/*--------------------------------*- C++ -*----------------------------------*\
  =========                 |
  \\      /  F ield         | OpenFOAM: The Open Source CFD Toolbox
   \\    /   O peration     | Website:  https://openfoam.org
    \\  /    A nd           | Version:  8
     \\/     M anipulation  |
\*---------------------------------------------------------------------------*/
/*   Windows 32 and 64 bit porting by blueCAPE: http://www.bluecape.com.pt   *\
|  Based on Windows porting (2.0.x v4) by Symscape: http://www.symscape.com   |
\*---------------------------------------------------------------------------*/
FoamFile
{
    version     2.0;
    format      ascii;
    class       labelList;
    note        "nPoints: 7896 nCells: 5972 nFaces: 19743 nInternalFaces: 18225";
    location    "constant/air/polyMesh";
    object      neighbour;
}
// * * * * * * * * * * * * * * * * * * * * * * * * * * * * * * * * * * * * * //


18225
(
90
91
92
4
478
479
480
7
484
485
488
492
494
5940
5941
5942
5943
499
500
501
111
112
113
506
507
508
2055
2056
2057
12
25
513
514
515
11
13
27
520
521
522
18
30
72
2143
2144
2145
2146
19
32
527
528
529
58
535
536
537
19
59
542
543
544
20
60
89
149
150
2199
2200
2201
2202
91
155
156
157
22
93
162
163
164
63
95
169
170
171
65
175
176
178
66
549
550
551
67
110
189
190
191
113
196
197
198
114
203
204
205
70
116
5672
5673
5674
29
57
560
561
2564
2565
2568
2569
58
2062
2063
2066
1195
1196
1200
1201
1202
1203
1206
1208
1223
1224
1228
1229
32
59
2069
2070
2073
33
581
582
583
64
592
593
594
65
599
602
5763
5764
5767
5768
2076
2077
2080
66
2083
2084
2087
5958
5959
5960
619
620
623
49
75
154
277
278
155
280
281
51
159
2090
2091
78
160
283
284
43
74
222
627
628
629
223
633
634
44
224
636
637
45
236
639
640
79
237
643
644
645
238
649
650
270
652
653
71
84
271
312
313
314
73
272
318
319
54
132
2093
2094
80
161
321
322
54
162
2096
2097
166
2099
2100
56
83
167
324
325
85
202
327
328
203
2102
2103
206
330
331
87
207
333
334
64
656
657
658
2105
2106
2109
66
2112
2113
2116
67
491
677
680
2838
2840
2842
2843
493
683
684
687
69
495
690
691
694
497
698
701
5840
5842
5844
5845
2119
2120
2121
711
712
714
2126
2127
2130
505
726
729
5875
5877
5879
5880
508
2057
2059
2060
2061
2134
2135
2136
2139
5933
5934
5935
5936
509
2133
2134
2137
511
5930
5931
5934
176
598
2140
2141
2144
599
2148
2149
600
2147
2148
79
343
733
734
735
80
168
383
384
387
169
344
391
392
393
82
173
345
399
400
1922
1923
1926
1928
174
283
365
366
368
369
384
385
386
389
390
393
395
396
350
740
741
742
147
423
424
427
86
148
351
432
433
2013
2014
2018
2019
152
352
439
440
2034
2035
2038
2039
87
153
444
445
448
176
357
457
458
461
87
88
177
188
328
465
467
468
469
189
358
471
472
473
192
333
444
448
450
452
454
455
456
470
472
475
476
179
194
359
460
461
462
463
470
473
474
476
5734
5735
5736
110
491
5678
5679
5682
94
492
5688
5689
5690
5691
93
156
157
158
5686
5687
5688
5691
93
94
111
114
163
164
165
5678
5680
5681
5684
115
496
5681
5682
5683
5684
497
5685
5686
5689
103
215
751
752
2150
2151
2949
2950
2954
2955
229
758
759
760
217
231
765
766
2977
2978
2982
2983
218
225
232
2153
2154
2155
104
226
2160
2161
2162
106
221
227
2167
2168
2169
228
235
2174
2175
2176
336
800
802
3187
3188
3191
3193
346
2181
2182
2183
498
501
503
504
683
827
829
832
833
5692
5694
5696
5698
339
347
2188
2189
2190
340
685
5693
5694
5695
341
348
686
822
823
3257
3258
3262
3263
349
689
828
829
830
114
115
116
190
191
193
505
5678
5682
5684
5951
5954
5955
114
115
115
116
507
114
116
197
198
200
204
205
208
510
511
5673
5674
5675
133
838
839
842
134
286
566
846
847
848
291
567
853
854
855
289
293
568
860
861
862
135
290
866
867
870
127
297
573
882
883
884
128
140
888
889
892
141
300
574
896
897
898
299
303
575
903
904
905
142
304
913
914
917
308
605
925
926
927
181
931
932
935
182
312
606
939
940
941
310
315
607
946
947
948
183
317
956
957
960
203
2093
2094
2095
139
364
534
535
538
540
838
842
843
975
976
979
980
370
662
969
970
971
367
372
975
977
978
139
368
373
390
976
978
980
981
982
984
987
988
1885
1886
1888
139
391
534
537
539
540
663
982
985
986
988
2746
2747
2748
375
394
664
983
984
985
369
396
181
404
989
991
992
410
669
997
998
999
406
412
1003
1005
1006
408
413
430
1011
1012
1013
185
431
670
1018
1019
1020
415
434
671
1025
1026
1027
187
409
436
1032
1033
1034
151
153
161
168
424
427
429
2203
2205
2206
2208
189
676
2196
2197
2200
151
153
163
190
5678
151
170
677
2206
2207
2208
2209
5679
165
172
5680
173
678
2203
2204
2207
167
192
445
448
449
2197
2198
2199
2201
158
159
160
161
168
277
278
279
159
160
280
281
282
158
159
164
158
160
171
165
172
166
2090
2091
2092
174
283
284
285
165
166
167
321
322
323
166
167
203
2096
2097
2098
165
167
204
165
166
2099
2100
2101
207
324
325
326
172
174
384
387
389
2210
2212
2213
2215
174
392
393
395
697
2211
2212
2213
2216
5839
5840
5842
172
698
2213
2214
2215
2216
5685
172
174
5686
5687
699
2210
2211
2214
180
2219
2220
2222
179
458
461
463
711
2140
2144
2145
2217
2220
2221
2222
179
180
2218
2219
2221
2222
5671
179
180
712
5672
713
5676
5677
451
1038
1040
1041
457
718
1046
1047
1048
184
453
459
957
960
961
1038
1039
1042
1044
1045
1047
1049
1051
186
187
455
460
470
471
719
1053
1054
1055
462
474
720
1045
1048
1050
1051
1052
1054
1057
1058
2893
2894
2895
456
475
1032
1034
1035
1039
1041
1043
1044
1052
1055
1056
1058
192
193
194
202
5671
192
194
472
473
476
725
2197
2200
2201
5874
5875
5877
192
193
204
193
194
726
5673
207
208
5675
727
5676
199
200
201
202
5671
199
201
199
200
205
200
201
5674
206
208
5675
5677
206
207
208
327
328
329
206
207
2102
2103
2104
207
208
206
208
330
331
332
333
334
335
236
256
2223
2224
2227
238
251
2230
2231
2234
239
246
252
2238
2239
2240
247
260
1077
3402
3403
3407
3408
3409
3410
3414
3415
248
254
2245
2246
2247
241
249
261
2252
2253
2254
336
1098
1099
2194
2195
3542
3543
3546
3548
243
264
1105
1106
3570
3571
3575
3576
245
1112
1113
3598
3599
3602
3604
239
246
2259
2260
2261
240
267
337
2266
2267
2268
241
249
268
2273
2274
2275
242
339
2280
2281
2282
237
343
627
629
630
1147
1150
2475
2479
2480
3815
3817
3818
3821
250
2286
2287
2290
238
251
636
637
638
1160
1164
2385
2388
2390
3871
3873
3874
3877
239
252
2294
2295
2296
346
2301
2302
2303
242
347
2308
2309
2310
255
2315
2316
2317
1196
1197
1198
244
1203
1204
1205
245
1210
1211
4011
4012
4015
4017
246
252
2322
2323
2324
253
1224
1225
1226
248
254
1231
1233
2400
2401
2403
4067
4068
4072
4073
255
2329
2330
2331
270
2335
2336
2339
350
643
645
646
1251
1252
1255
2496
2500
2501
649
650
651
1258
1259
1262
2230
2234
2235
1266
1267
1268
2238
2240
2241
2260
2261
2263
2294
2295
2298
274
353
2343
2344
2345
275
2350
2351
2352
354
2357
2358
2359
612
1294
1295
1296
1301
1302
1303
1308
1309
4151
4152
4155
4156
2364
2365
2366
616
1322
1323
4214
4215
4218
4219
1329
1331
2246
2247
2248
4228
4229
4232
4233
617
2371
2372
2373
2377
2378
2381
2384
2385
2388
2392
2393
2394
1360
1361
1362
2399
2400
2401
2406
2407
2408
270
2412
2413
2416
619
5699
5700
5703
272
621
1386
1389
4551
4553
4554
4557
273
615
622
1393
1394
1395
616
1400
1402
4572
4573
4576
4577
275
617
2420
2421
2422
618
624
5707
5708
5709
484
704
5714
5715
5716
612
1414
1415
1416
486
614
5721
5722
5723
273
487
615
1421
1422
1423
274
705
2427
2428
2429
275
617
2434
2435
2436
276
489
707
1442
1443
1444
2440
2441
2444
357
598
1456
1459
4768
4770
4771
4774
600
1463
1466
4796
4798
4799
4801
601
1470
1472
4831
4832
4835
4836
360
2448
2449
2450
2455
2456
2457
361
603
1491
1492
4957
4958
4961
4963
279
321
2090
279
283
384
285
2092
282
2091
282
284
285
2092
285
285
370
1146
1502
1503
1504
301
371
1508
1509
1512
294
302
1147
1516
1517
1518
296
1148
1523
1524
1525
372
1533
1534
1537
1153
1541
1542
1543
295
1154
1547
1548
296
1155
1551
1552
1553
306
1160
1558
1559
1560
1161
1564
1565
1162
1568
1569
1570
308
1244
1575
1576
1577
305
1245
1581
1582
307
1246
1585
1586
1587
410
1251
1596
1597
1598
411
1602
1603
1606
306
1252
1610
1611
1612
307
1253
1617
1618
1619
412
1627
1628
1631
1258
1634
1635
1259
1638
1639
1640
1260
1645
1646
1647
1448
1654
1655
1656
318
1449
1661
1662
320
1450
1666
1667
1668
316
317
921
923
1674
1675
1678
1680
317
457
940
941
944
1455
1674
1676
1678
1679
4768
4769
4770
316
317
458
2140
316
319
1456
1674
1677
1679
1680
2141
320
1457
1675
1676
1677
2142
459
956
960
962
1462
1662
1664
1681
1683
1685
1686
4796
4797
4798
1463
1681
1684
1685
1687
2147
1464
1682
1683
1684
323
2099
323
324
424
326
2101
326
445
326
334
2097
2098
329
330
329
333
332
335
332
332
2102
2104
335
335
2103
2104
1689
1691
4978
4979
4982
4983
353
705
2462
2463
2464
690
706
5728
5729
5730
354
2469
2470
2471
692
1710
1711
1712
355
693
1718
1719
5083
5084
5087
5089
356
696
710
1724
1725
1726
350
2475
2476
2479
697
1737
1738
1741
352
699
1745
1748
5167
5169
5170
5173
2483
2484
2485
354
2490
2491
2492
355
700
1766
1768
5293
5294
5297
5299
703
1773
1774
1775
2496
2497
2500
358
676
1787
1790
5370
5372
5373
5376
678
1794
5398
5400
5401
5403
5419
5420
5423
5424
360
2504
2505
2506
2511
2512
2513
679
1817
5545
5546
5549
5550
5552
5553
5556
5557
363
682
1822
1824
5587
5588
5591
5593
711
1828
1829
1832
725
1836
1839
5608
5610
5611
5614
713
727
5734
5735
5738
705
2518
2519
2520
707
715
1850
1851
1852
709
716
728
5742
5743
5744
710
730
1857
1858
1859
367
369
366
369
368
379
368
380
975
978
980
1919
1920
369
381
1730
1864
1865
1866
377
411
1870
1872
1873
380
1877
1879
1880
381
397
1885
1886
1887
398
414
1731
1892
1893
1894
401
1732
1899
1900
1901
382
402
416
1906
1907
1908
417
1912
1914
379
382
383
418
381
385
1917
1919
382
386
1885
1887
1889
1918
1919
1920
1921
388
422
1906
1907
1909
1913
1914
1915
1916
2007
2008
2010
385
388
423
385
389
386
388
389
397
388
389
399
427
402
428
403
394
395
396
397
394
396
1737
394
395
400
1738
395
396
401
984
985
988
1739
1930
1932
1935
5153
5154
5155
403
402
403
1886
1887
1890
1929
1930
1934
1935
438
1744
1923
1924
1925
402
403
439
2210
403
1745
1929
1932
1933
1935
2211
1746
1930
1931
1932
442
1907
1908
1910
1922
1925
1927
1928
2050
2051
2052
2212
451
1936
1937
407
409
444
452
419
1939
1940
408
420
446
409
421
447
1011
1013
1014
1940
1941
2000
2001
2003
450
456
1032
1033
1036
1937
1938
1779
1943
1944
1945
417
1949
1951
1952
419
1956
1958
1959
421
437
1964
1965
1966
438
1780
1971
1972
1973
441
1781
1978
1979
1980
422
442
1985
1986
1987
1991
1993
420
423
2006
2008
2010
2012
1996
1997
425
1999
2001
2003
2005
426
2000
2001
2002
428
2007
2008
2009
425
428
425
429
445
426
446
428
429
437
447
2001
2002
2005
2029
2030
2032
428
429
439
442
2008
2009
2012
2049
2051
2054
443
449
435
436
437
447
1012
1013
1016
2020
2021
2024
2026
2028
2030
2033
471
1786
2014
2015
2016
435
440
1787
2020
2023
2025
2026
2196
435
436
448
472
2197
441
1788
2021
2022
2023
443
449
2198
450
475
1033
1034
1037
2013
2016
2017
2019
2028
2029
2030
1793
2035
2036
2037
443
2048
2051
2052
2054
2203
443
1794
2041
2044
2045
2047
2204
1795
2042
2043
2044
2049
2050
2051
2027
2030
2032
2033
2205
446
450
446
449
447
449
450
449
450
453
456
1038
1041
1044
1937
454
456
455
466
455
467
456
468
459
462
1047
1048
1051
1828
459
463
464
460
466
462
463
468
462
463
1829
1830
469
466
469
2217
467
469
2218
468
468
469
2221
474
475
476
474
475
1054
1055
1058
1835
2014
2016
2019
5608
5609
5610
475
476
474
476
1836
1837
481
482
483
750
757
778
2943
2944
2946
3048
3050
3051
481
482
499
751
481
483
758
482
483
500
779
754
761
502
755
782
2957
2958
2960
3069
3070
3072
763
784
3083
3084
3086
486
489
2055
5715
5716
5717
486
490
2076
487
2078
5721
5723
5724
489
490
601
1421
1423
1424
2079
5777
5780
5781
489
490
602
2056
603
1442
1443
1445
2058
5784
5787
5788
604
2082
505
5748
5749
5751
496
5758
5759
5760
5761
5937
5938
5941
496
506
5947
5948
5949
5950
509
5944
5945
5948
510
5751
5752
5753
5754
5755
5756
5758
502
503
504
799
806
502
503
800
502
504
807
503
504
803
810
3202
3203
3205
804
812
5951
5952
5954
509
510
510
511
509
511
2134
2137
2139
5945
5948
5950
5952
5953
5956
5957
5954
5955
5956
5957
5931
5934
5935
5951
5953
5955
5956
516
517
518
841
845
852
516
518
535
842
516
517
536
846
2062
517
518
853
2063
538
843
849
850
856
2064
844
858
523
524
525
881
891
895
523
525
527
882
2069
523
524
528
542
892
524
525
543
896
2070
530
885
893
545
894
899
886
900
2071
530
531
532
924
934
938
530
532
925
2083
530
531
549
935
531
532
550
939
2084
928
936
552
937
942
929
943
2085
563
964
965
2526
2527
538
539
540
968
538
540
538
539
969
2105
539
540
2106
972
973
2107
545
546
547
990
996
1017
545
546
549
991
545
547
997
2112
546
547
551
1018
2113
993
1000
553
994
1021
1001
1022
2114
552
553
554
1039
1045
1052
552
553
1040
552
554
1046
2126
553
554
1053
2127
1042
1049
1043
1056
1050
1057
2128
1060
1076
2530
2531
2532
588
1077
2537
2538
2539
1081
2544
2545
2546
589
1063
1082
2551
2552
2553
1097
1104
1125
2558
2559
2560
563
656
1098
2524
2525
2578
2580
2582
2583
563
593
1105
2571
2573
2575
2576
594
657
1126
2565
2566
2567
1102
1108
2526
2527
2528
2557
2558
2561
2562
596
1110
1130
2572
2573
2574
659
1103
1131
2579
2580
2581
662
1146
2585
2586
2589
1153
2592
2593
2596
1148
1155
2599
2600
2603
1149
1156
1174
2607
2608
2609
666
1175
2614
2615
2616
667
1152
1179
2621
2622
2623
1159
1180
2628
2629
2630
575
578
605
882
883
886
1244
2069
2071
2072
2074
2655
2659
2660
669
1251
2634
2635
2638
576
904
905
906
1246
1253
2635
2636
2637
2640
578
579
1247
1254
1272
609
673
1273
2642
2643
2644
610
1250
1277
2641
2643
2645
2647
2691
2693
2694
674
1257
1278
2637
2638
2639
2640
2641
2644
2646
2647
2824
2826
2827
584
585
586
1293
1300
1321
584
586
1294
5958
584
585
1301
585
586
1322
5960
1297
1304
1306
1326
1299
1327
5962
590
1381
1399
2648
2650
2653
2654
4524
4525
4527
5702
590
1400
2537
2539
2541
2648
2651
2652
2654
1383
1403
2649
2650
2651
1405
5705
595
596
597
1413
1427
4636
4638
4639
5713
595
597
2119
5714
595
596
1414
596
597
1428
2120
2565
2566
2568
4644
4645
4646
1417
5718
1418
1431
2573
2574
2575
4664
4665
4667
1433
2122
5719
711
5762
5763
5765
604
620
5770
5771
5774
5775
621
5769
5770
5772
622
5776
5777
5780
604
714
5786
5787
5788
5789
715
5783
5784
5787
625
5779
5780
5781
5782
1448
2655
2656
2659
718
1455
2662
2663
2666
1450
1457
2669
2670
2673
1451
1458
1476
2677
2678
2679
722
1477
2684
2685
2686
1453
1480
2691
2692
2693
723
1461
1482
2698
2699
2700
2704
2705
2706
614
618
2077
5959
5961
5963
5964
2078
2705
2707
2709
2710
2711
2715
2716
2717
5722
5723
5726
2079
2711
2712
2713
2718
2719
2720
5790
5791
5792
2081
2713
2714
2716
2717
2720
2722
2723
2724
5708
5709
5710
624
5700
5703
5704
5797
5800
5801
5802
625
5798
5800
5802
5803
5797
5798
5799
2079
5804
5805
5808
624
625
2080
2081
5707
5708
5711
5805
5806
5807
5810
2082
5807
5808
5809
5810
630
631
632
1501
1511
1515
630
632
733
1502
631
632
644
734
1512
630
631
645
1516
1506
1519
647
1513
1521
736
1507
1514
635
1541
2286
635
1547
2287
1545
1549
2288
638
650
1558
638
1564
1561
1566
641
652
1575
2335
641
1581
2336
1579
1583
2337
646
647
648
1595
1605
1609
646
648
740
1596
647
648
741
1606
646
647
1610
1600
1613
1607
1614
743
1601
1608
651
1634
651
1638
1636
1641
654
1654
2440
654
1661
2441
1658
1663
2442
660
661
1688
1695
2732
2733
2737
2738
4993
4995
4996
5727
660
1689
2732
2734
2736
2737
661
1696
2120
2565
2567
2569
2732
2735
2736
2738
5001
5002
5003
660
661
2121
5728
1693
1699
2733
2734
2735
1694
5731
1701
2124
5733
1730
2739
2740
2743
1737
2746
2747
2750
1732
1739
2753
2754
2757
1733
1740
1751
2761
2762
2763
1752
2768
2769
2770
1735
1756
2775
2776
2777
1743
1757
2782
2783
2784
1779
2788
2789
2792
719
1786
2795
2796
2799
1781
1788
2802
2803
2806
1782
1789
1800
2810
2811
2812
722
1801
2817
2818
2819
1784
1804
2824
2825
2826
724
1792
1806
2831
2832
2833
725
2837
2838
2839
681
698
2845
2847
2849
2850
5748
699
2844
2845
2846
693
700
2851
2852
2855
681
694
729
5749
5814
5815
5816
5817
695
702
2854
2855
2856
2857
5750
696
730
5811
5812
5815
685
689
685
688
691
5937
692
5694
5695
5698
5818
5820
5821
5823
693
700
5818
5819
5822
688
689
701
5938
695
702
5821
5822
5823
5824
5939
703
829
830
832
5819
5820
5821
5824
5854
5857
5858
692
2133
5729
5730
5732
5832
5834
5835
5838
692
695
5944
1711
1712
1715
5825
5827
5828
5831
5825
5826
5829
695
2137
5835
5836
5837
5838
5945
5828
5829
5830
5831
5946
2138
5832
5833
5836
5839
5840
5841
702
2859
2861
2863
2864
5755
2858
2859
2860
5846
5847
5850
702
5756
5856
5857
5858
5859
5757
5849
5850
5851
5852
5853
5854
5857
708
2055
2119
2122
2123
2125
5714
5716
5719
5867
5870
5872
5873
5860
5861
5862
708
2121
2123
2124
2125
2133
2873
2875
2877
2878
5728
5730
5733
2058
5867
5868
5869
709
2059
2135
2060
2136
2874
2876
2877
2878
5743
5744
5745
5869
5871
5872
5873
2138
2872
2873
2874
713
715
1829
1832
1834
5763
5765
5768
713
717
5930
716
5734
5738
5739
5932
715
717
2056
716
1850
1852
1855
2058
5783
5787
5789
717
2060
5742
5743
5746
5933
2061
5936
1828
2879
2880
2883
1835
2886
2887
2890
1830
1837
2893
2894
2897
1831
1838
1842
2901
2902
2903
1843
2908
2909
2910
1833
1846
2915
2916
2917
1840
1847
2922
2923
2924
5874
5875
5876
727
731
5931
5951
728
5735
5738
5740
5874
5877
5878
5879
5932
731
2136
5742
5744
5747
5882
5883
5884
5887
5933
731
2137
5884
5885
5886
5887
5952
2138
5881
5882
5885
2139
5935
5953
736
737
738
1863
1871
1891
736
737
1864
2475
736
738
741
1872
737
738
742
1892
2476
1868
1874
1869
1895
2477
745
1876
1897
743
744
745
1942
1950
1970
743
744
1943
2496
743
745
1951
744
745
1971
2497
1947
1953
1948
1974
2498
1954
1975
748
752
963
2930
2931
749
754
2933
2934
765
966
2936
2937
768
2939
2940
764
785
2943
2944
2945
754
800
2928
2929
2956
2958
2960
2962
754
765
1099
2930
2931
2932
2963
2965
2967
2969
786
801
1100
2950
2951
2952
768
2933
2934
2935
2942
2943
2946
2947
789
803
2957
2958
2959
769
790
1101
2964
2965
2966
761
762
763
764
792
2971
2973
2975
3140
3141
3142
761
763
761
762
766
1197
762
763
793
1198
3147
3148
3149
768
770
797
1199
2992
2993
2995
3174
3175
3177
798
3181
3182
3184
771
2971
2972
2973
768
1112
2936
2937
2938
2984
2986
2988
2990
768
1210
2991
2993
2995
2997
772
1114
1212
2978
2979
2980
2939
2940
2941
2970
2971
2974
2975
775
1115
2985
2986
2987
777
1213
2992
2993
2994
785
792
2999
3000
3001
1119
1217
3006
3007
3008
787
1121
1169
3013
3014
3015
794
1170
1219
3020
3021
3022
790
1122
3027
3028
3029
791
796
1171
3034
3035
3036
797
1220
3041
3042
3043
785
792
3048
3049
3050
807
2159
2160
2163
2165
3068
3070
3072
3074
3082
3084
3086
3088
788
808
1176
3055
3056
3057
795
1177
3062
3063
3064
789
810
3069
3070
3071
791
796
1178
3076
3077
3078
798
3083
3084
3085
3090
3091
3092
814
1140
3097
3098
3099
1141
1183
3104
3105
3106
815
1184
3111
3112
3113
817
3118
3119
3120
1143
3125
3126
3127
1185
3132
3133
3134
3139
3140
3141
1238
3146
3147
3148
1190
1239
3153
3154
3155
1191
3160
3161
3162
1192
3167
3168
3169
1241
3174
3175
3176
3181
3182
3183
803
804
805
813
5692
803
804
814
1690
3188
3189
3190
804
805
1691
5693
817
2958
2959
2962
3187
3189
3191
3192
3237
3238
3241
5696
818
1692
3187
3190
3192
3193
3244
3245
3247
5697
812
813
827
3201
3202
3205
3207
3208
3209
3212
3213
812
2180
2181
2184
2186
3201
3203
3205
3206
815
1753
3195
3196
3197
812
828
1754
2180
2183
2185
2186
3208
3211
3213
3214
817
3202
3203
3204
819
831
1755
3209
3210
3211
833
820
3236
3237
3241
3242
3243
3244
3247
3248
3250
3251
3254
3255
1703
3216
3217
3218
1760
3223
3224
3225
821
1705
1761
3230
3231
3232
3237
3238
3239
824
1706
3244
3245
3246
825
1762
3251
3252
3253
824
825
826
827
5692
1717
1767
3258
3259
3260
824
826
1718
5695
5818
825
826
830
1768
5819
1720
3244
3246
3248
3257
3259
3261
3262
5697
831
1769
3251
3253
3255
3257
3260
3261
3263
5302
5303
5304
832
5698
5820
831
832
833
831
833
1774
832
833
831
832
1775
1776
3209
3211
3213
836
837
859
869
873
836
837
860
1498
864
872
1499
865
875
840
843
867
840
844
841
868
843
844
869
873
843
844
871
876
849
850
851
859
869
849
850
969
2585
850
851
861
1503
2586
849
851
870
970
1504
871
972
863
2587
864
872
1505
856
857
858
859
873
856
858
2592
856
857
862
1542
2593
857
858
874
1543
863
2594
865
875
1544
876
863
864
865
864
865
1523
1551
863
864
1524
2599
863
865
1552
2600
2601
1526
1554
868
872
1533
868
871
975
869
871
872
871
872
977
1537
979
1538
875
876
875
876
879
880
902
909
916
879
880
903
1592
907
912
908
919
1593
885
886
887
902
909
885
886
925
886
887
904
1576
885
887
910
927
1577
911
928
906
907
912
1578
890
893
931
890
894
914
989
891
915
893
894
909
916
893
894
935
991
911
936
918
993
899
900
901
902
916
899
900
997
2634
900
901
905
1597
2635
899
901
917
998
1598
918
1000
906
2636
908
919
1599
906
907
908
907
908
1585
1617
906
907
1586
906
908
1618
1588
1620
911
912
911
912
953
954
915
919
1627
915
918
1003
916
918
919
918
919
1005
1631
1007
1632
922
923
945
952
959
922
923
946
1651
950
955
1652
951
962
928
929
930
945
952
928
929
2655
929
930
947
1655
2656
928
930
953
1656
954
949
2657
950
955
1657
933
936
933
937
957
1038
934
958
936
937
952
959
936
937
1040
954
961
1042
942
943
944
945
959
942
943
1046
2662
943
944
948
2663
942
944
960
1047
961
1049
949
2664
951
962
949
950
951
950
951
1666
1675
949
950
1667
2669
949
951
1676
2670
2671
1669
1678
954
955
954
955
1672
1673
958
962
958
961
959
961
962
961
962
966
1099
3266
3267
967
1102
3269
3270
967
1108
3272
3273
1112
3275
3276
1116
3278
3279
972
973
974
976
982
972
973
2739
972
974
977
1865
973
974
983
1866
2740
979
986
2741
981
987
1867
979
980
979
980
981
979
981
1879
980
981
1880
1881
986
987
988
986
987
1899
2753
987
988
1900
986
988
2754
2755
1902
993
995
1003
1936
993
994
995
1004
1031
993
994
1040
994
995
1032
1041
1937
1007
1035
1043
1008
1036
1938
1000
1001
1002
1004
1024
1000
1001
2788
1000
1002
1005
1944
1001
1002
1025
1945
2789
1007
1028
2790
1009
1029
1946
1007
1008
1939
1007
1008
1009
1010
1007
1009
1958
1008
1009
1011
1940
1959
1014
1941
1015
1960
1014
1015
1016
1024
1031
1014
1015
1964
1015
1016
1026
1965
1014
1016
1033
1036
1029
1967
1030
1037
1021
1022
1023
1024
1031
1021
1022
1053
2795
1022
1023
1027
2015
2796
1021
1023
1034
1055
2016
1035
1056
1028
2797
1030
1037
2017
1028
1029
1030
1028
1029
1978
2802
1029
1030
1979
2021
1028
1030
2022
2803
2804
1981
2024
1035
1036
1037
1035
1036
1036
1037
1035
1037
1042
1044
1042
1043
1044
1042
1043
1043
1044
1049
1050
1051
1049
1050
2879
1049
1051
1050
1051
2880
2881
1056
1057
1058
1056
1057
2886
1057
1058
2887
1056
1058
2888
1064
1245
3285
3286
3289
1065
1090
3295
3296
3297
1091
1248
1382
3302
3303
3304
1067
1094
1249
3309
3310
3311
1096
1383
3316
3317
3318
1258
3322
3323
3326
1069
3333
3334
3335
1067
1070
1262
1349
2233
2234
2235
2236
3339
3342
3344
3345
3355
3356
3357
4341
4342
4344
1073
1263
3309
3310
3312
3325
3326
3327
3328
3332
3334
3336
3338
3375
3376
3378
1075
1350
3340
3341
3342
1083
1090
3347
3348
3349
1266
1353
3354
3355
3356
1085
1316
1354
3361
3362
3363
1092
1267
1317
3368
3369
3370
1094
1269
3375
3376
3377
1087
1095
1318
3382
3383
3384
1088
1356
3389
3390
3391
1083
1090
3396
3397
3398
1400
2538
2539
2542
3423
3425
3427
3429
3430
3432
3434
3436
1086
1323
3403
3404
3405
1093
1324
1401
3410
3411
3412
1087
1095
1325
3417
3418
3419
1089
3424
3425
3426
1096
1403
3431
3432
3433
3438
3439
3440
1367
3445
3446
3447
1330
1368
3452
3453
3454
1331
3459
3460
3461
1332
3466
3467
3468
1370
3473
3474
3475
3480
3481
3482
3487
3488
3489
1280
1407
3494
3495
3496
1281
1337
3501
3502
3503
1338
1409
3508
3509
3510
1283
3515
3516
3517
1339
3522
3523
3524
1410
3529
3530
3531
1111
1139
3536
3537
3538
1102
1689
3264
3265
3556
3558
3560
3562
1102
1112
3266
3267
3268
3549
3551
3553
3554
1140
1690
3543
3544
3545
1115
1143
3550
3551
3552
1116
3269
3270
3271
3535
3537
3539
3540
1145
1693
3557
3558
3559
1111
1132
3564
3565
3566
1108
1414
3584
3586
3588
3590
1108
1113
1295
3577
3579
3581
3583
1133
1296
1416
3571
3572
3573
1116
3272
3273
3274
3563
3564
3567
3568
1117
1137
1298
3578
3579
3580
1138
1418
3585
3586
3587
1118
3592
3593
3594
1116
3275
3276
3277
3605
3607
3609
3610
1116
1308
3612
3614
3616
3618
1119
1310
3599
3600
3601
1122
3606
3607
3608
3278
3279
3280
3591
3593
3595
3596
1124
1312
3613
3614
3615
1132
1139
3620
3621
3622
1315
3627
3628
3629
1134
1267
1317
3634
3635
3636
1141
1268
3641
3642
3643
1143
3648
3649
3650
1136
1144
1270
3655
3656
3657
1137
1319
3662
3663
3664
1132
1139
3669
3670
3671
1428
1696
3676
3677
3678
1135
1274
1429
3683
3684
3685
1142
1275
1697
3690
3691
3692
1136
1144
1276
3697
3698
3699
1138
1431
3704
3705
3706
1145
1699
3711
3712
3713
3718
3719
3720
1336
1435
3725
3726
3727
1281
1337
3732
3733
3734
1282
1437
3739
3740
3741
1284
3746
3747
3748
1340
3753
3754
3755
1438
3760
3761
3762
3767
3768
3769
1703
3774
3775
3776
1288
3781
3782
3783
1289
1704
3788
3789
3790
3795
3796
3797
1290
3802
3803
3804
1707
3809
3810
3811
1730
3815
3816
3819
1148
1151
1160
1252
1516
1517
1519
1149
1162
1524
1525
1527
2599
2603
2604
3816
3817
3818
3820
1151
1163
1181
2607
2608
2610
3822
3824
3826
3827
1151
1182
1255
1734
3822
3825
3827
3828
5133
5134
5136
1165
1186
1256
1187
1735
3823
3824
3825
3829
3830
3833
1161
1342
3836
3837
3840
1162
3843
3844
3847
1163
1188
5966
5967
5968
1189
1344
3851
3852
3853
1166
1193
1345
3858
3859
3860
1194
3865
3866
3867
1162
1165
1259
1558
1559
1561
1347
3871
3872
3875
1163
1569
1570
1571
3844
3847
3849
3872
3873
3874
3876
1165
1166
1167
5966
5967
5970
1165
1166
1168
1262
1349
4341
4343
4345
1172
1264
1173
1351
3858
3859
3861
3874
3875
3876
3877
4355
4357
4358
1172
1173
1181
1188
3885
3886
3890
3891
3963
3964
3967
1172
1173
1266
1353
2293
2294
2298
2299
4369
4371
4373
1172
1183
1268
2293
2295
2297
2298
3013
3015
3018
3885
3887
3889
3890
1190
1355
3879
3880
3881
1185
1192
3886
3887
3888
1186
1271
1193
1357
3878
3881
3883
3884
3998
4000
4002
4398
4399
4400
1181
1188
3893
3894
3895
1752
3900
3901
3902
1184
1753
3907
3908
3909
1191
3914
3915
3916
1185
1192
3921
3922
3923
1187
1756
3928
3929
3930
1194
3935
3936
3937
1186
3893
3894
3897
3948
3949
3953
3954
3955
3956
3959
3960
1186
1287
1759
2307
2308
2312
2313
3955
3957
3959
3961
5245
5246
5248
1186
1288
2307
2309
2311
2312
3104
3106
3109
3948
3950
3952
3953
1760
3942
3943
3944
3949
3950
3951
1291
1763
3956
3957
3958
3963
3964
3965
1374
3970
3971
3972
1375
3977
3978
3979
3984
3985
3986
3991
3992
3993
1377
3998
3999
4000
4005
4006
4007
1199
1200
1201
1209
1237
1200
1201
1199
1200
1210
1199
1201
1238
1213
1241
4089
4090
4093
1214
1243
1206
1207
1208
1209
1230
1206
1208
1206
1207
1211
1302
1207
1208
1231
1303
1214
1215
1234
1305
1236
1213
1214
1215
1216
4019
4020
4022
1213
1214
1214
1215
1309
1217
1310
4012
4013
4014
1220
2993
2994
2997
4011
4013
4015
4016
4047
4048
4051
1221
1313
4011
4014
4016
4017
4054
4055
4057
1230
1237
4019
4020
4021
1315
4026
4027
4028
1232
1316
1354
4033
4034
4035
1239
1355
4040
4041
4042
1241
4047
4048
4049
1234
1320
4054
4055
4056
1235
1242
1358
4061
4062
4063
1227
1228
1229
1230
1237
1228
1229
1227
1228
1233
1361
1227
1229
1240
1362
1235
1242
1363
4075
4077
4079
4096
4098
4100
4419
4420
4421
1236
1243
1234
1236
4020
4021
4023
4074
4075
4078
4079
1234
1236
1329
1330
1368
4068
4069
4070
1236
1369
4074
4077
4079
4080
1333
4054
4056
4058
4067
4069
4071
4072
1371
4075
4076
4077
1243
4019
4021
4024
4088
4089
4093
4094
4095
4096
4099
4100
1243
2328
2329
2332
2334
3146
3147
3150
4088
4090
4092
4093
1375
4082
4083
4084
1243
1376
2328
2331
2333
2334
4095
4098
4100
4101
4481
4482
4484
4089
4090
4091
1378
4096
4097
4098
1246
1250
1448
1575
1576
1579
2335
2337
2338
2341
4719
4723
4725
1246
1249
1258
1581
1582
1583
2336
2337
2338
2340
3285
3289
3291
1247
1260
1586
1587
1589
1249
1250
1261
1279
1249
1250
1280
1452
2338
2339
2340
2341
3302
3303
3306
4748
4749
4751
1263
1283
3309
3311
3314
1285
1453
4755
4757
4759
1253
1257
1596
1597
1600
1779
2635
2638
2640
5321
5325
5327
1253
1256
1259
1610
1611
1613
1254
1260
1618
1619
1621
1256
1257
1261
1286
1256
1257
1287
1783
5350
5351
5353
1264
1291
1292
1784
5357
5359
5361
1260
1263
1634
1635
1636
3322
3326
3328
1260
1264
1638
1639
1641
1261
1646
1647
1648
1263
1264
1265
1263
1264
1266
1269
1271
1269
1270
1271
1279
1286
1269
1271
3354
3355
3358
1269
1270
1281
3368
3369
3372
3634
3635
3638
4125
4126
4129
1270
1271
1288
3641
3643
3646
1283
3376
3377
3380
1284
1290
3656
3657
3660
1291
1276
1277
1278
1279
1286
1477
1801
4103
4104
4105
1282
1478
4110
4111
4112
1289
1802
4117
4118
4119
1284
1290
3698
3699
3702
4109
4111
4113
4114
4116
4118
4120
4121
1285
1480
4102
4104
4106
4107
4109
4112
4114
4115
4882
4883
4885
1292
1804
4102
4105
4106
4108
4116
4119
4121
4122
5470
5471
5473
1283
1284
1285
1283
1285
1484
2349
2350
2353
2355
3494
3495
3498
4909
4910
4912
4124
4125
4126
1486
4131
4132
4133
3516
3517
3520
4123
4125
4127
4129
3747
3748
3751
4123
4126
4128
4129
4130
4132
4134
4135
1487
4130
4133
4135
4136
4931
4932
4933
1290
1291
1292
1291
1292
1808
2356
2357
2361
2362
5497
5498
5500
1290
1291
2356
2358
2360
2361
3781
3783
3786
1809
4138
4139
4140
3803
3804
3807
4137
4139
4141
4142
1811
4137
4140
4142
4143
5519
5520
5521
1297
1299
1307
1335
4144
4145
4149
4150
4244
4245
4246
1297
1299
2704
1297
1308
4144
4146
4148
4149
1299
1336
2706
3571
3572
3575
4144
4147
4148
4150
4251
4252
4255
1311
1312
1340
4145
4146
4147
1341
2708
4285
4286
4289
1304
1305
1306
1307
1328
1304
1306
1304
1305
1309
1305
1306
1329
1311
1313
1333
1334
1311
1313
1314
4158
4159
4163
4164
4167
4168
4169
1311
4158
4160
4162
4163
1311
1313
1315
4152
4153
4154
1319
4159
4160
4161
1320
4151
4154
4156
4157
4208
4209
4212
1328
1335
4166
4167
4168
4173
4174
4175
1330
4180
4181
4182
1337
4187
4188
4189
1332
1339
4194
4195
4196
1340
4201
4202
4203
1333
4208
4209
4210
1326
1327
1328
1335
4221
4222
4226
4227
4243
4245
4248
1326
1327
2718
1326
1331
3403
3404
3407
4221
4223
4225
4226
1338
2719
4215
4216
4217
1332
1339
4222
4223
4224
1334
1341
2721
4214
4217
4218
4220
4285
4287
4290
1333
1334
4166
4168
4170
4235
4236
4240
4241
1333
1334
4229
4230
4231
1334
3459
3460
3463
4235
4238
4239
4241
4236
4237
4238
4208
4210
4213
4228
4231
4233
4234
4243
4244
4245
2725
4250
4251
4252
4257
4258
4259
2727
4264
4265
4266
4271
4272
4273
4278
4279
4280
2728
4285
4286
4287
1347
4291
4292
4295
1348
1373
4299
4300
4301
1374
4306
4307
4308
1351
1377
4313
4314
4315
1379
4320
4321
4322
4326
4327
4330
1352
4334
4335
4336
1353
4341
4342
4343
1356
4348
4349
4350
1357
4355
4356
4357
1366
1373
4362
4363
4364
4369
4370
4371
1368
4376
4377
4378
1375
4383
4384
4385
1370
4390
4391
4392
1377
4397
4398
4399
1371
1378
4404
4405
4406
1366
1373
4411
4412
4413
1364
1365
1364
1369
4417
4419
4421
4422
1365
1376
4417
4420
4421
4423
4482
4483
4485
1371
1378
4418
4419
4420
1372
4410
4412
4414
4415
1379
4410
4413
4414
4416
4502
4504
4506
4425
4426
4427
4432
4433
4434
4439
4440
4441
1372
2398
2401
2403
2404
4452
4455
4456
4458
4446
4447
4448
4453
4454
4455
4424
4427
4428
4430
4431
4434
4436
4437
4460
4461
4462
4467
4468
4469
4474
4475
4476
4481
4482
4483
4488
4489
4490
4495
4496
4497
4502
4503
4504
1385
1449
4512
4513
4516
1388
1406
4524
4525
4526
1407
1452
4531
4532
4533
1410
4538
4539
4540
1390
1411
1454
4545
4546
4547
1462
4551
4552
4555
1387
1391
5700
5797
1388
4520
4522
4552
4553
4554
4556
5701
1391
1392
4524
4526
4528
4558
4560
4562
4563
5702
1391
1393
1466
4558
4561
4563
4564
5799
1396
1467
4559
4560
4561
1398
5704
5801
1397
1398
1406
4565
4566
4569
4570
4588
4589
4591
5706
1398
1470
4565
4567
4569
4571
5804
1397
1408
1471
2712
4565
4568
4570
4571
4602
4603
4605
4832
4833
4835
1397
1398
2713
5708
5805
1411
1473
4566
4567
4568
1412
2714
4629
4630
4633
5710
5711
5806
1404
1405
1406
4579
4580
4583
4585
4587
4589
4592
5706
1405
4579
4581
4583
4584
1409
2719
4573
4574
4575
1404
1405
2720
5709
1410
4580
4581
4582
1412
2722
4572
4575
4576
4578
4629
4631
4634
5710
5712
4587
4588
4589
1484
4594
4595
4596
1485
2726
4601
4602
4603
2727
4608
4609
4610
4615
4616
4617
1488
4622
4623
4624
2729
4629
4630
4631
1417
1418
1419
1434
4678
4680
4681
5720
1417
1418
1417
1419
2705
5722
1418
1419
1435
2706
3571
3573
3576
4686
4687
4690
5725
1438
3586
3587
3590
4706
4707
4710
1440
2709
5726
1424
1425
1426
1434
1441
4679
4680
4682
5720
1424
1426
2711
5723
1425
1426
1436
1471
2712
4693
4694
4696
4832
4834
4836
1424
1425
1443
1472
1445
5724
1439
1446
1474
4713
4714
4716
4847
4848
4849
1440
2715
5726
1434
1441
4636
4637
4638
2865
4643
4644
4645
1437
1478
4650
4651
4652
1444
1479
2866
4657
4658
4659
1438
4664
4665
4666
1439
1446
1481
4671
4672
4673
1447
2868
4635
4638
4639
4641
4642
4645
4646
4647
4656
4659
4660
4661
4678
4679
4680
2725
4685
4686
4687
1485
2726
4692
4693
4694
1486
4699
4700
4701
4706
4707
4708
1489
4713
4714
4715
2730
4677
4680
4681
4682
4684
4687
4688
4690
4691
4694
4695
4696
1445
1446
1447
4637
4638
4641
5713
1445
1447
5716
5867
1445
1446
1492
1446
1447
1493
4658
4659
4661
4958
4959
4961
5868
5717
1494
4671
4673
4675
4966
4967
4968
5719
5870
4719
4720
4723
1462
4726
4727
4730
1464
4733
4734
4737
1465
1483
4741
4742
4743
1484
4748
4749
4750
1487
4755
4756
4757
1467
1488
4762
4763
4764
1828
4768
4769
4772
1460
1463
4776
4777
4778
4781
5762
1464
4775
4776
4779
1465
1490
4783
4784
4785
1460
1491
1832
4789
4792
4794
4795
5765
1468
1495
4782
4784
4787
4788
5766
1496
1833
4790
4791
4792
4796
4797
4800
1468
4804
4805
4806
4809
5769
4803
4804
4807
1469
4811
4812
4813
1468
1470
4817
4820
4821
4823
5772
1473
4818
4819
4820
1475
4810
4813
4815
4816
5773
1483
1490
4825
4826
4827
1475
4838
4840
4842
4843
5776
1485
4832
4833
4834
1475
1492
4845
4848
4849
4851
5777
1488
4839
4840
4841
1489
1494
4846
4847
4848
1495
4824
4827
4828
4830
5778
1483
1490
4853
4854
4855
1843
4860
4861
4862
1486
4867
4868
4869
1493
1844
4874
4875
4876
1487
4881
4882
4883
1489
1494
4888
4889
4890
1496
1846
4895
4896
4897
4902
4903
4904
4909
4910
4911
4916
4917
4918
4923
4924
4925
4930
4931
4932
4937
4938
4939
4944
4945
4946
4951
4952
4953
1495
1850
4971
4973
4975
4977
5783
1495
4964
4966
4968
4969
5784
1851
4958
4959
4960
4965
4966
4967
4950
4952
4954
4955
5785
1853
4972
4973
4974
1499
1500
1522
1529
1536
1499
1500
1523
1526
1538
1528
1531
1505
1506
1507
1522
1536
1506
1507
1864
3815
1505
1506
1524
3816
1505
1507
1537
1865
1526
1538
1527
3817
1539
1868
1510
1513
1602
1510
1514
1534
1870
1511
1535
1513
1514
1529
1536
1513
1514
1606
1872
1532
1607
1539
1874
1519
1520
1521
1522
1529
1519
1521
1610
1519
1520
1525
1559
1520
1521
1530
1560
1612
1527
1528
1531
1562
1532
1614
1526
1527
1528
1526
1528
1568
1526
1527
1527
1528
1569
1572
1531
1532
1531
1532
1624
1625
1535
1538
1535
1539
1877
1536
1538
1539
1538
1539
1879
1882
1544
1545
1546
1550
1545
1546
3829
1544
1545
1552
3830
1544
1546
1554
1555
3831
1549
3836
1549
1553
1565
3837
1555
3838
1554
1555
1556
1554
1556
1568
1554
1555
3843
1555
1556
1570
3844
3845
1573
1561
1562
1563
1567
1561
1563
1638
1561
1562
1569
1562
1563
1640
1571
1572
1642
1566
3871
1566
1570
3872
1571
3873
1571
1572
1573
1572
1573
1571
1572
1571
1573
1578
1579
1580
1584
1579
1580
1654
1578
1579
1586
1578
1580
1656
1588
1589
1659
1583
1583
1587
1635
1589
1588
1589
1590
1588
1590
1645
1588
1589
1589
1590
1646
1649
1593
1594
1616
1623
1630
1593
1594
1617
1620
1632
1622
1626
1599
1600
1601
1616
1630
1600
1601
1943
1599
1600
1618
1599
1601
1631
1944
1620
1632
1621
1633
1947
1604
1607
1604
1608
1628
1949
1605
1629
1607
1608
1623
1630
1607
1608
1951
1625
1633
1953
1613
1614
1615
1616
1623
1613
1614
1613
1615
1619
1639
1614
1615
1624
1640
1621
1625
1622
1626
1643
1620
1621
1622
1620
1622
1645
1620
1621
1621
1622
1647
1650
1625
1626
1625
1626
1629
1632
1629
1633
1956
1630
1632
1633
1632
1633
1958
1961
1636
1636
1646
1648
1641
1642
1643
1644
1641
1642
1641
1643
1647
1642
1643
1648
1650
1648
1649
1650
1649
1650
1648
1649
1648
1650
1652
1666
1669
1673
1657
1658
1659
1665
1658
1659
4719
1657
1658
1667
4720
1657
1659
1672
1669
1673
1670
4721
1663
1664
1665
1663
4726
1663
1664
1668
4727
1670
4728
1671
1669
1670
1671
1669
1671
1682
1669
1670
4733
1670
1671
1683
4734
4735
1686
1673
1678
1679
1680
1678
1680
1682
1678
1679
4775
1679
1680
1684
4776
4777
1687
1685
1686
1687
1686
1687
1685
1686
4803
1685
1687
4804
4805
1692
1694
1702
1709
4985
4986
4989
4991
5035
5036
5038
1694
4985
4987
4989
4990
1703
4979
4980
4981
1692
1694
1710
1706
1713
4978
4980
4982
4984
5063
5064
5067
1707
4986
4987
4988
1714
1702
1723
4993
4994
4995
2865
5000
5001
5002
1704
1802
5007
5008
5009
1724
1803
2867
5014
5015
5016
1707
5021
5022
5023
1708
1727
1805
5028
5029
5030
1729
2869
4992
4995
4996
4998
4999
5002
5003
5004
5013
5016
5017
5018
1716
5035
5036
5037
5042
5043
5044
1809
5049
5050
5051
1717
1810
5056
5057
5058
1720
5063
5064
5065
5070
5071
5072
1721
1812
5077
5078
5079
1713
1714
1715
1716
5727
1713
1714
5693
1714
1715
5729
1713
1715
1718
5695
1720
5697
5731
1722
5732
1720
1722
1723
5035
5037
5040
5090
5091
5094
5095
1816
5084
5085
5086
1720
1722
5825
1722
1726
1817
5090
5093
5095
5096
5826
5063
5065
5068
5083
5085
5087
5088
1727
1818
5091
5092
5093
1728
5827
1728
1729
4994
4995
4998
5097
5098
5101
5102
5727
1729
1823
2872
5015
5016
5018
5097
5099
5101
5103
5588
5589
5591
1728
1729
2873
5730
5832
1728
1824
5097
5100
5102
5103
5833
1825
5098
5099
5100
5732
5834
2875
5733
5104
5105
5108
1744
1780
5111
5112
5115
1746
5118
5119
5122
1747
1758
5126
5127
5128
1759
1783
5133
5134
5135
1763
5140
5141
5142
1749
1764
1785
5147
5148
5149
1743
2747
2750
2751
5153
5155
5156
5158
1742
1745
5154
5155
5156
5159
5839
1746
5153
5154
5157
1747
1772
5161
5162
5163
1742
1743
1773
5841
1750
1777
5160
5162
5165
5166
5843
1778
2782
2783
2785
5160
5163
5164
5166
1793
5167
5168
5171
1750
2858
5175
5176
5177
5180
5174
5175
5178
1765
5182
5183
5184
1750
1766
1797
2860
5188
5191
5193
5194
5420
5421
5424
1770
1798
5189
5190
5191
1771
2862
5181
5184
5186
5187
1758
1772
5196
5197
5198
5203
5204
5205
1760
5210
5211
5212
1774
2482
2485
2486
2488
5216
5219
5220
5222
5230
5233
5235
5236
1762
1776
5217
5218
5219
1763
5224
5225
5226
1778
5231
5232
5233
1765
5238
5239
5240
1808
5245
5246
5247
5252
5253
5254
1767
1810
5259
5260
5261
1769
5266
5267
5268
5273
5274
5275
1770
1813
5280
5281
5282
1772
5287
5288
5289
1771
1815
5307
5309
5311
5313
5546
5547
5550
5846
1816
5294
5295
5296
1771
1775
5300
5303
5304
5306
5847
1776
5301
5302
5303
1819
5308
5309
5310
1777
5286
5289
5290
5292
5848
5315
5316
5317
1777
1778
5853
1776
1778
1776
1777
5854
5217
5219
5222
5301
5303
5306
5314
5315
5319
5320
5314
5316
5318
5320
5855
5231
5233
5235
5314
5317
5318
5319
5321
5322
5325
1793
5328
5329
5332
1795
5335
5336
5339
1796
1807
5343
5344
5345
1808
5350
5351
5352
1811
5357
5358
5359
1798
1813
5364
5365
5366
1835
5370
5371
5374
1791
1794
2837
5378
5379
5380
5383
1795
5377
5378
5381
1796
1821
5385
5386
5387
1791
1822
1839
2839
5391
5394
5396
5397
1799
1826
2841
5384
5386
5389
5390
5434
5435
5438
1827
1840
5392
5393
5394
5398
5399
5402
2844
5406
5407
5408
5411
5433
5434
5437
5438
5405
5406
5409
1814
5413
5414
5415
1815
2846
5420
5421
5422
1819
5427
5428
5429
1820
2848
5434
5435
5436
1807
1821
5441
5442
5443
1843
5448
5449
5450
1809
5455
5456
5457
1823
1845
5462
5463
5464
1811
5469
5470
5471
1812
1825
5476
5477
5478
1827
1847
5483
5484
5485
1814
5490
5491
5492
5497
5498
5499
5504
5505
5506
1816
5511
5512
5513
5518
5519
5520
1818
5525
5526
5527
1819
5532
5533
5534
1821
5539
5540
5541
2851
5546
5547
5548
5553
5554
5555
1824
2852
5559
5562
5563
5565
5573
5576
5577
5579
1825
5560
5561
5562
5567
5568
5569
1826
2853
5574
5575
5576
5581
5582
5583
1826
1857
5601
5603
5605
5607
5811
1858
5588
5589
5590
1826
5594
5597
5598
5600
5812
5595
5596
5597
5574
5576
5579
5580
5582
5584
5586
5813
1860
5602
5603
5604
1830
1833
2880
2883
2885
4768
4772
4774
1830
1834
5734
1831
2893
2897
2898
5736
1833
1834
1849
2901
2902
2904
5737
1833
1834
1850
1853
2915
2916
2919
4790
4792
4795
1855
5739
5608
5609
5612
1837
1841
5735
5874
1838
2894
2897
2899
5609
5610
5611
5613
5736
1841
1856
2901
2903
2905
5615
5617
5619
5621
5737
1841
1857
5615
5618
5620
5621
5876
1860
5616
5617
5618
1862
5740
5878
1849
1856
5623
5624
5625
5630
5631
5632
1851
2866
5637
5638
5639
1858
2867
5644
5645
5646
1853
5651
5652
5653
1860
5658
5659
5660
1854
1861
2870
5622
5625
5627
5628
5636
5639
5640
5642
5643
5646
5647
5649
1853
1854
1855
5623
5625
5627
5741
1853
1855
1853
1854
4958
4960
4963
5638
5639
5642
5868
1854
1855
5743
5869
4973
4974
4977
5651
5653
5656
5745
5871
5746
1861
1862
5624
5625
5628
5664
5665
5669
5670
5741
1862
5664
5666
5668
5669
5881
1861
2872
5588
5590
5593
5645
5646
5649
5664
5667
5668
5670
1861
1862
2874
5744
5882
5665
5666
5667
2876
5745
5747
5883
1867
1868
1869
1878
1898
1868
1869
5104
1867
1868
1879
1867
1869
1899
5105
1881
1902
1882
1903
5106
1874
1875
1877
1912
1874
1875
1876
1878
1905
1874
1876
1951
1875
1876
1906
1914
1952
1882
1883
1909
1915
1911
1954
1882
1883
1917
1881
1882
1883
1884
1881
1882
1881
1883
1885
1919
1888
1889
1921
1888
1889
1890
1898
1905
1888
1889
1888
1890
1900
1889
1890
1907
1902
1909
1904
1910
1895
1896
1897
1898
1905
1895
1897
1971
5111
1895
1896
1901
1924
5112
1896
1897
1908
1925
1973
1903
5113
1904
1910
1927
1911
1975
1902
1903
1904
1902
1903
5118
1902
1904
1930
1903
1904
1931
5119
5120
1934
1909
1910
1911
1909
1911
1985
1909
1910
1910
1911
1987
1988
1915
1917
1915
1916
1918
1915
1916
1993
1921
1994
1921
1920
1921
1920
1921
1926
1927
1928
1929
1926
1928
2035
5167
1926
1927
1931
5168
1927
1928
2037
1933
5169
1934
2039
1933
1934
1935
1934
1935
1933
1934
5174
1933
1935
5175
5176
1938
1939
1938
1941
1941
1941
1997
1946
1947
1948
1957
1977
1947
1948
5321
1946
1947
1958
1946
1948
1978
5322
1960
1981
1961
1982
5323
1953
1955
1956
1991
1953
1954
1955
1957
1984
1953
1954
1954
1955
1985
1993
1961
1988
1962
1989
1995
1961
1962
1996
1960
1961
1962
1963
1960
1961
1960
1962
1964
1997
1967
1968
1998
1967
1968
1969
1977
1984
1967
1968
2000
1967
1969
1979
2028
1968
1969
1986
2002
2029
1981
1989
2004
1983
1990
2031
1974
1975
1976
1977
1984
1974
1975
5328
1974
1976
1980
2036
5329
1975
1976
1987
2037
1982
5330
1988
1983
1990
2040
1981
1982
1983
1981
1982
5335
1981
1983
2042
1982
1983
2043
5336
5337
2046
1988
1989
1990
1988
1989
2007
1989
1990
2009
2049
1988
1990
2050
2011
2053
1995
1996
1994
1995
2006
1994
1995
2007
2010
1998
2011
1998
1998
2000
2004
2003
2004
2005
2006
2003
2004
2003
2005
2004
2005
2009
2011
2012
2010
2011
2012
2010
2011
2010
2012
2011
2012
2017
2018
2019
2020
2018
2019
5370
2017
2018
2022
5371
2017
2019
2024
2025
5372
2024
2025
2026
2024
2026
2042
2024
2025
5377
2025
2026
2044
5378
5379
2047
2031
2032
2033
2041
2048
2031
2033
2042
2031
2032
2049
2032
2033
2046
2053
2054
2047
2038
2039
2040
2041
2048
2038
2039
5398
2038
2040
2043
5399
2039
2040
2050
2045
5400
2052
2046
2053
2045
2046
2047
2046
2047
2045
2046
5405
2045
2047
5406
5407
2052
2053
2054
2053
2054
2052
2053
2052
2054
2058
2059
2058
2061
2059
2061
2060
5867
5869
5873
2060
2061
2064
2067
2105
2585
2064
2068
2592
2065
2587
2594
2067
2068
2588
2595
2613
2067
2068
2109
2614
2110
2590
2617
2598
2619
2071
2074
2083
2071
2075
2112
2634
2072
2636
2074
2075
2637
2641
2074
2075
2087
2116
2642
2088
2645
2117
2639
2646
2078
2082
2078
2081
2079
2081
2082
2711
2713
2717
5805
5808
5810
2081
2082
2085
2088
2655
2085
2089
2126
2662
2086
2657
2664
2088
2089
2658
2665
2683
2088
2089
2130
2684
2660
2687
2131
2667
2688
2092
2099
2092
2095
2095
2102
2098
2100
2098
2103
2101
2101
2101
2104
2104
2107
2110
2739
2107
2111
2746
2108
2741
2748
2110
2111
2742
2749
2767
2110
2111
2768
2744
2771
2752
2773
2114
2117
2788
2114
2118
2127
2795
2115
2790
2797
2117
2118
2791
2798
2816
2117
2118
2130
2817
2793
2820
2132
2800
2821
2122
2123
2122
2124
2865
5910
5911
5915
2123
2124
2125
2868
2125
2125
2869
2871
2128
2131
2879
2128
2132
2886
2129
2881
2888
2131
2132
2882
2889
2907
2131
2132
2908
2884
2911
2891
2912
2135
2138
2135
2139
2136
2138
2139
2138
2139
2873
2874
2878
5832
5836
5838
5882
5885
5887
2142
2145
2142
2146
2147
5762
2143
2145
2146
2145
2146
5763
2149
5764
2149
5769
2149
5770
5771
2151
2194
2930
2929
2932
2156
2157
2158
3005
3012
3019
2156
2158
2259
2322
3006
2156
2157
2261
2295
3013
2157
2158
2296
2324
3020
2262
3010
3017
2297
3018
3024
2325
3011
3025
2163
2164
2165
3054
3061
2163
2165
2181
2163
2164
2182
2302
3055
2164
2165
2303
3062
2184
3059
2304
3060
3066
3067
2170
2171
2172
3096
3103
3110
2170
2171
2188
2280
3097
2171
2172
2281
2309
3104
2170
2172
2189
2310
3111
2191
3101
3115
2283
3102
3108
2311
3109
3116
2177
2178
2179
3145
3152
3159
2178
2179
2329
3146
2177
2178
2316
2330
3153
2177
2179
2317
3160
2318
3157
3164
2332
3150
3158
3151
3165
2184
2185
2186
3194
2184
2186
2184
2185
2484
3195
2185
2186
2485
3198
2486
3200
2191
2192
2193
3215
3222
3229
2191
2192
2469
3216
2191
2193
2491
3223
2192
2193
2471
2492
3230
3219
3226
2472
3221
3234
2493
3228
3235
2195
3266
3265
3268
2198
2202
2204
2837
2198
2201
2199
2205
2201
2202
2206
2201
2202
2838
2209
2840
2205
2208
2210
2205
2209
2844
2206
2208
2209
2208
2209
2214
2845
2215
2847
2212
2215
2212
2216
2858
2213
2215
2216
2215
2216
2859
2861
2220
2221
2219
2221
2222
2222
2222
2225
2229
2412
2225
2228
2336
3285
2226
3287
2228
2229
3281
3288
3301
2228
2229
2339
2416
3302
2340
3291
3306
2417
3284
3307
2232
2235
3322
2232
2236
2384
2233
3324
2235
2236
3325
3329
2235
2236
2388
3328
2389
2241
2242
2243
3353
3360
3367
2241
2243
2392
3354
2242
2243
2365
2393
3361
2241
2242
2366
3368
3358
3372
2367
3365
3373
2395
3359
3366
2248
2249
2250
3444
3451
3458
2249
2250
2399
3445
2248
2249
2400
3452
2248
2250
3459
3456
3463
2402
3449
3457
3450
3464
2255
2256
2257
3493
3500
3507
2255
2257
2350
2420
3494
2255
2256
2351
2372
3501
2256
2257
2373
2422
3508
2353
3498
3505
2375
3506
3512
2424
3499
3513
2262
2263
2264
3626
3633
3640
2262
2264
2364
3627
2263
2264
2366
3634
2262
2263
3641
3630
3644
3638
3646
2368
3632
3639
2269
2270
2271
3675
3682
3689
2270
2271
2427
2462
3676
2269
2270
2344
2428
3683
2269
2271
2345
2463
3690
2346
3687
3694
2431
3680
3688
2466
3681
3695
2276
2277
2278
3724
3731
3738
2277
2278
2371
2434
3725
2276
2277
2351
2372
3732
2276
2278
2352
2436
3739
2354
3736
3743
2376
3729
3737
2438
3730
3744
2283
2284
2285
3773
3780
3787
2283
2285
2469
3774
2283
2284
2358
3781
2284
2285
2359
2470
3788
3777
3784
2360
3786
3792
2473
3779
3793
2288
2292
3829
2288
2291
2378
3836
2289
3831
3838
2291
2292
3832
3839
3850
2291
2292
2381
3851
2382
3842
3855
3835
3856
2297
2298
2299
3878
2298
2299
2392
2297
2298
2297
2299
2394
3879
3882
2396
3884
2304
2305
2306
3899
3906
3913
2305
2306
2483
3900
2304
2305
2484
3907
2304
2306
3914
3910
3917
2487
3904
3912
3905
3919
2311
2312
2313
3941
2312
2313
2357
2490
2311
2312
2358
2311
2313
2491
3942
3945
2361
2494
3947
2318
2319
2320
3969
3976
3983
2319
2320
2406
3970
2318
2319
2407
3977
2318
2320
3984
3980
3987
2409
3974
3982
3975
3989
2325
2326
2327
4025
4032
4039
2325
2326
2364
4026
2326
2327
2365
2393
4033
2325
2327
2394
4040
4029
4043
2369
4031
4037
2397
4038
4045
2332
2333
2334
4081
2332
2334
2332
2333
2407
4082
2333
2334
2408
4085
2410
4087
2337
2341
2440
2337
2340
2338
2340
2341
2340
2341
2444
2445
2346
2347
2348
4102
4109
4116
2347
2348
2448
2504
4103
2346
2347
2449
4110
2346
2348
2505
4117
4113
4120
2451
4107
4115
2507
4108
4122
2353
2354
2355
4123
4130
2353
2355
2455
2353
2354
4124
2354
2355
2457
4131
4127
4128
4134
2458
4136
2360
2361
2362
4137
2361
2362
2511
2360
2361
2360
2362
2512
4138
4141
2514
4143
2367
2368
2369
4172
4179
4186
2368
2369
4173
2367
2369
4180
2367
2368
4187
4183
4190
4176
4191
4177
4184
2374
2375
2376
4249
4256
4263
2374
2376
4250
5790
2375
2376
4257
2374
2375
4264
5792
4253
4267
5793
4260
4268
4254
4261
2379
2383
2379
2382
4291
2380
4293
2382
2383
4294
4305
2382
2383
4306
4296
4309
4311
2386
2389
2386
2390
4326
2387
4328
2389
2390
4329
4340
2389
2390
4341
4344
4331
4345
2395
2396
2397
4368
4375
4382
2395
2396
4369
2395
2397
4376
2396
2397
4383
4372
4379
4373
4386
4380
4387
2402
2403
2404
4431
4438
2402
2404
4432
2402
2403
4439
2403
2404
4435
4442
4443
4437
2409
2410
2411
4466
4473
4480
2409
2411
4467
2409
2410
4474
2410
2411
4481
4470
4477
4478
4484
4472
4486
2414
2417
2414
2418
2441
4512
2415
4514
2417
2418
4508
4515
4530
2417
2418
2444
4531
4511
4534
2446
4518
4536
2423
2424
2425
4593
4600
4607
2424
2425
2455
4594
2423
2425
2456
4601
5791
2423
2424
4608
5792
4604
4611
5794
4597
4612
2459
4599
4606
2430
2431
2432
4642
4649
4656
2430
2431
4643
5860
2431
2432
2449
4650
2430
2432
2450
4657
5861
4647
4660
5863
4648
4653
2452
4655
4662
2437
2438
2439
4684
4691
4698
2437
2438
4685
5790
2437
2439
2456
4692
5791
2438
2439
2457
4699
4688
4695
5795
4689
4702
2460
4697
4704
2442
2445
4719
2442
2446
4726
2443
4721
4728
2445
2446
4722
4729
4747
2445
2446
4748
4725
4751
4731
4752
2451
2452
2453
4859
4866
4873
2451
2453
2518
4860
2451
2452
4867
2452
2453
2519
4874
4864
4870
4871
4877
2522
4865
4879
2458
2459
2460
4908
4915
4922
2458
2459
4909
2459
2460
4916
2458
2460
4923
4912
4926
4913
4919
4920
4927
2465
2466
2467
4999
5006
5013
2465
2466
5000
5860
2466
2467
2505
5007
2465
2467
2506
5014
5862
5004
5017
5864
5005
5010
2508
5012
5019
2472
2473
2474
5041
5048
5055
2472
2473
5042
2473
2474
2512
5049
2472
2474
2513
5056
5045
5059
5046
5052
2515
5054
5061
2477
2480
5104
2477
2481
2497
5111
2478
5106
5113
2480
2481
5107
5114
5132
2480
2481
2500
5133
5110
5136
2502
5117
5138
2486
2487
2488
5202
5209
2487
2488
5203
2486
2487
5210
2486
2488
5213
5207
5214
5208
2493
2494
2495
5244
5251
5258
2494
2495
2511
5245
2493
2494
5252
2493
2495
2513
5259
5255
5262
5248
5256
2516
5250
5264
2498
2501
5321
2498
2502
5328
2499
5323
5330
2501
2502
5324
5331
5349
2501
2502
5350
5327
5353
5333
5354
2507
2508
2509
5447
5454
5461
2507
2509
2518
5448
2507
2508
5455
2508
2509
2520
5462
5452
5458
5459
5465
2523
5453
5467
2514
2515
2516
5496
5503
5510
2514
2516
5497
2514
2515
5504
2515
2516
5511
5500
5507
5508
5514
5501
5515
2521
2522
2523
5629
5636
5643
2522
2523
5630
2521
2522
5637
5861
2521
2523
5644
5862
5640
5647
5865
5634
5641
5635
5648
2525
2526
3264
2528
2528
3269
2528
3272
2533
2534
2535
2543
2550
2533
2534
3295
2534
2535
2545
3397
2533
2535
2552
3297
3398
2555
3298
2548
2549
2556
3399
2540
2541
2542
2543
2550
2540
2541
2540
2542
2546
2541
2542
2553
2547
2554
2549
2556
2547
2548
2549
2547
2548
2548
2549
3424
2547
2549
3425
3427
2554
2555
2556
2554
2555
2649
3316
2555
2556
3317
3431
2554
2556
2651
3432
2652
3319
3434
2561
2562
2563
2571
2578
2561
2562
3537
3564
2562
2563
2572
3566
3670
2561
2563
2579
3538
3671
2583
3539
2576
3567
2577
2584
3672
2568
2569
2570
2571
2578
2568
2569
2568
2570
2574
3677
2569
2570
2581
3678
2575
2582
2577
2584
3679
2575
2576
2577
2576
2577
3585
3704
2575
2576
3586
2575
2577
3705
3588
3707
2582
2583
2584
2583
2584
3557
3711
2582
2583
2734
3558
2582
2584
2735
3712
2736
3560
3714
2587
2590
2739
2587
2591
2599
3816
2588
2601
2590
2591
2602
2620
2590
2591
2621
2743
3819
2624
2744
2604
2625
3820
2594
2598
2594
2597
2600
3830
2595
2601
2597
2598
2602
2627
2597
2598
2628
3833
2605
2631
3834
2633
2601
2604
2601
2605
3843
2602
2604
2605
2606
2604
2605
2607
3847
2610
2611
3848
2610
2611
2612
2620
2627
2610
2611
5966
2610
2612
2622
3894
2611
2612
2629
3895
5968
2625
2631
5969
2626
2632
3896
2617
2618
2619
2620
2627
2617
2619
2768
2617
2618
2623
2769
3901
2618
2619
2630
3902
2624
2771
2626
2632
3903
2633
2624
2625
2626
2624
2625
2775
3823
2625
2626
3824
3928
2624
2626
2777
3929
2778
3826
3931
2631
2632
2633
2631
2633
3865
2631
2632
3866
3935
2632
2633
3936
3868
3938
2636
2639
2788
2636
2640
2637
2639
2640
2639
2640
2792
2793
2645
2646
2647
2645
2646
2684
2817
2645
2647
2685
4104
2646
2647
2818
4105
2687
2820
4106
2652
2653
2654
2652
2653
4538
2653
2654
4539
4580
2652
2654
4581
4541
4583
2657
2660
2657
2661
2669
4720
2658
2671
2660
2661
2672
2690
2660
2661
2691
4723
2694
2674
2695
4724
2664
2667
2879
2664
2668
2670
4769
2665
2671
2667
2668
2672
2697
2667
2668
2698
2883
4772
2701
2884
2675
2702
4773
2671
2674
4733
2671
2675
4775
2672
2674
2675
2676
2674
2675
2677
4737
4779
2680
4738
2681
4780
2680
2681
2682
2690
2697
2680
2681
4741
4783
2680
2682
2692
4742
4853
2681
2682
2699
4785
4855
2695
4744
2702
4786
2696
2703
4856
2687
2688
2689
2690
2697
2687
2688
2908
2687
2689
2693
4861
2688
2689
2700
2909
4862
2694
2701
2911
2696
2703
4863
2694
2695
2696
2694
2695
4755
2695
2696
4756
4881
2694
2696
4882
4758
4884
2701
2702
2703
2701
2702
2915
4790
2702
2703
4791
4895
2701
2703
2917
4896
2918
4793
4898
2707
2708
5958
2707
2709
2708
2709
2725
5889
5890
5894
2710
5961
2710
2728
5962
2710
2730
2731
5964
2715
2717
2714
2715
2726
5896
5897
5901
2714
2717
2716
2729
2716
2730
2717
2731
2721
2723
5960
2721
2722
2727
4215
4217
4218
4573
4575
4576
5903
5904
5908
2722
2723
2724
2728
5962
2724
2729
2724
5963
2731
5964
5888
5889
5890
5895
5896
5897
5902
5903
5904
2731
4286
4287
4288
5889
5891
5893
5894
5903
5905
5907
5908
2731
4630
4631
4632
5896
5898
5900
5901
5904
5906
5907
5908
2731
5890
5892
5893
5894
5897
5899
5900
5901
2736
2737
2738
2737
2738
4986
5021
2736
2737
4987
2736
2738
5022
4989
5024
2741
2744
2741
2745
2753
5105
2742
2755
2744
2745
2756
2774
2744
2745
2775
5108
2778
2758
2779
5109
2748
2752
2748
2751
2754
2749
2755
2751
2752
2756
2781
2751
2752
2782
2759
2785
2787
2755
2758
5118
2755
2759
5153
2756
2758
2759
2760
2758
2759
2761
5122
5157
2764
5123
2765
5158
2764
2765
2766
2774
2781
2764
2765
5126
5161
2764
2766
2776
5127
5197
2765
2766
2783
5163
5198
2779
5129
2785
5164
2780
2786
5199
2771
2772
2773
2774
2781
2771
2773
2771
2772
2777
5204
2772
2773
2784
5205
2778
2780
2786
5206
2787
2778
2779
2780
2778
2779
5140
2779
2780
5141
5224
2778
2780
5225
5143
5227
2785
2786
2787
2785
2787
2785
2786
5231
2786
2787
5232
5234
2790
2793
2790
2794
2802
5322
2791
2804
2793
2794
2805
2823
2793
2794
2824
5325
2827
2807
2828
5326
2797
2800
2886
2797
2801
2803
5371
2798
2804
2800
2801
2805
2830
2800
2801
2831
2890
5374
2834
2891
2808
2835
5375
2804
2807
5335
2804
2808
5377
2805
2807
2808
2809
2807
2808
2810
5339
5381
2813
5340
2814
5382
2813
2814
2815
2823
2830
2813
2814
5343
5385
2813
2815
2825
5344
5441
2814
2815
2832
5387
5443
2828
5346
2835
5388
2829
2836
5444
2820
2821
2822
2823
2830
2820
2821
2908
2820
2822
2826
5449
2821
2822
2833
2910
5450
2827
2834
2912
2829
2836
5451
2827
2828
2829
2827
2828
5357
2828
2829
5358
5469
2827
2829
5470
5360
5472
2834
2835
2836
2834
2835
2922
5392
2835
2836
5393
5483
2834
2836
2924
5484
2925
5395
5486
2840
2841
2844
2840
2843
5875
2841
2843
5811
5876
2842
2847
2842
2848
5813
2843
2849
5814
5817
5880
2847
2848
2847
2850
2859
2848
2850
2851
2860
5420
5422
5423
2849
2849
2853
5434
5436
5437
2850
2854
2857
2864
2853
2857
5546
5548
5549
5846
2853
2856
5812
5826
2854
5575
5576
5577
5813
2856
2857
5814
2856
2857
5829
5850
5816
5830
5851
2861
2862
5839
2861
2864
2862
2864
5846
2863
5842
2863
5843
5848
2864
5844
5849
5851
5909
5910
5911
5868
5916
5917
5918
2872
5923
5924
5925
2871
5870
5910
5912
5914
5915
5917
5919
5921
5922
2871
2875
5911
5913
5914
5915
5924
5926
5928
5929
2871
2876
5871
5918
5920
5921
5922
5925
5927
5928
5929
2877
5872
2875
2876
5924
5925
5929
2875
2878
2876
2878
2877
2877
2878
2881
2884
2881
2885
2893
2882
2895
2884
2885
2896
2914
2884
2885
2915
2918
2898
2919
2888
2891
2888
2892
2894
5609
2889
2895
2891
2892
2896
2921
2891
2892
2922
5612
2925
2899
2926
5613
2895
2898
2895
2899
2896
2898
2899
2900
2898
2899
2901
2904
2905
2904
2905
2906
2914
2921
2904
2905
2904
2906
2916
5623
2905
2906
2923
5624
2919
2926
2920
2927
5626
2911
2912
2913
2914
2921
2911
2912
2911
2913
2917
5631
2912
2913
2924
5632
2918
2925
2920
2927
5633
2918
2919
2920
2918
2919
2919
2920
5651
2918
2920
5652
5654
2925
2926
2927
2925
2926
5616
2926
2927
5617
5658
2925
2927
5659
5619
5661
2929
2933
2935
2932
3266
2932
2934
2937
2935
2935
2935
2939
2938
3275
2938
2939
2941
2941
2941
2946
2947
2948
2956
2963
2946
2947
2971
2946
2948
2957
3090
2947
2948
2964
2972
3091
2960
2967
2974
2961
2968
3093
2953
2954
2955
2956
2963
2954
2955
3188
3543
2953
2954
2959
3098
3189
2953
2955
2966
3099
3544
2961
2968
3100
2962
3191
2969
3546
2960
2961
2962
2960
2961
3118
2960
2962
2961
2962
3119
3121
2967
2968
2969
2967
2968
2985
3125
2967
2969
2986
3551
2968
2969
3126
3552
2988
3128
3553
2974
2975
2976
2984
2991
2974
2975
2974
2976
2985
2999
2975
2976
2992
3001
2988
2995
2989
2996
3002
2981
2982
2983
2984
2991
2982
2983
3599
4012
2981
2982
2987
3007
3600
2981
2983
2994
3008
4013
2989
2996
3009
2990
3602
2997
4015
2988
2989
2990
2988
2989
3027
2988
2990
3607
2989
2990
3028
3608
3030
3609
2995
2996
2997
2995
2996
3041
2995
2997
2996
2997
3042
3044
3002
3003
3004
3026
3033
3040
3002
3003
3027
3091
3003
3004
3034
3092
3139
3002
3004
3041
3140
3030
3044
3031
3037
3094
3038
3045
3143
3009
3010
3011
3026
3040
3010
3011
3627
4026
3009
3010
3028
3628
3009
3011
3042
4027
3030
3044
3032
3630
3046
4029
3016
3017
3018
3026
3033
3017
3018
3641
3016
3017
3029
3105
3642
3016
3018
3035
3106
3031
3037
3107
3032
3644
3039
3023
3024
3025
3033
3040
3024
3025
3879
4040
3023
3024
3036
3154
3880
3023
3025
3043
3155
4041
3038
3045
3156
3039
3882
3046
4043
3030
3031
3032
3030
3031
3125
3030
3032
3649
3031
3032
3127
3650
3129
3651
3037
3038
3039
3037
3038
3132
3167
3037
3039
3133
3887
3038
3039
3168
3888
3135
3170
3889
3044
3045
3046
3044
3045
3174
3044
3046
4048
3045
3046
3176
4049
3178
4050
3051
3052
3053
3068
3075
3082
3051
3052
3069
3090
3052
3053
3076
3092
3139
3051
3053
3083
3141
3072
3086
3073
3079
3095
3080
3087
3144
3058
3059
3060
3068
3075
3059
3060
3195
3907
3058
3059
3071
3112
3196
3058
3060
3077
3113
3908
3073
3079
3114
3074
3198
3081
3910
3065
3066
3067
3075
3082
3066
3067
3914
3065
3066
3078
3161
3915
3065
3067
3085
3162
3080
3087
3163
3081
3917
3088
3072
3073
3074
3072
3073
3118
3072
3074
3203
3073
3074
3120
3204
3122
3206
3079
3080
3081
3079
3080
3132
3167
3079
3081
3134
3922
3080
3081
3169
3923
3136
3171
3924
3086
3087
3088
3086
3087
3181
3086
3088
3087
3088
3183
3185
3093
3094
3095
3117
3124
3131
3093
3095
3118
3093
3094
3125
3094
3095
3132
3121
3128
3129
3135
3122
3136
3100
3101
3102
3117
3124
3101
3102
3216
3774
3100
3101
3119
3217
3100
3102
3126
3775
3121
3128
3123
3219
3130
3777
3107
3108
3109
3124
3131
3108
3109
3781
3107
3108
3127
3782
3107
3109
3133
3129
3135
3130
3784
3137
3114
3115
3116
3117
3131
3115
3116
3223
3942
3114
3115
3120
3224
3114
3116
3134
3943
3122
3136
3123
3226
3137
3945
3121
3122
3123
3121
3122
3121
3123
3238
3122
3123
3239
3240
3128
3129
3130
3128
3129
3128
3130
3796
3129
3130
3797
3798
3135
3136
3137
3135
3136
3135
3137
3950
3136
3137
3951
3952
3142
3143
3144
3166
3173
3180
3143
3144
3167
3142
3143
3174
3142
3144
3181
3177
3184
3170
3178
3171
3185
3149
3150
3151
3173
3180
3150
3151
3149
3150
3175
3149
3151
3182
3177
3184
3179
3186
3156
3157
3158
3166
3173
3157
3158
3977
4082
3156
3157
3168
3978
3156
3158
3176
4083
3170
3178
3172
3980
3179
4085
3163
3164
3165
3166
3180
3164
3165
3984
3163
3164
3169
3985
3163
3165
3183
3171
3185
3172
3987
3186
3170
3171
3172
3170
3171
3170
3172
3992
3171
3172
3993
3994
3177
3178
3179
3177
3178
3177
3179
4090
3178
3179
4091
4092
3184
3185
3186
3184
3185
3184
3186
3185
3186
3191
3192
3193
3191
3193
4979
3191
3192
3217
3192
3193
3218
4980
3220
4982
3198
3199
3200
3201
3208
3198
3200
5210
3198
3199
3204
3224
3199
3200
3210
3225
5211
3206
3207
3212
3227
3214
5213
3205
3206
3207
3205
3207
3237
3205
3206
3206
3207
3239
3242
3212
3213
3214
3212
3213
3251
3212
3214
3252
5218
3213
3214
5219
3254
5220
3219
3220
3221
3236
3243
3219
3221
5042
3219
3220
3238
3220
3221
3245
5043
3240
3241
3247
3249
5045
3226
3227
3228
3236
3250
3226
3228
5252
3226
3227
3239
3227
3228
3252
5253
3240
3242
3254
3256
5255
3233
3234
3235
3243
3250
3234
3235
5056
5259
3233
3234
3246
3259
5057
3233
3235
3253
3260
5260
3248
3255
3261
3249
5059
3256
5262
3240
3241
3242
3241
3242
3240
3241
3240
3242
3247
3248
3249
3247
3248
3247
3249
5064
3248
3249
5065
5066
3254
3255
3256
3254
3255
3254
3256
5267
3255
3256
5268
5269
3261
3262
3263
3262
3263
5084
5294
3261
3262
5085
3261
3263
5295
5087
5297
3265
3269
3271
3268
3268
3270
3276
3271
3271
3271
3278
3274
3274
3279
3277
3277
3278
3280
3280
3280
3283
3284
3292
3315
3283
3284
3316
4509
3319
3321
4511
3287
3291
3287
3290
3323
3288
3290
3291
3292
3308
3290
3291
3309
3326
3293
3312
3327
3314
3293
3294
3299
3331
3298
3299
3300
3308
3315
3298
3299
3333
3299
3300
3310
3334
3487
3298
3300
3317
3489
3319
3312
3336
3313
3320
3490
3305
3306
3307
3308
3315
3306
3307
4531
3305
3306
3311
3495
3305
3307
3318
3496
4532
3313
3320
3497
3314
3321
4534
3312
3313
3314
3312
3314
3312
3313
3515
3313
3314
3516
3518
3319
3320
3321
3319
3321
4538
3319
3320
3529
3320
3321
3530
4540
3532
4542
3324
3328
3324
3327
3325
3327
3328
3330
3327
3328
3331
3330
3339
3331
3332
3336
3336
3337
3338
3339
3336
3337
3336
3338
3347
3337
3338
3341
3349
3343
3344
3350
3343
3344
3345
3343
3345
4348
3343
3344
3389
3344
3345
3390
4350
3392
4351
3350
3351
3352
3374
3381
3388
3350
3352
3375
3487
3351
3352
3382
3438
3488
3350
3351
3389
3439
3378
3392
3385
3393
3442
3379
3386
3491
3357
3358
3359
3374
3388
3358
3359
4369
3357
3358
3376
3357
3359
3390
4370
3378
3392
3380
3394
4372
3364
3365
3366
3381
3388
3365
3366
4180
4376
3364
3365
3383
3453
4181
3364
3366
3391
3454
4377
3385
3393
3455
3387
4183
3394
4379
3371
3372
3373
3374
3381
3372
3373
4187
3371
3372
3377
3502
3371
3373
3384
3503
4188
3379
3386
3504
3380
3387
4190
3378
3379
3380
3378
3379
3515
3378
3380
3379
3380
3517
3519
3385
3386
3387
3385
3386
3466
3522
3385
3387
3467
4195
3386
3387
3523
4196
3469
3525
4197
3392
3393
3394
3392
3393
3473
3392
3394
4391
3393
3394
3475
4392
3477
4393
3399
3400
3401
3416
3423
3430
3400
3401
3417
3438
3488
3399
3400
3424
3440
3399
3401
3431
3489
3427
3434
3420
3428
3443
3421
3435
3492
3406
3407
3408
3416
3423
3407
3408
3406
3407
3418
3460
3406
3408
3426
3461
3420
3428
3462
3422
3429
3413
3414
3415
3416
3430
3414
3415
4215
4573
3413
3414
3419
3509
4216
3413
3415
3433
3510
4574
3421
3435
3511
3422
4219
3436
4577
3420
3421
3422
3420
3421
3466
3522
3420
3422
3468
4223
3421
3422
3524
4224
3470
3526
4225
3427
3428
3429
3427
3428
3480
3427
3429
3428
3429
3482
3484
3434
3435
3436
3434
3435
3529
3434
3436
4581
3435
3436
3531
4582
3533
4584
3441
3442
3443
3465
3472
3479
3442
3443
3466
3441
3442
3473
3441
3443
3480
3476
3483
3469
3477
3470
3484
3448
3449
3450
3472
3479
3449
3450
4432
3448
3449
3474
4433
3448
3450
3481
3476
3483
3478
4435
3485
3455
3456
3457
3465
3472
3456
3457
4229
4439
3455
3456
3467
4230
3455
3457
3475
4440
3469
3477
3471
4232
3478
4442
3462
3463
3464
3465
3479
3463
3464
3462
3463
3468
3462
3464
3482
3470
3484
3471
3485
3469
3470
3471
3469
3470
3469
3471
4237
3470
3471
4238
4239
3476
3477
3478
3476
3477
3476
3478
4447
3477
3478
4448
4449
3483
3484
3485
3483
3484
3483
3485
3484
3485
3490
3491
3492
3514
3521
3528
3490
3491
3515
3491
3492
3522
3490
3492
3529
3518
3532
3519
3525
3526
3533
3497
3498
3499
3514
3528
3498
3499
4594
3497
3498
3516
3497
3499
3530
4595
3518
3532
3520
3534
4597
3504
3505
3506
3514
3521
3505
3506
4124
4257
3504
3505
3517
4125
3504
3506
3523
4258
3519
3525
3520
4127
3527
4260
3511
3512
3513
3521
3528
3512
3513
4264
4608
3511
3512
3524
4265
3511
3513
3531
4609
3526
3533
3527
4268
3534
4612
3518
3519
3520
3518
3519
3518
3520
3519
3520
3525
3526
3527
3525
3526
3525
3527
4272
3526
3527
4273
4274
3532
3533
3534
3532
3533
3532
3534
4616
3533
3534
4617
4618
3539
3540
3541
3549
3556
3540
3541
3550
3592
3767
3539
3540
3593
3539
3541
3557
3769
3560
3554
3595
3555
3561
3770
3546
3547
3548
3549
3556
3546
3548
4979
3546
3547
3552
3775
3547
3548
3559
3776
4981
3553
3555
3561
3778
3562
4983
3553
3554
3555
3554
3555
3606
3795
3553
3554
3607
3553
3555
3796
3610
3799
3560
3561
3562
3560
3561
3809
3560
3562
4987
3561
3562
3810
4988
3812
4990
3567
3568
3569
3577
3584
3567
3568
3593
3568
3569
3578
3594
3719
3567
3569
3585
3720
3588
3581
3596
3582
3589
3721
3574
3575
3576
3577
3584
3575
3576
3574
3575
3580
3726
3574
3576
3587
3727
3582
3589
3728
3583
3590
3581
3582
3583
3581
3582
3613
3753
3581
3583
3614
4146
3582
3583
3754
4147
3616
3756
4148
3588
3589
3590
3588
3589
3760
3588
3590
3589
3590
3761
3763
3595
3596
3597
3605
3612
3595
3597
3606
3620
3595
3596
3596
3597
3613
3622
3610
3616
3611
3617
3623
3602
3603
3604
3605
3612
3602
3604
4152
3602
3603
3608
3628
3603
3604
3615
3629
4153
3609
3611
3617
3631
3618
4155
3609
3610
3611
3610
3611
3648
3609
3610
3609
3611
3649
3652
3616
3617
3618
3616
3617
3662
3616
3618
4160
3617
3618
3663
4161
3665
4162
3623
3624
3625
3647
3654
3661
3623
3625
3648
3767
3624
3625
3655
3718
3768
3623
3624
3662
3719
3652
3665
3658
3666
3722
3653
3659
3771
3630
3631
3632
3647
3661
3630
3632
4173
3630
3631
3649
3631
3632
3663
4174
3651
3652
3665
3667
4176
3637
3638
3639
3654
3661
3638
3639
4187
3637
3638
3656
3733
3637
3639
3664
3734
4189
3658
3666
3735
3660
3667
4191
3644
3645
3646
3647
3654
3644
3646
3644
3645
3650
3782
3645
3646
3657
3783
3651
3653
3659
3785
3660
3651
3652
3653
3652
3653
3795
3651
3652
3651
3653
3797
3800
3658
3659
3660
3658
3659
3746
3802
3658
3660
3747
3659
3660
3803
3749
3805
3665
3666
3667
3665
3666
3753
3665
3667
4202
3666
3667
3755
4203
3757
4204
3672
3673
3674
3696
3703
3710
3673
3674
3697
3718
3768
3672
3673
3704
3720
3672
3674
3711
3769
3707
3714
3700
3708
3723
3701
3715
3772
3679
3680
3681
3703
3710
3680
3681
4643
5000
3679
3680
3705
4644
3679
3681
3712
5001
3707
3714
3709
4648
3716
5005
3686
3687
3688
3696
3703
3687
3688
4110
4650
3686
3687
3698
3740
4111
3686
3688
3706
3741
4651
3700
3708
3742
3702
4113
3709
4653
3693
3694
3695
3696
3710
3694
3695
4117
5007
3693
3694
3699
3789
4118
3693
3695
3713
3790
5008
3701
3715
3791
3702
4120
3716
5010
3700
3701
3702
3700
3701
3746
3802
3700
3702
3748
3701
3702
3804
3750
3806
3707
3708
3709
3707
3708
3760
3707
3709
4665
3708
3709
3762
4666
3764
4668
3714
3715
3716
3714
3715
3809
3714
3716
5022
3715
3716
3811
5023
3813
5025
3721
3722
3723
3745
3752
3759
3722
3723
3746
3721
3722
3753
3721
3723
3760
3756
3763
3749
3757
3750
3764
3728
3729
3730
3752
3759
3729
3730
4250
4685
3728
3729
3754
4251
3728
3730
3761
4686
3756
3763
3758
4254
3765
4689
3735
3736
3737
3745
3752
3736
3737
4124
4257
3735
3736
3747
4126
3735
3737
3755
4259
3749
3757
3751
4128
3758
4261
3742
3743
3744
3745
3759
3743
3744
4131
4699
3742
3743
3748
4132
3742
3744
3762
4700
3750
3764
3751
4134
3765
4702
3749
3750
3751
3749
3750
3749
3751
3750
3751
3756
3757
3758
3756
3757
3756
3758
4279
3757
3758
4280
4281
3763
3764
3765
3763
3764
3763
3765
4707
3764
3765
4708
4709
3770
3771
3772
3794
3801
3808
3770
3771
3795
3771
3772
3802
3770
3772
3809
3799
3812
3800
3805
3806
3813
3777
3778
3779
3794
3808
3777
3779
5042
3777
3778
3796
3778
3779
3810
5044
3798
3799
3812
3814
5046
3784
3785
3786
3794
3801
3784
3786
3784
3785
3797
3785
3786
3803
3798
3800
3805
3807
3791
3792
3793
3801
3808
3792
3793
4138
5049
3791
3792
3804
4139
3791
3793
3811
5050
3806
3813
3807
4141
3814
5052
3798
3799
3800
3799
3800
3798
3799
3798
3800
3805
3806
3807
3805
3806
3805
3807
3806
3807
3812
3813
3814
3812
3813
3812
3814
5071
3813
3814
5072
5073
3817
3821
5104
3817
3820
3818
3820
3821
3822
3820
3821
3823
5108
3826
3828
5110
3826
3827
3828
3826
3828
5140
3826
3827
3956
3827
3828
3957
5142
3959
5144
3831
3835
3831
3834
3843
3832
3845
3834
3835
3846
3864
3834
3835
3865
3848
3868
3870
3838
3842
4291
3838
3841
3844
3872
3839
3845
3841
3842
3846
3857
3841
3842
3858
3875
4295
3849
3861
3876
3863
4296
3845
3848
3845
3849
3846
3848
3849
5965
3848
3849
5966
5969
5970
3854
3855
3856
3857
3864
3855
3856
4306
3854
3855
3860
3971
4307
3854
3856
3867
3972
3862
3869
3973
3863
4309
3870
3861
3862
3863
5965
3861
3863
4313
3861
3862
3998
5967
3862
3863
3999
4315
5970
4001
5971
4316
3868
3869
3870
5965
3868
3870
3868
3869
4005
5968
3869
3870
4006
5969
4008
5971
3873
3877
4326
3873
3876
3874
3876
3877
3876
3877
4330
4331
3882
3883
3884
3885
3882
3884
4383
3882
3883
3888
3978
3883
3884
3979
4384
3889
3891
3981
4386
3889
3890
3891
3890
3891
3949
3991
3889
3890
3950
3889
3891
3992
3953
3995
3896
3897
3898
3920
3927
3934
3897
3898
3921
3963
3896
3897
3928
3896
3898
3935
3965
3931
3938
3925
3932
3926
3939
3968
3903
3904
3905
3927
3934
3904
3905
5203
3903
3904
3929
5204
3903
3905
3936
3931
3938
3933
5207
3940
3910
3911
3912
3920
3927
3910
3912
5210
3910
3911
3922
3943
3911
3912
3930
3944
5212
3924
3925
3932
3946
3933
5214
3917
3918
3919
3920
3934
3917
3919
3917
3918
3923
3985
3918
3919
3937
3986
3924
3926
3939
3988
3940
3924
3925
3926
3925
3926
3949
3991
3924
3925
3951
3924
3926
3993
3954
3996
3931
3932
3933
3931
3932
3956
3931
3933
5225
3932
3933
3958
5226
3960
5228
3938
3939
3940
3938
3939
4005
3938
3940
3939
3940
4007
4009
3945
3946
3947
3948
3955
3945
3947
5252
3945
3946
3951
3946
3947
3958
5254
3952
3954
3960
3961
5256
3952
3953
3954
3953
3954
3952
3953
3952
3954
3959
3960
3961
3959
3960
3959
3961
5274
3960
3961
5275
5276
3966
3967
3968
3990
3997
4004
3967
3968
3991
3966
3967
3998
5967
3966
3968
4005
5968
4001
4008
5971
3995
4002
3996
4009
3973
3974
3975
3997
4004
3974
3975
4467
3973
3974
3999
4468
3973
3975
4006
4001
4008
4003
4470
4010
3980
3981
3982
3990
3997
3980
3982
4474
3980
3981
3992
3981
3982
4000
4475
3994
3995
4002
4003
4477
3987
3988
3989
3990
4004
3987
3989
3987
3988
3993
3988
3989
4007
3994
3996
4009
4010
3994
3995
3996
3995
3996
3994
3995
3994
3996
4001
4002
4003
4001
4002
4001
4003
4489
4002
4003
4490
4491
4008
4009
4010
4008
4009
4008
4010
4009
4010
4015
4016
4017
4015
4017
4152
4015
4016
4027
4016
4017
4028
4154
4030
4156
4022
4023
4024
4046
4053
4060
4022
4024
4047
4022
4023
4054
4023
4024
4061
4051
4057
4058
4064
4052
4065
4029
4030
4031
4046
4053
4029
4031
4173
4029
4030
4048
4030
4031
4055
4175
4050
4051
4057
4059
4177
4036
4037
4038
4053
4060
4037
4038
4180
4376
4036
4037
4056
4069
4182
4036
4038
4062
4070
4378
4058
4064
4071
4059
4184
4066
4380
4043
4044
4045
4046
4060
4043
4045
4383
4043
4044
4049
4083
4044
4045
4063
4084
4385
4050
4052
4065
4086
4066
4387
4050
4051
4052
4051
4052
4089
4050
4051
4050
4052
4091
4094
4057
4058
4059
4057
4058
4057
4059
4209
4058
4059
4210
4211
4064
4065
4066
4064
4065
4075
4096
4064
4066
4076
4405
4065
4066
4097
4406
4078
4099
4407
4071
4072
4073
4074
4072
4073
4229
4439
4071
4072
4231
4071
4073
4076
4441
4078
4233
4080
4443
4078
4079
4080
4078
4079
4078
4080
4454
4079
4080
4455
4456
4085
4086
4087
4088
4095
4085
4087
4474
4085
4086
4091
4086
4087
4097
4476
4092
4094
4099
4101
4478
4092
4093
4094
4093
4094
4092
4093
4092
4094
4099
4100
4101
4099
4100
4099
4101
4496
4100
4101
4497
4498
4106
4107
4108
4107
4108
4860
5448
4106
4107
4861
4106
4108
5449
4864
5452
4113
4114
4115
4113
4115
4867
4113
4114
4132
4114
4115
4133
4868
4135
4870
4120
4121
4122
4120
4122
5455
4120
4121
4139
4121
4122
4140
5456
4142
5458
4127
4128
4129
4127
4128
4127
4129
4128
4129
4134
4135
4136
4134
4136
4923
4134
4135
4135
4136
4924
4926
4141
4142
4143
4141
4143
5504
4141
4142
4142
4143
5505
5507
4148
4149
4150
4149
4150
4159
4278
4148
4149
4160
4148
4150
4279
4163
4282
4155
4156
4157
4158
4155
4156
4155
4157
4161
4174
4156
4157
4175
4162
4164
4178
4162
4163
4164
4163
4164
4201
4162
4163
4162
4164
4202
4205
4169
4170
4171
4193
4200
4207
4170
4171
4194
4243
4169
4171
4201
4244
4169
4170
4208
4205
4212
4198
4213
4199
4206
4247
4176
4177
4178
4200
4207
4176
4177
4176
4178
4202
4177
4178
4209
4204
4211
4205
4212
4183
4184
4185
4193
4207
4183
4184
4183
4185
4195
4230
4184
4185
4210
4231
4197
4211
4198
4213
4234
4190
4191
4192
4193
4200
4190
4191
4190
4192
4196
4258
4191
4192
4203
4259
4197
4204
4199
4206
4262
4197
4198
4199
4198
4199
4236
4271
4197
4198
4237
4197
4199
4272
4240
4275
4204
4205
4206
4205
4206
4278
4204
4205
4204
4206
4280
4283
4211
4212
4213
4212
4213
4211
4212
4211
4213
4218
4219
4220
4221
4218
4219
4219
4220
4224
4265
4218
4220
4266
4225
4227
4269
4225
4226
4227
4226
4227
4236
4271
4225
4226
4238
4225
4227
4273
4241
4276
4232
4233
4234
4235
4232
4233
4232
4234
4237
4233
4234
4239
4240
4239
4240
4241
4240
4241
4239
4240
4239
4241
4246
4247
4248
4270
4277
4284
4247
4248
4271
4246
4247
4278
4246
4248
4285
4282
4289
4275
4283
4276
4290
4253
4254
4255
4277
4284
4253
4254
5888
4254
4255
4279
4253
4255
4286
5889
4288
5891
4281
4282
4289
4260
4261
4262
4270
4277
4260
4261
4260
4262
4272
4261
4262
4280
4274
4281
4275
4283
4267
4268
4269
4270
4284
4267
4268
5902
4268
4269
4273
4267
4269
4287
5903
4288
5905
4274
4276
4290
4274
4275
4276
4275
4276
4274
4275
4274
4276
4281
4282
4283
4282
4283
4281
4282
4281
4283
4288
4289
4290
4289
4290
4288
4289
4288
4290
4293
4296
4293
4297
4327
4294
4296
4297
4312
4296
4297
4313
4330
4316
4317
4332
4302
4303
4304
4312
4319
4302
4303
4334
4303
4304
4314
4336
4460
4302
4304
4321
4462
4323
4317
4338
4318
4324
4463
4309
4310
4311
4312
4319
4309
4311
4309
4310
4315
4468
4310
4311
4322
4469
4316
4318
4324
4471
4325
4316
4317
4318
4316
4317
4355
4317
4318
4356
4488
4316
4318
4489
4359
4492
4323
4324
4325
4323
4325
4323
4324
4502
4324
4325
4503
4505
4328
4331
4328
4332
4329
4331
4332
4354
4331
4332
4355
4358
4359
4337
4338
4339
4347
4354
4337
4338
4337
4339
4349
4362
4338
4339
4356
4363
4352
4359
4353
4360
4365
4344
4345
4346
4347
4354
4344
4345
4344
4346
4350
4370
4345
4346
4357
4371
4351
4358
4353
4360
4374
4351
4352
4353
4351
4352
4352
4353
4390
4351
4353
4391
4394
4358
4359
4360
4358
4359
4359
4360
4397
4358
4360
4398
4401
4365
4366
4367
4389
4396
4403
4365
4366
4390
4425
4365
4367
4397
4460
4366
4367
4404
4426
4461
4394
4401
4395
4408
4429
4402
4409
4464
4372
4373
4374
4389
4396
4372
4373
4372
4374
4391
4373
4374
4398
4393
4400
4394
4401
4379
4380
4381
4389
4403
4379
4380
4379
4381
4392
4440
4380
4381
4405
4441
4393
4407
4395
4408
4444
4386
4387
4388
4396
4403
4386
4387
4386
4388
4399
4475
4387
4388
4406
4476
4400
4407
4402
4409
4479
4393
4394
4395
4394
4395
4446
4393
4394
4393
4395
4448
4451
4400
4401
4402
4401
4402
4488
4400
4401
4400
4402
4490
4493
4407
4408
4409
4408
4409
4453
4495
4407
4408
4454
4407
4409
4496
4457
4499
4414
4415
4416
4417
4415
4416
4418
4426
4461
4414
4415
4427
4414
4416
4462
4422
4430
4423
4465
4421
4422
4423
4422
4423
4453
4495
4421
4422
4455
4421
4423
4497
4458
4500
4428
4429
4430
4445
4452
4428
4429
4446
4429
4430
4453
4428
4430
4450
4451
4457
4458
4435
4436
4437
4445
4435
4437
4435
4436
4447
4436
4437
4449
4450
4442
4443
4444
4445
4452
4442
4443
4442
4444
4448
4443
4444
4454
4449
4456
4451
4457
4449
4450
4451
4450
4451
4449
4450
4449
4451
4456
4457
4458
4457
4458
4456
4457
4456
4458
4463
4464
4465
4487
4494
4501
4463
4464
4488
4464
4465
4495
4463
4465
4502
4492
4505
4493
4499
4500
4506
4470
4471
4472
4487
4501
4470
4472
4470
4471
4489
4471
4472
4503
4491
4492
4505
4507
4477
4478
4479
4487
4494
4477
4478
4477
4479
4490
4478
4479
4496
4491
4498
4493
4499
4484
4485
4486
4494
4501
4484
4486
4484
4485
4497
4485
4486
4504
4498
4500
4506
4507
4491
4492
4493
4492
4493
4491
4492
4491
4493
4498
4499
4500
4499
4500
4498
4499
4498
4500
4505
4506
4507
4505
4506
4505
4507
4506
4507
4510
4511
4519
4537
4510
4511
4538
4521
4541
4542
4514
4518
4726
4514
4517
4552
4515
4517
4518
4519
4544
4517
4518
4545
4555
4730
4522
4548
4556
4550
4731
4521
4522
4523
4521
4522
4524
4527
4528
4527
4528
4529
4537
4544
4527
4528
4527
4529
4539
4587
4528
4529
4546
4588
4541
4548
4543
4549
4590
4534
4535
4536
4537
4544
4534
4536
4748
4534
4535
4540
4595
4535
4536
4547
4596
4750
4542
4543
4549
4598
4550
4752
4541
4542
4543
4541
4542
4541
4543
4615
4542
4543
4616
4619
4548
4549
4550
4548
4550
4559
4762
4548
4549
4560
4622
4549
4550
4623
4764
4562
4625
4765
4553
4557
4796
4553
4556
4554
4556
4557
4558
4556
4557
4559
4800
4562
4564
4801
4562
4563
4564
4562
4564
4818
4562
4563
4566
4563
4564
4567
4820
4569
4821
4569
4570
4571
4569
4570
4622
4569
4571
4840
4570
4571
4624
4841
4626
4842
4576
4577
4578
4579
4576
4577
4577
4578
4582
4609
4576
4578
4610
4584
4585
4613
4583
4584
4585
4583
4585
4615
4583
4584
4584
4585
4617
4620
4590
4591
4592
4614
4621
4628
4590
4592
4615
4590
4591
4622
4591
4592
4629
4619
4625
4626
4633
4620
4634
4597
4598
4599
4614
4621
4597
4599
4909
4597
4598
4616
4598
4599
4623
4911
4618
4619
4625
4627
4913
4604
4605
4606
4621
4628
4604
4606
4916
5895
4605
4606
4624
4917
4604
4605
4630
5896
4632
5898
4626
4633
4627
4919
4611
4612
4613
4614
4628
4611
4612
5902
4612
4613
4617
4611
4613
4631
5904
4632
5906
4618
4620
4634
4618
4619
4620
4619
4620
4618
4619
4618
4620
4625
4626
4627
4625
4626
4625
4627
4938
4626
4627
4939
4940
4632
4633
4634
4633
4634
4632
4633
4632
4634
4639
4640
4641
4663
4670
4639
4640
4664
4678
4640
4641
4671
4679
4639
4641
4667
4669
4674
4683
4675
4646
4647
4648
4663
4647
4648
5909
4646
4648
4665
4646
4647
5910
4667
5912
4668
4653
4654
4655
4663
4670
4653
4655
4867
4653
4654
4666
4700
4654
4655
4672
4701
4869
4668
4669
4674
4703
4676
4871
4660
4661
4662
4670
4660
4662
4874
5916
4661
4662
4673
4875
4660
4661
5917
5919
4675
4676
4877
4667
4668
4669
4667
4669
4706
4667
4668
4668
4669
4708
4711
4674
4675
4676
4674
4675
4713
4674
4676
4715
4889
4675
4676
4890
4717
4891
4681
4682
4683
4705
4712
4681
4683
4706
4682
4683
4713
4681
4682
4710
4716
4711
4717
4688
4689
4690
4705
4688
4689
5888
4689
4690
4707
4688
4690
5890
5892
4709
4710
4695
4696
4697
4712
4695
4697
4916
5895
4696
4697
4714
4918
4695
4696
5897
5899
4716
4718
4920
4702
4703
4704
4705
4712
4702
4704
4923
4702
4703
4708
4703
4704
4715
4925
4709
4711
4717
4718
4927
4709
4710
4711
4710
4711
4709
4710
4709
4711
4716
4717
4718
4716
4717
4716
4718
4945
4717
4718
4946
4947
4721
4725
4721
4724
4733
4722
4735
4724
4725
4736
4754
4724
4725
4755
4738
4758
4759
4728
4731
4728
4732
4734
4797
4729
4735
4731
4732
4736
4761
4731
4732
4762
4800
4765
4739
4766
4802
4735
4738
4735
4739
4803
4736
4738
4739
4740
4738
4739
4741
4807
4744
4745
4808
4744
4745
4746
4754
4761
4744
4745
4811
4744
4746
4756
4902
4745
4746
4763
4812
4903
4758
4766
4814
4760
4767
4905
4751
4752
4753
4754
4761
4751
4752
4751
4753
4757
4910
4752
4753
4764
4911
4759
4765
4760
4767
4914
4758
4759
4760
4758
4759
4758
4760
4930
4759
4760
4931
4934
4765
4766
4767
4765
4766
4818
4766
4767
4819
4937
4765
4767
4938
4822
4941
4770
4774
4770
4773
4775
4771
4777
4773
4774
4778
4789
4773
4774
4790
4780
4793
4795
4777
4780
4777
4781
4804
4778
4780
4781
4782
4780
4781
4783
4807
4786
4787
4809
4786
4787
4788
4789
4786
4787
4811
4787
4788
4813
4952
4786
4788
4791
4953
4793
4815
4794
4954
4793
4794
4795
4793
4795
4793
4794
4972
4794
4795
4973
4975
4798
4801
4798
4802
4803
4799
4805
4801
4802
4806
4817
4801
4802
4818
4821
4808
4822
4805
4808
4805
4809
4806
4808
4809
4810
4808
4809
4811
4814
4815
4814
4815
4816
4817
4814
4815
4814
4816
4819
4825
4815
4816
4827
4822
4823
4828
4821
4822
4823
4821
4822
4822
4823
4839
4821
4823
4840
4843
4828
4829
4830
4838
4845
4828
4829
4839
4903
4829
4830
4846
4904
4951
4828
4830
4952
4843
4844
4850
4906
4851
4955
4835
4836
4837
4838
4845
4835
4836
4835
4837
4841
4917
4836
4837
4847
4918
4842
4849
4844
4850
4921
4842
4843
4844
4843
4844
4937
4842
4843
4842
4844
4939
4942
4849
4850
4851
4850
4851
4944
4965
4849
4850
4945
4849
4851
4966
4948
4969
4856
4857
4858
4880
4887
4894
4856
4857
4881
4902
4857
4858
4888
4904
4951
4856
4858
4895
4953
4884
4898
4886
4892
4907
4893
4899
4956
4863
4864
4865
4880
4894
4864
4865
5630
4863
4864
4882
4863
4865
4896
5631
4884
4898
4885
4900
5634
4870
4871
4872
4880
4887
4870
4871
4870
4872
4883
4924
4871
4872
4889
4925
4885
4891
4886
4892
4928
4877
4878
4879
4887
4894
4877
4879
5637
4877
4878
4890
4959
4878
4879
4897
4960
5638
4891
4893
4899
4962
4900
5641
4884
4885
4886
4884
4886
4930
4884
4885
4885
4886
4932
4935
4891
4892
4893
4892
4893
4944
4965
4891
4892
4946
4891
4893
4967
4949
4970
4898
4899
4900
4898
4899
4972
4898
4900
5652
4899
4900
4974
5653
4976
5655
4905
4906
4907
4929
4936
4943
4905
4907
4930
4905
4906
4937
4906
4907
4944
4934
4941
4942
4948
4935
4949
4912
4913
4914
4929
4936
4912
4913
4912
4914
4931
4913
4914
4938
4933
4940
4934
4941
4919
4920
4921
4936
4943
4919
4920
4919
4921
4939
4920
4921
4945
4940
4947
4942
4948
4926
4927
4928
4929
4943
4926
4927
4926
4928
4932
4927
4928
4946
4933
4947
4935
4949
4933
4934
4935
4934
4935
4933
4934
4933
4935
4940
4941
4942
4941
4942
4940
4941
4940
4942
4947
4948
4949
4948
4949
4947
4948
4947
4949
4954
4955
4956
4964
4971
4955
4956
4965
4954
4955
4954
4956
4972
4975
4969
4970
4976
4961
4962
4963
4964
4971
4961
4963
4961
4962
4967
4962
4963
4974
4968
4970
4976
4977
4968
4969
4970
4969
4970
4968
4969
4968
4970
4975
4976
4977
4975
4976
4975
4977
4976
4977
4982
4983
4984
4985
4982
4983
4982
4984
5043
4983
4984
4988
5044
4990
4991
5047
4989
4990
4991
4989
4991
5070
4989
4990
4990
4991
5071
5074
4996
4997
4998
5020
5027
4996
4997
5021
5036
4997
4998
5028
5037
4996
4998
5024
5026
5031
5039
5032
5003
5004
5005
5020
5004
5005
5909
5003
5005
5022
5003
5004
5911
5024
5913
5025
5010
5011
5012
5020
5027
5010
5012
5455
5010
5011
5023
5050
5011
5012
5029
5051
5457
5025
5026
5031
5053
5033
5459
5017
5018
5019
5027
5017
5019
5462
5923
5018
5019
5030
5463
5017
5018
5924
5926
5032
5033
5465
5024
5025
5026
5024
5026
5070
5024
5025
5025
5026
5072
5075
5031
5032
5033
5031
5032
5077
5098
5031
5033
5078
5477
5032
5033
5099
5478
5080
5101
5479
5038
5039
5040
5062
5069
5076
5038
5040
5063
5038
5039
5070
5039
5040
5077
5067
5074
5075
5080
5068
5081
5045
5046
5047
5062
5069
5045
5046
5045
5047
5064
5046
5047
5071
5066
5073
5067
5074
5052
5053
5054
5069
5076
5052
5054
5504
5052
5053
5072
5053
5054
5078
5506
5073
5075
5080
5082
5508
5059
5060
5061
5062
5076
5059
5061
5511
5059
5060
5065
5085
5060
5061
5079
5086
5512
5066
5068
5081
5088
5082
5514
5066
5067
5068
5067
5068
5066
5067
5066
5068
5073
5074
5075
5074
5075
5073
5074
5073
5075
5080
5081
5082
5080
5081
5091
5080
5082
5526
5081
5082
5092
5527
5094
5528
5087
5088
5089
5090
5087
5089
5553
5087
5088
5088
5089
5092
5554
5094
5096
5556
5094
5095
5096
5094
5095
5098
5094
5096
5561
5095
5096
5100
5562
5102
5563
5101
5102
5103
5101
5102
5101
5103
5596
5102
5103
5597
5598
5106
5110
5106
5109
5118
5107
5120
5109
5110
5121
5139
5109
5110
5140
5123
5143
5144
5113
5117
5328
5113
5116
5119
5168
5114
5120
5116
5117
5121
5146
5116
5117
5147
5171
5332
5124
5150
5172
5152
5333
5120
5123
5120
5124
5174
5121
5123
5124
5125
5123
5124
5126
5178
5129
5130
5179
5129
5130
5131
5139
5146
5129
5130
5182
5129
5131
5141
5239
5130
5131
5148
5183
5240
5143
5150
5185
5145
5151
5241
5136
5137
5138
5139
5146
5136
5138
5350
5136
5137
5142
5246
5137
5138
5149
5247
5352
5144
5145
5151
5249
5152
5354
5143
5144
5145
5143
5144
5143
5145
5273
5144
5145
5274
5277
5150
5151
5152
5150
5152
5189
5364
5150
5151
5190
5280
5151
5152
5281
5366
5192
5283
5367
5155
5158
5155
5159
5175
5156
5158
5159
5160
5158
5159
5161
5178
5164
5165
5180
5164
5165
5166
5164
5165
5182
5165
5166
5184
5316
5164
5166
5317
5186
5318
5169
5173
5398
5169
5172
5174
5170
5176
5172
5173
5177
5188
5172
5173
5189
5402
5179
5192
5194
5403
5176
5179
5176
5180
5177
5179
5180
5181
5179
5180
5182
5185
5186
5185
5186
5187
5188
5185
5186
5185
5187
5190
5288
5186
5187
5289
5192
5193
5290
5192
5193
5194
5192
5194
5427
5192
5193
5308
5193
5194
5309
5429
5311
5430
5199
5200
5201
5216
5223
5230
5200
5201
5217
5238
5315
5199
5200
5224
5239
5199
5201
5231
5317
5227
5234
5221
5229
5242
5222
5235
5319
5206
5207
5208
5223
5230
5207
5208
5206
5207
5225
5206
5208
5232
5227
5234
5228
5236
5213
5214
5215
5216
5223
5213
5214
5213
5215
5218
5253
5214
5215
5226
5254
5220
5228
5221
5229
5257
5220
5221
5222
5221
5222
5266
5220
5221
5267
5220
5222
5270
5227
5228
5229
5227
5229
5273
5227
5228
5228
5229
5275
5278
5234
5235
5236
5234
5235
5234
5236
5235
5236
5241
5242
5243
5265
5272
5279
5242
5243
5266
5287
5241
5242
5273
5241
5243
5280
5288
5277
5283
5270
5278
5271
5284
5291
5248
5249
5250
5272
5279
5248
5250
5497
5248
5249
5274
5249
5250
5281
5499
5276
5277
5283
5285
5501
5255
5256
5257
5265
5272
5255
5256
5255
5257
5267
5256
5257
5275
5269
5276
5270
5278
5262
5263
5264
5265
5279
5262
5264
5511
5262
5263
5268
5295
5263
5264
5282
5296
5513
5269
5271
5284
5298
5285
5515
5269
5270
5271
5270
5271
5301
5269
5270
5269
5271
5302
5305
5276
5277
5278
5277
5278
5276
5277
5276
5278
5283
5284
5285
5283
5284
5308
5283
5285
5533
5284
5285
5310
5534
5312
5535
5290
5291
5292
5300
5307
5291
5292
5301
5315
5290
5291
5308
5290
5292
5316
5311
5305
5312
5306
5320
5297
5298
5299
5300
5307
5297
5299
5553
5297
5298
5302
5298
5299
5310
5555
5304
5305
5312
5313
5557
5304
5305
5306
5305
5306
5304
5305
5304
5306
5311
5312
5313
5311
5312
5311
5313
5568
5312
5313
5569
5570
5318
5319
5320
5319
5320
5318
5320
5318
5319
5323
5327
5323
5326
5335
5324
5337
5326
5327
5338
5356
5326
5327
5357
5340
5360
5361
5330
5333
5330
5334
5336
5399
5331
5337
5333
5334
5338
5363
5333
5334
5364
5402
5367
5341
5368
5404
5337
5340
5337
5341
5405
5338
5340
5341
5342
5340
5341
5343
5409
5346
5347
5410
5346
5347
5348
5356
5363
5346
5347
5413
5346
5348
5358
5490
5347
5348
5365
5414
5492
5360
5368
5416
5362
5369
5493
5353
5354
5355
5356
5363
5353
5354
5353
5355
5359
5498
5354
5355
5366
5499
5361
5367
5362
5369
5502
5360
5361
5362
5360
5361
5360
5362
5518
5361
5362
5519
5522
5367
5368
5369
5367
5368
5427
5368
5369
5428
5532
5367
5369
5533
5431
5536
5372
5376
5608
5372
5375
5377
5373
5379
5375
5376
5380
5391
5375
5376
5392
5612
5382
5395
5397
5614
5379
5382
5379
5383
5406
5380
5382
5383
5384
5382
5383
5385
5409
5388
5389
5411
5388
5389
5390
5391
5388
5389
5413
5389
5390
5415
5582
5388
5390
5393
5583
5395
5417
5396
5584
5395
5396
5397
5395
5397
5616
5395
5396
5602
5396
5397
5603
5618
5605
5620
5400
5403
5400
5404
5405
5401
5407
5403
5404
5408
5426
5403
5404
5427
5430
5410
5431
5407
5410
5407
5411
5408
5410
5411
5412
5410
5411
5413
5416
5417
5416
5417
5418
5426
5433
5416
5417
5416
5418
5428
5540
5417
5418
5435
5541
5431
5438
5432
5439
5542
5423
5424
5425
5426
5433
5423
5424
5424
5425
5429
5547
5423
5425
5436
5548
5437
5430
5432
5439
5551
5430
5431
5432
5430
5431
5431
5432
5567
5430
5432
5568
5571
5437
5438
5439
5437
5438
5438
5439
5574
5437
5439
5575
5578
5444
5445
5446
5468
5475
5482
5444
5445
5469
5490
5445
5446
5476
5491
5581
5444
5446
5483
5583
5472
5486
5474
5480
5494
5481
5487
5585
5451
5452
5453
5468
5482
5452
5453
5630
5451
5452
5470
5451
5453
5484
5632
5472
5486
5473
5488
5635
5458
5459
5460
5468
5475
5458
5459
5458
5460
5471
5505
5459
5460
5477
5506
5473
5479
5474
5480
5509
5465
5466
5467
5475
5482
5465
5467
5644
5465
5466
5478
5589
5466
5467
5485
5590
5645
5479
5481
5487
5592
5488
5648
5472
5473
5474
5472
5474
5518
5472
5473
5473
5474
5520
5523
5479
5480
5481
5480
5481
5525
5595
5479
5480
5526
5479
5481
5596
5529
5599
5486
5487
5488
5486
5487
5602
5486
5488
5659
5487
5488
5604
5660
5606
5662
5493
5494
5495
5517
5524
5531
5493
5494
5518
5494
5495
5525
5539
5493
5495
5532
5540
5522
5536
5523
5529
5530
5537
5543
5500
5501
5502
5517
5531
5500
5501
5500
5502
5519
5501
5502
5533
5521
5535
5522
5536
5507
5508
5509
5517
5524
5507
5508
5507
5509
5520
5508
5509
5526
5521
5528
5523
5529
5514
5515
5516
5524
5531
5514
5515
5514
5516
5527
5554
5515
5516
5534
5555
5528
5535
5530
5537
5558
5521
5522
5523
5522
5523
5521
5522
5521
5523
5528
5529
5530
5529
5530
5560
5528
5529
5528
5530
5561
5564
5535
5536
5537
5536
5537
5567
5535
5536
5535
5537
5569
5572
5542
5543
5544
5559
5566
5573
5543
5544
5560
5581
5542
5543
5567
5542
5544
5574
5582
5571
5578
5564
5572
5565
5579
5586
5549
5550
5551
5566
5573
5549
5550
5550
5551
5568
5549
5551
5575
5577
5570
5571
5578
5556
5557
5558
5559
5566
5556
5557
5556
5558
5561
5557
5558
5569
5563
5570
5564
5572
5563
5564
5565
5564
5565
5595
5563
5564
5563
5565
5597
5600
5570
5571
5572
5571
5572
5570
5571
5570
5572
5577
5578
5579
5578
5579
5577
5578
5577
5579
5584
5585
5586
5594
5601
5585
5586
5595
5584
5586
5584
5585
5602
5605
5599
5606
5600
5591
5592
5593
5594
5601
5591
5593
5591
5592
5596
5592
5593
5604
5598
5599
5606
5607
5598
5599
5600
5599
5600
5598
5599
5598
5600
5605
5606
5607
5605
5606
5605
5607
5666
5606
5607
5667
5668
5610
5614
5610
5613
5611
5613
5614
5615
5613
5614
5616
5619
5620
5619
5620
5621
5619
5620
5619
5621
5665
5620
5621
5666
5669
5626
5627
5628
5650
5657
5626
5627
5651
5626
5628
5658
5627
5628
5654
5661
5656
5663
5633
5634
5635
5650
5657
5634
5635
5633
5634
5652
5633
5635
5659
5654
5661
5655
5662
5640
5641
5642
5650
5640
5641
5916
5641
5642
5653
5640
5642
5918
5920
5655
5656
5647
5648
5649
5657
5647
5648
5923
5648
5649
5660
5647
5649
5925
5927
5662
5663
5654
5655
5656
5654
5656
5654
5655
5655
5656
5661
5662
5663
5661
5663
5665
5661
5662
5662
5663
5667
5670
5668
5669
5670
5669
5670
5668
5669
5668
5670
5675
5676
5677
5676
5677
5930
5675
5676
5931
5675
5677
5932
5680
5684
5680
5683
5685
5748
5681
5687
5683
5684
5688
5683
5684
5751
5690
5752
5687
5690
5755
5687
5691
5688
5690
5691
5690
5691
5758
5759
5696
5697
5698
5696
5697
5696
5698
5697
5698
5701
5705
5701
5704
5702
5704
5705
5706
5704
5705
5707
5711
5712
5710
5711
5712
5711
5712
5710
5711
5710
5712
5717
5718
5719
5720
5718
5719
5717
5718
5721
5717
5719
5724
5725
5724
5725
5726
5724
5725
5725
5726
5724
5726
5731
5732
5733
5731
5733
5731
5732
5732
5733
5736
5739
5736
5740
5737
5739
5740
5741
5739
5740
5742
5746
5747
5745
5746
5747
5746
5747
5745
5746
5745
5747
5750
5752
5755
5750
5754
5945
5952
5753
5757
5946
5752
5754
5954
5753
5759
5754
5760
5947
5950
5957
5757
5759
5757
5761
5938
5760
5939
5759
5761
5760
5761
5940
5943
5764
5766
5769
5764
5768
5767
5771
5766
5768
5783
5767
5773
5785
5768
5774
5786
5789
5771
5773
5771
5775
5798
5774
5773
5775
5776
5799
5774
5778
5775
5779
5782
5803
5778
5782
5804
5778
5781
5784
5779
5785
5781
5782
5786
5781
5782
5808
5788
5809
5785
5789
5785
5788
5786
5788
5789
5788
5789
5793
5795
5888
5794
5795
5895
5793
5794
5902
5796
5891
5905
5796
5898
5906
5796
5892
5899
5893
5900
5907
5800
5801
5800
5803
5801
5803
5804
5802
5802
5806
5803
5807
5809
5806
5809
5806
5810
5807
5809
5810
5809
5810
5813
5817
5881
5813
5816
5833
5814
5816
5817
5816
5817
5836
5885
5837
5886
5820
5823
5825
5820
5824
5847
5821
5823
5824
5823
5824
5829
5850
5831
5852
5827
5831
5827
5830
5833
5828
5834
5830
5831
5835
5830
5831
5837
5834
5838
5834
5837
5835
5837
5838
5837
5838
5842
5843
5842
5845
5843
5845
5853
5844
5844
5855
5845
5856
5859
5848
5851
5848
5852
5854
5849
5855
5851
5852
5856
5851
5852
5858
5855
5859
5855
5858
5856
5858
5859
5858
5859
5863
5864
5909
5863
5865
5916
5864
5865
5923
5866
5912
5919
5866
5913
5926
5866
5920
5927
5914
5921
5928
5870
5873
5870
5871
5917
5918
5922
5871
5873
5872
5872
5873
5877
5878
5877
5880
5878
5880
5881
5879
5879
5883
5880
5884
5886
5883
5886
5883
5887
5884
5886
5887
5886
5887
5891
5892
5891
5894
5892
5894
5893
5893
5894
5898
5899
5898
5901
5899
5901
5900
5900
5901
5905
5906
5905
5908
5906
5908
5907
5907
5908
5912
5913
5912
5915
5913
5915
5914
5914
5915
5919
5920
5919
5922
5920
5922
5921
5921
5922
5926
5927
5926
5929
5927
5929
5928
5928
5929
5932
5936
5932
5935
5933
5935
5936
5935
5936
5939
5942
5944
5939
5943
5940
5946
5942
5943
5947
5942
5943
5949
5946
5949
5946
5950
5947
5949
5950
5949
5950
5953
5955
5953
5957
5956
5955
5957
5956
5957
5961
5962
5961
5963
5962
5963
5964
5964
5964
5969
5970
5971
5969
5970
5970
5971
5969
5971
)


// ************************************************************************* //
