/*--------------------------------*- C++ -*----------------------------------*\
  =========                 |
  \\      /  F ield         | OpenFOAM: The Open Source CFD Toolbox
   \\    /   O peration     | Website:  https://openfoam.org
    \\  /    A nd           | Version:  8
     \\/     M anipulation  |
\*---------------------------------------------------------------------------*/
/*   Windows 32 and 64 bit porting by blueCAPE: http://www.bluecape.com.pt   *\
|  Based on Windows porting (2.0.x v4) by Symscape: http://www.symscape.com   |
\*---------------------------------------------------------------------------*/
FoamFile
{
    version     2.0;
    format      ascii;
    class       labelList;
    location    "constant/air/polyMesh";
    object      cellProcAddressing;
}
// * * * * * * * * * * * * * * * * * * * * * * * * * * * * * * * * * * * * * //


5972
(
14
15
58
59
62
63
65
69
170
171
172
173
174
175
176
178
180
182
349
350
351
353
354
355
369
371
372
375
376
377
378
379
381
392
393
505
509
807
811
812
813
814
815
1145
1149
1154
1156
1158
1159
1160
1161
1162
1163
1164
1165
1189
1194
1195
1196
1198
1200
1201
1202
1203
1204
1205
1206
1207
1208
1209
1210
1211
1212
1213
1214
1215
1216
1217
1218
1222
1226
1228
1230
1231
1232
1233
1234
1235
1236
1237
1465
1466
1467
1468
1469
1470
1471
1472
1475
1476
1477
1478
1612
1613
1614
1615
1616
1617
1618
1633
1634
1635
1636
1637
1638
1639
1852
1855
1857
1858
1859
1865
1866
1867
1868
1869
1870
1873
1875
1876
1886
1887
1888
1889
1890
1891
1892
1893
1894
1895
1896
1897
1898
1899
1900
1901
1902
1903
1904
1905
1906
1907
1908
1910
1911
1912
1913
2361
2362
2363
2364
2365
2366
2367
2368
2369
2370
2371
2372
2373
2374
2379
2380
2381
2382
2383
2384
2385
2386
2387
2388
2389
2419
2420
2421
2422
2423
2424
2425
2426
2429
2431
2432
2433
2434
2435
2436
2437
2438
2439
2440
2441
2442
2443
2444
2445
2446
2447
2448
2449
2450
2451
2452
2453
2454
2456
2457
2459
2460
2461
2462
2465
2467
2468
2469
2470
2471
2472
2473
2474
2475
2477
2479
2481
2484
2486
2488
2494
2500
2503
2504
2507
2508
2510
2511
2512
2513
2514
2515
2516
2517
2518
2519
2520
2521
2522
2523
2859
2867
3304
3308
3312
3313
3314
3315
3316
3317
3926
3927
3928
3931
3932
3933
3936
3938
3941
3942
3944
3945
3946
3947
3948
3949
3950
3951
3952
3953
3954
3955
3956
4000
4001
4003
4006
4010
4011
4012
4013
4014
4015
4016
4017
4018
4019
4020
4021
4022
4023
4024
4025
4026
4027
4028
4029
4030
4031
4032
4033
4034
4035
4036
4037
4038
4039
4040
4041
4042
4043
4044
4045
4046
4047
4048
4049
4050
4051
4052
4053
4054
4055
4056
4057
4058
4059
4060
4062
4068
4077
4080
4083
4085
4087
4088
4089
4090
4091
4092
4093
4094
4095
4096
4097
4098
4099
4100
4101
4102
4103
4104
4105
4106
4107
4745
4747
4750
4751
5083
5084
5085
5086
5087
5088
5089
5090
5091
5092
5093
5094
5095
5096
5097
5098
5099
5100
5790
5791
5792
5793
5794
5795
6348
6349
6350
6358
6359
6360
6368
6369
6370
6372
6373
6374
6375
6376
6377
6378
6379
6380
6381
6382
6383
6424
6425
6426
6428
6429
6430
6432
6433
6434
6435
6436
6437
6439
6440
6441
6442
6443
6444
6445
6446
6447
6448
6449
6450
6451
6452
6453
6454
6455
6456
6457
6458
6459
6460
6461
6462
6463
6464
6465
6466
6467
6468
6469
6474
6475
6476
6480
6481
6482
6486
6487
6488
6489
6490
6491
6492
6493
6494
7034
7035
7036
7037
7038
7039
7457
7458
7459
7460
7461
7462
7463
7464
7465
7466
7467
7468
7469
7470
7471
7472
7473
7474
7475
7476
7477
7478
7479
7480
7481
7482
7483
7499
7500
7501
7502
7503
7504
7505
8477
8478
8479
8486
8487
8488
8503
8504
8505
8534
8535
8536
8708
8709
8710
8711
8712
8713
8714
8715
8716
8717
8718
8719
8720
8721
8835
8836
8837
8838
8839
8840
8841
8842
8843
8844
8845
8846
8847
8848
8849
8850
8851
8852
8853
8854
8858
8859
8860
8861
8862
8863
8864
8865
8866
8867
8868
8869
8870
8871
9013
9014
9015
9017
9018
9019
9021
9022
9023
9025
9026
9027
9277
9278
9279
9281
9282
9283
9285
9286
9287
9288
9289
9290
9291
9292
9293
9294
9321
9322
9323
9324
9325
9326
9327
9328
9329
9330
9331
9332
9333
9334
9444
9445
9446
9488
9489
9490
9491
9492
9493
9494
9495
9537
9538
9539
9540
9541
9542
9543
9544
9545
9546
9547
9548
9549
9550
9585
9586
9587
9588
9589
9590
9591
9592
9607
9608
9609
9610
9611
9649
9650
9651
9675
9676
9677
9678
9679
9680
9681
9699
9700
9701
9702
9703
9722
9723
9724
9725
9726
9727
9728
9729
9730
9731
9732
9733
9734
9735
9765
9766
9767
9809
9810
9811
9812
9813
9814
9815
9816
9858
9859
9860
9861
9862
9863
9864
9865
9866
9867
9868
9869
9870
9871
9906
9907
9908
9909
9910
9911
9912
9913
9928
9929
9930
9931
9932
9970
9971
9972
9996
9997
9998
9999
10000
10001
10002
10020
10021
10022
10023
10024
10043
10044
10045
10046
10047
10048
10049
10050
10051
10052
10053
10054
10055
10056
10086
10087
10088
10144
10145
10146
10147
10148
10149
10150
10151
10160
10162
10164
10165
10167
10169
10171
10173
10207
10208
10209
10210
10211
10212
10213
10214
10215
10216
10217
10218
10219
10220
10255
10256
10257
10258
10259
10260
10261
10262
10291
10292
10293
10294
10295
10296
10297
10319
10320
10321
10322
10323
10324
10325
10357
10358
10359
10360
10361
10362
10363
11053
11054
11055
11056
11057
11058
11059
11186
11187
11188
11189
11190
11191
11192
11538
11540
11541
11542
11558
11561
11563
11564
11584
11585
11586
11587
11588
11589
11590
11594
11597
11601
11604
12108
12109
12110
12111
12112
12113
12114
12146
12147
12148
12149
12150
12151
12152
12153
12154
12158
12159
12167
12168
12172
12173
12174
12175
12178
12180
12181
12183
12185
12187
12188
12190
12193
12194
12195
12197
12200
12201
12221
12223
12224
12228
12229
12230
12231
12234
12236
12576
12577
12578
12579
12580
12581
12582
12597
12598
12599
12600
12601
12602
12603
14059
14060
14061
14062
14063
14064
14065
14080
14081
14082
14083
14084
14085
14086
14087
14088
14089
14090
14091
14092
14093
14094
14095
14096
14097
14098
14099
14100
15151
15152
15153
15154
15155
15156
15157
15158
15159
15160
15161
15162
15252
15277
15278
15279
15283
15284
15285
15286
15287
15288
15289
15290
15291
15292
15307
15308
15309
15310
15311
15312
15313
16044
16045
16046
16047
16048
16049
16050
16051
16052
16053
16054
16055
16056
16057
16058
16059
16060
16061
16062
16063
16064
16527
16528
16529
16530
16531
16532
16533
16534
16535
16536
16537
16538
16539
16540
16541
16542
16543
16544
16545
16546
16547
16548
16549
16550
16551
16552
16553
16554
16618
16619
16620
16621
16622
16623
16624
16625
16626
16627
16628
16629
16630
16631
16632
16633
16634
16635
16636
16637
16638
16639
16640
16641
16642
16643
16644
16645
17473
17476
17478
17495
17496
17498
17508
17510
17513
17514
17518
17519
17522
17525
17526
17531
17533
17557
17561
17563
17567
17568
17570
17571
17572
17573
17574
17575
17576
17577
17578
17579
17580
17581
17582
17583
17586
17588
17589
17590
17593
17595
17596
17597
17598
17599
17600
17601
17602
17603
17604
17605
17609
17610
17611
17612
17613
17614
17615
17616
17617
17618
17619
17620
17621
17622
17623
17624
17643
17644
17645
17646
17647
17648
17649
17650
17651
17652
17653
17654
17655
17656
17657
17658
17659
17660
17661
17662
17663
17664
17665
17666
17667
17668
17669
17670
17671
17672
17673
17674
17675
17676
17677
17678
17679
17680
17681
17682
17683
17684
17685
17686
17687
17688
17689
17690
17691
19064
19065
19066
19067
19068
19069
19070
19071
19072
19073
19074
19075
19076
19077
19078
19079
19080
19081
19082
19083
19084
19085
19086
19087
19088
19089
19090
19091
19096
19097
19098
19099
19100
19101
19102
19103
19104
19105
19106
19107
19108
19109
19110
19111
19112
19113
19114
19115
19116
19117
19118
19119
19120
19121
19122
19123
19124
19125
19126
19127
19128
19129
19177
19178
19179
19180
19181
19182
19183
19184
19185
19186
19187
19188
19189
19190
19198
19199
19200
19201
19202
19203
19204
19205
19206
19207
19208
19209
19210
19211
19212
19213
19214
19215
19216
19217
19218
19219
19220
19221
19222
19223
19224
19225
19226
19227
19228
19229
19230
19231
19232
19233
19234
19235
19236
19237
19238
19239
19240
19241
19242
19243
19244
19245
19246
19247
19248
19249
19250
19251
19252
19253
19254
19255
19256
19257
19258
19259
19260
19261
19262
19263
19264
19265
19266
19267
19268
19269
19270
19271
19272
19273
19274
19275
19276
19277
19278
19279
19280
19281
19282
19283
19284
19285
19286
19287
19288
19289
19290
19291
19292
19293
19294
19295
19297
19298
19299
19302
19303
19305
19306
19309
19310
19311
19312
19313
19314
19315
19316
19317
19318
19319
19320
19321
19322
19323
19324
19325
19326
19327
19328
19329
19330
19331
19334
19336
19337
19338
19340
19343
19344
19345
19346
19347
19348
19349
19350
19351
19352
19353
19357
19358
19359
19360
19361
19362
19363
19364
19365
19366
19367
19368
19369
19370
19371
19372
19373
19374
19375
19376
19377
19378
19379
19380
19381
19382
19383
19384
19385
19386
19387
19388
19389
19390
19391
19392
19393
19394
19395
19396
19397
19398
19399
19400
19401
19403
19406
19407
19408
19409
19410
19411
19412
19413
19414
19415
19418
19420
19421
19422
19423
19424
19425
19426
19427
19428
19429
19430
19434
19435
19436
19437
19438
19439
19440
19441
19442
19443
19445
19446
19448
19450
19452
19455
19456
19457
19458
19459
19460
19461
19462
19463
19464
19470
19471
19472
19473
19474
19475
19476
19477
19478
19479
19480
19481
19482
19483
19484
19513
19518
19522
19526
19541
19545
19547
19548
19549
19550
19551
19552
19553
19554
19555
19557
19560
19561
19562
19567
19569
19570
19571
19572
19573
19574
19575
19576
19577
19578
19579
19580
19581
19582
19583
19588
19590
19591
19592
19593
19594
19595
19596
19597
19598
19599
19600
19601
19602
19603
19604
19605
19606
19607
19608
19609
19610
19611
19612
19613
19614
19615
19616
19617
19618
19619
19620
19621
19622
19623
19624
19625
19626
19627
19628
19629
19630
19631
20826
20827
20828
20829
20830
20831
20832
20875
20876
20877
20878
20879
20880
20881
22694
22695
22696
22697
22698
22699
22700
22715
22716
22717
22718
22719
22720
22721
22729
22730
22731
22732
22733
22734
22735
22736
22737
22738
22739
22740
22741
22742
22743
22744
22745
22746
22747
22748
22749
22750
22751
22752
22753
22754
22755
22756
22757
22758
22759
22760
22761
22762
22763
22764
22765
22766
22767
22768
22769
22770
24331
24332
24334
24339
24340
24341
24359
24360
24362
24367
24368
24369
24384
24387
24392
24393
24394
24409
24411
24412
24424
24425
24426
24429
24430
24431
24432
24433
24434
24435
24436
24437
24438
24439
24440
24441
24442
24443
24444
24445
24446
24447
24448
24449
24450
24451
24452
24453
24454
24455
24456
24457
24458
24459
24460
24461
24586
24588
24589
24601
24602
24603
24614
24615
24616
24617
24618
24619
24620
24622
24623
24624
24628
24629
24630
24637
24638
24639
24640
24641
24642
24643
24644
24645
24646
24647
24648
24649
24650
24651
24652
24653
24654
24655
24656
24657
24658
24659
24660
24661
24662
24663
24664
24665
24666
24667
24668
24669
24670
24671
24672
24673
24674
24675
24676
24677
24678
24679
24680
24681
24682
24683
24684
24685
24686
24687
24688
24689
24690
24691
24692
24693
24694
24695
24696
24697
24698
24699
24700
24701
24702
24703
24704
24705
24706
24707
24708
24709
24710
24711
24712
24713
24714
24715
24716
24717
24718
24719
24720
24721
24722
24723
24724
24725
24726
24727
24728
24729
24730
24731
24732
24733
24734
24735
24736
24737
24738
24739
24740
24741
24742
24743
24744
24745
24746
24747
24748
24749
24750
24751
24752
24753
24754
24755
24756
24757
24758
24759
24760
24761
24762
24763
24764
24765
24766
24767
24775
24776
24777
24778
24779
24780
24781
24799
24800
24801
24802
24803
24804
24805
24830
24831
24832
24833
24834
24835
24836
24840
24841
24842
24843
24844
24845
24846
24850
24851
24852
24853
24854
24855
24856
24860
24861
24862
24863
24864
24865
24866
24870
24871
24872
24873
24874
24875
24876
24877
24878
24879
24880
24881
24882
24883
24884
24885
24886
24887
24888
24889
24890
24891
24892
24893
24894
24895
24896
24897
24898
24899
24900
24901
24902
24903
24904
24905
24906
24907
24908
24909
24910
24911
24912
24913
24914
24915
24916
24917
24918
24919
24920
24921
24922
24923
24924
24925
24926
24927
24928
24929
24930
24931
24932
24933
24934
24935
24936
24937
24938
24939
26487
26488
26489
26490
26491
26492
26493
26496
26497
26498
26499
26501
26502
26503
26504
26505
26506
26507
26510
26511
26512
26513
26515
26518
26519
26520
26522
26523
26524
26525
26526
26527
26528
26529
26530
26531
26532
26533
26534
26535
27461
27462
27463
27464
27465
27466
27467
27468
27469
27470
27471
27472
27473
27474
27475
27476
27477
27478
27479
27480
27481
27482
27483
27484
27485
27486
27487
27488
27489
27490
27491
27492
27493
27494
27495
27496
27497
27498
27499
27500
27501
27502
27503
27504
27505
27506
27507
27508
27509
27510
27511
27512
27513
27514
27515
27516
27517
27518
27519
27520
27521
27522
27523
27524
27525
27526
27527
27528
29665
29666
29667
29668
29669
29670
29671
29672
29673
29706
29707
29708
29709
29710
29711
29712
29713
29714
29718
29719
29720
29721
29722
29723
29724
29725
29726
29727
29728
29729
29730
29731
29732
29733
29734
29735
29736
29737
29738
29739
29740
29741
29742
29743
29744
29745
29746
29747
31433
31434
31435
31436
31437
31438
31439
31440
31441
31442
31443
31444
31445
31446
31447
31448
31449
31450
31451
31452
31453
31454
31455
31456
31457
31458
31459
31460
31461
31462
31463
31464
31465
31466
31467
31468
31469
31470
31471
31490
31491
31492
31493
31494
31495
31496
32302
32303
32304
32305
32306
32307
32308
32309
32310
32311
32312
32313
32314
32315
32316
32317
32318
32319
32320
32321
32322
32421
32422
32423
32424
32425
32426
32427
32428
32429
32430
32431
32432
32433
32434
32435
32436
32437
32438
32439
32440
32441
32442
32443
32444
32445
32446
32447
32448
32449
32450
32451
32452
32453
32454
32455
32673
32674
32675
32676
32677
32678
32679
32680
32681
32682
32683
32684
32685
32686
32687
32688
32689
32690
32691
32692
32693
32785
32786
32787
32788
32789
32790
32791
32792
32793
32794
32795
32796
32797
32798
32799
32800
32801
32802
32803
32804
32805
32806
32807
32808
32809
32810
32811
32812
32876
32877
32878
32879
32880
32881
32882
32883
32884
32885
32886
32887
32888
32889
32925
32926
32927
32928
32929
32930
32931
32932
32933
32934
32935
32936
32937
32938
32939
32940
32941
32942
32943
32944
32945
32946
32947
32948
32949
32950
32951
32952
33051
33052
33053
33054
33055
33056
33057
33058
33059
33060
33061
33062
33063
33064
33065
33066
33067
33068
33069
33070
33071
33072
33073
33074
33075
33076
33077
33078
33142
33143
33144
33145
33146
33147
33148
33149
33150
33151
33152
33153
33154
33155
33191
33192
33193
33194
33195
33196
33197
33198
33199
33200
33201
33202
33203
33204
33205
33206
33207
33208
33209
33210
33211
33212
33213
33214
33215
33216
33217
33218
33282
33283
33284
33285
33286
33287
33288
33289
33291
33292
33294
33296
33297
33298
33299
33300
33301
33302
33303
33304
33305
33306
33307
33308
33309
33359
33360
33361
33362
33363
33364
33365
33366
33367
33368
33369
33370
33371
33372
33373
33374
33375
33376
33377
33378
33379
34304
34305
34306
34307
34308
34309
34310
34458
34461
34462
34464
34465
34466
34467
34468
34469
34470
34471
34472
34473
34474
34475
34476
34477
34478
34479
34480
34481
34482
34483
34484
34485
34486
34487
34488
34489
34490
34491
34492
34493
34494
34495
34496
34497
34498
34499
34507
34508
34509
34510
34511
34512
34513
34514
34515
34516
34517
34518
34519
34520
34521
34522
34523
34524
34525
34526
34527
34843
34844
34845
34846
34847
34848
34849
34850
34851
34852
34853
34854
34855
34856
34857
34858
34859
34860
34861
34862
34863
34871
34872
34873
34874
34875
34876
34877
34887
34888
35704
35705
35706
35707
35708
35709
35710
36087
36088
36089
36090
36091
36092
36093
36094
36095
36096
36097
36098
36099
36100
36101
36102
36103
36104
36105
36106
36107
36108
36109
36110
36111
36112
36113
36114
36129
36130
36131
36132
36133
36134
36135
36139
36140
36141
36142
36143
36144
36145
36146
36147
36148
36149
36150
36151
36152
36153
36154
36155
36156
36157
36158
36159
36491
36493
36494
36495
36496
36497
36498
36500
36501
36502
36503
36504
37387
37388
37389
37390
37391
37392
37393
37394
37395
37396
37397
37398
37399
37400
37401
37404
37406
37407
37408
37409
37413
37414
37415
37416
37417
37418
37419
37420
37421
37422
37423
37424
37425
37426
37427
37428
37429
37430
37431
37432
37433
37434
37435
37436
37437
37438
37439
37440
37441
37442
38066
38067
38068
38069
38070
38071
38072
38073
38074
38075
38076
38077
38078
38079
38080
38081
38082
38083
38084
38085
38086
38087
38088
38089
38090
38091
38092
38093
38094
38095
38096
38097
38098
38099
38100
38101
38102
38103
38104
38105
38106
38107
38132
38133
38134
38135
38136
38137
38138
38139
38140
38141
38142
38143
38144
38145
38146
38147
38148
38149
38150
38151
38152
38153
38154
38155
38156
38157
38158
38159
38160
38161
38162
38163
38164
38165
38166
38167
38168
38169
38170
38171
38172
38173
38174
38175
38176
38177
38178
38179
38180
38181
38182
38183
38184
38185
38186
38187
38188
38189
38190
38191
38192
38193
38194
38195
38196
38197
38198
38199
38200
38201
38202
38203
38204
38205
38206
38207
38208
38209
38210
38211
38212
38213
38214
38215
38216
38217
38218
38219
38220
38221
38222
38237
38238
38239
38240
38241
38242
38243
38265
38266
38267
38268
38269
38270
38271
38293
38294
38295
38296
38297
38298
38299
38300
38301
38302
38303
38304
38305
38306
38307
38308
38309
38310
38311
38312
38313
38314
38315
38316
38317
38318
38319
38320
39705
39709
39710
39711
39712
39713
39714
39715
39716
39717
39718
39719
39720
39721
39722
39723
39724
39725
39726
39727
39728
39729
39730
39731
39732
39733
39734
39735
39736
39786
39788
39790
39792
39793
39794
39795
39796
39797
39798
39799
40439
40442
40444
40445
40446
40447
40451
40452
40453
40454
40455
40456
40457
40458
40459
41282
41283
41284
41285
41286
41287
41288
41289
41290
41291
41292
41293
41294
41295
41296
41297
41298
41299
41300
41301
41302
41303
41304
41305
41306
41307
41308
41309
41951
41952
41953
41954
41955
41956
41957
41958
41959
41960
41961
41962
41963
41964
41965
41966
41967
41968
41969
41970
41971
42025
42026
42027
42028
42029
42030
42031
42032
42033
42037
42038
42039
42040
42041
42042
42043
42044
42045
42046
42047
42048
42049
42050
42051
42052
42053
42054
42055
42056
42057
42058
42059
42060
42061
42062
42063
42064
42065
42066
42067
42068
42069
42070
42071
42072
42073
42074
42075
42076
42077
42078
42079
42080
42081
42082
42083
42084
42085
42086
42087
42088
42089
42090
42091
42092
42093
42094
42095
42096
42097
42098
42099
42100
42101
42102
42103
42104
42105
42106
42107
42108
42109
42110
42111
42112
42113
42114
42115
42116
42117
42118
42140
42141
42142
42143
42144
42145
42146
42147
42148
42149
42150
42151
42152
42153
42160
42161
42162
42163
42164
42165
42166
42167
42168
42169
42170
42171
42172
42173
42180
42181
42182
42183
42184
42185
42186
42187
42188
42189
42190
42191
42192
42193
42194
42195
42196
42197
42198
42199
42200
42201
42202
42203
42204
42205
42206
42207
42208
42209
42210
42211
42212
42663
42664
42665
42666
42667
42668
42669
42670
42671
42672
42673
42674
42675
42676
43035
43036
43037
43038
43039
43040
43041
43042
43043
43044
43045
43046
43212
43213
43214
43215
43216
43217
43218
44101
44102
44103
44104
44105
44106
44107
44108
44110
44112
44114
44115
44116
44117
44118
44119
44120
44121
44122
44123
44124
44125
44126
44127
44128
44129
44130
44131
44132
44133
44134
44135
44136
44139
44141
44142
44206
44207
44208
44209
44210
44211
44212
44213
44216
44217
44219
44220
44223
44225
44226
44227
44228
44229
44230
44231
44232
44233
44234
44235
44239
44240
44241
44242
44243
44244
44245
44246
44247
45046
45047
45048
45049
45050
45051
45052
45053
45054
45055
45056
45057
45058
45059
45081
45082
45083
45084
45085
45086
45087
45088
45089
45090
45091
45092
45093
45094
45095
45096
45097
45098
45099
45100
45101
45102
45106
45110
45111
45112
45115
45116
45118
45119
45121
45123
45124
45125
45126
45127
45128
45129
45130
45131
45132
45133
45134
45135
45136
45138
45139
45141
45142
45144
45148
45151
45153
45154
45156
45158
45159
45160
45161
45162
45163
45164
45165
45166
45167
45168
45169
45170
45171
45179
45180
45181
45182
45183
45184
45185
45200
45201
45202
45203
45204
45205
45206
45207
45208
45209
45210
45211
45212
45213
45221
45222
45223
45224
45225
45226
45227
45242
45243
45244
45245
45246
45247
45248
45249
45250
45251
45252
45253
45254
45255
45284
45285
45286
45287
45288
45289
45290
45291
45292
45293
45294
45295
45296
45297
45319
45320
45321
45322
45323
45324
45325
45326
45327
45328
45329
45330
45331
45332
54007
54008
54009
54010
54011
54012
54013
54014
54015
54016
54017
54018
54019
54020
54021
54024
54025
54027
54028
54031
54033
54034
54035
54036
54037
54038
54039
54040
54041
54042
54043
54046
54048
54049
54050
54051
54052
54053
54054
54055
54056
54057
54058
54059
54060
54061
54062
54063
54064
54067
54069
54070
54071
54072
54073
54074
54075
54076
54077
54078
54079
54080
54081
54082
54083
54084
54085
54086
54087
54088
54089
54090
54091
54094
54096
54097
54098
54101
54103
54104
54105
54106
54110
54111
54112
54113
54114
54115
54116
54117
54118
54119
54120
54121
54122
54123
54124
54125
54126
54127
54128
54129
54130
54131
54132
54133
54134
54135
54136
54137
54138
54139
54140
54141
54142
54143
54144
54145
54146
56086
56087
56088
56089
56090
56091
56092
56093
56094
56095
56096
56097
56098
56099
56100
56101
56102
56103
56104
56105
56106
56107
56108
56109
56110
56111
56112
56113
56114
56115
56116
56117
56118
56119
56120
56121
56122
56123
56124
56125
56126
56127
56128
56129
56130
56131
56132
56133
56134
56135
56136
56137
56138
56139
56140
56141
56142
56143
56144
56145
56146
56147
56148
56149
56150
56151
56152
56153
56154
56155
56156
56157
56158
56159
56160
56161
56162
56163
56164
56165
56166
56167
56168
56169
56170
56171
56172
56173
56174
56175
56176
56191
56192
56193
56194
56195
56196
56197
56205
56206
56207
56208
56209
56210
56211
56212
56213
56214
56215
56216
56217
56218
56219
56220
56221
56222
56223
56224
56225
56233
56234
56235
56236
56237
56238
56239
56254
56255
56256
56257
56258
56259
56260
56261
56262
56263
56264
56265
56266
56267
56268
56269
56270
56271
56272
56273
56274
56275
56276
56277
56278
56279
56280
56281
56282
56283
56284
56285
56286
56287
56288
56289
56290
56291
56292
56293
56294
56295
56296
56297
56298
56299
56300
56301
56302
56303
56304
56305
56306
56307
56308
56309
56310
56311
56312
56313
56314
56315
56316
56317
56318
56319
56320
56321
56322
56323
56324
56325
56326
56327
56328
56329
56330
56352
56353
56354
56355
56356
56357
56358
56359
56360
56361
56362
56363
56364
56365
56366
56367
56368
56369
56370
56371
56372
56373
56374
56375
56376
56377
56378
56379
56380
56381
56382
56383
56384
56385
56386
56387
56388
56389
56390
56391
56392
56393
56394
56395
56396
56397
56398
56399
56400
56401
56402
56403
56404
56405
56406
56407
56408
56409
56410
56411
56412
56413
56414
56415
56416
56417
56418
56419
56420
56421
56422
56423
56424
56425
56426
56427
56428
56429
56430
56431
56432
56433
56434
56435
56443
56444
56445
56446
56447
56448
56449
56464
56465
56466
56467
56468
56469
56470
56471
56472
56473
56474
56475
56476
56477
56478
56479
56480
56481
56482
56483
56484
56485
56486
56487
56488
56489
56490
56491
56492
56493
56494
56495
56496
56497
56498
56520
56521
56522
56523
56524
56525
56526
56527
56528
56529
56530
56531
56532
56533
56534
56535
56536
56537
56538
56539
56540
56541
56542
56543
56544
56545
56546
56547
56548
56549
56550
56551
56552
56553
56554
56555
56556
56557
56558
56559
56560
56561
56562
56563
56564
56565
56566
56567
56568
56569
56570
56571
56572
56573
56574
56575
56576
56577
56578
56579
56580
56581
56582
56604
56605
56606
56607
56608
56609
56610
56611
56612
56613
56614
56615
56616
56617
56618
56619
56620
56621
56622
56623
56624
56632
56633
56634
56635
56636
56637
56638
56639
56640
56641
56642
56643
56644
56645
56646
56647
56648
56649
56650
56651
56652
56653
56654
56655
56656
56657
56658
56659
56667
56668
56669
56670
56671
56672
56673
56688
56689
56690
56691
56692
56693
56694
56709
56710
56711
56712
56713
56714
56715
59838
59839
59840
59841
59842
59843
59844
59845
59846
59847
59848
59849
59850
59851
59859
59861
59865
59866
59867
59868
59869
59870
59871
59872
59873
59874
59875
59876
59877
59878
59879
59880
59881
59882
59883
59884
59885
59886
59887
59890
59891
59893
59894
59895
59896
59897
59898
59899
59900
59901
59902
59903
59904
59905
59906
59907
59908
59909
59910
59911
59912
59913
59914
59915
59916
59917
59918
59919
59920
59921
59922
59924
59926
59928
59929
59931
59934
59935
59936
59937
59938
59939
59940
59941
59942
59943
59944
59945
59946
59947
59948
59949
59950
59951
59952
59953
59954
59955
59956
59957
59958
59959
59960
59961
59962
59963
59964
59967
59968
59970
59971
59972
59973
59974
59975
59976
59977
59978
59980
59983
59984
59985
59987
59990
59991
59992
59993
59994
59995
59996
59997
59998
59999
60000
60001
60002
60003
60004
60005
60006
60007
60008
60009
60010
60011
60012
60013
60016
60018
60019
60020
60021
60022
60023
60024
60025
60026
60027
60028
60029
60030
60031
60032
60033
60034
60035
60036
60037
60038
60039
60040
60041
60042
60043
60044
60045
60046
60047
60048
60049
60050
60051
60052
60053
60054
60055
60056
60057
60058
60059
60060
60061
62603
62605
62608
62609
62610
62613
62615
62616
62659
62663
63352
63357
63984
63985
64508
73642
73643
73644
73645
73646
73647
73648
73656
73657
73658
73659
73660
73661
73662
73663
73664
73665
73666
73667
73668
73669
73677
73678
73679
73680
73681
73682
73683
73691
73692
73693
73694
73695
73696
73697
73705
73706
73707
73708
73709
73710
73711
73712
73713
73714
73715
73716
73717
73718
73726
73727
73728
73729
73730
73731
73732
73733
73734
73735
73736
73737
73738
73739
73747
73748
73749
73750
73751
73752
73753
73761
73762
73763
73764
73765
73766
73767
73775
73776
73777
73778
73779
73780
73781
73782
73783
73784
73785
73786
73787
73788
73796
73797
73798
73799
73800
73801
73802
73810
73811
73812
73813
73814
73815
73816
96182
96188
96483
96484
96485
96486
96487
96488
96489
96490
96491
96492
96493
96494
96495
96496
96497
96498
96499
96500
96501
96502
96503
98184
98185
98186
98187
98188
98189
98190
98191
98192
98193
98194
98195
98196
98197
98502
98503
98504
98797
98801
98805
98806
98807
98808
98809
98810
98811
98812
98813
98814
98815
98816
98828
98830
98831
98834
98835
98836
98840
98841
98842
98843
98844
98845
98846
98847
98848
98849
98850
98851
98852
98853
98854
98855
98856
98857
98858
98859
98860
98861
98862
98863
98864
98865
98866
98867
98868
98869
98872
98873
98874
98881
98882
98883
98884
98885
98886
98887
98888
98889
99096
99097
99098
99099
99100
99101
99235
99236
99237
99238
99239
99240
99241
99242
99243
99244
99860
99861
99862
99863
99864
99865
99866
99867
99868
99869
99870
99871
99882
99883
99884
99885
99886
99887
99888
99889
99890
99891
99892
99893
99894
99895
99896
99897
99898
99899
99900
99901
99902
99903
99904
99905
99906
99907
99908
99909
99910
99911
99912
99913
99914
99915
99916
99917
99918
99919
99920
99921
99922
99923
99924
99925
99926
99927
99928
99929
99930
99931
99932
99933
99934
99935
99936
99937
99938
99939
99940
99941
99942
99943
99944
99945
99946
99959
99960
99961
99962
99963
99964
99965
99966
99967
99968
99969
99970
99971
99972
99973
99974
99975
99976
99977
99978
99979
99980
99981
99982
100583
100584
100585
100586
100587
100588
100589
100590
100591
100592
100593
100594
100849
100850
100851
100852
100853
100854
101495
101500
101504
101505
101506
101507
101508
101509
101510
101511
101512
101513
101514
101515
101516
101517
101518
101519
101520
101521
101522
101523
101524
101525
101526
101527
101528
101529
101530
101531
101532
101538
101539
101540
101541
101542
101543
101544
101545
101546
101550
101551
101552
101553
101554
101555
101556
101557
101558
101559
101560
101561
101562
101563
101564
101565
101566
101570
101571
101572
101573
101574
101575
101576
101577
101578
101579
101580
101581
101582
101583
101584
101585
101586
101587
101588
101589
101590
101591
101592
101593
101594
101595
101596
101597
101598
101599
101600
101601
101602
101603
101604
101605
101606
101607
101608
101609
101610
101611
101612
101613
101614
101615
101616
101617
101618
101619
101620
101621
101622
101623
101624
101625
101626
101627
101628
101629
101630
101631
101632
101633
101634
101635
101636
101637
101638
101639
101640
101641
101642
101652
101653
101654
101664
101665
101666
101667
101668
101669
101670
101671
101672
101673
101674
101675
101676
101677
101678
101679
101680
101681
102105
102106
102107
102108
102109
102110
102335
102336
102337
102338
102339
102340
102341
102342
102343
102344
102345
102346
102347
102348
102349
102350
102858
102862
102870
102877
103040
103041
103042
103043
103044
103045
103046
103047
103048
103049
103050
103051
103052
103053
103054
103055
103056
103057
103165
103167
103168
103169
103170
103171
103172
103346
103347
103348
103349
103394
103395
103396
103397
103398
103425
103426
103427
103428
103429
103430
103431
103450
103451
103452
103453
103454
103455
103456
103474
103475
103489
103490
103491
103492
103493
103513
103514
103534
103535
103536
103537
103538
103565
103566
103567
103568
103569
103570
103571
103590
103591
103592
103593
103594
103595
103596
103614
103615
103629
103630
103631
103632
103633
103653
103654
103674
103675
103676
103677
103678
103705
103706
103707
103708
103709
103710
103711
103730
103731
103732
103733
103734
104337
104338
104339
104340
104341
104357
104358
104359
104360
104361
104522
104523
104524
104525
104526
104527
104528
104529
104530
104531
104532
104533
104680
104681
104682
104683
104684
104685
104686
104687
104688
104689
105274
105275
105276
105277
105278
105279
105280
105308
105311
105312
105313
105314
105315
105316
105317
105318
105319
105320
105321
105322
105323
105324
105325
105326
105327
105328
105329
105330
105331
105332
105333
105334
105335
105336
105337
105338
105339
105340
105341
105342
105343
105344
105345
105346
105347
105348
105349
105350
105351
105352
105353
105354
105355
105356
105357
105358
105359
105360
105361
105362
105363
105364
105365
105366
105384
105385
105386
105387
105388
105389
105390
105391
105392
105393
105394
105395
105396
105397
105398
105399
105400
105401
105402
105403
105404
105405
105406
105407
105408
105409
105410
105411
105412
106092
106093
106094
106095
106096
106097
106098
106099
106100
106101
106102
106103
106104
106105
106106
106107
106108
106109
106110
106111
106112
106113
106114
106115
106621
106622
106623
106624
106625
106626
106627
106628
106629
106630
106631
106632
106633
106634
106635
106639
106640
106641
106642
106643
106644
106645
106646
106647
106648
106649
106650
106651
106652
106653
106654
106655
106662
106663
106664
106665
106666
106667
106668
106669
106670
106671
106672
106673
106674
106675
106676
106677
106678
106679
106680
106681
106682
106683
106684
106685
106686
106687
106688
106689
106690
106691
106692
106693
106694
106695
106696
106697
106698
106699
106700
106701
106702
106703
106704
106705
106706
106707
106708
106709
106710
106711
106712
106713
106714
106715
106716
106717
106718
106719
106720
107279
107280
107281
107282
107283
107284
107285
107286
107287
107288
107289
107290
107291
107292
107293
107294
107295
107296
107297
107298
107299
107300
107301
107302
107303
107304
107305
107306
107307
107308
107309
107310
107311
107312
107676
108207
108208
108209
108210
108211
108212
108213
108214
108215
108216
108217
108218
108219
108220
108221
108222
108223
108224
108225
108226
108227
108228
108229
108230
108231
108232
108233
108234
108235
108236
108237
108238
108239
108240
108241
108242
108246
108247
108248
108249
108250
108251
108252
108253
108254
108255
108256
108257
108258
108259
108260
108261
108262
108263
108270
108271
108272
108273
108274
108275
108276
108277
108278
108279
108280
108281
108282
108283
108284
108285
108286
108287
108288
108289
108290
108291
108292
108293
108294
108295
108296
108297
108298
108299
108300
108301
108302
108303
108304
108305
108306
108307
108308
108309
108310
108311
108312
108313
108314
108315
108316
108317
108318
108319
108320
108321
108322
108323
108324
108325
108326
108327
108328
108329
108330
108331
108332
108333
108358
108359
108360
108361
108362
108363
108364
108365
108366
108367
108368
108369
108370
108371
108372
108373
108374
108375
108376
108377
108378
108379
108380
108381
108968
108969
108970
108971
108972
108973
108974
108975
108976
108977
108978
108979
108980
108981
108982
108983
108984
108985
108986
108987
108988
108989
108990
108991
110648
110649
110650
110651
110652
110653
110823
110825
110826
110831
110833
110834
110836
110839
110840
110844
110845
110846
110852
110854
111111
111113
111114
111117
111118
111119
111124
111127
111128
111129
111130
111134
111135
111137
111138
111141
111142
111145
111148
111151
111152
111153
111154
111156
111159
111160
111161
111162
111163
111164
111165
111166
112247
112248
112249
112250
112251
112252
112253
112254
112255
112256
112257
112258
112259
112260
112261
112262
112263
112264
112265
112266
112267
112268
112269
112270
112271
112272
112273
112274
112275
112276
112277
112278
112279
112280
112281
112282
112283
112284
112285
112286
112287
112288
112289
112290
112291
112292
112293
112294
112295
112296
112297
112298
112299
112300
112301
112302
112303
112304
112305
112306
112307
112308
112309
112310
112311
112313
112316
112317
112319
112322
112323
112324
112326
112327
112330
112334
112335
112337
112340
112341
112343
112346
112347
112368
112369
112370
112371
112372
112373
112374
112375
112376
112377
112378
112379
112380
112381
112382
112383
112384
112385
112386
112387
112388
112389
112390
112391
112392
112393
112394
112395
112396
112397
112398
112399
112400
112401
112402
112403
112404
112405
112406
112407
112408
112409
112410
112411
112412
112413
112414
112415
112416
112417
112418
112419
112420
112421
112422
112423
112424
112425
112426
112427
112428
112429
112430
112431
112432
112433
112434
112435
112436
112437
112438
112439
112440
112441
112442
112443
112444
112445
112446
112447
112448
112449
112450
112451
112452
112453
112454
112455
112456
113209
113210
113861
113862
113885
113886
113901
113902
113903
113904
113915
113916
113917
113918
113929
113930
113939
113940
113951
113952
113965
113966
113981
113982
113983
113984
113995
113996
113997
113998
114009
114010
114019
114020
114031
114032
114045
114046
114061
114062
114063
114064
114075
114076
114077
114078
114079
114080
114557
114558
114559
114578
114579
114580
114689
114690
114691
114692
114693
114694
114790
114791
114792
114793
114794
114795
115364
115365
115366
115367
115368
115369
115370
115371
115372
115373
115374
115375
115376
115377
115378
115379
115380
115381
115382
115383
115384
115385
115386
115387
115388
115389
115390
115391
115392
115393
115394
115395
115396
115398
115401
115406
115407
115409
115410
115412
115413
115415
115416
115417
115418
115419
115420
115421
115422
115423
115424
115425
115426
115427
115428
115429
115430
115431
116183
116184
116185
116186
116187
116188
116189
116190
116191
116192
116193
116194
116831
116832
116833
116834
116835
116836
116837
116838
116839
116840
116841
116842
116843
116844
116845
116846
116847
116848
116849
116850
116851
116852
116853
116854
116855
116856
116857
116858
116859
116860
116861
116862
116863
116864
116865
116866
116867
116868
116869
116870
116871
116872
116873
116874
116875
116876
116877
116878
116879
116880
116881
116882
117762
117763
117764
117765
117766
117767
117768
117769
117770
117861
117862
117863
117864
117865
117866
117867
117868
117869
117873
117874
117875
117876
117877
117878
117879
117880
117881
117882
117883
117884
117885
117886
117887
117888
117889
117890
117891
117892
117893
117894
117895
117896
117897
117898
117899
117900
117901
117902
117903
117904
117905
117906
117907
117908
117909
117910
117911
117912
117913
117914
117915
117916
117917
117918
117919
117920
117921
117922
117923
117924
117925
117926
117927
117928
117929
117930
117931
117932
117933
117934
117935
117936
117937
117938
117939
117940
117941
117942
117943
117944
117945
117946
117947
117948
117949
117950
117951
117952
117953
117954
117955
117956
117957
117958
117959
117960
117961
117962
117963
117964
117965
117966
117967
117968
117969
117970
117971
117972
117973
117974
117975
117976
118013
118014
118015
118016
118017
118018
118019
118020
118021
118022
118023
118024
118025
118026
118027
118028
118029
118030
118031
118032
118033
118034
118035
118036
118037
118038
118039
118040
118041
118042
118043
118044
118045
118046
118047
118048
118049
118050
118051
118052
118053
118054
118055
118056
118057
118058
118059
118060
118061
118062
118063
118064
118065
118066
118067
118068
118069
118070
118071
118072
118073
118074
118075
118076
118077
118078
118079
118080
118081
118082
118083
118084
118085
118086
118087
118088
118089
118090
118091
118092
118093
118094
118095
118096
118097
118098
118099
118100
118101
118102
118103
118104
118105
118106
118107
118108
118109
118110
118111
118112
118113
118114
118695
118696
118697
118698
118699
118700
118701
118702
118703
118704
118705
118706
118707
118708
118709
118710
118711
118712
118713
118714
118715
118716
118717
118718
118719
118720
118721
118722
118723
118724
118725
118726
118727
118728
118729
118730
118731
118732
118733
118734
118735
118736
118737
118738
118739
118740
118741
118742
119165
119166
119167
119168
119169
119170
119171
119172
119173
119174
119175
119176
119177
119178
119179
119180
119181
119182
120039
120040
120041
120042
120043
120044
120045
120046
120047
120048
120049
120050
120051
120052
120053
120054
120055
120056
120057
120058
120059
120066
120067
120068
120069
120070
120071
120072
120073
120074
120078
120079
120080
120081
120082
120083
120084
120085
120086
120087
120088
120089
120090
120091
120092
120093
120094
120095
120096
120097
120098
120099
120100
120101
120102
120103
120104
120105
120106
120107
120108
120109
120110
120123
120124
120125
120126
120127
120128
120129
120130
120131
120132
120133
120134
120441
120442
120443
120444
120445
120446
120447
120448
120449
120450
120451
120452
)


// ************************************************************************* //
