/*--------------------------------*- C++ -*----------------------------------*\
  =========                 |
  \\      /  F ield         | OpenFOAM: The Open Source CFD Toolbox
   \\    /   O peration     | Website:  https://openfoam.org
    \\  /    A nd           | Version:  8
     \\/     M anipulation  |
\*---------------------------------------------------------------------------*/
/*   Windows 32 and 64 bit porting by blueCAPE: http://www.bluecape.com.pt   *\
|  Based on Windows porting (2.0.x v4) by Symscape: http://www.symscape.com   |
\*---------------------------------------------------------------------------*/
FoamFile
{
    version     2.0;
    format      ascii;
    class       labelList;
    location    "constant/air/polyMesh";
    object      cellProcAddressing;
}
// * * * * * * * * * * * * * * * * * * * * * * * * * * * * * * * * * * * * * //


2290
(
5
33
201
202
212
260
262
276
278
340
341
342
343
344
345
346
355
631
781
782
783
784
785
786
787
788
789
790
791
792
793
794
822
824
826
827
833
980
984
1423
1424
1425
1426
1427
1428
1429
1590
1591
1592
1594
1595
1596
1671
1672
1673
1674
1675
1676
1677
1678
1679
1680
1681
1682
1683
1684
2294
2295
2296
2297
2298
2299
2300
2301
2302
2303
2304
2305
2306
2307
2308
2309
2310
2311
2312
2313
2314
2315
2316
2317
2318
2319
2320
2321
2381
2382
2383
2384
2385
2386
2387
2388
2389
2390
2391
2392
2393
2394
2396
2400
2402
2403
2404
2405
2406
2407
2408
2675
2678
3055
3057
3060
3387
3388
3389
3390
3391
3392
3393
3394
3395
3396
3397
3398
3399
3400
3401
3402
3403
3404
3405
3406
3407
3408
3409
3410
3411
3412
3413
3414
3647
3648
3649
3654
3655
3656
4908
4909
4910
4911
4912
4913
4914
4915
4916
4917
4918
4919
4920
4921
4922
4923
4924
4925
4926
4927
4928
4929
4930
4931
4932
4933
4934
4935
4936
4937
4938
4939
4940
4941
4942
4943
4944
4945
4946
4947
4948
4949
5302
5303
5304
5305
5306
5307
5308
5911
5912
5913
5914
5915
5916
5917
5918
5919
5920
5921
5922
5923
5924
5998
5999
6000
6022
6024
6117
6118
6119
6120
6121
6122
6123
6132
6360
6363
6425
6428
6703
6704
6705
6706
6707
6708
6709
6724
6725
6726
6727
6728
6729
6730
6854
6856
6861
6862
6863
6876
6877
6945
6946
6947
6948
6949
6950
6951
6960
6961
6962
6963
6965
7253
7254
7255
7256
7257
7258
7259
7260
7261
7262
7263
7264
7265
7266
7267
7268
7269
7270
7271
7272
7273
7274
7275
7276
7277
7278
7279
7280
7281
7282
7283
7284
7285
7286
7287
7288
7289
7290
7291
7292
7293
7294
7295
7296
7297
7298
7299
7300
7301
7337
7338
7339
7344
7345
7346
8897
8898
8899
8900
8901
8902
8903
8904
8905
8906
8907
8908
8909
8910
8911
8912
8913
8914
8915
8916
8917
8918
8919
8920
8921
8922
8923
8924
9033
9035
9037
9039
9040
9041
9042
9044
9045
9046
9047
9048
9049
9050
9051
9052
9053
9054
9055
9058
9060
9061
9063
9066
9067
9073
9539
9541
10728
10729
10730
10731
10732
10733
10734
10735
10736
10737
10738
10739
10740
10741
10742
10743
10744
10745
10746
10747
10748
10749
10750
10751
10752
10753
10754
10755
10756
10757
10758
10759
10760
10761
10762
10763
10764
10765
10766
10767
10768
10769
10770
10771
10772
10773
10774
10775
10776
11064
11065
11067
11068
11069
11070
11288
11289
11290
11291
11292
11293
11294
11295
11296
11297
11298
11299
11300
11301
11302
11303
11304
11305
11306
11307
11308
12835
12837
12839
13255
13258
13268
13271
13272
13274
13289
13290
13292
13293
13295
14226
14228
14229
14230
14231
14636
14637
14638
14639
14640
14641
14642
14643
14644
14645
14646
14647
14648
14649
14650
14651
14652
14653
14654
14655
14656
14657
14658
14659
14660
14661
14662
14663
15432
15433
15434
15435
15436
15437
15438
15764
15765
15766
15767
15768
15769
15770
15771
15772
15773
15774
15775
15776
15777
15778
15779
15780
15781
15782
15783
15784
15961
15963
15964
15965
15966
15967
16073
16074
16075
16095
16096
16132
16134
16297
16298
16299
16300
16301
16302
16303
16691
16692
16693
16694
16695
16696
16697
16698
16699
16700
16701
16702
16703
16704
16705
16706
16707
16708
16709
16710
16711
16712
16713
16714
16715
16716
16717
16718
16719
16720
16721
16722
16723
16724
16725
16726
16727
16728
16729
16730
16731
16732
16733
16734
16735
16736
16737
16738
16739
16740
16741
16742
16743
16744
16745
16746
16761
16763
16766
16767
16775
16777
16780
16781
17159
17160
17161
17162
17163
17164
17165
17166
17167
17168
17169
17170
17171
17172
17232
17233
17234
17235
17236
17237
17238
17239
17240
17241
17242
17243
17244
17245
17344
17345
17346
17347
17348
17349
17350
17351
17352
17353
17354
17355
17356
17357
17358
17359
17360
17361
17362
17363
17364
17678
17679
17680
17681
17682
17683
17684
17685
17686
17687
17688
17689
17690
17691
17692
17693
17694
17695
17696
17697
17698
17699
17700
17701
17702
17703
17704
17705
17755
17756
17757
17758
17759
17760
17761
18603
18604
18605
18606
18607
18608
18609
18848
18849
18850
18851
18852
18853
18854
18855
18856
18857
18858
18859
18860
18861
19347
19348
19349
19350
19351
19352
19353
19354
19355
19356
19357
19358
19359
19360
19361
19362
19363
19364
19365
19366
19367
19368
19369
19370
19371
19372
19373
19374
19375
19376
19377
19378
19379
19380
19381
19382
19383
19384
19385
19386
19387
19388
19389
19390
19391
19392
19393
19394
19395
19396
19397
19400
19402
19403
19404
19407
19408
19410
19411
19415
19416
19543
20030
20031
20032
20033
20034
20035
20036
20037
20038
20039
20040
20041
20042
20043
20044
20045
20046
20047
20048
20049
20050
20051
20052
20053
20054
20055
20056
20057
20058
20059
20060
20061
20062
20063
20064
20072
20073
20074
20075
20076
20077
20078
20079
20080
20081
20082
20083
20084
20085
20086
20087
20088
20089
20090
20091
20092
20394
20395
20396
20397
20398
20399
20400
20401
20402
20403
20408
20409
20410
20411
20412
20413
20414
20415
20416
20419
20421
20429
20430
20433
20435
20443
20444
20445
20446
20447
20448
20449
20450
20451
20452
20453
20454
20455
20456
20457
20458
20459
20460
20461
20462
20463
20464
20465
20468
20469
20471
20472
20475
20477
20514
20515
20520
20521
20522
20523
20526
20527
20528
20529
20530
20531
20532
20533
20534
20535
20539
20540
21290
21291
21292
21293
21294
21295
21296
21297
21298
21299
21300
21301
21302
21303
21304
21305
21306
21307
21308
21309
21310
21311
21312
21313
21314
21315
21316
21317
21318
21319
21320
21321
21322
21323
21324
21325
21326
21327
21328
21329
21330
21331
21332
21333
21334
21335
21336
21337
21338
21339
21340
21341
21342
21343
21344
21345
21346
21347
21348
21349
21350
21351
21352
21353
21354
21355
21356
21357
21358
21359
21948
21949
21950
21951
21952
21953
21954
21955
21956
21957
21958
21959
21960
21961
21962
21963
21964
21965
21966
21967
21968
21969
21970
21971
21972
21973
21974
21975
21976
21977
21978
21979
21980
21981
21982
21983
21984
21985
21986
21987
21988
21989
21990
21991
21992
21993
21994
21995
21996
21997
21998
21999
22000
22001
22002
22003
22004
22005
22006
22007
22008
22009
22010
22011
22012
22013
22014
22015
22016
22017
22018
22019
22020
22021
22022
22023
22024
22025
22026
22027
22028
22029
22030
22031
22032
22033
22034
22035
22036
22037
22038
22039
22040
22041
22042
22043
22044
22045
22046
22047
22048
22049
22050
22051
22052
22060
22061
22062
22063
22064
22065
22066
22067
22068
22069
22070
22071
22072
22073
22074
22075
22076
22077
22078
22079
22080
22088
22089
22090
22091
22092
22093
22094
22095
22096
22097
22098
22099
22100
22101
22102
22103
22104
22105
22106
22107
22108
22109
22110
22111
22112
22113
22114
22115
22137
22138
22139
22140
22141
22142
22143
22144
22147
22148
22150
22151
22152
22153
22154
22155
22156
22157
22172
22173
22174
22175
22176
22177
22178
22684
22685
22686
22687
22688
22689
22690
22691
22692
22693
22694
22695
22696
22697
22698
22699
22700
22701
22702
22703
22704
22705
22706
22707
22708
22709
22710
22711
22712
22713
22714
22715
22716
22717
22718
22719
22720
22721
22722
22723
22724
22725
22726
22727
22728
22729
22730
22731
22732
22733
22734
22735
22736
22737
22738
22739
22740
22741
22742
22743
22744
22745
22746
22747
22748
22749
22750
22751
22752
22753
22754
22755
22756
22757
22758
22759
22760
22761
22762
22763
22764
22765
22766
22767
22768
22769
22770
22771
22772
22773
22774
22775
22776
22777
22778
22779
22780
22781
22782
22783
22784
22785
22786
22787
22788
22789
22790
22791
22792
22793
22794
22795
22796
22797
22798
22799
22800
22801
22802
22803
22804
22805
22806
22807
22808
22809
24476
24477
24478
24479
24480
24481
24482
24511
24512
24513
24514
24515
24516
24517
24707
24708
24709
24710
24711
24712
24713
24714
24715
24716
24717
24718
24719
24720
24721
24722
24723
24724
24725
24726
24727
24728
24729
24730
24731
24732
24733
24734
24777
24779
24924
24925
24926
24927
24928
24929
24930
24938
24939
24942
24944
25421
25422
25423
25424
25425
25426
25427
25442
25443
25444
25445
25446
25447
25448
25456
25461
25505
25506
25507
25508
25509
25510
25511
25519
25525
25967
25968
25969
25970
25971
25972
25973
25974
25975
25976
25977
25978
25979
25980
26240
26241
26242
26243
26244
26245
26246
26247
26248
26249
26250
26251
26252
26253
26254
26255
26256
26257
26258
26259
26260
26261
26262
26265
26266
26268
26269
26272
26273
26275
26276
26279
26280
26282
26283
26286
26287
26345
26346
26347
26348
26349
26350
26351
26716
26717
26718
26719
26720
26721
26722
26723
26724
26725
26726
26727
26728
26729
26730
26731
26732
26733
26734
26735
26736
26737
26738
26739
26740
26741
26742
26743
26744
26745
26746
26747
26748
26749
26750
26751
26752
26753
26754
26755
26756
26757
26758
26759
26760
26761
26762
26763
26764
26765
26766
26767
26768
26769
26770
26771
26772
26773
26774
26775
26776
26777
26778
26779
26780
26781
26782
26783
26784
26785
26786
26787
26788
26789
26790
26791
26792
26793
26794
26795
26796
26797
26798
26799
26800
26801
26802
26803
26804
26805
26806
26807
26808
26809
26810
26811
26812
26813
26814
26815
26816
26817
26818
26819
26820
26821
26822
26823
26824
26825
26826
26827
26828
26829
26830
26831
26832
26833
26834
26849
26850
26851
26852
26853
26854
26855
26863
26864
26865
26866
26867
26868
26869
26870
26871
26872
26873
26874
26875
26876
26877
26878
26879
26880
26881
26882
26883
26884
26885
26886
26887
26888
26889
26890
26891
26892
26893
26894
26895
26896
26897
29509
29510
29511
29512
29513
29514
29515
29516
29517
29518
29519
29520
29521
29522
29523
29524
29525
29526
29527
29528
29529
29530
29531
29532
29533
29534
29535
29536
29537
29538
29539
29540
29541
29542
29543
29544
29545
29546
29547
29548
29549
29550
29551
29552
29553
29554
29555
29556
29557
29558
29559
29560
29561
29562
29563
29564
29565
29566
29567
29568
29569
29570
29571
29586
29587
29588
29589
29590
29591
29592
29600
29601
29602
29603
29604
29605
29606
29649
29650
29651
29652
29653
29654
29655
29663
29664
29665
29666
29667
29668
29669
29677
29678
29679
29680
29681
29682
29683
29726
29727
29728
29729
29730
29731
29732
29733
29734
29735
29736
29737
29738
29739
29740
29741
29742
29743
29744
29745
29746
29747
29748
29749
29750
29751
29752
29753
29754
29755
29756
29757
29758
29759
29760
29761
29762
29763
29764
29765
29766
29767
29768
29769
29770
29771
29772
29773
29774
29775
29776
29777
29778
29779
29780
29781
29782
29783
29784
29785
29786
29787
29788
29789
29790
29791
29792
29793
29794
29795
29796
29797
29798
29799
29800
29801
29802
29803
29804
29805
29806
29807
29808
29809
29810
29811
29812
29813
29814
29815
29816
29950
29951
29952
29953
29954
29955
29956
29971
29972
29973
29974
29975
29976
29977
29978
29979
29980
29981
29982
29983
29984
29985
29986
29987
29988
29989
29990
29991
29992
29993
29994
29995
29996
29997
29998
29999
30000
30001
30002
30003
30004
30005
30006
30007
30008
30009
30010
30011
30012
30013
30014
30015
30016
30017
30018
30019
30020
30021
30022
30023
30024
30025
30026
30041
30042
30043
30044
30045
30046
30047
30048
30049
30050
30051
30052
30053
30054
32204
32205
32206
32207
32208
32209
32210
32505
32511
33287
33288
33289
33290
33291
33292
33308
33309
33310
33311
33312
33313
33314
33315
33415
33416
33417
33545
33546
33547
33548
33738
33739
33740
33741
33742
33743
33744
33745
33787
33788
33789
33793
33794
33795
33823
33824
33825
33826
33827
33828
33829
33830
33831
33832
33833
33834
33835
33836
33837
33838
33965
33966
33967
34118
34119
34120
34121
34122
34123
34124
34125
34126
34127
34240
34241
34242
34246
34247
34248
34418
34419
34420
34433
34668
34669
34670
34671
34672
34673
34674
34675
34676
34677
34678
34679
34680
34681
34682
34683
34684
34685
34686
34687
35158
35159
35411
35412
35413
35414
35415
35416
35417
35418
35419
35420
35421
35422
35423
35424
35425
35426
35427
35428
35429
35430
35431
35432
35433
35434
35435
35436
35437
35438
35439
35440
35868
35869
35870
35871
35872
35873
35874
35875
35876
35895
35896
35897
35898
35899
35900
35901
35902
35903
36260
36261
36262
36263
36264
36265
36266
36267
36268
36269
36270
36271
36272
36273
36274
36275
36276
36277
36511
36512
36513
36514
36515
36516
36526
36527
36528
36529
36530
36531
36532
36533
36534
36853
36854
36855
36856
36857
36858
37182
37183
37184
37185
37186
37187
37188
37189
37190
37191
37192
37193
37194
37195
37196
37197
37198
37199
37200
37201
37202
37203
37204
37205
37206
37207
37208
39387
39388
39389
39390
39392
39393
39394
40626
40627
40628
40629
40630
40631
40632
40633
40634
40730
40734
40735
40736
40737
40740
40741
40742
40743
40744
40745
40746
40747
40748
40758
40760
40761
40764
40765
40769
40772
40773
40776
40777
40933
40934
40935
40937
40941
40942
40943
40945
40949
40950
40951
40955
40956
40957
41585
41586
41587
41591
41592
41593
41803
41805
41806
41809
41810
41813
41814
41815
41816
41817
41818
41819
41820
41821
41831
41833
41834
41837
41838
41841
41842
41843
41844
41845
41846
41847
41848
41849
41860
41863
41864
41867
41868
42056
42059
42060
42063
42064
42066
42069
42070
42073
42074
42146
42149
42150
42153
42154
42156
42159
42160
42163
42164
43907
43908
43909
43910
43911
43912
43913
43914
43915
43916
43917
43918
43919
43920
43921
43922
43923
43924
44193
44194
44195
44196
44197
44198
44199
44200
44201
44202
44203
44204
44205
44206
44207
44208
44209
44210
44220
44221
44222
44223
44224
44225
44226
44227
44228
44229
44230
44231
44232
44233
44234
44235
44236
44237
44256
44257
44258
44259
44260
44261
44262
44263
44264
44295
44296
44297
44298
44299
44300
44301
44302
44303
44790
44791
44792
44793
44794
44795
44796
44797
44798
44808
44809
44810
44811
44812
44813
44814
44815
44816
44826
44827
44828
44829
44830
44831
44832
44833
44834
44844
44845
44846
44847
44848
44849
44850
44851
44852
)


// ************************************************************************* //
