/*--------------------------------*- C++ -*----------------------------------*\
  =========                 |
  \\      /  F ield         | OpenFOAM: The Open Source CFD Toolbox
   \\    /   O peration     | Website:  https://openfoam.org
    \\  /    A nd           | Version:  8
     \\/     M anipulation  |
\*---------------------------------------------------------------------------*/
/*   Windows 32 and 64 bit porting by blueCAPE: http://www.bluecape.com.pt   *\
|  Based on Windows porting (2.0.x v4) by Symscape: http://www.symscape.com   |
\*---------------------------------------------------------------------------*/
FoamFile
{
    version     2.0;
    format      ascii;
    class       labelList;
    note        "nPoints: 3547 nCells: 2290 nFaces: 8020 nInternalFaces: 6941";
    location    "constant/air/polyMesh";
    object      neighbour;
}
// * * * * * * * * * * * * * * * * * * * * * * * * * * * * * * * * * * * * * //


6941
(
3
16
112
113
114
115
4
40
678
679
680
681
5
18
228
229
230
231
49
297
300
301
302
2264
2266
2267
2270
58
699
700
701
703
2074
2076
2077
2080
61
63
2089
2091
2093
2094
10
15
648
9
13
17
188
19
26
42
43
20
27
190
191
192
12
197
198
199
14
24
2047
2048
2049
15
2053
2054
2057
27
51
214
216
53
223
969
971
972
975
2047
2048
2050
2154
2157
2159
2160
2257
2258
2261
18
50
116
117
118
119
2264
2265
2266
20
51
117
188
2060
2062
2064
61
121
122
123
124
62
227
229
64
120
122
190
192
193
34
71
125
126
723
724
725
37
75
128
129
49
652
653
654
655
53
649
650
653
2047
2049
2051
656
657
660
62
247
248
251
64
254
255
258
39
133
151
152
31
134
261
262
33
41
135
265
266
267
144
271
272
43
120
145
668
669
670
44
146
275
276
277
78
168
169
170
744
745
746
36
81
131
174
177
179
180
2095
2096
2097
38
83
132
167
169
172
173
674
675
676
765
766
767
84
175
176
177
70
674
675
54
677
679
42
55
184
185
186
187
2074
2075
2076
44
56
183
185
265
266
270
705
706
707
247
284
285
286
287
227
248
282
283
284
287
669
670
673
249
275
277
280
281
282
285
92
96
210
683
684
685
211
689
690
94
212
291
292
99
213
294
295
52
2069
2071
2072
2073
61
2264
2265
2268
64
2060
2061
2062
65
695
696
697
2267
2268
2269
2270
2067
2068
2069
133
698
699
702
247
2074
2075
2078
135
249
705
706
709
136
243
250
318
319
320
60
244
2081
2084
2085
2087
139
245
2082
2083
2084
246
253
317
320
322
323
2077
2078
2079
2080
65
326
327
329
330
2265
2268
2269
2088
2089
2090
65
2273
2274
255
258
259
324
325
326
2061
2062
2066
714
715
67
72
226
331
76
111
738
740
741
79
85
335
336
77
82
86
717
718
719
83
341
342
78
723
724
727
76
207
358
360
739
740
742
1178
1179
1182
1184
80
208
365
1206
1207
1210
1212
1213
1214
1218
1219
77
82
209
731
732
733
84
384
385
388
100
738
739
740
101
396
717
718
720
731
732
735
809
810
813
1326
1327
1330
1332
744
745
748
219
649
752
753
754
220
409
411
1374
1375
1378
1379
650
2095
2096
2099
221
759
760
761
651
765
766
769
422
423
426
219
692
772
773
101
221
776
777
778
102
107
222
432
433
434
839
840
841
108
233
693
2102
2103
2104
109
224
694
2107
2108
2109
105
110
234
437
438
824
825
827
851
852
853
106
134
441
831
834
835
102
107
783
784
785
103
137
449
1486
1487
1491
1492
1493
1494
1498
1499
104
455
1521
1522
1525
1527
105
110
138
790
791
792
107
222
797
798
799
223
298
2113
2114
2115
109
224
299
803
804
805
225
467
468
111
207
471
738
739
743
1577
1578
1581
1582
209
809
810
811
210
476
477
784
785
787
1605
1606
1609
1610
141
815
816
212
818
819
820
142
824
825
826
144
830
831
834
838
839
840
148
304
495
496
497
306
844
845
846
149
850
851
852
226
508
114
115
116
114
115
297
119
300
118
119
118
119
122
305
123
307
124
227
324
668
669
671
123
124
228
123
124
326
230
327
127
344
1122
1123
1124
127
128
170
345
1129
1130
1131
130
346
1136
1137
1138
130
175
384
130
385
386
132
650
651
509
513
1703
1705
1706
1708
144
261
262
263
516
517
520
881
884
886
146
856
857
860
140
147
533
1801
1802
1805
1807
1808
1809
1813
1814
141
538
540
1843
1844
1847
1849
142
149
864
865
866
143
552
553
554
232
243
871
872
873
877
878
234
558
559
824
826
829
865
866
868
245
2120
2121
2122
880
881
884
248
324
887
888
891
249
894
895
898
232
250
577
578
1997
1998
2001
2002
233
325
902
903
904
234
909
910
911
235
252
328
2127
2128
2129
509
589
591
593
594
155
510
589
592
594
595
605
606
608
677
1703
1704
1705
157
511
590
591
592
156
159
517
597
598
599
183
523
604
605
606
163
524
611
612
613
525
618
619
620
191
561
624
625
163
562
628
629
630
165
194
563
635
636
637
165
166
667
166
274
275
279
280
281
568
642
643
644
165
166
274
277
278
280
282
569
670
570
635
637
640
641
643
645
647
672
1969
1970
1971
283
673
171
172
173
174
171
172
172
173
181
401
171
173
175
402
1339
1340
1341
178
182
179
403
178
179
180
178
179
422
178
180
179
180
423
424
182
332
674
1084
1085
1086
676
186
310
604
605
609
677
1063
1064
1065
186
187
678
186
187
285
311
312
681
286
190
193
194
195
667
193
195
194
195
254
625
193
194
255
668
671
256
635
636
638
672
353
357
364
916
917
918
200
202
354
200
201
358
648
2053
201
202
365
2054
355
361
915
916
919
920
363
369
915
917
920
921
1193
1194
1196
1228
1229
1231
2055
356
370
915
918
919
921
440
447
922
923
240
448
925
926
452
928
929
241
443
453
931
932
226
934
936
2187
2190
2191
2192
220
941
945
2194
2196
2197
2200
221
2133
2134
2135
222
684
685
686
955
956
957
689
690
691
2056
2057
2058
2059
2142
2143
2145
2146
2148
2149
2150
2153
2140
2141
2142
225
2147
2148
2151
218
254
484
1620
1623
1624
485
494
963
964
965
217
218
258
495
2061
490
498
962
964
967
968
2063
260
488
500
962
965
966
968
1634
1635
1637
2067
2154
2155
2156
969
970
973
2161
2162
2163
798
799
800
983
984
985
224
2068
2114
2115
2117
2169
2170
2171
2174
804
805
807
984
986
987
988
2070
2107
2108
2112
2156
2158
2159
2160
2168
2169
2172
2175
2176
230
2088
230
231
230
231
2089
2091
663
2180
2181
2182
235
712
903
904
907
991
992
2102
2104
910
911
912
990
991
665
713
2128
2129
2131
2182
2184
2185
2186
242
509
656
658
659
662
1000
1002
1003
1005
516
993
994
997
511
518
1000
1001
1004
512
519
537
1008
1009
1010
538
1015
1016
1017
521
541
1022
1023
1024
515
542
1007
1010
1011
1013
1014
1017
1019
1020
245
246
319
320
322
663
871
873
876
245
246
2083
2084
2087
2120
2121
2125
666
253
1029
1030
1032
1034
2075
2078
2079
252
888
891
893
1028
1030
1033
1034
2088
706
709
710
895
898
899
1028
1029
1031
663
1035
1036
1037
252
253
664
2090
665
1036
1039
1040
1041
2092
2127
2128
2132
666
1037
1038
1040
1041
256
260
561
1914
1917
1918
256
259
887
257
563
889
1927
1931
1932
259
260
564
890
901
1935
1936
1938
259
260
902
892
905
566
906
1949
1950
1952
263
263
272
597
600
268
269
270
603
610
269
270
275
268
270
604
856
268
269
276
611
857
607
614
858
279
616
609
273
624
880
273
628
881
626
631
882
278
279
280
641
279
280
278
279
642
894
278
280
895
645
896
646
283
286
283
287
1028
284
286
287
286
287
1029
1030
291
444
956
1043
1044
1045
294
465
957
1050
1051
1052
293
296
958
1057
1058
1059
293
454
1044
1045
1047
1522
1523
1525
2141
293
689
2142
691
1057
1058
1061
2143
296
467
1051
1052
1054
2147
296
690
2148
691
1057
1059
1062
2149
300
302
299
302
2068
2113
2114
2116
301
306
803
805
806
2070
301
307
302
308
2072
2073
306
307
489
490
2060
2063
2064
2065
306
309
325
495
496
498
693
2061
2063
2065
2066
307
309
326
2062
2064
2065
2066
2265
308
694
844
846
847
308
2266
309
696
2267
330
697
2269
523
698
1063
1064
1067
312
316
706
707
708
710
1029
2075
313
700
1064
1065
1066
1068
2076
316
317
701
1077
1079
1081
1082
2077
318
527
1031
1071
1072
1073
321
528
704
1078
1079
1080
323
1032
1070
1073
1074
1075
2079
321
322
323
2081
321
323
531
1035
1072
1073
1075
1802
1803
1805
321
322
533
2083
322
323
1037
534
1079
1080
1082
1817
1818
1819
2086
2087
1038
327
328
887
891
892
2088
328
330
712
902
904
905
327
330
329
2091
329
713
2092
2127
2129
2130
330
714
2093
715
358
648
2175
341
401
1084
1085
1088
338
391
405
1091
1092
340
343
406
1095
1096
1097
337
339
753
772
1110
1111
1112
337
342
754
340
343
755
1116
1118
1120
396
416
1102
1103
1104
417
429
1109
1110
1111
419
1116
1117
1118
343
674
765
1085
1088
1089
343
769
770
1095
1096
1099
378
1122
1123
1126
384
402
1129
1130
1133
379
386
1136
1137
1140
371
380
387
1144
1145
1146
372
391
405
1151
1152
1153
375
383
392
1158
1159
1160
376
389
407
1165
1166
1167
352
356
385
353
379
386
355
356
380
387
916
918
919
1280
1281
1284
1294
1296
1298
355
356
382
390
371
380
1172
1173
1174
361
934
1192
1194
1196
1197
373
393
935
1179
1180
1181
361
381
394
1185
1188
1190
1191
1320
1321
1322
382
1171
1172
1175
1177
375
383
395
1186
1187
1188
377
937
1193
1194
1195
371
387
1200
1201
1202
370
941
1227
1229
1231
1232
374
410
942
1207
1208
1209
388
411
1214
1215
1216
376
389
412
1221
1222
1223
377
943
1228
1229
1230
390
1199
1202
1203
1205
1213
1216
1217
1219
1235
1236
1237
396
416
2277
2278
2279
397
948
1242
1243
1244
418
949
1249
1250
1251
398
1256
1257
1258
420
1263
1264
1265
951
1270
1271
1272
1276
1277
1136
1140
1141
1276
1278
1279
1280
1283
1284
1280
1281
1282
382
399
1286
1289
1291
1292
1333
1334
1335
1279
1281
1284
1285
400
1287
1288
1289
386
422
1130
1133
1134
1300
1301
1304
1306
386
390
1137
1140
1142
1293
1294
1297
1298
1294
1295
1296
390
426
1215
1216
1217
1300
1303
1305
1306
427
1301
1302
1303
1293
1296
1298
1299
396
1307
1308
398
400
1310
1311
397
470
1314
1315
1316
399
1320
1321
398
400
1323
1324
398
1102
1103
1106
1308
2277
2278
2281
473
1327
1328
1329
1257
1258
1261
1311
1323
1326
1328
1330
1331
1333
1334
1336
1337
403
744
746
747
749
765
1084
1088
1090
1360
1361
1364
1366
422
1339
1340
1343
424
767
1340
1341
1342
1345
1346
1347
1351
1352
415
425
768
1347
1348
1349
416
1354
1355
1356
419
770
1361
1362
1363
420
427
1368
1369
1370
413
414
415
425
1381
1382
1386
1387
1390
1391
1394
2046
413
414
969
2048
418
970
1375
1376
1377
414
426
1214
1215
1218
1381
1384
1385
1387
420
427
1382
1383
1384
421
971
1374
1377
1378
1380
1431
1433
1436
2050
428
2052
751
1389
1390
1391
1396
1397
1398
753
976
1403
1404
1405
977
1410
1411
1412
755
1417
1418
1419
1424
1425
1426
756
979
1431
1432
1433
424
1340
1343
1345
1437
1438
1441
1442
424
428
2096
425
2097
428
1347
1349
1352
1437
1439
1442
1443
2098
428
1437
1440
1441
1443
1438
1439
1440
2101
772
976
1445
1446
1447
432
474
978
1452
1453
1454
436
774
980
1444
1447
1448
1450
1451
1454
1455
1456
436
476
983
1453
1454
1456
435
436
491
984
2108
435
437
478
492
1606
1607
1609
1641
1642
1644
439
493
1649
1650
1651
2111
986
2112
439
481
503
1613
1614
1616
1669
1670
1672
439
504
991
1676
1677
1679
2104
505
1684
1685
1686
2106
442
443
457
923
1537
1538
1539
442
443
458
486
520
1544
1545
1546
462
487
2284
2285
2287
463
521
931
1571
1572
1574
454
477
1459
1460
1461
459
478
492
1466
1467
1468
456
461
479
1473
1474
1475
457
1480
1481
1482
538
1487
1488
1489
455
815
1500
1502
1504
1506
1507
1510
1512
1513
460
539
816
1494
1495
1496
456
461
817
1501
1502
1503
1508
1509
1510
463
541
1515
1516
1517
819
1522
1523
1524
820
1528
1531
1533
1534
821
1529
1530
1531
1536
1537
1538
502
545
1543
1544
1545
481
503
1550
1551
1552
482
547
1557
1558
1559
483
1564
1565
1566
506
2284
2285
2286
548
1571
1572
1573
466
491
796
798
800
802
804
984
466
467
796
799
800
801
985
1050
1052
1055
469
807
987
469
2168
469
2115
2169
2117
2170
473
935
1578
1579
1580
472
508
818
936
475
822
938
1577
1580
1581
1583
1599
1600
1603
948
1585
1586
1587
476
950
1592
1593
1594
480
952
1599
1600
1601
480
955
1593
1594
1597
479
480
819
956
1459
1461
1464
481
1606
1607
1608
483
821
1474
1475
1478
1605
1608
1610
1611
822
959
1599
1601
1604
1613
1614
1615
483
559
816
823
826
828
829
1557
1558
1561
817
1565
1566
1569
1612
1615
1617
1618
561
1619
1620
1623
501
1627
1628
1629
487
502
565
833
834
835
836
1633
1636
1638
1639
1663
1664
1666
1942
1943
1945
506
1626
1628
1631
1632
1690
1691
1694
507
566
1634
1635
1636
490
844
847
837
839
841
843
845
1647
1649
1651
1652
503
1641
1642
1643
505
848
1648
1649
1650
498
499
500
501
964
965
968
1655
1657
1660
498
500
902
498
499
846
2103
499
500
504
903
1677
1678
1680
2104
847
505
848
1683
1685
1688
2106
507
906
1697
1699
1701
1655
1656
1657
583
1662
1663
1664
1669
1670
1671
585
1676
1677
1678
1683
1684
1685
1690
1691
1692
586
1697
1698
1699
2118
2176
515
1710
1712
1713
1715
523
698
1703
1704
1707
525
1710
1711
1714
526
551
1718
1719
1720
515
552
702
1724
1727
1728
1730
528
555
704
1725
1726
1727
556
1717
1720
1721
1723
521
994
997
999
1731
1733
1734
1736
522
524
562
597
598
600
1732
1733
1734
1737
1753
1756
1757
1920
1924
1925
525
1731
1732
1735
526
544
1739
1740
1741
521
522
545
565
1866
1867
1869
1942
1944
1946
548
1022
1023
1026
1738
1740
1742
1744
1886
1887
1890
529
550
567
1738
1741
1743
1744
1788
1789
1791
1900
1901
1903
1956
1958
1959
1745
1746
1749
568
1752
1753
1756
1759
1760
1763
530
1767
1768
1769
531
572
1774
1775
1776
534
1781
1782
1783
536
573
1788
1789
1790
544
551
1795
1796
1797
576
1802
1803
1804
546
577
872
1809
1810
1811
553
873
1815
1818
1819
1821
1822
1825
1827
1828
555
1816
1817
1818
549
557
875
1823
1824
1825
550
580
1830
1831
1832
544
551
1837
1838
1839
542
1016
1017
1020
1487
1489
1492
1850
1852
1854
1855
547
877
1844
1845
1846
542
543
554
878
548
1851
1852
1853
556
1836
1838
1840
1842
549
557
879
1836
1839
1841
1842
1843
1846
1848
1849
1893
1895
1897
1858
1859
1860
583
1865
1866
1867
558
584
1872
1873
1874
559
1879
1880
1881
1886
1887
1888
560
1893
1894
1895
588
1900
1901
1902
1907
1908
1909
555
556
2082
555
557
2083
2121
556
557
2122
1726
1727
1730
1816
1818
1821
1906
1907
1910
1911
2086
1906
1908
1910
1912
1823
1825
1827
1906
1909
1911
1912
2124
560
872
990
1872
1873
1876
560
877
1879
1881
1884
875
879
1894
1895
1898
1913
1914
1917
568
1920
1921
1924
570
1927
1928
1931
571
582
1935
1936
1937
583
1942
1943
1944
586
1949
1950
1951
573
588
1956
1957
1958
1962
1963
1966
574
888
895
896
897
899
1028
1970
1971
1972
1975
889
1969
1970
1973
575
890
1977
1978
1979
576
1031
1984
1985
1986
580
1991
1992
1993
581
893
1033
1976
1979
1981
1982
1983
1986
1987
1989
579
581
582
1978
1979
1982
2004
2005
2009
2010
2013
2014
2016
2126
1035
1998
1999
2000
579
584
1809
1811
1814
2004
2007
2008
2010
2027
2028
2031
2181
579
581
1036
2128
2182
587
2131
2184
588
2005
2006
2007
1039
1997
2000
2001
2003
2132
901
2012
2013
2014
2019
2020
2021
990
2026
2027
2028
587
903
908
911
912
913
991
1676
1678
1681
2032
2035
2036
2038
906
2033
2034
2035
907
992
2011
2013
2016
2017
2025
2027
2029
2031
2040
2041
2042
593
594
595
593
595
618
593
594
1710
594
595
619
1711
1712
622
600
601
602
600
602
628
600
601
612
601
602
613
630
615
632
607
608
609
617
607
609
1745
608
609
607
608
619
1746
621
1747
622
614
615
616
617
614
616
642
1752
614
615
620
1753
615
616
644
621
1754
623
646
621
622
623
622
623
621
622
1759
621
623
1760
1761
626
1913
626
636
1914
639
1915
631
632
633
634
631
632
1920
631
633
637
643
1921
632
633
644
639
1922
640
647
638
639
640
638
640
638
639
1927
639
640
1928
1929
645
646
647
645
646
1962
645
647
1963
646
647
1964
2257
651
654
752
754
757
2067
651
655
2095
2099
2100
652
766
769
771
654
655
654
655
2069
2071
658
662
658
661
993
659
995
661
662
996
1014
661
662
1015
998
1018
1019
665
666
1036
1037
1041
2180
2182
2186
665
666
2271
2272
671
672
673
671
672
887
671
673
672
673
888
889
676
676
681
698
680
681
680
681
699
700
686
687
688
1042
1049
687
688
783
797
686
687
784
1043
686
688
799
1050
1046
1053
786
1048
801
1055
691
691
694
695
773
2067
694
697
712
2102
2103
2105
696
2070
2107
2109
2110
696
2071
697
2072
715
700
704
1064
1067
1068
1703
1707
1708
700
703
701
703
704
2081
703
704
2082
2085
1078
1079
1081
1725
1727
1728
2086
707
711
856
1063
707
710
708
1065
710
711
1066
1070
710
711
860
1071
1074
861
1069
1076
713
715
714
2272
715
2273
720
721
722
1101
1108
720
721
759
1102
720
722
776
721
722
760
777
1109
1106
763
1107
1113
780
1114
725
728
1122
725
729
745
1129
726
1124
1131
728
729
1125
1132
1150
728
729
748
1151
1128
1155
750
1135
1156
734
735
736
1241
1248
2276
735
736
759
2277
734
735
1242
2133
734
736
761
1249
2134
1245
1252
2136
1247
2281
764
1254
2282
741
742
743
1313
741
743
742
743
1314
741
742
1320
1317
1322
1319
746
749
746
750
1339
747
1341
749
750
1342
1353
749
750
1354
1357
1344
1358
755
756
757
768
1389
1391
1393
2046
756
757
2047
2154
755
756
1404
1405
1408
2155
755
757
769
770
1417
1419
1422
1431
1432
1435
2050
2157
771
2051
762
763
764
1395
1402
1409
763
764
1396
762
763
1403
2161
762
764
1410
2162
1406
1413
2164
1399
1407
1400
1414
767
770
767
771
2095
768
2097
770
771
1347
1348
1351
2098
770
771
1361
1362
1366
2100
774
1446
1447
1450
2155
774
2107
2156
2112
2158
779
780
781
1444
1451
780
781
809
779
780
1445
2161
779
781
811
1452
2163
1448
1455
2165
1449
814
1457
786
787
788
1458
1465
786
788
838
786
787
1459
787
788
840
1466
1462
1464
1470
842
1471
793
794
795
1542
1549
1556
794
795
850
864
1543
793
794
825
851
1550
793
795
826
866
1557
828
1554
1561
854
1547
1555
867
1548
1562
800
801
802
801
802
838
800
802
839
800
801
843
806
844
807
845
806
807
2114
2116
2117
812
813
814
1584
1591
813
814
812
813
1585
2133
812
814
1592
2135
1588
1595
2137
1589
1596
817
820
817
877
1494
1495
1498
821
1502
1503
1506
822
2118
2140
821
822
1522
1524
1527
2141
821
1530
1531
1534
2144
827
828
829
1612
827
829
827
828
1613
828
829
1616
1617
832
836
880
1619
832
835
833
1621
835
836
1622
835
836
884
885
1625
841
842
843
1640
842
843
841
843
841
842
1641
1644
1645
847
848
2108
847
848
2109
1648
1649
1652
2111
853
854
855
1661
1668
1675
854
855
909
1662
853
854
1669
853
855
911
1676
1672
1679
1665
1673
913
1667
1681
858
861
1745
858
862
894
1752
859
1747
1754
861
862
1748
1755
1773
861
862
898
1774
1750
1777
900
1758
1779
867
868
869
1864
1871
1878
867
869
909
1865
868
869
910
1872
867
868
1879
1868
1882
1876
1884
914
1870
1877
874
875
876
2119
874
876
2180
874
875
1809
1810
1813
2181
875
876
2121
2183
1824
1825
1828
2124
2125
879
1844
1846
1849
879
2122
2124
882
885
1913
882
886
1920
883
1915
1922
885
886
1916
1923
1941
885
886
1942
1919
1945
1925
1946
889
892
889
893
890
1970
1973
1975
892
893
1977
1979
1981
2126
892
893
2127
2130
2132
896
900
1962
896
899
897
1964
899
900
1965
1983
899
900
1984
1987
1967
1988
905
906
907
2012
2013
2017
2126
905
906
906
907
905
907
2129
2130
2033
2035
2038
2131
912
913
914
2018
2025
913
914
2019
912
914
2026
912
913
2029
2022
2023
2030
919
920
921
919
920
1172
920
921
1174
1201
919
921
1202
1175
1203
924
928
1481
924
931
1482
930
933
1483
927
929
1488
927
932
1016
1489
930
933
1490
930
1508
930
1509
1511
933
1515
933
1024
1516
1518
937
940
2053
2175
948
2187
2188
2189
938
940
2140
2176
939
951
1194
1195
1197
2055
2188
2190
2192
2193
2229
2233
2234
939
952
2144
2189
2191
2192
2193
2236
2240
2241
940
953
2056
2145
2058
2146
2179
947
2054
2201
2203
2204
2206
949
970
2194
2195
2198
951
2055
2201
2202
2205
946
947
953
2056
2150
2204
2205
2206
2207
946
947
973
2151
954
974
2152
2197
2198
2199
2200
2059
2153
2208
2209
2210
977
2215
2216
2219
955
978
2222
2223
2226
2229
2230
2233
959
2236
2237
2240
954
960
2232
2233
2234
2235
2239
2240
2241
2242
961
982
2218
2219
2220
2221
2225
2226
2227
2228
959
961
983
2223
2226
2227
958
959
1043
1045
1046
2141
958
961
985
1050
1051
1053
2147
960
1058
1059
1060
2143
2149
960
2144
2237
2240
2242
961
2145
2150
989
2152
966
967
968
966
967
1627
967
968
966
968
1629
1630
971
975
971
974
977
1375
1377
1378
2194
2198
2200
2251
2254
2256
972
979
974
975
981
2171
974
975
2172
982
2173
2174
2155
2243
2244
2245
2250
2251
2254
980
982
983
1452
1454
1455
2163
2165
2166
2167
2222
2226
2228
981
1432
1433
1434
2157
2244
2246
2248
2249
2251
2252
2253
2256
981
986
2158
2245
2247
2248
2249
982
988
2159
989
2253
2254
2255
2256
986
989
986
987
987
989
2168
988
988
2170
989
2171
2173
992
2026
2027
2029
2181
992
2184
995
998
995
999
1001
996
1002
998
999
1003
1021
998
999
1022
1025
1006
1026
1002
1005
1710
1002
1006
1731
1003
1005
1006
1007
1005
1006
1008
1714
1735
1011
1715
1012
1736
1011
1012
1013
1021
1011
1012
1718
1739
1012
1013
1023
1740
1837
1011
1013
1720
1838
1721
1026
1742
1027
1840
1018
1019
1020
1021
1018
1019
1018
1020
1024
1019
1020
1025
1027
1025
1026
1027
1025
1026
1026
1027
1851
1025
1027
1852
1854
1030
1033
1030
1032
1034
1032
1033
1035
1071
1073
1074
1984
1986
1987
1034
1038
1034
1039
1040
1038
1039
1998
2000
2001
1039
1041
1038
1041
1040
1040
1041
1046
1047
1048
1056
1046
1048
1459
1047
1048
1460
1046
1047
1058
1060
1061
1462
1053
1054
1055
1056
1053
1055
1053
1054
1059
1054
1055
1060
1062
1060
1061
1062
1061
1062
1060
1061
1060
1062
1065
1069
1745
1065
1068
1066
1068
1069
1077
1068
1069
1078
1749
1081
1083
1750
1074
1075
1076
1077
1074
1076
1774
1075
1076
1080
1775
1074
1075
1082
1083
1777
1081
1082
1083
1081
1083
1781
1081
1082
1082
1083
1783
1784
1086
1090
1086
1089
1087
1089
1090
1094
1089
1090
1095
1099
1100
1093
1307
1354
1093
1097
1104
1355
1100
1357
1098
1099
1100
1099
1100
1361
1098
1099
1116
1098
1100
1117
1363
1119
1364
1105
1106
1107
1115
1106
1107
1396
1105
1106
1105
1107
1117
1397
1119
1121
1399
1112
1113
1114
1115
1113
1114
1403
1445
1112
1113
1118
1404
1112
1114
1446
1120
1121
1407
1449
1119
1120
1121
1119
1120
1119
1121
1418
1120
1121
1419
1420
1124
1128
1124
1127
1136
1276
1125
1138
1127
1128
1139
1157
1127
1128
1158
1277
1141
1162
1278
1163
1131
1135
1339
1131
1134
1137
1132
1138
1134
1135
1139
1164
1134
1135
1165
1343
1142
1169
1170
1344
1138
1141
1138
1142
1139
1141
1142
1143
1141
1142
1144
1148
1149
1147
1148
1149
1157
1164
1148
1149
1280
1294
1147
1148
1159
1235
1282
1147
1149
1166
1236
1295
1161
1168
1238
1162
1283
1169
1297
1154
1155
1156
1157
1164
1155
1156
1307
1354
1154
1155
1160
1308
2278
1154
1156
1167
1356
2279
1161
1168
2280
1163
1309
1170
1358
1161
1162
1163
1162
1163
1287
1310
1161
1162
1256
1288
1161
1163
1257
1311
1259
1290
1312
1168
1169
1170
1169
1170
1301
1368
1168
1169
1263
1302
1168
1170
1264
1370
1266
1304
1371
1175
1176
1177
1185
1192
1175
1177
1281
1176
1177
1186
1235
1282
1175
1176
1193
1237
1196
1189
1198
1239
1190
1285
1182
1183
1184
1185
1192
1182
1184
1314
2187
1183
1184
1187
1243
1315
1182
1183
1195
1244
2188
1197
2190
1189
1198
1246
1191
1317
1189
1190
1191
1189
1190
1256
1288
1189
1191
1258
1323
1190
1191
1289
1324
1260
1291
1325
1196
1197
1198
1196
1198
1270
1196
1197
1197
1198
1271
1274
1203
1204
1205
1220
1227
1204
1205
1221
1236
1295
1203
1204
1228
1237
1203
1205
1296
1231
1224
1233
1240
1225
1299
1210
1211
1212
1220
1227
1210
1212
1375
2194
1211
1212
1222
1250
1376
1210
1211
1230
1251
2195
1232
2196
1224
1233
1253
1226
1379
1217
1218
1219
1220
1218
1219
1217
1218
1223
1217
1219
1225
1226
1224
1225
1226
1224
1225
1263
1302
1224
1226
1265
1383
1225
1226
1303
1384
1267
1305
1385
1231
1232
1233
1231
1233
1270
1231
1232
2201
1232
1233
1272
2202
2203
1275
1238
1239
1240
1255
1262
1269
1238
1239
1256
1238
1240
1263
1239
1240
1270
1259
1266
1260
1274
1267
1275
1245
1246
1247
1255
1269
1245
1247
1327
2208
1246
1247
1258
1328
1245
1246
1271
2209
1273
2211
1260
1274
1261
1330
1252
1253
1254
1262
1269
1252
1254
1410
2215
1253
1254
1265
1411
1252
1253
1272
2216
1273
2217
1267
1275
1268
1414
1259
1260
1261
2276
1259
1260
1259
1261
2278
1260
1261
2280
2281
1266
1267
1268
2276
1266
1267
1266
1268
1425
2279
1267
1268
1426
2280
1427
2282
1273
1274
1275
1274
1275
1273
1274
2229
1273
1275
2230
2231
1278
1278
1287
1290
1283
1284
1285
1286
1283
1284
1284
1285
1283
1285
1288
1290
1291
1290
1291
1292
1290
1292
1336
1290
1291
1291
1292
1337
1338
1297
1298
1299
1300
1297
1298
1297
1299
1302
1298
1299
1304
1305
1304
1305
1306
1304
1306
1438
1304
1305
1305
1306
1440
1441
1309
1309
1311
1312
1312
1336
1312
1317
1318
1319
1317
1319
1578
1317
1318
1323
1328
1318
1319
1329
1579
1325
1331
1582
1322
1322
1324
1334
1325
1325
1325
1337
1330
1331
1332
1330
1332
1585
1330
1331
1331
1332
1586
1589
1335
1335
1337
1338
1338
1338
1341
1344
1341
1345
1342
1344
1345
1367
1344
1345
1368
1371
1373
1350
1351
1352
1360
1367
1351
1352
1350
1351
1362
1389
1350
1352
1369
1390
1365
1372
1392
1366
1373
1357
1358
1359
1360
1367
1357
1358
1357
1359
1363
1397
1358
1359
1370
1398
1364
1371
1365
1372
1401
1364
1365
1366
1364
1366
1365
1366
1417
1364
1365
1418
1421
1371
1372
1373
1371
1373
1438
1372
1373
1424
1439
1371
1372
1425
1428
1442
1378
1379
1380
1381
1378
1379
1379
1380
1383
1411
1378
1380
1412
1385
1386
1415
1385
1386
1387
1386
1387
1424
1439
1385
1386
1426
1385
1387
1440
1429
1443
1392
1393
1394
1416
1423
1430
1392
1393
1417
1392
1394
1424
1393
1394
1431
1421
1428
1422
1435
1429
1436
1399
1400
1401
1416
1423
1399
1400
2277
1399
1401
1418
1400
1401
1425
2279
1420
1427
2282
1421
1428
1406
1407
1408
1416
1430
1406
1407
2243
1407
1408
1419
1406
1408
1432
2244
1434
2246
1420
1422
1435
1413
1414
1415
1423
1430
1413
1414
2250
1414
1415
1426
1413
1415
1433
2251
1434
2252
1427
1429
1436
1420
1421
1422
1421
1422
1420
1421
1420
1422
1427
1428
1429
1428
1429
1427
1428
1427
1429
1434
1435
1436
1435
1436
1434
1435
1434
1436
1441
1442
1443
1441
1442
1442
1443
1441
1443
1448
1449
1450
1448
1449
2243
1449
1450
1448
1450
2245
2247
1455
1456
1457
1455
1457
1592
1456
1457
1593
1455
1456
1596
1462
1463
1464
1472
1462
1464
1462
1463
1523
1463
1464
1474
1524
1476
1526
1478
1469
1470
1471
1472
1470
1471
1606
1641
1469
1470
1475
1551
1608
1469
1471
1552
1643
1477
1553
1478
1610
1645
1476
1477
1478
1476
1477
1529
1564
1476
1478
1530
1477
1478
1565
1532
1567
1483
1484
1485
1500
1507
1514
1484
1485
1501
1536
1483
1484
1508
1483
1485
1515
1538
1511
1518
1504
1512
1505
1519
1541
1490
1491
1492
1507
1514
1491
1492
1490
1491
1509
1490
1492
1516
1511
1518
1513
1520
1497
1498
1499
1500
1514
1498
1499
1844
1497
1498
1503
1558
1497
1499
1517
1559
1845
1505
1519
1560
1506
1520
1847
1504
1505
1506
1504
1505
1529
1564
1504
1506
1531
1505
1506
1566
1533
1568
1511
1512
1513
1511
1512
1511
1513
1512
1513
1518
1519
1520
1518
1519
1571
1518
1520
1852
1519
1520
1573
1853
1575
1855
1525
1526
1527
1528
1525
1527
1525
1526
1526
1527
1530
1532
1534
1532
1533
1534
1532
1533
1532
1534
1533
1534
1539
1540
1541
1563
1570
2283
1540
1541
1564
1539
1540
2284
1539
1541
1571
1574
2287
1567
2288
1568
1575
1546
1547
1548
1570
2283
1547
1548
1662
1865
1546
1547
1663
2285
1546
1548
1572
1866
1574
2287
1665
2289
1576
1868
1553
1554
1555
1563
2283
1554
1555
1613
1669
1553
1554
1565
1615
1553
1555
1671
2286
1567
2288
1569
1617
1673
2289
1560
1561
1562
1563
1570
1561
1562
1879
1560
1561
1566
1560
1562
1573
1880
1568
1575
1569
1576
1882
1567
1568
1569
1567
1568
1567
1569
1568
1569
1574
1575
1576
1574
1575
1574
1576
1887
1575
1576
1888
1889
1581
1582
1583
1581
1582
2187
1582
1583
1586
1581
1583
1587
2189
2191
1590
1588
1589
1590
1598
1588
1589
2208
1589
1590
1588
1590
1600
2210
1602
2212
1603
1595
1596
1597
1598
1595
1596
2222
1596
1597
1595
1597
1601
2223
1602
2224
1604
1602
1603
1604
1603
1604
1602
1603
2236
1602
1604
2237
2238
1609
1610
1611
1609
1610
1609
1611
1614
1610
1611
1615
1618
1616
1617
1618
1616
1617
1616
1618
1617
1618
1621
1625
1913
1621
1624
1622
1624
1625
1633
1624
1625
1634
1917
1637
1639
1919
1630
1631
1632
1633
1630
1631
1631
1632
1656
1630
1632
1635
1657
1637
1638
1658
1637
1638
1639
1637
1639
1949
1637
1638
1697
1638
1639
1698
1951
1700
1953
1644
1645
1646
1647
1644
1645
1644
1646
1650
1670
1645
1646
1671
1651
1653
1674
1651
1652
1653
1652
1653
1683
1651
1652
1651
1653
1684
1687
1658
1659
1660
1682
1689
1696
1659
1660
1683
1658
1659
1690
1658
1660
1697
1694
1700
1687
1695
1688
1701
1665
1666
1667
1689
1696
1665
1667
2019
1665
1666
1691
1666
1667
1698
2020
1693
1694
1700
1702
2022
1672
1673
1674
1682
1689
1672
1673
1672
1674
1684
1673
1674
1692
1686
1693
1687
1695
1679
1680
1681
1682
1696
1679
1681
1679
1680
1685
1680
1681
1699
1686
1688
1701
1702
1686
1687
1688
1687
1688
1686
1687
1686
1688
1693
1694
1695
1694
1695
1693
1694
2285
1693
1695
2286
2289
1700
1701
1702
1700
1701
1700
1702
2034
1701
1702
2035
2036
1705
1708
1705
1709
1711
1746
1706
1712
1708
1709
1713
1724
1708
1709
1725
1749
1728
1716
1729
1751
1712
1715
1712
1716
1759
1713
1715
1716
1717
1715
1716
1718
1763
1721
1722
1764
1721
1722
1723
1724
1721
1722
1767
1722
1723
1726
1768
1907
1721
1723
1908
1729
1770
1730
1910
1728
1729
1730
1728
1729
1781
1729
1730
1782
1728
1730
1785
1733
1736
1733
1737
1760
1734
1736
1737
1738
1736
1737
1739
1763
1742
1743
1765
1742
1743
1744
1742
1743
1767
1742
1744
1858
1743
1744
1769
1860
1771
1861
1747
1750
1747
1751
1759
1748
1761
1750
1751
1762
1780
1750
1751
1781
1784
1764
1785
1754
1758
1962
1754
1757
1760
1755
1761
1757
1758
1762
1787
1757
1758
1788
1966
1765
1791
1793
1967
1761
1764
1761
1765
1762
1764
1765
1766
1764
1765
1767
1770
1771
1770
1771
1772
1780
1787
1770
1771
1770
1772
1782
1795
1771
1772
1789
1797
1785
1791
1786
1792
1798
1777
1778
1779
1780
1787
1777
1779
1984
1777
1778
1783
1803
1778
1779
1790
1804
1985
1784
1786
1792
1806
1793
1988
1784
1785
1786
1784
1785
1785
1786
1816
1784
1786
1817
1820
1791
1792
1793
1791
1793
1991
1791
1792
1830
1792
1793
1831
1993
1833
1994
1798
1799
1800
1815
1822
1829
1798
1800
1816
1907
1799
1800
1823
1859
1909
1798
1799
1830
1860
1820
1833
1826
1834
1862
1821
1827
1911
1805
1806
1807
1815
1829
1805
1807
1998
1805
1806
1817
1806
1807
1831
1999
1819
1820
1833
1835
2002
1812
1813
1814
1822
1829
1813
1814
1812
1813
1824
1873
1812
1814
1832
1874
1826
1834
1875
1828
1835
1819
1820
1821
1820
1821
1819
1820
1819
1821
1826
1827
1828
1826
1827
1893
1826
1828
1894
1827
1828
1896
1833
1834
1835
1833
1834
1900
1833
1835
2006
1834
1835
1902
2007
1904
2008
1840
1841
1842
1850
1840
1841
1851
1858
1840
1842
1908
1841
1842
1859
1909
1854
1856
1863
1912
1847
1848
1849
1850
1847
1849
1847
1848
1853
1880
1848
1849
1881
1855
1856
1883
1854
1855
1856
1854
1856
1886
1854
1855
1855
1856
1888
1891
1861
1862
1863
1885
1892
1899
1861
1863
1886
1862
1863
1893
1861
1862
1900
1890
1903
1896
1904
1891
1897
1868
1869
1870
1885
1899
1868
1870
2019
1868
1869
1887
1869
1870
1901
2021
1889
1890
1903
1905
2023
1875
1876
1877
1892
1899
1876
1877
2026
1875
1876
1894
1875
1877
1902
2028
1896
1904
1898
1905
2030
1882
1883
1884
1885
1892
1882
1884
1882
1883
1888
1883
1884
1895
1889
1891
1897
1898
1889
1890
1891
1890
1891
1889
1890
1889
1891
1896
1897
1898
1896
1897
1896
1898
1897
1898
1903
1904
1905
1903
1904
1903
1905
2041
1904
1905
2042
2043
1910
1911
1912
1910
1911
1910
1912
1911
1912
1915
1919
1915
1918
1927
1916
1929
1918
1919
1930
1948
1918
1919
1949
1932
1952
1953
1922
1925
1922
1926
1928
1963
1923
1929
1925
1926
1930
1955
1925
1926
1956
1966
1959
1933
1960
1968
1929
1932
1929
1933
1969
1930
1932
1933
1934
1932
1933
1935
1973
1938
1939
1974
1938
1939
1940
1948
1955
1938
1939
1977
1938
1940
1950
2012
1939
1940
1957
1978
2014
1952
1960
1980
1954
1961
2015
1945
1946
1947
1948
1955
1945
1946
1945
1947
1951
2020
1946
1947
1958
2021
1953
1959
1954
1961
2024
1952
1953
1954
1952
1953
1952
1954
2033
1953
1954
2034
2037
1959
1960
1961
1959
1960
1991
1960
1961
1992
2040
1959
1961
2041
1995
2044
1964
1967
1964
1968
1969
1965
1971
1967
1968
1972
1990
1967
1968
1991
1994
1974
1995
1971
1974
1971
1975
1972
1974
1975
1976
1974
1975
1977
1980
1981
1980
1981
1982
1990
1980
1981
1980
1982
1992
1981
1982
1995
1996
1987
1988
1989
1990
1987
1988
1988
1989
1993
1999
1987
1989
2000
1994
1996
2003
1994
1995
1996
1994
1995
1995
1996
2005
1994
1996
2006
2009
2001
2002
2003
2004
2001
2002
2002
2003
2006
2001
2003
2008
2009
2008
2009
2010
2009
2010
2040
2008
2009
2008
2010
2042
2045
2015
2016
2017
2032
2039
2015
2017
2033
2016
2017
2015
2016
2040
2037
2044
2045
2038
2022
2023
2024
2032
2039
2022
2023
2022
2024
2034
2023
2024
2041
2036
2043
2037
2044
2029
2030
2031
2039
2029
2030
2029
2031
2030
2031
2042
2043
2045
2036
2037
2038
2037
2038
2036
2037
2036
2038
2043
2044
2045
2044
2045
2043
2044
2043
2045
2050
2051
2052
2098
2050
2051
2050
2052
2051
2052
2099
2100
2101
2055
2058
2257
2055
2059
2056
2201
2205
2206
2058
2059
2058
2059
2261
2262
2063
2064
2063
2066
2064
2066
2065
2065
2066
2070
2071
2154
2156
2160
2070
2073
2071
2073
2072
2072
2073
2076
2080
2076
2079
2077
2079
2080
2079
2080
2085
2086
2087
2085
2086
2086
2087
2085
2087
2091
2092
2091
2094
2092
2094
2271
2093
2093
2272
2094
2273
2274
2097
2100
2097
2101
2098
2100
2101
2100
2101
2105
2105
2106
2109
2106
2110
2111
2110
2112
2111
2112
2110
2111
2116
2116
2117
2117
2275
2123
2124
2125
2123
2125
2124
2125
2123
2124
2130
2131
2132
2130
2132
2131
2132
2130
2131
2136
2137
2208
2136
2139
2162
2215
2137
2139
2163
2222
2138
2211
2217
2138
2212
2224
2139
2213
2218
2225
2167
2221
2228
2144
2146
2275
2143
2144
2143
2146
2145
2145
2146
2149
2152
2168
2149
2153
2150
2152
2153
2152
2153
2172
2173
2157
2160
2157
2158
2244
2245
2249
2158
2160
2159
2159
2160
2164
2165
2243
2164
2167
2250
2165
2167
2166
2246
2252
2166
2247
2167
2248
2253
2255
2170
2173
2170
2174
2171
2173
2174
2173
2174
2177
2179
2257
2179
2275
2178
2259
2179
2260
2262
2183
2186
2183
2184
2184
2186
2185
2185
2186
2190
2191
2190
2193
2209
2191
2193
2210
2192
2192
2193
2214
2196
2200
2196
2199
2202
2216
2197
2203
2199
2200
2204
2199
2200
2219
2207
2220
2203
2206
2203
2207
2230
2204
2206
2207
2206
2207
2233
2235
2211
2212
2211
2214
2229
2212
2214
2236
2213
2231
2213
2238
2214
2232
2239
2234
2241
2217
2221
2250
2217
2220
2230
2218
2231
2220
2221
2232
2220
2221
2254
2235
2255
2224
2228
2224
2227
2237
2225
2238
2227
2228
2239
2227
2228
2242
2231
2234
2231
2235
2232
2234
2235
2234
2235
2238
2241
2238
2242
2239
2241
2242
2241
2242
2246
2247
2246
2249
2247
2249
2248
2248
2249
2252
2255
2252
2256
2253
2255
2256
2255
2256
2259
2262
2259
2263
2260
2262
2263
2262
2263
2266
2270
2266
2269
2267
2269
2270
2269
2270
2272
2274
2273
2274
2280
2281
2282
2281
2282
2280
2281
2280
2282
2287
2288
2289
2287
2288
2287
2289
2288
2289
)


// ************************************************************************* //
