/*--------------------------------*- C++ -*----------------------------------*\
  =========                 |
  \\      /  F ield         | OpenFOAM: The Open Source CFD Toolbox
   \\    /   O peration     | Website:  https://openfoam.org
    \\  /    A nd           | Version:  8
     \\/     M anipulation  |
\*---------------------------------------------------------------------------*/
/*   Windows 32 and 64 bit porting by blueCAPE: http://www.bluecape.com.pt   *\
|  Based on Windows porting (2.0.x v4) by Symscape: http://www.symscape.com   |
\*---------------------------------------------------------------------------*/
FoamFile
{
    version     2.0;
    format      ascii;
    class       labelList;
    note        "nPoints: 3233 nCells: 2215 nFaces: 7576 nInternalFaces: 6632";
    location    "constant/vegetation/polyMesh";
    object      neighbour;
}
// * * * * * * * * * * * * * * * * * * * * * * * * * * * * * * * * * * * * * //


6632
(
19
20
629
630
631
632
26
27
656
657
658
659
32
34
1223
1224
1225
1226
39
41
1447
1448
1449
1450
6
10
18
98
866
869
870
871
873
877
878
879
1200
1202
1204
1207
1208
1211
9
23
600
601
602
14
24
1200
1201
1202
25
103
104
105
16
28
111
112
113
30
607
608
609
14
31
1207
1208
1209
33
117
118
35
82
1479
1480
1483
1484
17
37
121
122
123
38
1214
1215
1216
40
614
615
616
42
136
137
138
44
143
144
145
24
31
620
621
624
22
26
642
643
644
645
22
32
635
636
637
638
35
633
636
29
36
623
624
625
626
30
600
602
603
639
640
643
38
646
647
650
1201
1202
1203
653
654
657
29
670
671
672
673
29
39
663
664
665
666
42
660
661
664
43
649
650
651
652
607
609
610
667
668
671
38
674
675
678
1208
1209
1210
36
684
685
686
687
1220
1221
1224
36
41
691
692
693
694
681
682
685
43
677
678
679
680
44
688
689
692
695
696
699
1215
1216
1217
43
705
706
707
708
1444
1445
1448
43
712
713
714
715
702
703
706
698
699
700
701
709
710
713
49
53
150
151
716
717
718
1235
1236
1240
1283
1284
1287
1289
56
627
1452
1453
1454
51
58
628
1459
1460
1461
59
1228
1229
1230
95
1235
1236
1237
81
97
633
1466
1467
1468
100
634
1473
1474
1475
83
101
1242
1243
1244
95
716
717
719
1494
68
98
599
600
603
604
639
737
739
741
743
744
746
748
749
1256
1257
1260
69
724
725
726
1495
640
731
732
733
71
99
738
739
740
1498
100
641
745
746
747
752
753
754
1501
67
110
278
279
280
86
96
285
286
1039
1040
1041
1042
1502
87
111
646
759
760
761
68
98
647
1249
1250
1251
71
99
293
294
1053
1054
1055
1056
1505
72
114
648
766
767
768
89
109
115
299
300
301
102
306
307
308
667
1256
1257
1258
773
774
775
1866
105
668
780
781
782
314
315
1067
1068
1069
1070
1869
106
669
787
788
789
108
1263
1264
1265
120
320
321
322
86
96
327
328
1081
1082
1083
1084
1508
81
97
674
794
795
796
88
121
675
801
802
803
83
101
807
808
811
1511
90
124
341
342
343
84
125
676
815
816
817
681
1480
1481
1482
117
682
1269
1272
1273
1275
242
243
807
808
809
1243
1244
1247
1353
1354
1357
1358
119
683
1270
1271
1272
92
135
142
822
823
824
348
1109
1110
1111
1112
1116
1117
1118
1119
1512
136
695
829
830
831
143
696
836
837
838
93
139
355
356
357
94
146
362
363
364
140
147
697
843
844
845
127
131
1277
1278
1279
109
129
849
850
853
133
856
857
859
860
862
1515
866
867
868
1516
620
873
874
875
621
882
883
884
885
889
891
892
893
1249
1250
1253
880
881
882
1519
622
887
888
889
894
895
897
1522
110
307
308
309
375
376
379
107
904
905
906
907
106
107
112
653
106
654
781
782
784
902
903
904
907
114
375
377
378
381
655
787
789
792
116
378
379
380
381
901
902
905
1263
1265
1266
276
908
909
912
279
280
282
385
386
389
114
136
393
394
395
398
660
760
761
763
114
116
661
116
137
275
395
396
397
398
385
387
388
390
662
766
767
770
139
276
299
301
303
392
393
396
388
389
390
391
119
1220
119
123
1221
125
1222
1270
1272
1275
321
322
324
399
400
403
125
143
407
408
409
412
688
802
803
805
126
144
409
410
411
412
125
126
689
146
341
343
345
406
407
410
400
401
402
405
690
815
817
820
402
403
404
405
135
595
915
916
919
1277
1278
1280
130
137
275
926
927
928
929
139
276
849
853
855
923
924
927
141
597
918
919
920
921
142
595
930
931
934
1277
1279
1281
134
144
941
942
943
944
146
856
857
858
938
939
942
148
598
933
934
935
936
613
822
824
825
945
946
949
140
414
415
416
418
702
830
831
834
141
416
417
418
419
140
141
615
703
355
357
358
413
414
417
617
704
843
844
847
946
947
948
951
618
948
949
950
951
613
823
824
826
952
953
956
147
421
422
423
425
709
837
838
841
148
423
424
425
426
147
148
616
710
362
364
365
420
421
424
617
711
843
845
848
953
954
955
958
619
955
956
957
958
153
154
155
156
1458
153
154
164
154
155
165
576
1459
157
577
1284
1285
1286
160
1283
1285
1287
1288
169
1463
161
580
1283
1286
1288
1289
1464
160
161
162
1451
185
1291
1292
1293
160
162
1227
1229
1231
1233
161
162
187
1227
1230
1232
1233
1454
1290
1292
1294
1295
189
1290
1293
1295
1296
1456
1457
167
168
169
170
1472
168
169
1234
1235
1239
1240
167
169
582
1234
1236
1238
1240
1473
171
583
1298
1299
1300
174
584
1297
1299
1301
1303
1477
175
1297
1300
1302
1303
1478
174
175
176
1465
588
1305
1306
1307
174
176
242
590
1241
1243
1245
1247
1468
175
176
243
1241
1244
1246
1247
591
1304
1306
1308
1310
1470
1304
1307
1309
1310
244
1471
182
183
184
599
737
1318
1319
1323
1324
182
183
213
601
723
724
728
729
214
740
1312
1313
1314
1523
186
960
961
962
1526
188
742
1319
1320
1321
1529
216
604
743
1311
1314
1316
1317
190
605
959
962
964
965
189
190
574
730
1325
1326
1330
1331
577
967
968
969
1532
974
975
976
1533
189
190
733
751
754
756
757
579
1326
1327
1328
1536
580
735
966
969
971
972
736
973
976
978
979
196
197
198
291
441
442
446
447
765
206
292
428
429
430
1539
196
197
207
277
279
282
283
385
766
199
386
435
436
437
202
296
442
443
444
1541
203
387
434
437
439
440
770
209
297
427
430
432
433
771
203
204
284
462
463
467
468
758
382
392
449
450
451
256
287
456
457
458
1543
203
204
257
298
301
303
304
393
761
289
463
464
465
1545
394
448
451
453
454
763
258
290
455
458
460
461
764
209
211
219
312
483
484
488
489
786
313
470
471
472
1547
209
211
305
307
309
310
375
787
220
376
477
478
479
317
469
471
473
475
791
223
318
484
485
486
1549
224
377
476
479
480
482
792
216
218
219
312
606
1339
1340
1344
1345
216
218
608
772
773
776
778
315
1333
1334
1335
1551
221
981
982
983
1554
316
611
1332
1334
1336
1338
223
318
1340
1341
1342
1557
225
612
980
983
985
986
224
225
779
994
995
999
1000
901
1347
1348
1349
988
989
990
1872
224
225
782
902
1262
1265
1266
1268
995
996
997
1874
784
903
1346
1349
1350
1352
785
987
990
992
993
231
232
233
333
504
505
509
510
814
334
491
492
493
1560
234
399
498
499
500
231
232
319
322
324
325
400
815
237
338
505
506
507
1561
339
490
493
495
496
819
238
401
497
500
502
503
820
238
239
326
525
526
530
531
800
406
512
513
514
263
329
519
520
521
1563
238
239
264
340
343
345
346
407
802
331
526
527
528
1565
408
511
514
516
517
805
265
332
518
521
523
524
806
244
245
246
1479
334
1354
1355
1356
244
245
336
1481
244
246
1484
339
1353
1355
1357
1359
1485
1353
1356
1358
1359
252
253
254
261
842
1001
1002
1005
1006
255
269
945
1361
1362
1363
262
270
952
1368
1369
1370
252
253
821
824
825
826
843
946
953
259
266
1002
1003
1004
1567
260
847
947
1360
1363
1364
1365
267
848
954
1367
1370
1371
1372
258
260
347
546
547
550
551
828
369
413
533
534
535
349
540
541
542
1569
258
260
354
357
358
359
414
830
351
539
541
543
544
833
353
547
548
549
1571
415
532
535
536
537
834
265
267
347
567
568
571
572
835
372
420
554
555
556
350
561
562
563
1573
265
267
361
364
365
366
421
837
352
560
562
564
565
840
353
568
569
570
1575
422
553
556
557
558
841
273
915
930
1375
1376
1377
369
916
1009
1010
1011
372
931
1015
1016
1577
371
917
1019
1020
1021
274
374
932
1025
1026
1579
922
937
1382
1383
1384
368
1028
1582
1031
1033
1034
1035
908
912
913
1029
1030
1031
281
282
283
427
434
281
283
306
428
282
283
307
281
282
435
431
438
439
310
433
288
290
291
1043
1045
1046
1048
1199
288
290
348
866
1200
288
293
867
1046
1047
1048
1049
1585
349
1036
1037
1040
1588
295
869
1204
296
1043
1044
1047
1591
351
1037
1038
1039
1041
1205
295
297
1057
1059
1060
1062
1248
313
1050
1051
1054
1594
295
881
1060
1061
1062
1063
1597
295
297
314
882
1250
884
1253
1057
1058
1061
1600
317
1051
1052
1053
1055
1254
302
303
304
448
455
302
303
449
908
302
304
356
456
909
303
304
357
452
459
910
453
359
461
309
310
311
469
476
310
311
470
309
310
309
311
477
480
473
474
481
316
317
1071
1074
1075
1076
1255
1064
1065
1068
1603
316
317
739
1257
316
740
1073
1075
1076
1077
1334
1335
1338
1606
743
1260
1064
1066
1067
1069
1261
1071
1072
1073
1609
323
324
325
490
497
323
325
491
323
324
498
324
325
494
501
502
496
330
332
333
1085
1087
1088
1090
1206
330
332
348
866
1207
330
335
868
1088
1089
1090
1091
1390
1391
1392
1612
350
1078
1079
1082
1615
337
870
1211
338
1085
1086
1089
1618
352
1079
1080
1081
1083
1212
337
339
793
1099
1101
1102
1104
1092
1093
1094
1621
589
1389
1390
1391
1622
337
339
590
795
808
809
810
812
592
798
1388
1390
1392
1393
1099
1100
1103
1625
799
1094
1095
1096
1097
344
345
346
511
518
344
345
512
344
346
363
519
345
346
364
515
522
516
366
524
351
352
1120
1123
1124
1125
1213
351
352
1214
1106
1107
1110
1628
1113
1114
1117
1631
1106
1108
1109
1111
1218
1113
1115
1116
1118
1219
1120
1121
1122
1634
358
359
360
532
539
358
360
533
849
359
360
540
850
358
359
536
543
538
545
851
365
366
367
553
560
365
367
554
856
366
367
561
365
366
557
564
559
566
1637
374
1638
923
1127
1128
1129
383
924
1135
1136
1137
925
1141
1142
1145
938
1148
1149
1641
939
1151
1152
940
1154
1155
1643
377
381
385
377
380
477
479
480
901
378
903
380
381
904
380
381
389
906
390
1029
1157
1158
1161
1030
1165
1166
1167
1032
1172
1173
1174
387
390
387
391
392
435
437
439
388
394
390
391
395
390
391
397
394
397
449
451
453
1029
394
398
414
395
397
398
397
398
417
1031
1033
418
401
404
406
498
500
502
401
405
402
408
404
405
409
404
405
411
408
411
512
514
516
408
412
421
409
411
412
411
412
424
425
415
419
533
535
536
923
945
415
418
416
947
418
419
948
418
419
927
929
950
422
426
554
556
557
938
952
422
425
423
954
425
426
955
425
426
942
944
957
431
432
433
441
431
433
470
1646
431
432
443
1050
1647
432
433
471
1051
445
1649
446
1052
473
438
439
440
441
438
439
438
440
444
450
439
440
451
445
447
454
445
446
447
446
447
463
1057
445
446
1058
1650
445
447
464
1652
1653
1059
467
452
453
454
462
452
453
1157
452
454
464
1158
453
454
466
1159
467
459
460
461
462
459
461
540
1654
459
460
465
1036
1655
460
461
541
1037
466
1657
468
1038
543
466
467
468
467
468
1043
466
467
1658
466
468
1044
1659
1661
1045
473
474
475
483
473
474
1662
473
475
1064
474
475
485
1065
1663
487
1665
488
1066
480
481
482
483
480
481
481
482
486
1348
480
482
1349
487
489
1352
487
488
489
488
489
995
1071
487
488
1072
1666
487
489
996
1668
1669
1074
999
494
495
496
504
494
496
1670
494
495
506
1093
1671
495
496
1094
508
1673
509
1095
501
502
503
504
501
502
501
503
507
513
502
503
514
508
510
517
508
509
510
509
510
526
1099
508
509
1100
1674
508
510
527
1676
1677
1101
530
515
516
517
525
515
516
515
517
527
516
517
529
530
522
523
524
525
522
524
561
1678
522
523
528
1078
1679
523
524
562
1079
529
1681
531
1080
564
529
530
531
530
531
1085
529
530
1682
529
531
1086
1683
1685
1087
536
537
538
546
536
538
1127
537
538
548
1128
1362
536
537
1363
550
1365
552
1130
543
544
545
546
543
545
1686
543
544
1106
544
545
549
1107
1687
551
1108
552
1689
550
551
552
550
551
1002
1120
550
552
1003
1690
551
552
1121
1691
1005
1123
1693
557
558
559
567
557
559
1148
558
559
569
1369
1694
557
558
1370
571
1372
573
1695
564
565
566
567
564
566
1696
564
565
1113
565
566
570
1114
1697
572
1115
573
1699
571
572
573
571
572
1002
1120
571
573
1004
1700
572
573
1122
1701
1006
1124
1703
578
580
737
744
1402
1404
1407
1408
581
738
1395
1396
1399
1876
578
580
582
716
718
721
722
745
1178
1179
1180
1879
585
741
749
1398
1399
1400
1401
742
1402
1403
1405
1880
750
1180
1181
1182
1184
880
1409
1410
1411
1938
584
585
859
861
863
865
887
588
1185
1186
1188
1941
586
591
890
1186
1187
1190
1191
586
883
891
1410
1412
1414
1415
593
885
892
1419
1420
1421
1422
594
886
1416
1417
1420
1942
1192
1193
1195
1945
868
1423
1424
1426
1946
591
592
875
895
896
898
900
593
876
1193
1194
1197
1198
593
870
877
1424
1425
1428
1429
871
878
1433
1434
1435
1436
872
1430
1431
1434
1949
613
1486
1487
1488
597
598
614
618
1487
1489
1491
1492
619
1488
1490
1491
1492
603
604
605
730
603
604
607
604
605
608
603
605
731
734
611
736
610
611
612
779
1255
610
611
1256
611
612
610
612
780
783
1259
1260
785
1437
1438
1439
618
619
617
618
1444
617
619
1445
1437
1440
1441
1442
1446
1438
1440
1442
1443
1439
1441
1442
1443
622
626
633
674
873
874
879
622
625
639
647
623
634
641
888
889
893
625
626
635
642
625
626
650
678
644
651
638
679
628
632
640
1452
1453
1455
629
634
641
1460
1461
1462
631
632
635
642
631
632
637
645
634
638
681
1466
1467
1469
635
1474
1475
1476
637
638
637
638
685
687
641
644
667
641
645
731
732
734
642
746
747
748
644
645
644
645
671
672
648
652
660
695
759
760
762
648
651
667
1249
1251
1252
649
662
669
767
768
769
651
652
663
670
651
652
699
672
665
700
655
658
661
655
659
668
656
662
669
658
659
663
670
658
659
666
673
662
665
702
662
666
663
665
666
665
666
706
707
669
672
1256
1258
1259
669
673
780
781
783
670
788
789
790
672
673
672
673
676
679
681
794
796
797
676
680
688
696
801
803
804
677
683
690
816
817
818
679
680
684
691
679
680
699
687
693
701
683
687
1480
1482
1483
683
686
1220
684
1222
1271
1272
1273
686
687
1223
686
687
1225
690
693
709
690
694
1221
691
1222
693
694
1223
693
694
713
714
1226
697
700
702
829
831
832
697
701
709
836
838
839
698
704
711
844
845
846
700
701
705
712
700
701
707
714
704
707
704
708
1444
705
1446
707
708
1447
707
708
1449
711
714
711
715
1445
712
1446
714
715
1447
714
715
1450
718
722
859
718
720
1178
1914
721
1181
720
722
862
1395
1915
721
1183
1397
1917
722
1184
1398
863
1401
727
728
729
959
1311
728
729
773
727
728
774
1312
1919
727
729
960
1922
963
1315
1925
776
1317
965
734
735
736
744
734
736
734
735
747
1453
735
736
1454
748
750
1456
741
742
743
741
742
880
1396
1399
1400
1704
741
743
882
742
743
1313
1314
1316
1707
883
1319
1320
1323
1402
1405
1408
1710
748
749
750
749
750
887
1459
748
749
889
748
750
1461
891
1464
755
756
757
966
973
755
756
967
1228
1928
755
757
974
1929
756
757
1230
970
977
1931
971
1232
979
762
763
764
765
1199
762
764
829
1201
762
763
767
763
764
830
769
1203
770
833
1205
769
770
771
1248
770
771
787
769
770
769
771
788
1251
1252
791
1254
776
777
778
980
1332
776
778
776
777
1333
1905
777
778
981
1908
1336
984
1337
1911
986
783
784
785
786
783
785
783
784
789
784
785
790
792
790
791
792
1255
791
792
790
791
1258
790
792
1259
1261
797
798
799
814
1206
797
798
873
1208
798
799
875
1481
797
799
816
1482
818
1210
877
1211
819
1485
804
805
806
814
1206
804
806
836
1209
805
806
837
804
805
817
818
1210
820
840
1212
809
813
1092
1933
809
812
895
810
1096
812
813
1097
1388
812
813
897
1389
1934
898
1393
1098
1394
1936
818
819
820
819
820
1270
818
819
1271
818
820
1274
825
826
827
1360
1367
825
827
1278
1361
826
827
1279
1368
825
826
1364
1371
1282
1366
1373
832
833
834
842
1213
832
833
1215
833
834
832
834
844
846
1217
1218
847
839
840
841
842
1213
839
840
1216
840
841
839
841
845
846
1217
1219
848
846
847
848
847
848
846
847
846
848
851
855
1127
851
854
909
1973
852
1130
1974
854
855
1132
1134
1975
854
855
912
1135
914
1139
1977
1133
1140
858
1148
1713
858
1151
1150
1153
2086
861
863
1236
861
864
1185
1237
2066
865
1187
1238
863
864
1409
2067
865
1412
865
1189
1413
2069
1190
1414
869
870
869
872
881
1714
870
872
1424
1426
1429
1717
871
884
871
872
885
886
1431
1434
1436
1720
877
879
876
879
888
1467
876
877
1468
878
890
1470
878
879
892
893
883
886
1410
1411
1415
1723
884
886
1726
883
884
885
885
886
1416
1420
1421
1729
890
891
1473
890
893
1474
891
893
892
1477
892
893
896
899
1192
1242
2071
896
898
1243
900
1194
1245
898
899
1423
2072
900
1425
900
1196
1427
2074
1197
1428
903
906
1347
1349
1350
903
907
904
906
907
906
907
910
913
1157
910
914
2025
911
1159
2026
913
914
1160
1164
2027
913
914
1165
1162
1168
1169
2029
917
920
922
1375
1376
1378
1486
917
921
923
945
1009
1011
1012
918
925
1020
1021
1022
920
921
926
920
921
949
1487
1489
929
950
1382
1383
1385
1493
925
929
1127
1129
1133
925
928
1030
1135
1137
1140
926
1142
1145
1147
928
929
928
929
1031
1034
932
935
937
1375
1377
1379
1486
932
936
938
952
1015
1016
1017
933
940
1025
1026
1027
935
936
941
935
936
956
1488
1490
944
957
1382
1384
1386
1493
940
944
1148
1149
1150
940
943
1151
1152
1153
941
1154
1155
1156
943
944
943
944
947
950
1361
1363
1364
947
951
1437
948
950
951
950
951
1438
1440
954
957
1368
1370
1371
954
958
1437
955
957
958
957
958
1439
1441
963
964
965
1318
963
965
2002
963
964
975
1321
2005
964
965
976
1322
2008
978
1324
970
971
972
1325
970
971
1291
2011
970
972
1179
1327
2012
971
972
1180
1293
1329
2014
1296
1182
1330
977
978
979
1325
977
979
2016
977
978
1328
2019
978
979
1329
2022
1331
984
985
986
1339
984
986
1952
984
985
989
1342
1955
985
986
990
1343
1958
992
1345
991
992
993
994
1262
991
993
1264
1883
991
992
997
1884
992
993
998
1267
1886
1000
1268
998
999
1000
1346
999
1000
1340
998
999
1348
1887
998
1000
1342
1888
1351
1890
1352
1345
1005
1006
1007
1360
1367
1005
1006
1005
1007
1362
1898
1006
1007
1369
1900
1365
1372
1366
1373
1901
1012
1013
1014
1018
1276
1897
1012
1013
1278
1361
1013
1014
1128
1362
1899
1012
1014
1021
1129
1022
1280
1282
1366
1902
1024
1131
1903
1017
1279
1368
1732
1017
1026
1149
1734
1027
1281
2088
1022
1023
1024
1374
1891
1023
1024
1141
1892
1022
1023
1376
1022
1024
1142
1378
1380
1894
1143
1895
1027
1028
1377
1737
1027
1154
1739
1379
2094
1384
1742
1032
1033
1157
1161
1162
1032
1034
1165
1167
1168
1033
1034
1035
1172
1173
1175
1035
1035
1038
1042
1044
1744
1038
1041
1106
1039
1045
1041
1042
1046
1041
1042
1110
1747
1111
1049
1750
1045
1048
1057
1045
1049
1753
1046
1048
1049
1048
1049
1061
1756
1062
1759
1052
1056
1058
1762
1052
1055
1064
1053
1059
1055
1056
1060
1055
1056
1068
1765
1069
1063
1768
1059
1062
1059
1063
1771
1060
1062
1063
1062
1063
1774
1777
1066
1069
1066
1070
1072
1780
1067
1074
1069
1070
1076
1069
1070
1783
1077
1786
1074
1075
1340
1074
1077
1789
1075
1077
1341
1792
1076
1076
1344
1077
1795
1080
1084
1086
1798
1080
1083
1113
1081
1087
1083
1084
1088
1083
1084
1117
1801
1118
1091
1804
1087
1090
1099
1087
1091
1807
1088
1090
1091
1090
1091
1103
1810
1104
1813
1096
1098
1354
2061
1095
1098
1100
2062
1095
1096
1355
1097
1101
1097
1357
1098
1102
1105
2064
1101
1104
1101
1105
1816
1102
1104
1105
1388
1104
1105
1391
1819
1392
1394
1822
1108
1111
1108
1112
1121
1825
1109
1123
1111
1112
1125
1111
1112
1828
1126
1831
1115
1118
1115
1119
1122
1834
1116
1124
1118
1119
1125
1118
1119
1837
1126
1840
1123
1124
1123
1126
1843
1124
1126
1846
1125
1125
1126
1849
1130
1133
1130
1131
1991
1131
1133
1142
1132
1992
1132
1143
1993
1133
1144
1995
1147
1138
1139
1140
1144
1979
1139
1140
1165
1138
1139
1166
1982
1138
1140
1145
1146
1985
1169
1988
1147
1143
1146
1961
1143
1147
1144
1964
1146
1147
1967
1146
1147
1970
1150
1852
1150
1154
1854
1156
2117
1153
1153
1155
1857
1156
2119
1156
1860
1156
1863
2122
1159
1162
1159
1163
2031
1160
2032
1162
1163
1171
2033
1162
1163
1172
1175
1176
2035
1168
1169
1170
1171
2037
1168
1169
1169
1170
2040
1168
1170
1173
1175
2043
1177
2046
1175
1176
1177
2049
1175
1176
1175
1177
1176
1177
2052
2055
2058
1181
1183
1284
1997
1182
1183
1403
1998
1181
1182
1286
1184
1289
1184
1404
1184
1406
2000
1407
1187
1189
1298
2076
1187
1191
1193
1299
1190
1301
1189
1191
1195
1417
2077
1190
1418
2079
1191
1419
1198
1422
1194
1196
1305
2081
1194
1198
1306
1197
1308
1196
1198
1430
2082
1197
1432
2084
1198
1433
1435
1203
1204
1205
1248
1204
1205
1214
1203
1205
1215
1203
1204
1249
1252
1253
1218
1210
1211
1212
1211
1212
1214
1210
1211
1210
1212
1216
1219
1217
1218
1219
1218
1219
1217
1218
1217
1219
1222
1225
1222
1226
1223
1225
1226
1225
1226
1231
1232
1233
1290
1231
1232
1291
1231
1233
1232
1233
1294
1296
1238
1239
1240
1297
1239
1240
1238
1240
1238
1239
1298
1301
1302
1245
1246
1247
1304
1245
1246
1305
1245
1247
1246
1247
1308
1309
1252
1253
1254
1252
1253
1253
1254
1257
1252
1254
1258
1261
1259
1260
1261
1259
1260
1260
1261
1259
1261
1266
1267
1268
1346
1266
1267
1347
1267
1268
1266
1268
1350
1351
1273
1274
1275
1479
1274
1275
1273
1274
1482
1273
1275
1483
1485
1280
1281
1282
1374
2090
1280
1281
1375
1280
1282
1281
1282
1378
1379
2092
1287
1288
1289
1287
1289
1287
1288
1292
1288
1289
1293
1295
1294
1295
1296
1294
1296
1294
1295
1295
1296
1301
1302
1303
1301
1302
1301
1303
1306
1302
1303
1307
1310
1308
1309
1310
1308
1309
1308
1310
1309
1310
1315
1316
1317
1318
1315
1317
1333
2143
1315
1316
1320
2146
1316
1317
1334
1322
2149
1323
1336
1322
1323
1324
1323
1324
1326
1322
1323
2152
1322
1324
1328
2155
2158
1331
1329
1330
1331
1330
1331
1402
1329
1330
1403
2161
1329
1331
2164
2167
1404
1336
1337
1338
1339
1336
1337
2099
1336
1338
1337
1338
1341
2102
1343
2105
1344
1343
1344
1345
1344
1345
1343
1344
2108
1343
1345
2111
2114
1350
1351
1352
1350
1351
1351
1352
1350
1352
1357
1358
1359
1357
1358
1357
1359
1358
1359
1364
1365
1366
1364
1366
1365
1366
1364
1365
1371
1372
1373
1371
1373
1372
1373
2091
1371
1372
2093
1378
1379
1380
2096
1378
1379
1378
1380
1383
1379
1380
1384
1387
2097
1385
1386
1387
1385
1386
1385
1387
1386
1387
2098
1392
1393
1394
1393
1394
1423
2170
1392
1393
1424
1392
1394
2173
1425
2176
1397
1401
1409
2125
1397
1400
1405
2128
1398
1406
2131
1400
1401
1407
1400
1401
1410
1408
1412
1404
1408
1404
1406
2134
1407
1406
1408
2137
1407
2140
1408
1412
1413
2179
1412
1415
1413
1415
1416
2182
1414
1414
1418
2185
1415
1419
1421
1418
1421
2188
1418
1422
1430
2191
1419
2194
1421
1422
1421
1422
1434
1435
1425
1427
2197
1425
1429
1428
1427
1429
1431
2200
1428
1432
2203
1429
1433
1436
1432
1435
2206
1432
1436
2209
1433
2212
1435
1436
1435
1436
1440
1441
1440
1443
1487
1441
1443
1488
1442
1442
1443
1492
1446
1449
1446
1450
1447
1449
1450
1449
1450
1455
1456
1457
1458
1455
1457
1455
1456
1461
1456
1457
1462
1464
1462
1463
1464
1463
1464
1473
1462
1463
1475
1462
1464
1478
1469
1470
1471
1472
1469
1471
1480
1469
1470
1474
1470
1471
1481
1476
1477
1484
1476
1477
1478
1477
1478
1476
1477
1476
1478
1483
1484
1485
1483
1484
1484
1485
1483
1485
1489
1490
1493
1489
1492
1490
1492
1491
1491
1492
1515
1914
1915
1916
1496
1866
1919
1922
1497
1867
1920
1923
1868
1921
1924
1499
1519
1704
1707
1869
1500
1520
1705
1708
1870
1521
1706
1709
1871
1928
1929
1930
1503
1512
1516
1585
1747
1750
1504
1513
1517
1586
1748
1751
1514
1518
1587
1749
1752
1506
1519
1597
1765
1768
1869
1507
1520
1598
1766
1769
1870
1521
1599
1767
1770
1871
1509
1512
1516
1612
1801
1804
1510
1513
1517
1613
1802
1805
1514
1518
1614
1803
1806
1522
1933
1934
1935
1513
1828
1831
1837
1840
1514
1829
1832
1838
1841
1830
1833
1839
1842
2066
2067
2068
1517
1714
1717
1518
1715
1718
1716
1719
1520
1723
1726
1521
1724
1727
1725
1728
2071
2072
2073
1524
1551
1707
2143
2146
1525
1552
1708
2144
2147
1553
1709
2145
2148
1527
1533
2002
2005
1528
1534
2003
2006
1535
2004
2007
1530
1536
1710
2152
2155
1531
1537
1711
2153
2156
1538
1712
2154
2157
1879
2011
2012
2013
1534
2016
2019
1535
2017
2020
2018
2021
1537
1880
2161
2164
1538
1881
2162
2165
1882
2163
2166
1540
1547
1594
1595
1646
1647
1548
1596
1646
1648
1542
1545
1600
1601
1650
1652
1546
1602
1651
1652
1544
1569
1588
1589
1654
1655
1570
1590
1654
1656
1546
1591
1592
1658
1659
1593
1658
1660
1548
1603
1604
1662
1663
1605
1662
1664
1550
1609
1610
1666
1668
1874
1611
1667
1668
1875
1552
1606
2099
2102
1553
1607
2100
2103
1608
2101
2104
1555
1872
1952
1955
1556
1872
1953
1956
1873
1954
1957
1558
1609
1874
2108
2111
1559
1610
1874
2109
2112
1611
1875
2110
2113
1621
1670
1671
1672
1562
1565
1625
1626
1674
1676
1566
1627
1675
1676
1564
1573
1615
1616
1678
1679
1574
1617
1678
1680
1566
1618
1619
1682
1683
1620
1682
1684
1568
1571
1575
1898
1900
1572
1576
1898
1900
1570
1628
1629
1686
1687
1630
1686
1688
1572
1634
1635
1690
1691
1636
1690
1692
1574
1631
1632
1696
1697
1633
1696
1698
1576
1634
1635
1700
1701
1636
1700
1702
1578
1641
1732
1734
1735
2091
1642
1733
1736
2091
1580
1582
1643
1737
1739
1581
1583
1644
1737
1740
1584
1645
1738
1741
1583
1638
1742
1584
1639
1742
1640
1743
1586
1597
1714
1756
1759
1587
1598
1715
1757
1760
1599
1716
1758
1761
1589
1628
1744
1747
1590
1629
1745
1748
1630
1746
1749
1592
1600
1753
1756
1593
1601
1754
1757
1602
1755
1758
1595
1603
1762
1765
1596
1604
1763
1766
1605
1764
1767
1598
1726
1774
1777
1599
1727
1775
1778
1728
1776
1779
1601
1771
1774
1602
1772
1775
1773
1776
1604
1780
1783
1605
1781
1784
1782
1785
1607
1707
1792
1795
1869
2102
1608
1708
1793
1796
1870
2103
1709
1794
1797
1871
2104
1610
1789
1792
1611
1790
1793
1791
1794
1613
1622
1717
1810
1813
2173
1614
1623
1718
1811
1814
2174
1624
1719
1812
1815
2175
1616
1631
1798
1801
1617
1632
1799
1802
1633
1800
1803
1619
1625
1807
1810
1620
1626
1808
1811
1627
1809
1812
2061
2062
2063
1623
1946
2170
2173
1624
1947
2171
2174
1948
2172
2175
1626
1816
1819
1627
1817
1820
1818
1821
1629
1825
1828
1630
1826
1829
1827
1830
1632
1834
1837
1633
1835
1838
1836
1839
1635
1843
1846
1636
1844
1847
1845
1848
1695
1713
1639
1643
1640
1644
1645
1642
1694
1852
1854
1855
1694
1853
1856
1644
1860
1863
1645
1861
1864
1862
1865
1649
1662
1648
1649
1650
1762
1763
1649
1651
1764
1653
1651
1653
1771
1772
1653
1773
1653
1658
1657
1686
1656
1657
1659
1744
1745
1657
1660
1746
1661
1661
1660
1661
1753
1754
1661
1755
1665
1664
1665
1666
1780
1781
1665
1667
1782
1669
1667
1669
1789
1790
1669
1791
1669
1887
1673
1672
1673
1674
2062
1673
1675
2063
1677
1675
1677
1816
1817
1677
1818
1677
1682
1681
1696
1680
1681
1683
1798
1799
1681
1684
1800
1685
1685
1684
1685
1807
1808
1685
1809
1689
1688
1689
1691
1825
1826
1689
1692
1827
1693
1693
1898
1692
1693
1843
1844
1693
1845
1695
2091
1852
1853
1699
1698
1699
1701
1834
1835
1699
1702
1836
1703
1703
1900
1702
1703
1846
1847
1703
1848
1705
1710
1723
1876
2128
1706
1711
1724
1877
2129
1712
1725
1878
2130
1708
1710
2146
1709
1711
2147
1712
2148
1711
1880
2137
2152
1712
1881
2138
2153
1882
2139
2154
1852
1853
2086
2087
1715
1720
1726
1716
1721
1727
1722
1728
1718
1720
1946
2200
1719
1721
1947
2201
1722
1948
2202
1721
1729
1949
2209
1722
1730
1950
2210
1731
1951
2211
1724
1729
1938
2182
1725
1730
1939
2183
1731
1940
2184
1727
1729
1728
1730
1731
1730
1942
2188
1731
1943
2189
1944
2190
1733
2088
2092
2093
2089
2092
2093
1735
1739
1854
2088
1736
1740
1855
2088
1741
1856
2089
1738
1742
2094
2097
1743
2095
2097
1740
1860
2094
1741
1861
2094
1862
2095
1743
2098
2098
1745
1750
1753
1746
1751
1754
1752
1755
1748
1750
1828
1749
1751
1829
1752
1830
1751
1759
1752
1760
1761
1754
1759
1755
1760
1761
1757
1759
1774
1758
1760
1775
1761
1776
1760
1761
1763
1768
1771
1764
1769
1772
1770
1773
1766
1768
1783
1767
1769
1784
1770
1785
1769
1777
1770
1778
1779
1772
1777
1773
1778
1779
1775
1777
1776
1778
1779
1778
1779
1781
1786
1789
1782
1787
1790
1788
1791
1784
1786
1869
1785
1787
1870
1788
1871
1787
1795
1869
1788
1796
1870
1797
1871
1790
1795
1791
1796
1797
1793
1795
2108
1794
1796
2109
1797
2110
1796
1797
1799
1804
1807
1800
1805
1808
1806
1809
1802
1804
1837
1803
1805
1838
1806
1839
1805
1813
1806
1814
1815
1808
1813
1809
1814
1815
1811
1813
1819
1812
1814
1820
1815
1821
1814
1815
1817
1822
2062
1818
1823
2062
1824
2063
1820
1822
2173
1821
1823
2174
1824
2175
1823
2064
2176
1824
2064
2177
2065
2178
1826
1831
1843
1827
1832
1844
1833
1845
1829
1831
1830
1832
1833
1832
1849
1833
1850
1851
1835
1840
1846
1836
1841
1847
1842
1848
1838
1840
1839
1841
1842
1841
1849
1842
1850
1851
1844
1849
1845
1850
1851
1847
1849
1848
1850
1851
1850
1851
1853
2117
2118
1855
1860
2117
1856
1861
2117
1862
2118
1858
1863
2119
1859
1864
2120
1865
2121
1861
2122
1862
2123
2124
1864
2122
1865
2123
2124
1867
1905
1908
1868
1906
1909
1907
1910
1870
1871
1873
1883
1884
1883
1885
1875
1887
1888
1887
1889
1877
1938
2125
2128
1878
1939
2126
2129
1940
2127
2130
1997
1998
1999
1881
2134
2137
1882
2135
2138
2136
2139
1886
1885
1886
1888
1955
1956
1886
1889
1957
1890
1890
1889
1890
2111
2112
1890
2113
1894
1895
1896
1897
1893
1894
1895
1961
1962
1894
1896
1963
1896
1903
1964
1965
1904
1966
1902
1903
1904
1901
1902
1903
1904
1991
1901
1904
1993
1994
1906
1911
1919
2099
1907
1912
1920
2100
1913
1921
2101
1909
1911
1952
1910
1912
1953
1913
1954
1912
1958
2105
1913
1959
2106
1960
2107
1917
1918
1997
1916
1917
2067
2125
2126
1918
2068
2127
1918
2000
2131
2132
2001
2133
1920
1925
2143
1921
1926
2144
1927
2145
1923
1925
2002
1924
1926
2003
1927
2004
1926
2008
2149
1927
2009
2150
2010
2151
1931
1932
2011
1930
1931
2016
2017
1932
2018
1932
2014
2022
2023
2015
2024
1936
1937
2061
1935
1936
2072
2170
2171
1937
2073
2172
1937
2064
2176
2177
2065
2178
1939
2179
2182
1940
2180
2183
2181
2184
1945
2076
2077
2078
1943
1949
2188
2191
1944
1950
2189
2192
1951
2190
2193
2081
2082
2083
1947
2197
2200
1948
2198
2201
2199
2202
1950
2206
2209
1951
2207
2210
2208
2211
1953
1958
1954
1959
1960
1956
1958
2111
1957
1959
2112
1960
2113
1959
2114
1960
2115
2116
1962
1964
1970
1963
1965
1971
1966
1972
1965
1967
1993
1966
1968
1993
1969
1994
1968
1970
1979
1995
1969
1971
1980
1995
1972
1981
1996
1971
1985
1972
1986
1987
1974
1977
1978
2025
1975
1976
1992
1976
1977
1979
1980
1995
1978
1981
1996
1978
1988
1989
2029
1990
2030
1980
1985
1988
1981
1986
1989
1987
1990
1983
1985
1988
2040
1984
1986
1989
2041
1987
1990
2042
1986
1987
1989
2043
1990
2044
2045
1992
1993
1994
1995
1996
1994
1995
1996
1996
2000
2001
1999
2000
2012
2134
2135
2001
2013
2136
2001
2140
2141
2142
2003
2008
2004
2009
2010
2006
2008
2019
2155
2007
2009
2020
2156
2010
2021
2157
2009
2158
2010
2159
2160
2014
2015
2013
2014
2161
2162
2015
2163
2015
2167
2168
2169
2017
2022
2018
2023
2024
2020
2022
2164
2021
2023
2165
2024
2166
2023
2167
2024
2168
2169
2026
2029
2030
2027
2028
2032
2028
2029
2033
2037
2038
2030
2034
2039
2030
2043
2044
2045
2032
2035
2036
2033
2034
2034
2035
2049
2050
2036
2051
2036
2055
2056
2057
2038
2043
2046
2049
2039
2044
2047
2050
2045
2048
2051
2041
2043
2046
2042
2044
2047
2045
2048
2044
2045
2047
2058
2048
2059
2060
2050
2055
2058
2051
2056
2059
2057
2060
2053
2055
2058
2054
2056
2059
2057
2060
2056
2057
2059
2060
2064
2065
2063
2064
2065
2065
2069
2070
2076
2068
2069
2179
2180
2070
2181
2070
2079
2185
2186
2080
2187
2074
2075
2081
2073
2074
2197
2198
2075
2199
2075
2084
2203
2204
2085
2205
2079
2080
2078
2079
2082
2191
2192
2080
2083
2193
2080
2194
2195
2196
2084
2085
2083
2084
2206
2207
2085
2208
2085
2212
2213
2214
2087
2117
2119
2120
2118
2121
2089
2090
2094
2090
2095
2092
2096
2093
2093
2095
2096
2096
2097
2098
2100
2105
2143
2101
2106
2144
2107
2145
2103
2105
2108
2104
2106
2109
2107
2110
2106
2114
2107
2115
2116
2109
2114
2110
2115
2116
2112
2114
2113
2115
2116
2115
2116
2118
2122
2123
2124
2120
2122
2121
2123
2124
2123
2124
2126
2131
2179
2127
2132
2180
2133
2181
2129
2131
2137
2130
2132
2138
2133
2139
2132
2140
2133
2141
2142
2135
2140
2161
2136
2141
2162
2142
2163
2138
2140
2139
2141
2142
2141
2142
2144
2149
2145
2150
2151
2147
2149
2152
2148
2150
2153
2151
2154
2150
2158
2151
2159
2160
2153
2158
2154
2159
2160
2156
2158
2164
2157
2159
2165
2160
2166
2159
2160
2162
2167
2163
2168
2169
2165
2167
2166
2168
2169
2168
2169
2171
2176
2197
2172
2177
2198
2178
2199
2174
2176
2175
2177
2178
2177
2178
2180
2185
2181
2186
2187
2183
2185
2188
2184
2186
2189
2187
2190
2186
2194
2187
2195
2196
2189
2194
2190
2195
2196
2192
2194
2206
2193
2195
2207
2196
2208
2195
2196
2198
2203
2199
2204
2205
2201
2203
2209
2202
2204
2210
2205
2211
2204
2212
2205
2213
2214
2207
2212
2208
2213
2214
2210
2212
2211
2213
2214
2213
2214
)


// ************************************************************************* //
