/*--------------------------------*- C++ -*----------------------------------*\
  =========                 |
  \\      /  F ield         | OpenFOAM: The Open Source CFD Toolbox
   \\    /   O peration     | Website:  https://openfoam.org
    \\  /    A nd           | Version:  8
     \\/     M anipulation  |
\*---------------------------------------------------------------------------*/
/*   Windows 32 and 64 bit porting by blueCAPE: http://www.bluecape.com.pt   *\
|  Based on Windows porting (2.0.x v4) by Symscape: http://www.symscape.com   |
\*---------------------------------------------------------------------------*/
FoamFile
{
    version     2.0;
    format      ascii;
    class       labelList;
    location    "constant/vegetation/polyMesh";
    object      pointProcAddressing;
}
// * * * * * * * * * * * * * * * * * * * * * * * * * * * * * * * * * * * * * //


7414
(
23
51
58
90
132
142
145
195
229
231
251
252
253
254
255
256
257
329
330
331
332
333
397
398
399
400
401
421
422
423
424
425
476
478
499
505
506
507
582
583
605
606
607
611
612
613
684
685
686
688
689
717
719
720
721
726
762
764
765
766
767
768
770
772
774
850
852
874
891
892
893
894
895
966
968
969
998
999
1000
1346
1348
1349
1350
1351
1358
1435
1439
1440
1441
1442
1443
1444
1445
1446
1447
1448
1449
1450
1451
1452
1453
1454
1456
1457
1458
1459
1460
1566
1567
1568
1621
1628
1674
1675
1676
1677
1679
1683
1684
1688
1734
1735
1736
1748
1749
1750
1838
1866
1867
1868
1872
1873
1874
1982
1991
2171
2172
2173
2176
2177
2178
2179
2180
2181
2290
2293
2294
2295
2296
2297
2298
2299
2300
2301
2302
2303
2304
2305
2308
2309
2310
2311
2431
2455
2456
2490
2491
2492
2518
2519
2520
2571
2572
2573
2574
2575
2576
2577
2578
2581
2582
2583
2584
2727
2728
2732
2733
2734
2735
2805
2809
2810
2811
2812
2813
2814
2815
2878
2879
2880
2881
2882
2921
2964
2965
2966
2967
2968
3022
3067
3068
3069
3070
3076
3077
3078
3079
3135
3140
3187
3189
3190
3191
3199
3225
3228
3268
3269
3270
3271
3272
3273
3274
3276
3338
3341
3342
3343
3344
3345
3346
3347
3348
3349
3350
3351
3352
3353
3354
3355
3356
3357
3358
3359
3360
3361
3362
3460
3461
3462
3463
3464
3465
3466
3467
3468
3469
3470
3471
3472
3549
3550
3551
3552
3553
3554
3555
3556
3557
3584
3585
3586
3587
3588
3589
3590
3591
3592
3720
3721
3722
3723
3724
3725
3726
3821
3865
3866
3867
3868
3869
3870
3908
3909
3910
3911
3921
3922
3923
3924
3925
3926
3927
3951
3954
3955
3958
4044
4045
4046
4047
4048
4049
4050
4051
4108
4109
4110
4111
4112
4113
4114
4115
4116
4117
4118
4119
4192
4193
4200
4201
4202
4428
4429
4430
4431
4437
4438
4439
4440
4441
4442
4443
4444
4569
4570
4571
4572
4573
4574
4575
4576
4577
4578
4579
4580
4581
4938
4941
4943
4944
4945
4946
4947
4948
4949
4950
4951
4952
4953
4954
5068
5069
5072
5073
5074
5075
5076
5077
5078
5079
5080
5081
5082
5083
5084
5085
5086
5087
5088
5089
5090
5091
5092
5093
5094
5095
5098
5099
5100
5101
5102
5103
5104
5105
5226
5227
5228
5229
5278
5279
5280
5281
5282
5283
5334
5335
5336
5337
5338
5339
5341
5342
5343
5344
5345
5350
5351
5359
5424
5425
5426
5439
5440
5566
5604
5605
5606
5613
5614
5653
5654
5656
5657
5658
5659
5715
5716
5722
5800
5801
5802
5803
5804
5805
5806
5807
5808
5809
5811
5812
5813
5814
5815
5816
5817
5993
5994
5998
5999
6000
6001
6003
6004
6005
6132
6133
6135
6136
6137
6139
6140
6141
6142
6143
6144
6145
6146
6147
6148
6149
6150
6151
6153
6154
6408
6409
6410
6416
6417
6420
6422
6423
6424
6425
6426
6427
6428
6429
6430
6431
6432
6433
6434
6435
6436
6437
6438
6439
6440
6441
6442
6443
6444
6445
6446
6448
6449
6451
6452
6453
6454
6455
6459
6460
6469
6470
6471
6475
6476
6477
6478
6479
6480
6481
6482
6484
6488
7006
7007
7008
7010
7011
7012
7022
7023
7024
7025
7026
7027
7028
7029
7030
7031
7032
7033
7200
7202
7212
7213
7214
7215
7216
7217
7218
7219
7220
7221
7222
7223
7224
7225
7226
7227
7228
7229
7230
7231
7232
7233
7330
7340
7341
7358
7373
7468
7497
7517
7519
7520
7521
7522
7523
7524
7527
7528
7551
7552
7556
7559
7614
7615
7616
7618
7661
7663
7664
7665
7859
7860
7931
7939
7940
8541
8542
8543
8544
8545
8627
8705
8706
8707
8708
8709
8718
8854
8860
8861
8864
8892
8894
8896
8897
8898
8899
8900
8901
8902
8903
8904
8905
8906
8907
9011
9012
9013
9014
9015
9016
9017
9041
9101
9102
9103
9104
9105
9183
9184
9185
9204
9205
9206
9207
9330
9359
9360
9361
9362
9363
9525
9527
9532
9537
9538
9548
9549
9550
9623
9624
9625
9628
9629
9630
9631
9632
9634
9636
9637
9638
9639
9640
9641
9642
9643
9644
9645
9794
9836
10000
10001
10285
10406
10409
10410
10418
10500
10501
10502
10503
10504
10505
10506
10507
10508
10509
10511
10512
10699
10763
10765
10766
10767
10894
10895
10924
10925
10926
10927
11060
11061
11062
11063
11388
11389
12587
12588
12626
12627
12745
12746
13000
13001
13756
13757
14202
14203
14204
14205
14206
14219
14220
14221
14247
14248
14249
14250
14259
14260
14621
14622
14625
14626
14628
14629
14630
14631
14632
14646
14647
14657
14658
14659
14883
14890
14893
14894
14895
14905
14906
14907
14908
14912
14913
14914
14915
14917
14918
14919
14920
14921
14922
14923
14924
14926
14927
14928
14930
14931
14932
14933
15180
15873
15875
15889
15890
15891
15892
15893
15894
16268
16269
16280
16282
16288
16289
16290
16291
16292
16293
16294
16295
16296
16297
16298
16300
16301
16302
16303
16305
16307
16308
16311
16312
16313
16314
16315
16316
18010
18270
18271
18272
18273
18280
18281
18296
18297
18298
18299
18377
18433
18772
19580
19688
19689
19690
19691
19766
19778
19779
19780
19856
19857
19858
19859
19868
19869
19870
19871
19873
19921
19922
19923
19924
19925
19926
19927
19946
19951
19952
19953
19954
19955
20047
20142
20303
20358
20359
20360
20385
20393
20394
20395
20429
20430
20431
20436
20454
20455
20456
20457
20458
20459
20460
20461
20466
20500
20501
20502
20503
20569
20570
20743
20744
20745
20747
20748
20749
20750
20751
20752
20787
20798
20802
20803
20804
20805
20806
20807
20808
20809
21310
21311
21338
21339
21361
21362
21363
21364
21489
21490
21588
21589
21590
21591
21598
21599
21625
21626
21627
21628
21637
21638
21639
21640
21833
21835
21836
21837
21838
21839
21840
21841
21842
21867
21869
21870
21871
21872
21873
21874
21875
21876
21894
21895
21901
21902
21903
21904
21915
21916
22578
22581
23950
24062
24114
26004
26103
26242
26243
26244
26245
26533
26535
26538
26539
26595
26596
26597
27103
27104
27107
27108
27109
27110
27111
27112
27113
27114
27308
27309
27310
27311
27323
27324
27325
27326
27327
27328
27329
27330
27614
27615
27616
27620
27621
27622
27623
27624
27625
27626
27627
27678
27679
27684
27685
27686
27687
27688
27689
27690
27691
27692
27693
27694
27695
28101
28268
28269
28270
28281
30616
30853
32725
32821
33046
33054
33055
41963
42282
42283
43002
43004
53391
53394
53408
53417
53427
53428
53434
53435
53437
53438
53442
53448
53450
53451
53454
53455
53459
53460
53468
53477
53480
53492
53494
53495
53496
53497
53511
53514
53587
53650
53651
53663
53675
53688
53689
53701
53703
53709
53712
53713
53717
53720
53721
53732
53735
53737
53743
53752
53756
53765
53766
53767
53769
53770
53780
53786
53792
53795
53796
53797
53798
53801
53802
53803
53804
53805
53812
53813
53814
53815
53816
53817
53818
53819
53820
53821
53822
53823
53824
53825
53826
53831
53832
53833
53834
53835
53836
53837
53838
53839
53840
53841
53842
53843
53844
53845
53846
53855
53858
53861
53862
53863
53866
53867
53868
53869
53872
53877
53878
53879
53880
53890
53891
53892
53893
53894
53897
53905
53906
53907
53912
53914
53915
53916
53918
53919
53920
53921
53922
53929
53930
53931
53932
53933
53934
53935
53936
53937
53938
53939
53940
53941
53942
53943
53944
53945
53950
53951
53952
53953
53954
53955
53961
53962
53963
53964
53965
53966
53967
53968
53969
53970
53971
53972
53976
53977
53978
53983
53984
53987
53988
53989
53991
53992
53993
53994
53995
54006
54007
54008
54009
54017
54023
54024
54025
54026
54027
54028
54029
54030
54031
54032
54035
54036
54037
54038
54039
54043
54044
54048
54049
54050
54051
54052
54053
54054
54055
54056
54057
54058
54059
54060
54065
54066
54067
54068
54069
54070
54071
54072
54073
54074
54075
54076
54077
54078
54087
54088
54089
54090
54091
54095
54096
54097
54098
54100
54102
54103
54104
54106
54111
54112
54113
54114
54121
54123
54124
54125
54126
54128
54132
54139
54140
54141
54142
54144
54145
54146
54148
54149
54150
54151
54155
54156
54160
54161
54162
54163
54164
54165
54166
54167
54168
54169
54170
54171
54172
54173
54174
54179
54180
54181
54182
54183
54184
54185
54186
54187
54188
54189
54195
54196
54197
54198
54199
54200
54201
54202
54203
54207
54210
54211
54214
54215
54216
54219
54220
54221
54222
54223
54232
54233
54234
54235
54243
54247
54248
54249
54250
54251
54252
54253
54254
54258
54259
54260
54261
54264
54265
54266
54267
54268
54275
54276
54277
54278
54279
54280
54281
54282
54283
54284
54285
54286
54287
54288
54289
54294
54295
54296
54297
54298
54299
54300
54301
54302
54303
54304
54305
54306
54307
54308
54309
54318
54321
54324
54325
54326
54330
54331
54332
54334
54336
54341
54342
54343
54344
54353
54354
54355
54356
54357
54359
54366
54367
54368
54405
54479
54559
54827
54829
54830
54941
54942
54943
54947
54948
54949
54950
54951
54952
54953
54957
54958
54959
54960
54961
55034
55035
55036
55107
55108
55109
55110
55111
55112
55113
55114
55225
55228
55229
55230
55288
55289
55290
55291
55292
55293
55294
55295
55296
55297
55298
55450
55451
55455
55456
55457
55458
55459
55460
55461
55462
55463
55464
55465
55466
55467
55468
55469
55470
55471
55472
55474
55475
55476
55477
55480
55481
55484
55488
55492
55495
55496
55497
55498
55499
55500
55501
55502
55503
55504
55506
55508
55510
55961
55962
55963
55973
55974
55975
55976
55977
55978
55979
55980
56244
56245
56246
56247
56248
56249
56250
56251
56258
56259
56260
56261
56262
56263
56264
56265
56266
56267
56268
56269
56270
56271
56272
56273
56274
56275
56280
56281
56282
56283
56284
56285
56290
56291
56292
56301
56302
56308
56309
56310
56311
56463
56464
56465
56466
56469
56470
56471
56472
56481
56482
56483
56484
56491
56492
56493
56494
56613
56614
56616
56617
56618
56619
56626
56630
56632
56633
56634
56635
56636
56638
56639
56641
56642
56643
56644
56741
56745
56748
56749
56750
56751
56754
56755
56756
56757
56760
56761
56762
56763
56764
56765
56766
56767
56768
56769
56770
56771
56772
56773
56774
56775
56776
56777
56778
56779
57245
57246
57247
57256
57257
57258
57259
57260
57261
57262
57263
57272
57273
57274
57275
57276
57278
57279
57280
57281
57282
57566
57567
57568
57569
57570
57571
57572
57573
57574
57575
57576
57577
57578
57579
57580
57707
57708
57709
57710
57711
57712
57713
57714
57715
57716
57717
57718
57719
57720
57721
57722
57723
57724
58067
60299
60311
60312
60313
60314
60319
60320
60321
60322
60323
60324
60329
60330
60331
60332
60334
60335
60336
60337
60338
60339
60341
60342
60343
60344
60392
60476
60598
60753
60754
60755
60756
60757
60759
60760
60818
60819
60820
60821
60822
60823
60824
60825
60826
60827
60828
60829
60830
60831
60832
60833
60834
60835
60836
60966
60967
60968
60969
60970
60971
60972
60973
61037
61038
61051
61125
61126
61164
61165
61166
61321
61322
61340
61341
61344
61469
61470
61471
61472
61513
61514
61515
61516
61517
61519
61520
61521
61522
61523
61524
61525
61526
61527
61534
61535
61604
61605
61606
61607
61608
61609
61610
61611
61612
61613
61614
61616
61617
61618
61619
61620
61621
61622
61625
61626
61629
61632
61733
61734
61735
61736
61738
61739
61740
61741
61742
62014
62015
62657
62658
62659
62660
62661
62667
62668
62669
62670
62671
62672
62673
62674
62675
62676
62677
62678
62693
62694
62903
62904
62905
62906
62907
62908
62909
62910
62911
62912
62913
62914
62915
62916
62917
62918
62919
62920
62921
62922
62923
62924
62925
62926
62927
62928
62929
62930
62931
62932
62933
62934
62935
62936
62937
62938
62939
62940
62941
62942
62943
62945
62946
62947
62948
62949
62950
62951
62952
62953
62954
62955
62956
62959
62960
62961
62962
62963
62964
62965
62966
62967
62968
62969
62970
63210
63211
63212
63213
63214
63215
63216
63217
63218
63219
63220
63221
63222
63223
63224
63342
63343
63350
63452
63453
63454
63455
63456
63458
63464
63465
63475
63476
63477
63562
63563
63585
63586
63587
63588
63589
63590
63591
63592
63593
63594
63595
63768
63769
63770
63831
63832
63833
63834
63835
63843
63844
63845
63846
63847
63848
63849
63850
63851
64086
64087
64088
64089
64090
64091
64109
64110
64111
64112
64113
64402
64403
64404
64408
64409
64410
64411
64412
64413
64621
64622
64628
64629
64630
64631
64632
64633
64634
64635
64636
64637
64638
64639
64640
64641
64642
64643
64644
64645
64647
64648
64649
64650
64652
64657
64658
64659
64660
64662
64663
64664
64665
64666
64667
64668
64850
64852
64853
64899
64900
64901
64902
64903
64904
64905
64906
64993
64994
64995
64996
64997
64998
64999
65058
65059
65060
65061
65062
65063
65064
65065
65165
65166
65167
65168
65169
65170
65171
65172
65173
65174
65175
65176
65178
65179
65180
65181
65182
65185
65186
65187
65452
65453
65454
65456
65457
65458
65459
65473
65474
65475
65476
65477
65478
65479
65480
65481
65482
65483
65484
65485
65486
65487
65488
65631
65632
65633
65635
65636
65637
65651
65652
65653
65654
65655
65656
65657
65658
65659
65660
65661
65662
65663
65664
65665
65666
65667
65668
65669
65670
65671
65672
65673
65674
65675
65676
65677
65678
65679
65680
65681
65682
65786
65787
65788
65789
65790
65791
65878
65879
65880
65881
65882
65883
65884
65885
65977
65978
65979
65980
66060
66216
66218
66219
66220
66221
66222
66223
66224
66225
66226
66227
66228
66229
66230
66231
66236
66239
66338
66339
66340
66343
66344
66345
66346
66347
66348
66349
66350
66351
66352
66353
66354
66355
66356
66357
66358
66359
66360
66361
66362
66363
66364
66365
66366
66367
66368
66369
66370
66371
66372
66373
66374
66375
66376
66377
66378
66379
66380
66381
66382
66383
66384
66385
66386
66387
66388
66515
66516
66517
66518
66519
66520
66521
66522
66523
66524
66525
66526
66527
66529
66530
66531
66604
66605
66606
66607
66608
66609
66610
66611
66612
66613
66614
66615
66616
66617
66618
66620
66633
66634
66804
66805
66806
66807
66808
66809
66810
66811
66812
66813
67038
67039
67040
67041
67042
67043
67044
67045
67046
67047
67048
67049
67050
67089
67090
67100
67101
67102
67103
67104
67105
67106
67107
67108
67109
67244
67245
67246
67247
67248
67249
67250
67251
67252
67253
67346
67347
67348
67349
67350
67351
67352
67353
67354
67355
67356
67357
67358
67359
67360
67361
67484
67485
67486
67487
67495
67496
67497
67498
67499
67500
67501
67803
67804
67805
67812
67813
67814
67815
67816
67817
67958
67974
67975
67976
67977
67978
67979
67980
67981
67983
67984
67985
67986
68530
68531
68534
68535
68536
68537
68538
68539
68540
68541
68542
68543
68731
68732
68733
68735
68736
68737
68738
68739
68740
68741
68742
68743
68744
68745
68746
68747
68748
68749
68750
68751
68752
68753
68754
68756
68758
68759
68760
68761
68762
68767
68768
68769
68770
68771
68772
68773
68774
68775
68776
68777
68778
68961
68962
68963
68964
68965
68966
68967
68968
68969
68970
69051
69052
69053
69054
69055
69056
69057
69143
69144
69145
69146
69147
69148
69149
69150
69151
69152
69153
69154
69155
69156
69161
69170
69172
69183
69184
69272
69273
69274
69275
69276
69277
69278
69295
69296
69297
69298
69440
69441
69503
69504
69505
69506
69609
69610
69611
69612
69613
69614
69619
69663
69664
69665
69666
69667
69668
69669
69670
69671
69676
69677
69678
69679
69847
69848
69850
69851
69852
69854
69855
69856
69857
69858
69859
69860
69995
69996
69997
69998
69999
70000
70001
70011
70012
70013
70014
70015
70016
70017
70018
70019
70020
70021
70023
70024
70034
70035
70039
70040
70041
70042
70043
70044
70046
70050
70381
70453
70454
70455
70456
70457
70458
70459
70467
70468
70469
70476
70477
70478
70479
70567
70568
70569
70570
70571
70573
70574
70575
70576
70577
70578
70579
70580
70581
70582
70650
70651
70652
70654
70655
70656
70657
70658
70659
70660
70661
71105
71107
71112
71118
71119
71120
71123
71124
71125
71126
71127
71128
71129
71416
71417
71418
71419
71420
71509
71510
71511
71512
71513
71514
71805
71806
71807
71808
71994
71995
71996
71997
72114
72115
72116
72120
72121
72122
72123
72139
72140
72141
72142
72143
72144
72145
72146
72147
72148
72149
72150
72151
72152
72153
72154
72206
72207
72208
72209
72210
72211
72212
72213
72214
72215
72216
72217
72288
72289
72355
72444
72445
72446
72447
72466
72468
72469
72470
72588
72589
72590
72591
72592
72593
72594
72602
72653
72654
72655
72656
72659
72660
72661
72664
72665
72666
72667
72668
72669
72755
72756
72920
72921
72923
73197
73273
73274
73279
73280
73281
73282
73283
73284
73337
73338
73339
73340
73341
73342
73343
73344
73345
73346
73347
73348
73349
73350
73353
73354
73355
73487
73488
73535
73537
73538
73631
73632
73644
73645
73646
73647
73738
73739
73740
73741
73742
73743
73744
73745
74342
74343
74344
74345
74350
74351
74352
74353
74357
74358
74359
74360
74487
74488
74489
74490
74735
74831
75373
75374
75817
76440
76511
76582
76583
76704
76823
76891
76911
76912
76940
76941
81457
81475
81477
81478
81481
81495
81496
81500
81501
81509
81511
81515
81517
81518
81519
81520
81521
81522
81523
81524
81525
81526
81527
81528
81529
81530
81531
81532
81546
81547
81548
81549
81550
81551
81552
81553
81554
81555
81556
81557
81558
81559
81560
81561
81562
81563
81571
81572
81573
81574
81575
81576
81577
81578
81579
81580
81581
81582
81583
81584
81585
81586
81593
81594
81595
81596
81597
81598
81599
81600
81601
81602
81603
81604
81605
81606
81607
81608
81609
81616
81617
81618
81619
81620
81621
81622
81623
81624
81625
81626
81696
81697
81698
81699
81738
81748
81802
81805
81809
81811
82040
82041
82042
82046
82050
82160
82166
82181
82182
82402
82414
82417
82418
82425
82426
82428
82429
82430
82431
82435
82439
82441
82442
83590
83591
83618
83619
83621
83622
83624
83625
83634
83635
83636
83638
83639
83640
83643
83644
83645
83646
83647
83651
83656
83657
84145
84148
84149
84150
84151
84152
84153
84154
84155
84156
84157
84158
84159
84160
84161
84162
84174
84175
84176
84181
84182
84183
84186
84187
84188
84189
84190
84191
84192
84193
84194
84197
84198
84199
84200
84201
84202
84203
84204
84205
84206
84207
84208
84209
84210
84211
84212
84213
84214
84215
84216
84217
84218
84228
84229
84230
84231
84236
84237
84238
84239
84240
84241
84242
84243
84244
84246
84247
84248
84249
84250
84251
84252
84254
84255
84256
84257
84258
84259
84260
84261
84262
84263
84264
84593
84594
84595
84596
84597
84601
84951
84952
84953
84954
84955
84956
84957
84958
84959
84960
84961
84962
84963
84964
84965
84966
84967
84968
84969
84970
84971
84972
84973
84974
84975
84976
84977
84978
84979
84980
84981
84982
84983
84984
84985
84986
84987
84988
84989
85388
85389
85390
85395
85397
85398
85399
85401
85402
85403
85638
85639
85640
85641
85642
85643
85645
85646
85647
85648
85649
85650
85651
85652
85653
85654
85655
85656
85657
85658
85659
85660
85661
85662
85663
85664
85665
85666
85667
85668
85669
85670
85671
85672
85673
85674
85675
85676
85677
85678
85679
85680
85745
85762
86338
86339
86340
86341
86342
86343
86345
86346
86353
86357
86358
86360
86361
86362
86363
86364
86365
86366
86367
86368
86369
86370
86371
86372
86373
86374
86375
86376
86377
86378
86379
86380
86381
86382
86383
86384
86385
86386
86387
86388
86389
86390
86391
86392
86393
86394
86395
86396
86397
86398
86399
86400
86401
86402
86403
86404
86405
86406
86407
86408
86409
86410
86411
86412
86413
86414
86415
86416
86417
86418
86419
86420
86421
86422
86423
86424
86425
86426
86427
86428
86429
86430
86431
86432
86433
86434
86435
86436
86439
86441
86442
86443
86444
86445
86446
86448
86449
86450
86451
86452
86462
86463
86464
86465
86466
86467
86473
86478
86479
86485
86486
86487
86497
86507
86508
86509
86519
86524
86525
86530
86531
86532
86533
86534
86535
86536
86537
86538
86539
86540
86541
86542
86543
86544
86545
86546
86547
86548
86549
86550
86551
86552
86553
86554
86555
86556
86557
86558
86559
86560
86561
86562
86563
86564
86565
86566
86567
86568
86569
86574
86580
86581
86582
86583
86588
86589
86591
86593
86594
86595
88176
88178
88181
88182
88183
88184
88185
88186
88187
88188
88189
88190
88191
88192
88226
88227
88228
88229
88230
88231
88232
88233
88234
88235
88236
88237
88238
88239
88240
88241
88242
88243
88244
88245
88246
88247
88248
88249
88250
88251
88252
88253
88917
88922
88926
88927
88928
88929
88930
88931
88933
88936
88937
88938
88939
88940
88941
88942
88943
88944
88945
88946
88947
88957
88975
88976
88977
88978
88979
88980
88981
88982
88983
88984
88985
88986
88987
88988
88989
88990
88991
88992
88993
88994
88995
88996
88997
88998
88999
89000
89001
89002
89003
89004
89005
89006
89007
89008
89009
89010
89011
89012
89013
89014
89015
89016
89017
89018
89019
89020
89021
89022
89023
89024
89025
89026
89027
89028
89029
89030
89031
89032
89033
89034
89035
89036
89037
89040
89043
89047
89049
89051
89052
89053
89054
89055
89056
89057
89058
89059
89060
89061
89063
89066
89069
89071
89073
89074
89075
89076
89101
89102
89103
89104
89105
89106
89107
89109
89112
89120
89121
89122
89123
89124
89125
89126
89127
89128
89129
89130
89543
89544
89545
89546
89547
89548
89549
89550
89551
89552
89553
89554
89555
89556
89557
89558
89559
89560
89561
89572
89573
89574
89575
89576
89577
89578
89579
89580
89581
89582
89583
89584
89585
89586
89616
89617
89618
89619
89620
89621
89622
89623
89624
89625
89626
89627
89628
89629
89630
89631
89632
89669
89670
89671
89672
89673
89674
89675
89676
89677
89678
89679
89680
89681
90082
90089
90090
90091
90092
90093
90094
90095
90096
90097
90099
90100
90101
90102
90103
90104
90105
90106
90107
90108
90109
90110
90111
90112
90113
90124
90125
90126
90127
90134
90135
90136
90137
90138
90139
90140
90141
90142
90143
90144
90145
90146
90150
90151
90152
90153
90155
90157
90158
90159
90160
90459
90461
90472
90473
90476
90478
90499
90500
90501
90502
90503
90504
90505
90506
90507
90508
90509
90510
90511
90512
90513
90518
90519
90520
90521
90522
90523
90524
90525
90526
90527
90528
90529
90530
90531
90532
90539
90540
90541
90542
90543
90544
90545
90546
90547
90548
90549
90550
90551
90552
90553
90554
90555
90556
90557
90558
90559
90560
90561
90562
90563
90564
90565
90566
90567
90568
90569
90570
90571
90572
90573
90574
91834
91835
91845
91848
92161
92168
92188
92189
92190
92191
92192
92210
92211
92212
92213
92214
92215
92216
92217
92218
92219
92220
92221
92222
92223
92224
92236
92238
92241
92242
92243
92244
92245
92246
92247
92248
92249
92250
92251
92252
92253
93281
93284
93286
93287
93288
93289
93290
93291
93292
93293
93294
93295
93296
93297
93298
93299
93300
93301
93302
93303
93304
93305
93306
93307
93308
93309
93310
93311
93312
93603
93604
93605
93606
93607
93608
93609
93610
93611
93612
93613
93614
93615
93616
93617
93618
93619
93620
93621
93622
93623
93624
93625
93626
93627
93628
93629
93630
93631
93632
93633
94430
94586
94587
94588
94589
94590
94917
94918
94919
100267
100268
100269
100270
100271
100272
100287
100291
100301
100305
100306
100307
100308
100309
100310
100311
100312
100321
100322
100323
100324
100325
100326
100327
100328
100329
100330
100331
100332
100333
100334
100335
100336
100337
100338
100339
100340
100349
100350
100351
100352
100353
100354
100355
100356
100359
100360
100361
100362
100363
100364
100365
100366
100367
100368
100369
100370
100371
100372
100373
100374
100375
100376
100377
100381
100382
100383
100384
100385
100386
100387
100489
100525
100647
100648
100658
100659
100660
100691
100703
100704
100705
100706
100763
100864
100865
100874
100876
100877
101217
101282
101287
101367
101369
101370
101371
101372
101399
101402
101403
101404
101406
101407
101408
101462
101463
101557
101558
101559
101560
101566
101567
101568
101569
101571
101573
101695
101696
101701
101702
101703
101704
101751
101756
101757
101758
101759
101760
101761
101762
102000
102001
102122
102124
102125
102126
102129
102130
102131
102132
102133
102134
102135
102136
102137
102138
102139
102140
102141
102142
102143
102144
102145
102151
102152
102153
102154
102155
102156
102157
102309
102330
102331
102332
102371
102372
102375
102376
102377
102378
102379
102380
102381
102382
102395
102396
102397
102398
102399
102400
102401
102402
102403
102404
102405
102406
102508
102545
102551
102552
102553
102554
102676
102800
102818
102902
102903
102904
102905
102906
102907
102908
102909
102910
102911
103000
103063
103064
103065
103066
103067
103068
103069
103090
103091
103122
103123
103164
103165
103166
103167
103168
103169
103170
103314
103316
103317
103360
103361
103363
103364
103365
103366
103367
103368
103409
103436
103438
103454
103455
103484
103557
103648
103649
103699
103700
103755
103756
103757
103758
103761
103762
103763
103764
103797
103798
103801
103802
103803
103804
103818
103822
103823
103824
103825
103826
103827
103872
103873
103874
103890
103891
103892
103907
103908
103946
103947
103955
103956
103957
103984
103985
103986
104012
104022
104024
104061
104062
104063
104064
104065
104066
104067
104100
104101
104102
104103
104104
104105
104163
104182
104183
104184
104185
104186
104187
104188
104189
104231
104232
104233
104234
104235
104251
104252
104253
104275
104308
104309
104310
104311
104312
104339
104340
104341
104342
104360
104361
104362
104363
104364
104365
104366
104367
104368
104369
104387
104388
104389
104390
104391
104392
104393
104394
104395
104396
104491
104523
104524
104628
104629
104630
104631
104632
104633
104634
104635
104636
104664
104665
104669
104670
104671
104672
104673
104674
104675
104676
104677
104678
104679
104680
104681
104682
104683
104684
104685
104721
104722
104757
104758
104761
104762
104781
104790
104791
104855
104860
104879
104881
104895
104896
104898
104899
104923
104925
104926
104931
104932
104933
104934
104935
104936
105077
105078
105079
105080
105141
105143
105145
105146
105147
105148
105149
105150
105151
105152
105153
105154
105157
105158
105159
105318
105319
105320
105321
105322
105323
105365
105366
105385
105392
105393
105394
105395
105396
105397
105433
105434
105435
105523
105524
105525
105526
105527
105528
105529
105530
105531
105532
105533
105534
105535
105808
105809
105810
105811
105812
105813
105814
105815
105892
105915
105930
105931
105932
105933
105934
105973
106074
106075
106082
106083
106087
106088
106093
106094
106162
106168
106170
106171
106223
106238
106240
106241
106242
106243
106250
106251
106252
106253
106254
106255
106294
106295
106296
106308
106309
106310
106314
106315
106316
106320
106321
106322
106378
106433
106434
106435
106436
106437
106438
106439
106440
106441
106444
106445
106447
106448
106449
106450
106451
106452
106525
106529
106530
106752
106796
106797
106916
106917
106918
106925
106926
107042
107043
107046
107051
107063
107064
107067
107070
107107
107240
107241
107242
107243
107244
107251
107252
107253
107254
107256
107257
107258
107259
107260
107261
107262
107263
107264
107265
107401
107402
107403
107404
107405
107406
107414
107415
107416
107417
107419
107420
107421
107422
107423
107424
107425
107426
107427
107428
107429
107430
107431
107432
107433
107434
107435
107436
107437
107438
107439
107440
107441
107442
107443
107444
107445
107446
107447
107451
107452
107453
107454
107645
107723
107726
107727
107728
107729
107730
107936
107937
107938
107939
107940
107941
107942
107943
107944
107945
107946
107947
107948
107949
107950
107951
107952
107953
107954
107955
107956
107961
107965
107973
107974
107975
107976
107977
107978
107979
107980
107981
107982
107983
107984
107985
107986
107990
107991
107992
107993
107996
108368
108369
108370
108371
108372
108383
108384
108385
108386
108387
108388
108389
108390
108391
108392
108516
108518
108519
108530
108531
108532
108533
108534
108535
108536
108537
108538
108539
108540
108541
108542
108543
108544
108545
108546
109201
109202
109203
109204
109205
109206
109207
109208
109485
109486
109487
109492
109493
109494
109495
109496
109497
109498
109502
109503
109504
109505
109506
109507
109508
109509
109510
109511
109512
109513
109514
109515
109516
109517
109518
109519
109520
109521
109522
109523
109524
109525
109526
109527
109528
109529
109530
109531
109532
109533
109534
109535
109536
109537
109538
109539
109540
109541
109542
109543
109544
109545
109556
109557
109558
109559
109560
109561
109562
109563
109564
109565
109566
109567
109568
109569
109570
109953
110007
110008
110009
110010
110011
110111
110112
110113
110114
110115
110116
110121
110122
110123
110124
110125
110126
110127
110128
110129
110130
110131
110132
110133
110134
110135
110136
110137
110138
110139
110140
110168
110169
110170
110171
110172
110173
110174
110175
110176
110177
110178
110179
110180
110181
110182
110183
110184
110185
110186
110187
110188
110189
110190
110191
110192
110193
110194
110195
110499
110500
110501
110598
110600
110615
110616
110617
110618
110619
110620
110621
110622
110623
110910
110930
110965
111006
111007
111010
111011
111013
111065
111315
111338
111553
111905
112791
112792
112793
112794
112795
112796
112803
112804
112805
112849
112850
112851
112852
112853
112854
112858
112859
112860
112861
112862
112863
112864
112865
112866
112867
112868
112869
112870
112871
112872
112873
112874
112875
113010
113011
113012
113046
113047
113048
113064
113065
113066
113067
113068
113069
113070
113071
113072
113760
113761
113762
113781
113782
113783
113796
113797
113798
113799
113800
113801
113802
113803
113804
113805
113806
113807
113820
113821
113822
113823
113824
113825
113826
113827
113828
113829
113830
113831
113832
113833
113834
113835
113836
113837
113838
113839
113840
113841
113842
113843
113844
113845
113846
113847
113848
113849
113850
113851
113852
113853
113854
113855
113856
113857
113858
113859
113860
113861
113862
113863
113864
113865
113866
113867
113868
113869
113870
113871
113872
113873
113874
113875
113876
113877
113878
113879
113880
113881
113882
113883
113884
113885
113886
113887
113888
113889
113890
113891
113892
113893
113894
113895
113896
113897
113898
113899
113900
113901
113902
113903
113904
113905
113906
113907
113908
113909
113910
113911
113912
113913
113914
113915
113916
113917
113918
113919
113920
113921
113922
113923
113924
113925
113926
113927
113928
113929
113930
113931
113932
113933
113934
113935
113936
113937
113938
113939
113940
113941
113942
113943
113944
113945
113946
113947
113948
113961
113962
113963
113964
113965
113966
113967
113968
113969
113970
113971
113972
113973
113974
113975
113976
113977
113978
113979
113980
113981
113982
113983
113984
113985
113986
113987
113988
113989
113990
113991
113992
113993
113994
113995
113996
113997
113998
113999
114000
114001
114002
114003
114004
114005
114015
114016
114017
114018
114019
114020
114021
114022
114023
114024
114025
114026
114027
114028
114029
114045
114046
114047
114048
114049
114050
114051
114052
114053
114054
114055
114056
114057
114058
114059
114060
114061
114062
114063
114064
114065
114066
114067
114068
114078
114079
114080
114081
114082
114083
114084
114085
114086
114087
114088
114089
114090
114091
114092
114093
114094
114095
114096
114097
114098
114099
114100
114101
114102
114103
114104
114105
114106
114107
114108
114109
114110
114111
114112
114113
114114
114115
114116
114117
114118
114119
114120
114121
114122
114123
114124
114125
114126
114127
114128
114129
114130
114131
114132
114133
114134
114135
114136
114137
114138
114139
114140
114141
114142
114143
114144
114145
114146
114668
114669
114670
114671
114672
114673
114674
114675
114676
114677
114678
114679
114680
114681
114682
114683
114684
114685
114686
114696
114697
114698
114699
114700
114701
114702
114703
114704
114705
114706
114707
114708
114709
114710
114711
114712
114713
114714
114715
114716
114717
114718
114719
114720
114721
114722
114723
114724
114725
114726
114727
114728
114729
114730
114731
114732
114733
114734
114735
114736
114737
114738
114739
114740
114741
114742
114743
114744
114745
114746
114747
114748
114749
114750
114751
114752
114753
114754
114755
114955
114956
114957
114958
114959
114960
114961
114962
114963
114964
114965
114966
114967
114968
114969
114970
114971
114972
114973
114974
114975
114976
114977
114978
114979
114980
114981
114982
114983
114984
114985
114986
114987
114988
114989
114990
114991
114992
114993
114994
114995
114996
114997
114998
114999
115000
115001
115002
115003
115004
115005
115006
115007
115008
115009
115010
115011
115012
115013
115014
115015
115016
115017
115018
115019
115020
115021
115022
115023
115024
115025
115026
115027
115028
115777
115778
115779
115780
115781
115782
115783
115784
115785
115786
115787
115788
115789
115790
115791
115792
115793
115794
115795
115796
115797
115798
115799
115800
115801
115802
115803
115804
115805
115806
115884
115885
115886
115887
115888
115889
115890
115891
115892
115893
115894
115895
115896
115897
115898
115899
115900
115901
115902
115903
115904
115905
115906
115907
115908
115909
115910
115911
115912
115913
115914
115915
115916
115917
115918
115919
115920
115921
115922
115923
115924
115925
115926
115927
115928
115929
115930
115931
115932
115933
115934
115935
115936
115937
115938
115939
115940
115941
115942
115943
115944
115945
115946
115947
115948
115949
115950
115951
115952
115953
115954
115955
117159
117160
117161
117162
117163
117164
117165
117166
117167
117168
117169
117170
117171
117172
117173
117174
117175
117176
117177
117178
117179
117180
117181
117182
117183
117184
117185
117186
117187
117188
117209
117210
117211
117212
117213
117214
117215
117216
117217
117218
117219
117220
117221
117222
117223
117224
117225
117226
117227
117228
117229
117230
117231
117232
117233
117234
117235
117236
117237
117238
117239
117240
117241
117242
117243
117244
117245
117246
117247
117248
117249
117250
117251
117252
117253
117254
117255
117256
117257
117258
117259
117260
117261
117262
117263
117264
117265
117266
117267
117268
117269
117270
117271
117272
117273
117274
117275
117276
117277
117278
117279
117280
117281
117282
117283
117284
117285
117286
117287
117288
117289
117290
117291
117292
117293
117294
117295
117296
117297
117298
117299
117300
117301
117302
117303
117304
117305
117306
117307
117308
117309
117310
117311
117312
117313
117314
117315
117316
117317
117318
117319
117320
117321
117322
117323
117324
117325
117326
117327
117328
117329
117330
117331
117332
117333
117334
117335
117336
117337
117338
117339
117340
117341
117342
117343
117344
117345
117346
117347
117348
117349
117350
117351
117352
117353
117354
117355
117356
117357
117358
117359
117360
117361
117362
117363
117364
117365
117366
117367
117368
117369
117370
117371
117372
117373
117374
117375
117376
117377
117378
117379
117380
117381
117382
117383
117384
117400
117401
117402
117403
117404
117405
117421
117422
117423
117424
117425
117426
117433
117434
117435
117436
117437
117438
117463
117464
117465
117469
117470
117471
117472
117473
117474
117475
117476
117477
117478
117479
117480
117485
117486
117487
117488
117489
117505
117506
117507
117511
117512
117513
117514
117605
117606
117607
117608
117609
117610
117623
117624
117625
117626
117627
117628
117629
117630
117631
117632
117633
117634
117635
117636
117637
117638
117639
117640
117653
117654
117655
117656
117657
117658
117659
117660
117661
117662
117663
117664
117665
117666
117667
117668
117669
117670
117671
117672
117673
117674
117675
117676
117677
117678
117679
117680
117681
117682
117683
117684
117685
117686
117687
117688
117689
117690
117691
117692
117693
117694
117695
117696
117697
117698
117699
117700
117701
117702
117703
117704
117705
117706
117713
117714
117715
117734
117735
117736
117761
117762
117763
117779
117780
117781
117782
117783
117784
117785
117786
117787
117788
117789
117790
117791
117792
117793
117794
117795
117796
117797
117798
117799
117800
117801
117802
117803
117804
117805
117806
117807
117808
117809
117810
117811
117812
117813
117814
117815
117816
117817
117818
117819
117820
117821
117822
117823
117824
117825
117826
117827
117828
117829
117830
117831
117832
117833
117834
117835
117836
117837
117838
118449
118450
118451
118452
118453
118454
118458
118459
118460
118461
118462
118463
118482
118483
118484
118485
118486
118487
118488
118489
118490
118491
118492
118493
118494
118495
118496
118497
118498
118499
118500
118501
118502
118503
118504
118505
118506
118507
118508
118509
118510
118511
118512
118513
118514
118515
118516
118517
118647
118648
118649
118650
118651
118652
118653
118654
118655
118659
118660
118661
118662
118663
118664
118686
118687
118688
118689
118690
118691
118692
118693
118694
118695
118696
118697
118719
118720
118721
118722
118723
118724
118725
118726
118727
118728
118729
118730
118731
118732
118733
118734
118735
118736
118755
118756
118757
118758
118759
118760
118761
118762
118763
118764
118765
118766
119763
119764
119765
119766
119767
119768
119769
119770
119771
119772
119773
119774
119775
119776
119777
119778
119779
119780
119781
119782
119783
119787
119788
119789
119790
119791
119792
119793
119794
119795
119796
119797
119798
119846
119847
119848
119849
119850
119851
119852
119853
119854
119855
119856
119857
119858
119859
119860
119861
119862
119863
119864
119865
119866
119867
119868
119869
119870
119871
119872
119873
119874
119875
119876
119877
119878
119879
119880
119881
120099
120100
120101
121020
121021
121022
121030
121031
121032
121033
121034
121035
121036
121037
121038
121039
121040
121041
121042
121043
121044
121045
121046
121047
121048
121049
121050
121066
121067
121068
121069
121070
121071
121072
121073
121074
121075
121076
121077
121078
121079
121080
121081
121082
121083
121084
121085
121086
121087
121088
121089
121090
121091
121092
121093
121094
121095
121096
121097
121098
121099
121100
121115
121116
121117
121118
121119
121120
121121
121122
121123
121124
121125
121126
121127
121128
121129
121130
121131
121132
121133
121134
121135
121136
121137
121138
121139
121140
121141
121142
121143
121144
121145
121146
121147
121148
121149
121150
121151
121152
121153
121154
121155
121156
121157
121158
121159
121160
121161
121162
121163
121164
121165
121166
121167
121168
121169
121170
121171
121172
121173
121174
121175
121176
121177
121178
121179
121180
121181
121182
121183
121184
121185
121186
121187
121188
121189
121190
121191
121192
121193
121194
121195
121196
121197
121198
121199
121200
121201
121202
121203
121204
121205
121206
121207
121208
121209
121210
121211
121212
121213
121214
121215
121216
121217
121218
121219
121220
121221
121222
121223
121224
121225
121226
121227
121228
121229
121230
121231
121232
121233
121234
121235
121236
121237
121238
121239
121240
121241
121242
121243
121244
121257
121258
121259
121260
121261
121262
121263
121264
121265
121266
121267
121268
121269
121270
121271
121272
121273
121274
121275
121276
121277
121278
121279
121280
121281
121282
121283
121284
121285
121286
121287
121288
121289
121290
121291
121292
121293
121294
121295
121296
121297
121298
121299
121300
121301
121302
121303
121304
121305
121306
121307
121323
121324
121325
121326
121327
121328
121329
121330
121331
121350
121351
121352
121362
121363
121364
121365
121366
121367
121368
121369
121370
121371
121372
121373
121374
121375
121376
121377
121378
121379
121389
121390
121391
121392
121393
121394
121395
121396
121397
121398
121399
121400
121401
121402
121403
121404
121405
121406
121407
121408
121409
121410
121411
121412
121413
121414
121415
121419
121420
121421
121422
121423
121424
121425
121426
121427
121428
121429
121430
121431
121432
121433
121434
121435
121436
121437
121438
121439
121440
121441
121442
121443
121444
121445
121446
121447
121448
121449
121450
121451
121452
121453
121454
121455
121456
121457
121458
121459
121460
121461
121462
121463
121464
121465
121466
121467
121468
121469
121470
121471
121472
121473
121474
121475
122197
122198
122199
122200
122201
122202
122203
122204
122205
122206
122207
122208
122209
122210
122211
122212
122213
122214
122215
122216
122217
122218
122219
122220
122221
122222
122223
122224
122225
122226
122227
122228
122229
122230
122231
122232
122233
122234
122235
122236
122237
122238
122239
122240
122241
122242
122243
122244
122245
122246
122247
122248
122249
122250
122251
122252
122253
122254
122255
122256
122257
122258
122259
122260
122261
122262
122263
122264
122265
122266
122267
122268
122269
122270
122271
122272
122273
122274
122275
122276
122277
122278
122279
122280
122281
122282
122283
122284
122285
122286
122287
122288
122289
122290
122291
122292
122293
122294
122295
122296
122297
122298
122299
122300
122646
122647
122648
122649
122650
122651
122652
122653
122654
122655
122656
122657
122658
122659
122660
122661
122662
122663
122664
122665
122666
122667
122668
122669
122670
122671
122672
122673
122674
122675
122676
122677
122678
122679
122680
122681
122682
122683
122684
122685
122686
122687
122688
122689
122690
122691
122692
122693
122694
122695
122696
122697
122698
122699
122700
122701
122702
122703
122704
122705
122706
122707
122708
122709
122710
122711
122712
122713
122714
122715
122716
122717
122718
122719
122720
122721
122722
122723
122724
122725
122726
122727
122728
122729
122730
122731
122732
122733
122734
122735
122736
122737
122738
122739
122740
122741
122742
122743
122744
122745
122746
122747
122748
122749
122750
122751
122752
122753
122754
122755
122756
122757
122758
122759
123872
123873
123874
123875
123876
123877
123878
123879
123880
124010
124011
124012
124013
124014
124015
124022
124023
124024
124025
124026
124027
124040
124041
124042
124043
124044
124045
124046
124047
124048
124049
124050
124051
124052
124053
124054
124055
124056
124057
124058
124059
124060
124061
124062
124063
124064
124065
124066
124067
124068
124069
124070
124071
124072
124073
124074
124075
124076
124077
124078
124079
124080
124081
124082
124083
124084
124085
124086
124087
124088
124089
124090
124091
124092
124093
124094
124095
124096
124097
124098
124099
124202
124203
124204
124205
124206
124207
124208
124209
124210
124211
124212
124213
124214
124215
124216
124217
124218
124219
124220
124221
124222
124223
124224
124225
124226
124227
124228
124229
124230
124231
124232
124233
124234
124235
124236
124237
124238
124239
124240
124241
124242
124243
124244
124245
124246
124247
124248
124249
124250
124251
124252
124253
124254
124255
124256
124257
124258
124259
124260
124261
124262
124263
124264
124265
124266
124267
124268
124269
124270
124271
124272
124273
124274
124275
124276
124277
124278
124279
124280
124281
124282
124283
124284
124285
124439
124440
124441
124490
124491
124492
124493
124494
124495
124496
124497
124498
124499
124500
124501
124508
124509
124510
124511
124512
124513
124925
124926
124927
124928
124929
124930
124931
124932
124933
125446
125447
125448
125449
125450
125451
125452
125453
125458
125459
125460
125461
125464
125465
125466
125467
125468
125469
125470
125471
125472
125473
125520
125521
125522
125540
125541
125544
125545
125546
125547
125548
125549
125550
125551
125552
125553
125554
125555
125564
125565
125566
125567
125568
125569
125570
125571
125590
125591
125592
125593
125594
125595
125596
125597
125598
125599
125610
125611
125612
125613
125614
125615
125616
125617
125626
125627
125628
125629
125630
125631
125632
125633
125634
125635
125636
125637
125638
125639
125640
125641
125642
125643
125654
125655
125656
125657
125666
125667
125668
125669
125670
125671
125676
125677
125678
125679
125680
125681
125682
125683
125690
125691
125692
125693
125694
125695
125696
125697
125698
125699
125708
125709
125710
125711
126131
126132
126133
126134
126135
126136
126395
126396
126397
126398
126399
126400
126401
126402
126403
126404
126405
126406
126407
126408
126409
126410
126411
126412
126413
126414
126415
126416
126417
126418
126563
126564
126565
126566
126567
126568
126569
126570
126571
126572
126573
126574
126575
126576
126577
126578
126579
126580
126581
126582
126583
126584
126585
126586
126587
126588
126589
126590
126591
126592
126593
126594
126595
126596
126696
126697
126698
126699
126700
126701
126702
126703
126704
126705
126706
126707
126708
126709
126710
126711
126712
126713
126714
126715
126716
126717
126718
126719
126720
126721
126722
126723
126724
126725
126726
126727
126728
127282
127283
127284
127285
127286
127287
127288
127289
127290
127291
127292
127293
127294
127295
127296
127297
127298
127299
127300
127307
127308
127309
127310
127311
127312
127313
127314
127315
127316
127320
127321
127346
127347
127348
127349
127350
127351
127355
127356
127357
127364
127365
127366
127367
127368
127369
127370
127371
127372
127373
127374
127375
127623
127624
127625
127626
127627
127628
127629
127630
127631
127632
127633
127634
127635
127636
127637
127638
127639
127640
127641
127642
127643
127644
127645
127646
127647
127648
127649
127650
127651
127652
127653
127654
127655
127656
127657
127658
127737
127738
127739
127740
127741
127742
127746
127747
127748
127749
127750
127751
127752
127753
127754
127755
127756
127757
127758
127759
127760
127761
127762
127763
127764
127765
127766
127767
127768
127769
127770
127771
127772
127773
127774
127775
127776
127777
127778
127779
127780
127781
127782
127783
127784
128115
128116
128117
128118
128119
128120
128121
128122
128123
128124
128125
128126
128127
128128
128129
128130
128131
128132
128133
128134
128135
128136
128137
128138
128139
128140
128141
128142
128143
128144
128145
128146
128147
128163
128164
128165
128166
128167
128168
128169
128170
128171
128172
128173
128174
128175
128176
128177
128178
128179
128180
128362
128363
128364
128365
128366
128367
128368
128369
128370
128371
128372
128373
128374
128375
128376
128377
128378
128379
128380
128381
128382
128383
128384
128385
128386
128387
128388
128389
128390
128391
128392
128393
128394
128395
128396
128397
128398
128399
128400
128401
128402
128403
128404
128405
128406
128407
128408
128409
128410
128411
128412
128506
128507
128508
128509
128510
128511
128512
128513
128514
128515
128516
128517
128518
128519
128520
128521
128522
128523
128524
128525
128526
128527
128528
128529
128530
128531
128532
128533
128534
128535
128536
128537
128538
128539
128540
128541
128542
128543
128544
128545
128546
128547
128548
128549
128550
128551
128552
128553
128554
128555
128556
128557
128558
128559
128560
128561
128562
128563
128564
128565
128566
128567
128568
128971
128972
128973
128974
128975
128976
128977
128978
128979
128980
128981
128982
128983
128984
128985
128986
128987
128988
128989
128990
128991
128992
128993
128994
128995
128996
128997
128998
128999
129000
129007
129008
129009
129010
129011
129012
129013
129014
129015
129016
129017
129018
129112
129113
129114
129118
129119
129120
129121
129122
129123
129124
129125
129126
129127
129128
129129
129148
129149
129150
129151
129152
129153
129154
129155
129156
129157
129158
129159
129160
129161
129162
129163
129164
129165
131387
131388
131389
133573
133574
133575
133576
133577
133578
133579
133580
133581
133582
134357
134358
134359
134360
134361
134362
134363
134364
134365
134369
134370
134371
134402
134403
134404
134405
134406
134407
134408
134409
134410
134411
134412
134413
134414
134415
134416
134417
134418
134419
134420
134421
134422
134423
134424
134425
134607
134608
134609
134610
134611
134612
134613
134614
134615
134616
134617
134618
134619
134620
134621
134622
134623
134624
134625
134626
134627
134628
134629
134630
134631
134632
134633
134634
134748
134749
134750
134751
134752
134753
134754
134755
134756
134757
134758
134759
134760
134761
134762
134763
134764
134765
134766
134767
134768
134769
134770
134771
134772
134773
134774
134775
134776
134777
134778
134779
134780
134781
134782
134783
134784
134785
134786
134787
134788
134789
134790
134791
134792
134793
134794
134795
134796
134797
134798
134799
134800
134801
134802
134803
134804
134805
134806
134807
134808
134809
134810
134811
134812
134813
134814
134895
134896
134897
134898
134899
134900
134901
134902
134903
134904
134905
134906
134907
134908
134909
134910
134911
134912
134913
134914
134915
134916
134917
134918
134919
134920
134921
134922
134923
134924
134925
134926
134927
134928
134929
134930
134931
134932
134933
134934
134935
134936
134937
134938
134939
134940
134941
134942
134943
134944
134945
134946
134947
134948
134949
134950
134951
135085
135086
135089
135090
135111
135112
135113
135114
135119
135120
135121
135122
135127
135128
135129
135130
135135
135136
135137
135138
135143
135144
135145
135146
135336
135337
135338
135339
135340
135341
135342
135343
135344
135392
135393
135394
135395
135396
135397
135398
135399
135400
135401
135402
135403
135404
135405
135406
135427
135428
135429
135430
135431
135432
135433
135434
135435
135436
135437
135438
135439
135440
135441
135442
135443
135444
135551
135552
135553
135554
135555
135556
135578
135579
135580
135581
135582
135583
135584
135585
135586
135587
135588
135589
136460
136461
136462
136463
136464
136465
136466
136467
136468
136472
136473
136474
136475
136476
136477
)


// ************************************************************************* //
