/*--------------------------------*- C++ -*----------------------------------*\
  =========                 |
  \\      /  F ield         | OpenFOAM: The Open Source CFD Toolbox
   \\    /   O peration     | Website:  https://openfoam.org
    \\  /    A nd           | Version:  8
     \\/     M anipulation  |
\*---------------------------------------------------------------------------*/
/*   Windows 32 and 64 bit porting by blueCAPE: http://www.bluecape.com.pt   *\
|  Based on Windows porting (2.0.x v4) by Symscape: http://www.symscape.com   |
\*---------------------------------------------------------------------------*/
FoamFile
{
    version     2.0;
    format      ascii;
    class       labelList;
    note        "nPoints: 3289 nCells: 2199 nFaces: 7576 nInternalFaces: 6412";
    location    "constant/vegetation/polyMesh";
    object      neighbour;
}
// * * * * * * * * * * * * * * * * * * * * * * * * * * * * * * * * * * * * * //


6412
(
2
3
633
634
2
3
702
703
705
707
708
709
5
636
637
714
716
717
714
715
716
16
721
722
723
11
169
170
639
640
12
728
729
730
1490
14
172
183
184
1493
19
55
734
735
738
1496
56
168
414
416
674
678
679
680
886
887
891
955
957
959
742
743
744
1497
421
423
1189
1190
1191
1192
58
430
431
432
1500
22
749
750
751
1503
721
723
724
760
761
39
171
200
1020
1021
1022
1023
1504
40
46
204
205
206
23
27
91
92
734
735
736
767
768
769
1253
1254
1258
1315
1316
1319
1321
30
758
1470
1471
1472
25
32
759
1477
1478
1479
33
1246
1247
1248
49
55
1253
1254
1255
43
50
436
1260
1261
1262
53
437
1267
1268
1269
44
54
59
1274
1275
1276
49
767
768
770
1507
51
720
721
724
725
760
788
790
792
793
795
797
799
800
775
776
777
1508
761
782
783
784
52
789
790
791
1511
53
762
796
797
798
803
804
805
1514
42
64
219
220
221
43
50
763
810
811
812
44
54
816
817
820
1515
45
66
764
824
825
826
42
47
237
238
239
57
244
246
1069
1070
1071
1072
1516
48
255
256
257
44
59
830
831
834
1519
60
156
157
219
221
224
238
239
242
948
949
952
953
438
1484
1485
1486
163
164
816
817
818
830
831
832
1275
1276
1279
1364
1365
1368
1369
62
439
1281
1282
1283
48
204
205
207
270
60
237
239
240
271
272
255
256
258
274
275
837
838
840
1520
755
850
851
852
756
859
860
861
862
866
868
869
870
857
858
859
1521
757
864
865
866
871
872
874
1524
878
879
882
1525
170
182
886
887
888
171
289
290
293
1526
172
304
305
308
1529
892
893
896
1532
64
899
900
903
62
63
65
66
899
901
902
905
1281
1283
1286
67
902
903
904
905
220
221
223
318
319
322
66
67
319
320
321
324
824
826
829
321
322
323
324
70
72
703
727
728
732
733
73
184
1288
1289
1290
1533
75
185
704
1287
1289
1292
1293
75
77
78
429
706
1301
1302
1306
1307
75
77
708
741
742
746
747
432
1295
1296
1297
1536
80
907
908
909
1539
433
711
1294
1296
1299
1300
82
435
1302
1303
1304
1542
84
712
906
909
911
912
83
84
187
420
1308
1309
1313
1314
98
190
914
915
916
1545
921
922
923
1546
83
84
99
423
748
751
753
754
192
1309
1310
1311
1549
101
193
425
913
916
918
919
426
920
923
925
926
89
336
337
341
342
89
149
203
205
207
209
270
150
201
330
331
332
1552
337
338
339
1555
152
202
329
332
334
335
94
95
96
97
440
1476
94
95
105
188
441
1200
1201
1202
95
96
106
451
1477
98
190
452
1316
1317
1318
101
193
442
1315
1317
1319
1320
110
443
1481
102
455
1315
1318
1320
1321
1482
101
102
103
642
1469
126
1323
1324
1325
101
103
643
1245
1247
1249
1251
102
103
128
1245
1248
1250
1251
1472
644
1322
1324
1326
1327
130
1322
1325
1327
1328
1474
645
1475
108
109
110
111
214
1038
1039
1040
1266
109
110
215
277
525
526
527
1252
1253
1257
1258
108
110
651
1252
1254
1256
1258
1267
112
279
652
1330
1331
1332
115
653
1271
1329
1331
1333
1335
116
216
281
541
542
543
1109
1110
1111
1329
1332
1334
1335
217
1272
115
116
117
210
1024
1025
1026
1259
311
657
1337
1338
1339
115
117
163
659
1262
1273
1275
1277
1279
116
117
164
211
313
506
507
508
1151
1152
1153
1273
1276
1278
1279
660
1264
1336
1338
1340
1342
212
314
518
519
520
1158
1159
1160
1336
1339
1341
1342
165
213
1031
1032
1033
1265
122
124
125
720
788
1350
1351
1355
1356
122
124
722
774
775
779
780
791
1344
1345
1346
1558
127
928
929
930
1561
725
792
1343
1345
1348
1349
129
794
1351
1352
1353
1564
131
726
927
930
932
933
130
131
449
781
1357
1358
1362
1363
452
935
936
937
1567
942
943
944
1568
130
131
784
802
805
807
808
454
1358
1359
1360
1571
455
786
934
937
939
940
787
941
944
946
947
137
138
229
357
358
362
363
823
155
230
344
345
346
1574
318
351
352
353
137
138
156
218
221
223
224
319
824
139
234
358
359
360
1575
158
235
343
346
348
349
828
320
350
353
355
356
829
228
364
365
1577
144
146
147
261
381
382
386
387
148
271
368
369
370
155
262
375
376
377
1579
144
146
157
236
239
240
242
272
151
273
367
369
371
373
153
266
382
383
384
1580
159
267
374
377
379
380
151
152
243
402
403
407
408
274
389
390
391
151
152
254
256
258
260
275
245
396
397
398
1583
276
388
390
392
394
247
395
397
400
401
249
403
404
405
1586
158
159
160
161
1280
162
949
950
951
158
160
899
1281
159
160
900
166
948
950
952
954
1285
167
948
951
953
954
901
1286
165
166
167
1483
230
262
1365
1366
1367
165
166
232
1485
165
167
264
268
574
575
576
1087
1088
1089
269
1488
235
1364
1366
1368
1370
1489
267
1101
1364
1367
1369
1370
169
182
955
957
958
186
459
957
958
960
186
664
665
887
888
889
962
963
1589
965
966
1592
177
179
289
636
713
714
717
718
968
969
972
973
181
291
298
969
970
971
286
292
299
976
977
978
287
637
983
984
985
288
294
638
975
977
979
980
982
984
986
988
180
243
250
550
551
552
989
990
994
995
180
244
409
989
991
993
994
247
410
248
252
990
991
992
186
667
668
671
185
431
640
965
185
432
1289
1290
1292
1595
433
641
668
671
673
191
193
194
429
1003
1006
1007
1378
1380
1381
1383
191
193
195
277
472
475
476
734
736
737
739
278
430
1372
1373
1374
1598
996
997
998
1601
198
280
434
494
495
497
1371
1373
1375
1376
435
1378
1379
1382
1602
199
998
999
1000
1001
1010
1011
1014
413
420
1003
1005
1006
300
441
472
474
475
422
483
484
417
424
458
488
489
490
301
419
494
495
496
425
442
1010
1011
1013
202
244
409
962
245
1017
1018
1021
1605
247
410
1018
1019
1020
1022
207
208
209
325
329
207
208
207
209
256
208
209
257
330
1608
327
333
1609
260
335
214
411
1024
1025
1028
268
296
506
507
510
216
297
518
519
522
269
412
1031
1032
1035
445
1038
1039
1042
300
441
525
526
529
302
541
542
545
443
446
526
527
528
530
533
534
535
536
1039
1040
1041
1044
222
223
224
343
350
222
224
344
222
223
351
223
224
347
354
355
349
227
229
1045
1047
1048
1050
227
231
845
1048
1049
1050
1051
1387
1388
1389
1610
233
847
234
1045
1046
1049
1613
233
235
809
1059
1061
1062
1064
1052
1053
1054
1616
658
1386
1387
1388
1617
233
235
659
811
817
818
819
821
661
814
1385
1387
1389
1390
1059
1060
1063
1620
815
1054
1055
1056
1057
240
241
242
367
374
240
241
368
241
242
375
1623
240
242
371
372
378
1624
380
247
248
261
1073
1075
1076
1078
247
248
289
1066
1067
1070
1625
248
263
290
1076
1077
1078
1079
1394
1395
1396
1628
1066
1068
1069
1071
265
291
990
991
994
266
1073
1074
1077
1631
261
548
550
551
264
268
296
555
557
558
265
298
562
563
564
267
568
569
258
259
260
388
395
258
259
389
258
260
259
260
396
1634
392
393
399
1635
400
265
267
548
551
553
1094
1096
1097
1099
1080
1081
1082
1636
312
1393
1394
1395
1637
313
1087
1088
1091
315
562
564
566
1090
1091
1092
1093
1166
1167
1169
1392
1394
1396
1397
1094
1095
1098
1640
568
569
571
1082
1083
1084
1085
1088
1089
1090
1092
574
575
578
574
576
577
579
1032
1035
1037
275
273
274
368
369
371
273
900
276
276
389
390
392
276
280
300
610
613
616
878
880
881
884
1109
1111
1112
1114
304
1400
1401
1402
1643
311
1102
1103
1106
1646
301
306
618
620
622
1116
1117
1120
1121
1399
1401
1404
1405
302
314
1109
1110
1113
303
307
316
1117
1118
1119
310
317
1407
1408
1409
1647
288
305
416
664
885
887
889
891
1123
1125
1127
1129
301
306
419
1124
1125
1126
303
307
1131
1132
1133
665
1138
1139
1140
309
666
1130
1132
1134
1136
1137
1139
1141
1142
291
294
962
291
295
312
1415
1416
1419
1650
292
315
969
971
973
1166
1168
1170
294
295
307
316
976
977
980
1174
1175
1177
294
295
308
963
1653
309
964
310
317
1422
1423
1426
1656
313
593
594
302
314
596
597
315
599
600
601
303
316
605
606
607
610
612
613
618
619
620
624
625
628
629
630
306
310
430
1401
1402
1405
1659
306
309
431
965
307
434
1125
1126
1129
309
310
1117
1119
1121
1131
1132
1136
309
310
966
1662
967
1407
1409
1411
1665
1144
1145
1148
1668
1414
1415
1416
1669
1151
1152
1155
1158
1159
1162
1166
1167
1168
1173
1174
1175
1421
1422
1423
1672
320
323
351
353
355
320
324
899
321
323
324
323
324
903
905
327
328
336
327
328
338
1675
340
1676
341
333
334
335
336
333
335
396
1677
333
334
339
1017
1679
334
335
397
1018
340
1682
342
1019
400
340
341
342
341
342
340
341
1684
340
342
1686
1689
347
348
349
357
347
349
949
1691
347
348
359
1053
1692
348
349
950
1054
361
1694
362
1055
952
354
355
356
357
354
355
354
356
360
355
356
361
363
361
362
363
362
363
364
1059
361
362
1060
1695
361
363
365
1697
1698
1061
366
366
1045
366
1699
371
372
373
381
371
372
371
373
390
372
373
383
391
1700
385
1701
386
394
378
379
380
381
378
380
949
1702
378
379
384
1081
1703
379
380
951
1082
385
1705
387
1083
953
385
386
387
386
387
403
1094
385
386
404
1707
385
387
1095
1709
1712
407
1096
392
393
394
402
392
393
392
394
393
394
404
1714
406
1715
407
399
400
401
402
399
400
1716
400
401
1066
399
401
405
1067
1718
406
1721
408
1068
406
407
408
407
408
1073
406
407
1723
406
408
1074
1725
1728
1075
410
636
412
445
1025
1028
1029
1259
1031
1035
1036
1265
418
419
429
706
1005
1006
1008
1179
1181
1182
1184
418
456
639
707
1182
1183
1184
1185
674
675
676
418
419
431
640
457
710
1179
1180
1183
433
641
711
434
494
496
498
676
677
678
679
1124
1125
1127
425
426
706
1003
1005
1009
1193
1195
1196
1198
426
709
1196
1197
1198
1199
1186
1187
1190
425
426
643
710
1193
1194
1197
644
1010
1013
1015
1187
1188
1189
1191
712
473
479
482
477
486
647
433
434
435
434
435
1373
1374
1375
1730
433
434
433
435
1296
1297
1300
1733
1302
1303
1306
1378
1382
1383
1736
437
438
755
1260
1261
1263
757
759
1268
1269
1270
439
763
1484
1486
1487
764
1282
1283
1284
442
443
642
765
1200
1201
1203
644
1011
1013
1016
1200
1202
1204
1206
766
1201
1202
1205
1206
1207
1208
1209
1210
505
511
446
1039
1042
1044
1266
766
1272
448
528
532
533
530
535
648
453
455
788
795
1434
1436
1439
1440
650
789
1427
1428
1431
1826
453
455
651
767
769
772
773
796
1211
1212
1213
1829
654
793
800
1430
1431
1432
1433
794
1434
1435
1437
1830
801
1213
1214
1215
1217
459
633
687
688
690
691
956
957
959
960
458
635
686
688
689
695
639
705
463
464
465
466
713
968
463
464
715
463
465
970
718
972
469
719
471
974
469
470
471
975
982
470
471
588
978
469
470
589
985
987
590
979
988
981
476
477
1011
1200
476
477
478
493
1012
477
478
612
1203
476
478
495
613
497
1014
1016
1204
499
614
481
487
493
481
496
676
491
498
677
485
486
487
1012
485
490
1186
485
486
1013
1187
492
1015
1188
1016
491
492
1004
491
492
1005
1179
1193
491
1180
492
1194
1008
1181
1009
1195
497
498
499
1004
497
498
1006
497
499
618
498
499
619
1007
1008
621
503
504
505
513
1034
504
505
503
505
1035
515
1036
516
1037
508
512
519
593
508
511
574
1032
509
520
1033
511
512
521
1034
511
512
578
579
1037
524
515
516
517
1027
515
517
538
1028
1029
539
1030
520
523
541
1024
520
524
596
521
1026
523
524
1027
523
524
545
546
1030
527
531
542
610
527
530
1201
528
543
530
531
544
530
531
612
1203
1205
547
615
537
544
535
536
537
535
536
1207
1208
540
539
540
1041
539
540
1042
1043
1044
543
546
1038
543
547
624
544
1040
546
547
1041
546
547
1043
553
554
568
552
553
554
561
570
552
554
552
553
562
565
566
571
572
559
560
569
575
1088
559
560
561
570
560
578
559
564
594
1091
566
571
1092
573
580
565
566
567
565
566
990
565
567
599
992
566
567
600
995
603
571
572
571
573
1101
571
572
573
576
579
576
580
1101
577
579
580
579
580
584
585
586
587
885
1123
584
585
674
696
886
585
586
676
1124
591
697
890
678
891
1127
592
1128
590
591
592
1130
1137
590
592
1133
590
591
1140
1134
1142
701
1143
1135
595
596
1152
595
600
1155
598
604
1157
598
1159
598
605
625
1162
609
1164
602
603
970
603
604
1167
602
604
606
971
1168
608
974
609
1171
609
629
1173
608
609
976
1174
608
630
978
981
1178
615
616
624
614
615
616
617
614
615
614
616
618
621
622
626
621
622
623
627
621
622
621
623
1124
622
623
628
1126
631
632
1128
626
1109
626
629
1113
631
1114
631
632
631
632
1117
1131
631
1118
632
1133
1120
1135
705
707
1222
1225
1226
1227
709
1223
1226
1227
1228
710
1222
1223
1224
638
962
638
665
983
984
986
666
964
641
702
641
664
704
644
645
1243
644
645
1244
647
648
1203
649
1204
649
1205
1208
1206
1209
857
1441
1442
1443
1890
653
654
837
839
841
843
864
657
1229
1230
1232
1893
655
660
867
1230
1231
1234
1235
655
861
868
1442
1444
1446
1447
662
862
869
1451
1452
1453
1454
663
863
1448
1449
1452
1894
1236
1237
1239
1897
845
1455
1456
1458
1898
660
661
852
872
873
875
877
662
853
1237
1238
1241
1242
662
847
854
1456
1457
1460
1461
848
855
1465
1466
1467
1468
849
1462
1463
1466
1901
666
965
666
1138
1139
1141
967
669
672
696
886
955
669
673
699
888
670
697
700
890
672
673
672
673
958
698
961
678
680
681
677
680
682
1180
677
678
679
1181
679
680
1182
684
1185
684
685
696
955
684
686
684
685
687
693
956
691
959
694
698
961
691
692
1180
690
691
692
690
691
1183
1222
690
692
695
1224
1225
1185
694
1218
1221
697
698
701
700
1138
701
1143
704
705
707
704
708
711
710
711
712
710
711
711
712
710
712
1179
1183
1184
1193
1197
1198
1222
1223
1227
717
718
719
982
717
718
718
719
717
719
983
986
987
724
725
726
781
724
725
725
726
724
726
782
785
787
731
732
733
1287
732
733
742
731
732
743
1288
1833
731
733
1836
1291
1839
746
1293
736
739
878
736
740
996
1842
737
1000
739
740
1001
1371
739
740
882
1372
1846
884
1376
1002
1377
1848
745
746
747
906
1294
746
747
745
746
1295
1852
745
747
907
1855
910
1298
1858
1299
912
752
753
754
913
920
752
753
914
1246
1870
752
754
921
1872
753
754
1247
917
924
1876
919
1249
926
757
763
850
851
856
757
760
762
865
866
870
759
761
1470
1471
1473
762
1478
1479
1480
762
762
782
783
785
797
798
799
764
810
812
813
825
826
827
766
1243
1476
1481
769
773
837
769
771
1211
1843
772
1214
771
773
840
1427
1844
772
1216
1429
1850
773
1217
1430
841
1433
778
779
780
927
1343
779
780
778
779
1344
1861
778
780
928
1864
931
1347
1867
1348
933
785
786
787
795
785
787
785
786
798
1471
786
787
1472
799
801
1474
792
793
794
793
794
857
1428
1431
1432
1739
792
793
859
792
794
1345
1346
1349
1742
861
1351
1352
1355
1434
1437
1440
1745
799
800
801
800
801
864
1477
799
800
866
799
801
1479
868
1482
806
807
808
934
941
806
807
935
1246
1871
806
808
942
1874
807
808
1248
938
945
1878
939
1250
947
813
814
815
823
813
814
850
814
815
852
1485
813
815
825
1486
827
854
828
1489
818
822
1052
1880
818
821
872
819
1056
821
822
1057
1385
821
822
874
1386
1882
875
1390
1058
1391
1886
827
828
829
828
829
1281
827
828
1282
827
829
1285
832
836
1080
1881
832
835
893
1087
833
1084
1089
835
836
1085
1090
1392
835
836
896
1393
1884
898
1093
1397
1086
1398
1888
839
841
1254
839
842
1229
1255
1970
843
1231
1256
841
842
1441
1972
843
1444
843
1233
1445
1978
1234
1446
846
849
858
1748
847
849
1456
1458
1461
1751
848
860
848
849
862
863
1463
1466
1468
1754
854
856
853
856
865
1261
853
854
1262
855
867
1264
855
856
869
870
861
863
1442
1443
1447
1757
860
863
1760
860
861
862
862
863
1448
1452
1453
1763
867
868
1267
867
870
1268
868
870
869
1271
869
870
873
876
1236
1274
1980
873
875
1275
877
1238
1277
875
876
1455
1982
877
1457
877
1240
1459
1988
1241
1460
880
884
1253
880
883
1102
1255
1971
881
1104
1257
883
884
1105
1399
883
884
1400
1974
1107
1403
1976
1404
889
890
891
1137
890
891
889
891
889
890
1138
1141
1143
894
897
1144
1274
1981
894
898
1151
1276
895
1146
1153
1278
897
898
1147
1154
1413
897
898
1414
1984
1149
1417
1986
1156
1418
901
905
901
904
902
904
905
904
905
910
911
912
1301
910
912
1914
910
911
922
1304
1917
911
912
923
1305
1920
925
1307
917
918
919
1308
917
919
1323
1932
917
918
997
1310
1934
918
919
998
1324
1312
1938
999
1313
1326
924
925
926
1308
924
926
1942
924
925
1311
1945
925
926
1312
1948
1314
931
932
933
1350
931
933
1923
931
932
943
1353
1926
932
933
944
1354
1929
946
1356
938
939
940
1357
938
939
1323
1933
938
940
1212
1359
1936
939
940
1213
1325
1361
1940
1328
1215
1362
945
946
947
1357
945
947
1951
945
946
1360
1954
946
947
1361
1957
1363
952
953
954
952
953
952
954
1366
953
954
1367
1370
959
961
959
960
961
1218
959
960
960
961
1219
1220
1221
964
964
966
1766
967
967
967
1769
972
973
974
975
972
973
991
972
974
992
973
974
976
993
980
981
979
980
981
980
981
979
980
1132
979
981
1133
1134
986
987
988
986
987
986
988
1139
987
988
1140
1142
993
994
995
994
995
993
994
993
995
1000
1002
1316
1904
999
1002
1379
1906
999
1000
1317
1001
1380
1001
1319
1002
1381
1384
1910
1007
1009
1010
1007
1008
1009
1012
1008
1009
1007
1008
1014
1015
1014
1015
1014
1016
1014
1015
1016
1015
1016
1019
1023
1772
1019
1022
1066
1020
1022
1023
1022
1023
1070
1775
1071
1778
1026
1030
1038
1026
1029
1031
1027
1033
1029
1030
1034
1029
1030
1042
1036
1043
1033
1036
1033
1037
1034
1036
1037
1036
1037
1040
1043
1040
1044
1041
1043
1044
1043
1044
1047
1050
1059
1047
1051
1781
1048
1050
1051
1050
1051
1063
1784
1064
1787
1056
1058
1365
1960
1055
1058
1060
1962
1055
1056
1366
1057
1061
1057
1368
1058
1062
1065
1966
1061
1064
1061
1065
1790
1062
1064
1065
1385
1064
1065
1388
1793
1389
1391
1796
1068
1071
1068
1072
1074
1799
1069
1075
1071
1072
1076
1071
1072
1802
1079
1805
1075
1078
1094
1075
1079
1808
1076
1078
1079
1078
1079
1098
1811
1099
1814
1084
1086
1365
1961
1083
1086
1095
1964
1083
1084
1367
1085
1096
1085
1369
1086
1097
1100
1968
1089
1093
1151
1089
1092
1090
1092
1093
1092
1093
1155
1156
1096
1099
1096
1100
1817
1097
1099
1100
1392
1099
1100
1395
1820
1396
1398
1823
1104
1107
1330
1990
1104
1108
1110
1145
1332
1105
1111
1334
1107
1108
1112
1406
1107
1108
1148
1408
1992
1410
1994
1115
1150
1412
1111
1114
1111
1115
1158
1112
1114
1115
1116
1114
1115
1118
1162
1120
1122
1163
1120
1121
1122
1406
1120
1121
1120
1122
1173
1121
1122
1175
1409
1411
1176
1412
1127
1128
1129
1130
1127
1128
1127
1129
1128
1129
1131
1135
1136
1134
1135
1136
1135
1136
1134
1136
1134
1135
1141
1142
1143
1141
1143
1141
1142
1142
1143
1146
1149
1337
2000
1146
1150
1158
1339
1147
1160
1341
1149
1150
1161
1420
1149
1150
1421
2002
1424
2004
1163
1425
1153
1156
1153
1157
1159
1154
1160
1156
1157
1161
1165
1156
1157
1167
1169
1164
1171
1160
1163
1160
1164
1161
1163
1164
1172
1163
1164
1173
1176
1178
1169
1170
1171
1172
1413
1169
1170
1415
1169
1171
1170
1171
1174
1418
1177
1419
1178
1176
1177
1178
1420
1176
1178
1177
1178
1176
1177
1423
1425
1426
1181
1184
1181
1185
1182
1184
1185
1184
1185
1188
1192
1194
1188
1191
1189
1195
1191
1192
1196
1191
1192
1199
1195
1198
1195
1199
1196
1198
1199
1198
1199
1202
1204
1202
1205
1206
1204
1205
1206
1206
1208
1210
1209
1210
1214
1216
1316
1905
1215
1216
1435
1908
1214
1215
1318
1217
1321
1217
1436
1217
1438
1912
1439
1220
1221
1220
1221
1225
1227
1227
1228
1225
1228
1226
1227
1228
1231
1233
1330
1991
1231
1235
1237
1331
1234
1333
1233
1235
1239
1449
1996
1234
1450
1998
1235
1451
1242
1454
1238
1240
1337
2001
1238
1242
1338
1241
1340
1240
1242
1462
2006
1241
1464
2008
1242
1465
1467
1244
1469
1475
1249
1250
1251
1322
1249
1250
1323
1249
1251
1250
1251
1326
1328
1256
1257
1258
1329
1257
1258
1256
1258
1256
1257
1330
1333
1334
1263
1264
1265
1266
1263
1265
1484
1263
1264
1268
1264
1265
1485
1270
1271
1488
1270
1271
1272
1271
1272
1477
1270
1271
1270
1272
1478
1481
1277
1278
1279
1336
1277
1278
1337
1277
1279
1278
1279
1340
1341
1284
1285
1286
1483
1285
1286
1284
1285
1486
1284
1286
1487
1489
1291
1292
1293
1291
1293
1295
2010
1292
1293
1296
1291
1292
2013
2016
1299
1298
1299
1300
1301
1298
1299
2055
1299
1300
1298
1300
1303
2058
1305
2061
1306
1305
1306
1307
1306
1307
1309
1305
1306
2064
1305
1307
1311
2067
2070
1314
1312
1313
1314
1313
1314
1378
1312
1313
1379
2091
1312
1314
2094
2097
1380
1319
1320
1321
1319
1321
1319
1320
1324
1320
1321
1325
1327
1326
1327
1328
1326
1328
1326
1327
1327
1328
1333
1334
1335
1333
1334
1333
1335
1338
1334
1335
1339
1342
1340
1341
1342
1340
1341
1340
1342
1341
1342
1347
1348
1349
1350
1347
1348
2073
1348
1349
1347
1349
1352
2076
1354
2079
1355
1354
1355
1356
1355
1356
1358
1354
1355
2082
1354
1356
1360
2085
2088
1363
1361
1362
1363
1362
1363
1434
1361
1362
1435
2100
1361
1363
2103
2106
1436
1368
1369
1370
1368
1369
1368
1370
1369
1370
1375
1376
1377
1381
1376
1377
1400
2028
1375
1376
1401
1375
1377
1382
2031
1383
1404
1384
2034
1380
1383
1380
1384
2037
1381
1383
1384
1383
1384
2040
2043
1389
1390
1391
1390
1391
1455
2109
1389
1390
1456
1389
1391
2112
1457
2115
1396
1397
1398
1397
1398
1414
2118
1396
1397
1415
1396
1398
2121
1418
2124
1403
1404
1405
1406
1403
1404
2136
1404
1405
1403
1405
1407
2139
1410
2142
1411
1410
1411
1412
1410
1411
2154
1410
1412
1421
2157
1411
1412
1423
2160
1425
1417
1418
1419
1420
1417
1418
2172
1418
1419
1417
1419
1422
2175
1424
2178
1426
1424
1425
1426
1424
1425
2190
1424
1426
2193
1425
1426
2196
1429
1433
1441
2019
1429
1432
1437
2022
1430
1438
2025
1432
1433
1439
1432
1433
1442
1440
1444
1436
1440
1436
1438
2046
1439
1438
1440
2049
1439
2052
1440
1444
1445
2127
1444
1447
1445
1447
1448
2130
1446
1446
1450
2133
1447
1451
1453
1450
1453
2145
1450
1454
1462
2148
1451
2151
1453
1454
1453
1454
1466
1467
1457
1459
2163
1457
1461
1460
1459
1461
1463
2166
1460
1464
2169
1461
1465
1468
1464
1467
2181
1464
1468
2184
1465
2187
1467
1468
1467
1468
1473
1474
1475
1476
1473
1475
1473
1474
1479
1474
1475
1480
1482
1480
1481
1482
1481
1482
1480
1481
1480
1482
1487
1488
1489
1487
1488
1488
1489
1487
1489
1491
1497
1833
1836
1492
1498
1834
1837
1499
1835
1838
1494
1500
1592
1595
1495
1501
1593
1596
1502
1594
1597
1525
1842
1846
1847
1498
1852
1855
1499
1853
1856
1854
1857
1501
1529
1730
1733
1502
1530
1731
1734
1531
1732
1735
1870
1872
1873
1505
1516
1589
1775
1778
1506
1517
1590
1776
1779
1518
1591
1777
1780
1520
1843
1844
1845
1509
1861
1864
1510
1862
1865
1863
1866
1512
1521
1739
1742
1513
1522
1740
1743
1523
1741
1744
1871
1874
1875
1524
1880
1882
1883
1517
1526
1628
1802
1805
1518
1527
1629
1803
1806
1528
1630
1804
1807
1532
1881
1884
1885
1970
1972
1973
1522
1757
1760
1523
1758
1761
1759
1762
1980
1982
1983
1971
1974
1975
1527
1589
1650
1653
1528
1590
1651
1654
1591
1652
1655
1530
1592
1659
1662
1531
1593
1660
1663
1594
1661
1664
1981
1984
1985
1534
1536
1595
2010
2013
1535
1537
1596
2011
2014
1538
1597
2012
2015
1537
1733
2055
2058
1538
1734
2056
2059
1735
2057
2060
1540
1546
1914
1917
1541
1547
1915
1918
1548
1916
1919
1543
1549
1736
2064
2067
1544
1550
1737
2065
2068
1551
1738
2066
2069
1601
1932
1934
1935
1547
1942
1945
1548
1943
1946
1944
1947
1550
1602
2091
2094
1551
1603
2092
2095
1604
2093
2096
1553
1583
1605
1677
1679
1554
1584
1606
1677
1680
1585
1607
1678
1681
1556
1684
1686
1557
1684
1687
1685
1688
1559
1742
2073
2076
1560
1743
2074
2077
1744
2075
2078
1562
1568
1923
1926
1563
1569
1924
1927
1570
1925
1928
1565
1571
1745
2082
2085
1566
1572
1746
2083
2086
1573
1747
2084
2087
1829
1933
1936
1937
1569
1951
1954
1570
1952
1955
1953
1956
1572
1830
2100
2103
1573
1831
2101
2104
1832
2102
2105
1616
1691
1692
1693
1576
1577
1620
1621
1695
1697
1578
1622
1696
1697
1578
1613
1614
1699
1615
1699
1636
1702
1703
1704
1581
1586
1640
1707
1709
1582
1587
1641
1707
1710
1588
1642
1708
1711
1584
1625
1716
1718
1585
1626
1716
1719
1627
1717
1720
1587
1631
1723
1725
1588
1632
1723
1726
1633
1724
1727
1590
1766
1591
1767
1768
1593
1769
1594
1770
1771
1596
1733
2013
1597
1734
2014
1735
2015
1599
1643
1730
2028
2031
1600
1644
1731
2029
2032
1645
1732
2030
2033
1904
1906
1907
1603
1736
2037
2040
1604
1737
2038
2041
1738
2039
2042
1606
1625
1772
1775
1607
1626
1773
1776
1627
1774
1777
1609
1634
1677
1678
1676
1682
1683
1611
1617
1751
1784
1787
2112
1612
1618
1752
1785
1788
2113
1619
1753
1786
1789
2114
1614
1620
1781
1784
1615
1621
1782
1785
1622
1783
1786
1960
1962
1963
1618
1898
2109
2112
1619
1899
2110
2113
1900
2111
2114
1621
1790
1793
1622
1791
1794
1792
1795
1624
1702
1701
1705
1706
1626
1799
1802
1627
1800
1803
1801
1804
1629
1637
1650
1811
1814
2121
1630
1638
1651
1812
1815
2122
1639
1652
1813
1816
2123
1632
1640
1808
1811
1633
1641
1809
1812
1642
1810
1813
1635
1716
1717
1715
1721
1722
1961
1964
1965
1638
1669
2118
2121
1639
1670
2119
2122
1671
2120
2123
1641
1817
1820
1642
1818
1821
1819
1822
1644
1659
2136
2139
1645
1660
2137
2140
1661
2138
2141
1668
1990
1992
1993
1648
1665
1672
2154
2157
1649
1666
1673
2155
2158
1667
1674
2156
2159
1651
1656
1669
2175
1652
1657
1670
2176
1658
1671
2177
1654
1656
1662
1766
1655
1657
1663
1767
1658
1664
1768
1657
1665
1672
2193
1658
1666
1673
2194
1667
1674
2195
1660
1665
1730
2139
1661
1666
1731
2140
1667
1732
2141
1663
1665
1769
1664
1666
1770
1667
1771
1666
2154
1667
2155
2156
2000
2002
2003
1670
2172
2175
1671
2173
2176
2174
2177
1673
2190
2193
1674
2191
2194
2192
2195
1676
1684
1685
1689
1690
1678
1682
1716
1683
1717
1680
1682
1686
1772
1681
1682
1687
1773
1683
1688
1774
1683
1689
1690
1685
1689
1690
1687
1689
1688
1689
1690
1690
1694
1693
1694
1695
1962
1694
1696
1963
1698
1696
1698
1790
1791
1698
1792
1698
1699
1701
1707
1708
1714
1712
1713
1705
1706
1704
1705
1709
1710
1964
1706
1711
1965
1706
1712
1713
1708
1712
1723
1713
1724
1710
1712
1817
1711
1712
1818
1713
1819
1713
1715
1723
1724
1728
1729
1717
1721
1722
1719
1721
1725
1799
1720
1721
1726
1800
1722
1727
1801
1722
1728
1729
1724
1728
1729
1726
1728
1808
1727
1728
1809
1729
1810
1729
1731
1736
2031
1732
1737
2032
1738
2033
1734
1736
2058
1735
1737
2059
1738
2060
1737
2040
2064
1738
2041
2065
2042
2066
1740
1745
1757
1826
2022
1741
1746
1758
1827
2023
1747
1759
1828
2024
1743
1745
2076
1744
1746
2077
1747
2078
1746
1830
2049
2082
1747
1831
2050
2083
1832
2051
2084
1749
1754
1760
1750
1755
1761
1756
1762
1752
1754
1898
2166
1753
1755
1899
2167
1756
1900
2168
1755
1763
1901
2184
1756
1764
1902
2185
1765
1903
2186
1758
1763
1890
2130
1759
1764
1891
2131
1765
1892
2132
1761
1763
1762
1764
1765
1764
1894
2145
1765
1895
2146
1896
2147
1767
1769
1768
1770
1771
1770
1771
1773
1778
1774
1779
1780
1776
1778
1802
1777
1779
1803
1780
1804
1779
1780
1782
1787
1783
1788
1789
1785
1787
1793
1786
1788
1794
1789
1795
1788
1789
1791
1796
1962
1792
1797
1962
1798
1963
1794
1796
2112
1795
1797
2113
1798
2114
1797
1966
2115
1798
1966
2116
1967
2117
1800
1805
1808
1801
1806
1809
1807
1810
1803
1805
1804
1806
1807
1806
1814
1807
1815
1816
1809
1814
1810
1815
1816
1812
1814
1820
1813
1815
1821
1816
1822
1815
1816
1818
1823
1964
1819
1824
1964
1825
1965
1821
1823
2121
1822
1824
2122
1825
2123
1824
1968
2124
1825
1968
2125
1969
2126
1827
1890
2019
2022
1828
1891
2020
2023
1892
2021
2024
1905
1908
1909
1831
2046
2049
1832
2047
2050
2048
2051
1834
1839
1852
2010
1835
1840
1853
2011
1841
1854
2012
1837
1839
1838
1840
1841
1840
2016
1841
2017
2018
1848
1849
1904
1850
1851
1905
1845
1850
1972
2019
2020
1851
1973
2021
1847
1848
1974
2028
2029
1849
1975
2030
1849
1910
2034
2035
1911
2036
1851
1912
2025
2026
1913
2027
1853
1858
2055
1854
1859
2056
1860
2057
1856
1858
1914
1857
1859
1915
1860
1916
1859
1920
2061
1860
1921
2062
1922
2063
1862
1867
2073
1863
1868
2074
1869
2075
1865
1867
1923
1866
1868
1924
1869
1925
1868
1929
2079
1869
1930
2080
1931
2081
1876
1877
1932
1878
1879
1933
1873
1876
1942
1943
1877
1944
1875
1878
1951
1952
1879
1953
1877
1938
1948
1949
1939
1950
1879
1940
1957
1958
1941
1959
1886
1887
1960
1888
1889
1961
1883
1886
1982
2109
2110
1887
1983
2111
1885
1888
1984
2118
2119
1889
1985
2120
1887
1966
2115
2116
1967
2117
1889
1968
2124
2125
1969
2126
1891
2127
2130
1892
2128
2131
2129
2132
1897
1991
1996
1997
1895
1901
2145
2148
1896
1902
2146
2149
1903
2147
2150
2001
2006
2007
1899
2163
2166
1900
2164
2167
2165
2168
1902
2181
2184
1903
2182
2185
2183
2186
1910
1911
1912
1913
1907
1910
1934
2037
2038
1911
1935
2039
1909
1912
1936
2046
2047
1913
1937
2048
1911
2043
2044
2045
1913
2052
2053
2054
1915
1920
1916
1921
1922
1918
1920
1945
2067
1919
1921
1946
2068
1922
1947
2069
1921
2070
1922
2071
2072
1924
1929
1925
1930
1931
1927
1929
1954
2085
1928
1930
1955
2086
1931
1956
2087
1930
2088
1931
2089
2090
1938
1939
1940
1941
1935
1938
2091
2092
1939
2093
1937
1940
2100
2101
1941
2102
1939
2097
2098
2099
1941
2106
2107
2108
1943
1948
1944
1949
1950
1946
1948
2094
1947
1949
2095
1950
2096
1949
2097
1950
2098
2099
1952
1957
1953
1958
1959
1955
1957
2103
1956
1958
2104
1959
2105
1958
2106
1959
2107
2108
1966
1967
1968
1969
1963
1966
1967
1965
1968
1969
1967
1969
1978
1979
1991
1976
1977
1990
1973
1978
2127
2128
1979
2129
1975
1976
2136
2137
1977
2138
1977
1994
2142
2143
1995
2144
1979
1998
2133
2134
1999
2135
1988
1989
2001
1986
1987
2000
1983
1988
2163
2164
1989
2165
1985
1986
2172
2173
1987
2174
1987
2004
2178
2179
2005
2180
1989
2008
2169
2170
2009
2171
1994
1995
1998
1999
1993
1994
2002
2157
2158
1995
2003
2159
1995
2160
2161
2162
1997
1998
2006
2148
2149
1999
2007
2150
1999
2151
2152
2153
2004
2005
2008
2009
2003
2004
2190
2191
2005
2192
2005
2196
2197
2198
2007
2008
2181
2182
2009
2183
2009
2187
2188
2189
2011
2016
2055
2012
2017
2056
2018
2057
2014
2016
2015
2017
2018
2017
2018
2020
2025
2127
2021
2026
2128
2027
2129
2023
2025
2049
2024
2026
2050
2027
2051
2026
2052
2027
2053
2054
2029
2034
2136
2030
2035
2137
2036
2138
2032
2034
2040
2033
2035
2041
2036
2042
2035
2043
2036
2044
2045
2038
2043
2091
2039
2044
2092
2045
2093
2041
2043
2042
2044
2045
2044
2045
2047
2052
2100
2048
2053
2101
2054
2102
2050
2052
2051
2053
2054
2053
2054
2056
2061
2057
2062
2063
2059
2061
2064
2060
2062
2065
2063
2066
2062
2070
2063
2071
2072
2065
2070
2066
2071
2072
2068
2070
2094
2069
2071
2095
2072
2096
2071
2072
2074
2079
2075
2080
2081
2077
2079
2082
2078
2080
2083
2081
2084
2080
2088
2081
2089
2090
2083
2088
2084
2089
2090
2086
2088
2103
2087
2089
2104
2090
2105
2089
2090
2092
2097
2093
2098
2099
2095
2097
2096
2098
2099
2098
2099
2101
2106
2102
2107
2108
2104
2106
2105
2107
2108
2107
2108
2110
2115
2163
2111
2116
2164
2117
2165
2113
2115
2114
2116
2117
2116
2117
2119
2124
2172
2120
2125
2173
2126
2174
2122
2124
2123
2125
2126
2125
2126
2128
2133
2129
2134
2135
2131
2133
2145
2132
2134
2146
2135
2147
2134
2151
2135
2152
2153
2137
2142
2138
2143
2144
2140
2142
2154
2141
2143
2155
2144
2156
2143
2160
2144
2161
2162
2146
2151
2147
2152
2153
2149
2151
2181
2150
2152
2182
2153
2183
2152
2153
2155
2160
2156
2161
2162
2158
2160
2190
2159
2161
2191
2162
2192
2161
2162
2164
2169
2165
2170
2171
2167
2169
2184
2168
2170
2185
2171
2186
2170
2187
2171
2188
2189
2173
2178
2174
2179
2180
2176
2178
2193
2177
2179
2194
2180
2195
2179
2196
2180
2197
2198
2182
2187
2183
2188
2189
2185
2187
2186
2188
2189
2188
2189
2191
2196
2192
2197
2198
2194
2196
2195
2197
2198
2197
2198
)


// ************************************************************************* //
