/*--------------------------------*- C++ -*----------------------------------*\
  =========                 |
  \\      /  F ield         | OpenFOAM: The Open Source CFD Toolbox
   \\    /   O peration     | Website:  https://openfoam.org
    \\  /    A nd           | Version:  8
     \\/     M anipulation  |
\*---------------------------------------------------------------------------*/
/*   Windows 32 and 64 bit porting by blueCAPE: http://www.bluecape.com.pt   *\
|  Based on Windows porting (2.0.x v4) by Symscape: http://www.symscape.com   |
\*---------------------------------------------------------------------------*/
FoamFile
{
    version     2.0;
    format      ascii;
    class       labelList;
    note        "nPoints: 3535 nCells: 2214 nFaces: 7777 nInternalFaces: 6496";
    location    "constant/vegetation/polyMesh";
    object      neighbour;
}
// * * * * * * * * * * * * * * * * * * * * * * * * * * * * * * * * * * * * * //


6496
(
2
19
1392
1393
1394
1395
4
21
2049
2050
2051
2052
47
383
386
387
388
2081
2083
2084
2087
24
25
1405
1406
1407
1408
54
1461
1462
1463
1464
2207
2209
2210
2213
31
33
2070
2071
2072
2073
15
18
2044
2045
2046
16
20
92
93
94
11
13
23
99
100
1516
1517
1520
1521
14
336
337
17
27
1371
1372
1373
28
30
106
107
1530
1531
1534
1535
29
35
111
28
45
1096
1097
1100
1377
1378
1381
46
1384
1385
1388
49
124
127
1559
1560
1562
1563
51
133
1156
1158
1159
1162
1371
1372
1374
1572
1574
1575
1578
46
1391
1393
2045
2046
2048
21
48
137
138
139
140
2081
2082
2083
22
49
92
94
96
136
138
1447
1451
1452
53
141
142
143
144
2207
2208
2209
55
142
2088
2092
2093
30
45
1396
1397
1400
47
342
343
344
345
2053
2055
2057
2059
31
1411
1412
1413
1414
2053
2056
2058
2059
34
50
2054
2055
2056
51
339
340
343
1371
1373
1375
52
1103
1104
1107
57
346
347
52
2060
2061
2064
1417
1418
1419
1420
2200
2202
2204
2206
2067
2068
2071
54
1424
1425
1426
1427
2200
2203
2205
2206
56
2201
2202
2203
57
1421
1422
1425
70
349
1828
1830
1832
1833
38
71
1391
1428
1429
1430
78
136
171
172
173
70
1433
1434
1437
68
72
119
362
363
364
44
120
1441
1442
1443
121
369
371
1848
1852
1853
1854
75
122
376
377
378
2075
2076
2077
52
1097
1100
1102
1110
1111
1112
1397
1400
1402
382
383
384
1385
1388
1389
50
1456
1458
1459
1460
53
2081
2082
2085
55
1447
1448
1451
56
1112
1114
1115
1116
2054
2055
2057
2084
2085
2086
2087
1454
1455
1456
1104
1107
1109
1117
1118
1119
2061
2064
2066
2207
2208
2211
56
2097
2099
2100
2101
2088
2089
2092
1119
1121
1122
1123
2201
2203
2205
2210
2211
2212
2213
2095
2096
2097
61
112
146
204
206
1637
1638
1641
1643
64
147
395
396
399
62
118
218
727
728
731
733
1658
1659
1663
1664
130
339
403
404
405
131
410
412
1897
1900
1902
1903
340
2102
2103
2106
341
417
418
421
111
152
162
435
436
437
67
153
1125
1126
1127
84
441
442
76
79
444
445
446
77
82
83
449
450
452
456
1224
1228
1229
1230
1434
1437
1438
78
382
459
460
463
79
132
1469
1470
1471
133
384
2110
2111
2112
81
134
385
1477
1478
1479
135
1132
1133
1134
113
119
1484
1485
1486
85
116
1494
1495
1496
185
285
289
1740
1741
1743
1744
113
476
477
478
86
114
186
483
484
485
115
188
490
491
492
87
116
497
498
499
85
87
502
503
153
1501
1502
1503
155
1510
1511
1512
154
192
507
508
509
155
514
515
516
93
281
323
91
95
282
324
325
169
172
292
326
327
174
293
329
330
96
95
123
323
1558
1560
1562
95
96
124
171
125
174
324
591
593
595
175
199
203
391
521
522
523
105
200
1096
1517
1518
1519
103
106
392
527
530
531
533
1396
103
204
1097
1397
1523
1526
1527
1529
108
201
393
528
529
530
202
208
1098
1524
1525
1526
209
394
520
523
525
526
1398
109
110
235
430
434
794
796
797
1537
1538
1542
1543
236
1103
1531
1532
1533
110
431
1537
1540
1541
1543
2060
109
110
435
1104
2061
237
432
1538
1539
1540
238
439
810
811
813
1105
1530
1533
1535
1536
433
440
2062
346
436
437
438
534
535
536
537
1421
130
1110
1140
1141
1144
132
477
478
479
550
551
1484
1486
1487
1960
1963
1964
1965
154
1111
2116
2117
2120
134
1113
2123
2124
2127
155
1544
1545
1546
564
566
1315
1318
1319
1320
1465
1466
131
571
575
1974
1976
1977
1980
132
363
364
365
584
585
586
1484
1485
1488
1380
1381
1382
1383
1442
1443
1445
1553
1554
1556
1557
2131
2132
2133
2136
1551
1552
1553
135
2130
2131
2134
281
1558
1560
1561
128
285
592
593
595
597
1447
282
287
591
593
594
283
288
482
599
600
601
128
158
483
1448
1565
1568
1569
1571
290
486
598
600
603
604
1449
160
284
488
1566
1567
1568
1454
1572
1573
1576
1156
1157
1160
1470
1471
1475
1579
1580
1581
134
1455
2111
2112
2114
2138
2139
2140
2143
1457
1478
1479
1482
1575
1576
1577
1578
1580
1582
1583
1584
2123
2127
2128
2137
2138
2141
140
171
173
175
185
1391
2179
2183
2184
139
140
1392
139
140
142
187
143
189
1394
143
144
2049
143
144
193
194
2051
161
1409
2144
2145
2148
339
1110
2151
2152
2155
341
1410
2158
2159
2162
150
151
342
1411
2053
2161
2162
2163
2164
150
151
165
1112
1399
1400
1401
1402
2054
344
1114
2057
2154
2155
2156
2157
166
1413
2058
2147
2148
2149
2150
346
1117
1586
1587
1590
620
621
1126
1127
1129
1501
1503
1504
2030
2033
2034
2035
1118
2165
2166
2169
515
516
517
626
627
628
1510
1511
1513
1544
1546
1550
348
1120
1589
1590
1591
1592
1594
2166
2167
2168
2171
159
506
1595
1597
1600
1601
159
507
1595
1598
1599
1601
2089
510
2090
319
511
1596
1597
1598
1415
2172
2173
2176
163
167
435
437
440
1117
1421
2061
2062
2063
2066
164
1416
1423
1467
1468
2172
2174
2175
2178
166
167
1417
1424
2200
166
167
1119
2063
2064
2065
2066
2201
1419
2175
2176
2177
2178
2204
1121
1426
2205
254
350
633
634
637
255
1429
1602
1603
256
351
636
637
638
639
884
885
887
1431
1603
1604
174
175
285
174
286
327
1429
1739
1741
1743
175
1430
287
330
1746
1748
1751
179
332
368
641
642
643
369
1605
1606
334
372
640
642
644
646
1605
1607
180
357
650
368
375
652
653
654
246
370
585
658
659
660
377
468
586
1609
1610
1611
374
379
587
1616
1617
1618
380
469
666
667
382
2179
2180
2183
192
1111
2186
2187
2190
189
191
193
1450
1451
1452
1453
2082
385
1113
2193
2194
2197
190
386
2083
2182
2183
2184
2185
191
387
1115
2084
2196
2197
2198
2199
196
1116
2086
2189
2190
2191
2192
196
507
509
510
1118
2089
2090
2091
2094
2186
2190
2192
194
196
2091
2092
2093
2094
2208
195
1462
2209
196
1122
1463
2210
1123
2212
210
214
398
671
672
212
228
400
676
677
678
210
214
681
682
236
538
684
685
215
237
687
688
213
540
690
691
210
398
1631
1632
1633
209
1140
1651
1653
1655
1656
2151
211
404
1141
1638
1639
1640
209
399
405
1644
1647
1649
1650
2152
212
400
406
1645
1646
1647
213
1142
1652
1653
1654
401
1630
1633
1634
1636
2153
693
694
231
544
696
697
698
233
702
703
546
705
706
391
709
710
240
393
714
715
336
564
720
722
724
725
1465
1466
224
338
567
721
722
723
337
571
739
741
743
744
223
411
572
728
729
730
412
1659
1660
1661
413
735
736
224
338
573
740
741
742
232
578
580
746
747
748
226
417
751
752
755
757
1623
1625
419
425
1665
1666
1670
1671
230
420
426
1666
1667
1668
233
422
752
753
754
428
759
760
402
409
765
766
767
404
605
772
773
774
411
606
779
780
406
784
785
786
407
414
608
1673
1674
1675
239
241
794
795
796
612
800
801
802
240
806
807
245
615
810
811
812
430
816
817
432
820
821
434
826
827
828
833
834
835
244
436
534
620
1124
1127
1128
1129
1679
1682
1683
1685
438
535
825
827
829
831
832
835
836
837
439
622
1680
1681
1682
250
270
841
842
843
252
271
298
847
848
251
253
273
850
851
852
251
253
474
855
856
370
1490
1687
1688
1689
1491
1694
1695
1696
277
302
864
865
279
869
870
453
873
292
460
876
878
879
454
461
884
885
886
455
462
466
891
892
893
457
469
898
295
465
470
902
903
904
264
275
909
910
911
276
307
539
917
918
919
266
278
541
924
925
926
280
308
931
932
933
268
938
939
940
269
545
579
947
948
949
272
547
955
956
957
274
473
581
962
963
964
272
274
275
939
940
943
1714
1715
1719
1720
272
274
550
584
948
949
952
1483
1484
1487
1488
585
1490
1701
1702
1703
277
552
1708
1709
1710
278
553
955
957
960
1707
1709
1711
1713
279
1491
1715
1716
1717
588
962
964
967
1492
1700
1703
1704
1706
278
280
910
911
914
1732
1733
1737
1738
278
280
315
557
918
919
921
1493
1494
1497
1499
558
1722
1723
1724
560
924
926
929
1721
1723
1725
1727
474
1733
1734
1735
317
931
933
935
1728
1731
968
969
293
971
972
294
301
974
975
305
319
977
978
290
1747
1748
1750
1751
2179
292
460
1739
1741
1742
293
1746
1748
1749
294
489
1754
1755
1756
290
463
490
1760
1763
1764
1766
2180
493
1753
1755
1757
1759
2181
295
465
495
1761
1762
1763
980
981
982
984
985
296
987
988
300
990
991
992
301
489
995
996
467
491
551
1768
1769
1770
302
552
1002
1003
304
494
554
1775
1776
1777
470
495
1008
1009
1010
482
1015
1016
558
1020
1021
320
485
559
1782
1783
1784
487
561
1789
1790
1791
321
488
1025
1026
1027
310
314
1796
1797
1798
315
614
1041
1042
1043
317
1052
1053
1054
313
318
616
1059
1060
1061
1071
1072
1075
1507
1796
1798
1800
1802
1803
1807
1808
619
1066
1067
621
1500
1503
1504
1505
1802
1805
1806
1808
623
1508
1803
1804
1805
317
318
1507
1797
1798
1801
317
318
626
1042
1043
1046
1509
1510
1513
1514
318
627
1030
1509
1511
1513
1515
1052
1054
1057
1809
1811
629
1059
1061
1064
1508
321
1076
1077
508
628
1814
1815
1816
511
1089
1090
1091
512
630
1079
1082
1084
1086
1813
1816
1817
1819
324
968
971
329
328
980
1602
328
330
981
331
331
331
984
357
1440
1820
1821
1824
334
335
1368
1441
1369
1444
1821
1822
1823
1826
360
1446
1823
1824
1825
1826
338
1377
338
1378
721
722
724
740
741
743
1379
341
344
403
405
408
1454
2152
2155
2156
341
345
1403
2102
2106
2107
342
418
421
423
1404
2159
2162
2164
344
345
1405
344
345
1456
1458
1408
348
1587
1590
1591
2095
348
2096
2098
351
452
2044
453
1827
1828
1829
454
1829
1831
1832
1833
2047
353
1602
639
1604
360
1191
1193
1195
1196
1433
1435
1436
1439
453
1184
1185
1186
1190
1191
1192
375
1197
1198
1201
376
456
1835
1836
1837
380
457
1204
1205
1207
381
1200
1201
1202
1203
1834
1837
1838
1840
365
366
367
657
1608
366
367
444
1469
365
366
445
658
365
367
1471
1609
661
1612
447
663
1472
1614
1440
1841
1842
1843
372
1211
1213
1215
1216
1605
1606
1607
1552
1848
1849
1850
372
374
1442
1553
1444
1841
1844
1846
1847
1210
1211
1212
1445
1554
1616
1617
1620
1843
1845
1846
1847
1850
1851
1853
1854
1440
1855
1856
1859
381
1132
1836
1837
1838
1865
1866
1867
1868
379
1133
1610
1611
1613
1863
1864
1865
1868
2130
379
381
1443
2131
1445
1616
1618
1621
1855
1857
1858
1861
2132
1135
1862
1863
1866
1446
1858
1859
1860
1861
385
386
459
463
464
1391
2180
2183
2185
386
388
1393
385
388
1455
2110
2111
2113
387
1457
1477
1479
1480
2193
2197
2199
387
1394
388
1459
1460
390
394
396
2144
397
1176
1178
1869
1873
1874
1875
398
1869
1870
1871
394
431
1878
1879
1881
1882
2145
432
1876
1877
1878
401
1871
1872
1874
1875
2146
397
417
1623
1624
1890
1893
1895
1896
397
401
2158
1627
1628
1883
1886
1888
1889
1883
1884
1885
401
421
1892
1894
1895
1896
2159
422
1890
1891
1892
1885
1887
1888
1889
2160
406
407
408
420
765
767
769
1370
407
408
1371
1572
406
407
773
774
777
1573
1638
1639
1643
406
408
421
422
784
786
789
1646
1647
1650
1374
1574
1673
1674
1677
423
1375
414
415
426
766
767
770
1217
1221
1222
1223
1370
414
415
1156
1372
1157
1897
1898
1899
415
427
1219
1220
1222
1223
1659
1660
1663
428
1217
1218
1219
1158
1374
1673
1675
1678
1899
1901
1902
1903
429
1376
775
781
1166
419
422
419
423
2102
420
2104
422
423
1666
1667
1670
2105
422
423
752
753
757
1890
1892
1896
2107
425
429
2103
426
2104
429
1666
1668
1671
1905
1907
1908
1910
2105
429
1906
1908
1909
1910
1904
1905
1906
2108
433
816
1912
1914
1915
1916
433
1913
1914
1916
1917
2173
1911
1912
1913
1468
2174
438
439
440
827
828
831
439
440
1586
438
439
1587
438
440
1467
1588
1680
1682
1685
1468
443
1126
1501
443
1502
1506
476
447
448
841
1485
448
478
847
1486
844
846
849
1489
451
498
864
1495
451
503
867
1496
866
868
1498
454
458
1384
1224
1225
1226
455
884
886
888
1225
1227
1228
1229
1386
458
891
892
894
1131
1232
1233
1234
1237
1387
458
1132
1234
1235
1236
1237
1835
1836
1839
1135
1231
1232
1235
1137
1390
461
464
1385
1428
461
465
878
879
881
1429
1741
1742
1744
462
885
886
889
1386
1431
464
465
891
893
895
1387
1476
464
465
1477
1389
1480
902
903
905
1481
1761
1763
1764
1131
1476
1918
1919
1922
471
1470
1473
1474
1475
1478
1580
1768
1770
1772
1934
1936
1937
1938
1133
1581
1925
1926
1929
1135
1242
1243
1481
1932
1933
1934
1136
1482
1582
1921
1922
1923
1924
1928
1929
1930
1931
565
1248
1249
1250
568
962
963
966
1250
1252
1253
1254
1492
856
1491
1733
1735
1738
479
480
481
1001
1767
480
481
1469
479
481
1470
1768
479
480
1002
1004
1771
1005
1000
1473
1772
489
1939
1940
1941
486
507
1947
1949
1951
1952
2186
486
487
492
2116
2187
487
508
1783
1784
1786
1948
1950
1951
1952
2117
493
1939
1942
1944
1945
2188
494
1789
1791
1794
1940
1943
1944
1945
2118
511
1946
1947
1948
1953
1954
1955
493
495
1477
2193
494
495
1478
1769
1770
1773
2123
493
494
2124
2194
1953
1956
1958
1959
2195
1775
1776
1779
1954
1957
1958
1959
2125
1008
1010
1013
1481
1762
1763
1766
1955
1956
1957
1958
500
501
1019
1781
501
514
500
1020
1545
500
501
516
1546
1782
1022
1548
1785
518
1787
504
505
515
1030
1511
504
1032
1512
1033
1515
519
1031
510
511
512
1080
1082
510
511
511
512
1815
1816
1819
2165
510
512
2166
1089
1091
1094
1597
1598
1601
1947
1948
1952
2167
517
518
519
1083
1084
1813
518
519
517
519
1085
517
518
1814
1086
1817
1818
1087
524
525
526
527
1523
524
525
528
681
1870
524
526
682
1524
1632
525
526
1633
1871
532
683
1528
533
1872
1529
1634
531
532
533
1516
532
533
687
1877
531
532
688
1518
1539
531
533
1540
1878
1520
1541
689
1522
1879
535
537
536
537
612
1096
1255
1256
1259
557
614
1264
1265
1268
546
1098
1271
1272
1275
547
560
1278
1279
1282
543
548
562
1099
1274
1275
1276
1277
1281
1282
1283
1284
563
618
1101
1258
1259
1260
1261
1267
1268
1269
1270
605
1141
1287
1288
1291
550
607
1294
1295
1298
1142
1301
1302
1305
553
1308
1309
1312
549
555
1143
1304
1305
1306
1307
1311
1312
1313
1314
556
610
1145
1290
1291
1292
1293
1297
1298
1299
1300
553
556
1295
1298
1299
1579
554
556
1580
1768
1769
1771
2123
558
1960
1961
1962
555
560
1309
1312
1314
1961
1963
1965
1966
555
561
1776
1777
1778
1962
1964
1965
1966
2125
556
562
2126
1584
2128
560
563
626
1265
1268
1269
1544
1547
1549
1550
1967
1968
1969
561
563
628
1546
1548
1549
1550
1782
1783
1785
2117
562
1279
1282
1284
1968
1970
1972
1973
562
1790
1791
1792
1969
1971
1972
1973
2118
563
2119
632
2121
567
570
1377
1315
1316
1317
568
570
1551
569
580
722
723
725
1316
1318
1319
1321
1334
1338
1339
1379
569
581
1317
1319
1320
1321
1555
1995
1999
2000
570
582
1380
1556
1382
1557
577
1378
1981
1983
1984
1986
578
1157
1974
1975
1978
580
1379
1981
1982
1985
576
577
582
1380
1984
1985
1986
1987
2133
576
577
1160
2134
583
1161
1977
1978
1979
1980
2135
1383
2136
606
1327
1328
1331
584
607
1988
1989
1992
1334
1335
1338
588
1995
1996
1999
583
589
1337
1338
1339
1340
1998
1999
2000
2001
590
611
1330
1331
1332
1333
1991
1992
1993
1994
588
590
1579
1989
1992
1993
587
588
658
660
661
1552
1701
1703
1704
587
590
1581
1609
1610
1612
2130
589
1554
1617
1618
1619
2132
589
1555
1996
1999
2001
590
1556
2133
1585
2135
595
596
971
1558
595
596
597
598
1559
595
597
1748
596
597
599
972
1749
1562
602
973
1564
603
1750
602
603
604
1565
602
603
974
1754
603
604
1755
1939
602
604
975
1567
1941
976
1570
1757
1571
1942
1573
2002
2003
2006
1157
1341
1342
1345
1579
2009
2011
2012
609
1158
1342
1343
1344
1347
1574
1674
1675
1676
2003
2004
2005
2008
610
611
1159
1575
1583
1577
1584
2005
2006
2007
2008
2010
2011
2013
2015
1161
1344
1345
1346
1347
1585
2010
2012
2014
2015
1103
1348
1349
1352
619
1355
1356
626
1361
1362
1365
622
1105
2016
2017
2020
623
629
2023
2024
2027
618
624
631
1106
2019
2020
2021
2022
2026
2027
2028
2029
632
1108
1351
1352
1353
1354
1364
1365
1366
1367
2030
2031
2032
622
625
1587
623
625
624
1588
1681
1682
1683
2017
2020
2022
2031
2033
2035
2036
624
1593
1804
1805
1806
2023
2027
2028
2032
2034
2035
2036
625
1589
1594
1591
629
632
1362
1365
1367
629
630
1085
1086
630
632
1814
1816
1817
2165
631
1593
2024
2027
2029
631
2167
632
1594
2168
2170
635
639
635
638
1827
636
638
639
638
639
873
1829
1831
874
644
645
646
644
645
650
1820
644
646
1821
1841
645
646
647
1842
1822
649
1844
649
1210
649
1211
1606
1213
1607
1197
655
656
665
1615
655
1842
655
656
1616
1843
1855
656
666
1856
664
1620
1845
668
1621
1857
661
662
663
1615
661
663
841
662
663
842
1849
661
662
1617
1850
1619
664
1620
1851
844
1214
668
669
1608
668
1862
668
669
1243
1611
1863
1613
1864
1244
1614
673
674
675
1626
673
674
709
1627
1883
673
677
693
1884
679
1628
1886
711
1629
679
680
1622
679
680
752
1623
1890
679
702
1891
680
754
1624
1893
755
1625
683
687
710
683
690
694
689
692
686
688
801
1518
686
691
1256
1519
689
692
1522
689
715
689
807
692
705
1524
692
1271
1525
1528
695
702
1631
695
705
1632
704
707
1635
699
701
772
1287
700
701
703
773
1639
699
700
706
1288
1640
1289
704
707
1642
776
704
1645
704
786
1646
1648
707
1652
707
1302
1654
1657
711
712
713
1175
711
712
1176
1869
712
715
1870
1177
716
1178
1873
716
717
716
717
820
1876
716
1877
1880
822
719
723
1316
725
1318
1466
724
725
726
724
726
746
724
725
725
726
747
731
732
733
734
739
731
733
1897
1974
732
733
735
1898
731
732
742
1975
744
1976
745
738
1900
737
738
1658
738
1218
737
738
1219
1660
1662
1220
1663
743
744
745
743
745
746
743
744
1981
744
745
748
1982
1983
1334
1335
750
751
758
755
755
756
757
1665
755
757
756
757
784
1667
755
756
785
788
1669
1670
761
762
763
1665
761
763
1904
762
763
790
1668
1905
791
1669
1671
1907
768
769
770
783
1672
768
769
784
1667
768
770
790
1668
769
770
1673
788
791
1669
789
1677
792
1678
775
776
777
783
1672
775
776
2002
776
777
786
775
777
1674
2003
1676
2004
787
789
1677
781
782
1672
782
1898
781
782
1342
1675
1899
1343
1676
792
1678
1901
787
788
789
788
789
787
788
787
789
791
792
1217
1221
797
798
799
809
797
798
806
816
798
799
817
826
797
799
810
828
808
813
818
815
830
804
1348
803
807
1532
803
804
811
1349
1533
808
813
1536
814
1350
812
1181
1355
808
821
1538
808
1539
1542
813
814
815
813
815
1680
813
814
2016
814
815
1681
2017
2018
1684
818
821
818
823
822
823
824
822
824
1911
823
824
1912
1915
829
830
831
839
1679
829
830
829
831
830
831
1680
840
1684
1685
836
837
838
839
1124
836
838
1125
837
838
836
837
1128
840
1130
840
1179
844
846
1701
844
845
1688
845
846
851
1689
1702
853
1691
854
1705
849
1002
1708
849
852
865
1710
854
1712
853
869
1694
853
854
1695
1716
854
870
1717
1697
1718
857
869
1694
857
1696
1698
859
860
1693
863
1697
862
863
1686
862
863
1212
1688
1215
1690
1691
866
1020
1722
866
870
1724
871
1726
868
1032
1729
871
1730
871
1734
1736
874
875
883
874
875
884
1225
887
888
899
1227
880
882
980
1602
880
881
882
883
901
880
881
885
1603
881
882
902
982
887
1604
889
905
907
887
888
889
890
887
888
887
889
888
889
891
894
895
894
895
896
897
901
894
895
894
896
898
1918
895
896
903
1919
899
905
900
906
1920
899
900
899
900
1232
1242
1233
1245
905
906
907
905
907
990
905
906
1932
906
907
992
1933
1935
912
913
914
923
930
912
913
938
913
914
924
939
912
914
931
934
928
941
929
935
932
1034
920
921
922
923
930
920
922
1041
1264
920
921
926
1265
921
922
933
1042
927
1266
929
935
936
1045
927
928
929
928
929
955
927
928
956
1278
927
929
1279
1280
959
934
935
936
934
935
934
936
1053
935
936
1054
1056
941
942
943
954
961
941
942
941
943
955
942
943
962
959
953
966
960
967
945
963
1250
1323
953
966
1252
950
951
952
954
961
950
951
1294
1988
950
952
957
1295
951
952
964
1989
958
1296
965
1990
960
967
958
959
960
959
960
958
959
1308
958
960
1309
1310
965
966
967
966
967
965
966
1995
965
967
1996
1997
970
971
1558
970
977
1561
973
979
1564
973
973
974
985
976
976
987
976
978
1016
979
979
1076
1566
979
1025
1567
1570
983
984
1739
983
990
1742
986
993
1745
986
1746
986
987
1749
989
1752
989
1754
989
991
996
1756
993
1758
993
1761
993
1008
1762
1009
1765
997
998
999
1007
1774
998
999
1015
1775
1954
997
998
1008
1955
1012
1013
1779
1957
1017
1780
1011
1240
1004
1005
1006
1774
1004
1005
1960
1004
1006
1021
1777
1962
1778
1964
1023
1780
1011
1012
1013
1767
1012
1013
1011
1012
1933
1011
1013
1770
1934
1772
1936
1773
1017
1018
1024
1788
1017
1018
1789
1940
1018
1025
1941
1793
1028
1794
1943
1022
1023
1788
1022
1967
1022
1023
1790
1969
1792
1971
1793
1028
1029
1781
1028
1946
1029
1090
1028
1029
1091
1784
1948
1786
1950
1092
1787
1031
1085
1087
1033
1810
1812
1035
1053
1049
1055
1038
1039
1047
1058
1038
1039
1060
1067
1356
1062
1358
1050
1063
1070
1044
1045
1046
1051
1058
1044
1045
1361
1045
1046
1054
1044
1046
1061
1362
1062
1363
1056
1057
1064
1049
1050
1795
1049
1050
1072
1796
1799
1075
1800
1055
1056
1057
1795
1055
1057
1797
1055
1056
1056
1057
1799
1801
1062
1063
1064
1795
1063
1064
1798
1803
1062
1063
1804
2023
1062
1064
2024
2025
1800
1807
1801
1068
1069
1070
1071
1500
1802
1068
1069
1501
2030
1068
1070
1804
2032
1504
1806
2034
1074
1506
1075
1807
1074
1075
1075
1074
1075
1078
1596
1078
1089
1597
1600
1081
1082
1088
1095
1081
1082
1089
1093
1094
1088
1095
1086
1087
1095
1086
1087
1092
1093
1094
1813
1093
1094
1092
1093
1092
1094
1815
1818
1819
1098
1101
1103
1256
1259
1260
1517
1519
1521
1098
1102
1140
1099
1142
1271
1275
1276
1525
1526
1527
1101
1102
1143
2119
1101
1102
1107
2120
1108
2121
1146
2122
1105
1108
1349
1352
1353
1531
1533
1535
1105
1109
1586
1106
1588
2016
2020
2021
1108
1109
1589
2168
1108
1109
2169
2170
1592
2171
1113
1114
1140
1144
1146
1454
2151
2155
2157
1113
1116
1118
2116
2120
2122
2187
2190
2191
1114
1116
1119
1115
1457
2124
2127
2129
2194
2197
2198
1115
1458
1116
1459
1123
1120
1121
1586
1590
1592
2095
1120
1123
2166
2169
2171
1121
1123
1122
2098
1122
2099
1123
2100
1128
1129
1130
1179
1128
1130
1129
1130
1180
1128
1129
1182
1136
1137
1918
1922
1924
2037
2041
2042
2043
2109
1137
2039
2040
2041
2043
1136
1926
1929
1930
2038
2040
2042
2043
2137
1136
1137
2112
2138
2037
2038
2039
2114
2139
2115
1139
1258
1262
1267
1174
1261
1270
1142
1146
1142
1145
1288
1291
1292
1573
1638
1640
1641
1143
1302
1305
1307
1653
1654
1656
1145
1146
2126
1145
1146
1576
2127
1577
2128
2129
1151
1163
1287
1149
1151
1165
1294
1150
1296
1151
1285
1290
1297
1168
1293
1300
1153
1155
1165
1988
1154
1324
1990
1155
1325
1330
1991
1169
1333
1994
1158
1162
1158
1161
1342
1345
1347
1897
1899
1903
1974
1978
1980
1159
1161
1162
2140
1161
1162
2141
2142
2143
1166
1168
2002
1166
1169
1341
1168
1169
2009
1167
1343
2004
1168
1169
1344
2005
2010
2007
2013
1346
2014
1172
1174
1361
1173
1350
1357
1173
1358
1363
1174
1351
1359
1364
1354
1366
1177
1178
1177
1178
1627
1629
1182
1183
1679
1182
2030
1182
1183
1681
2031
1683
2033
1684
1187
1190
1187
1189
1224
1434
1189
1204
1226
1188
1193
1435
1189
1195
1206
1436
1209
1230
1438
1193
1194
1193
1196
1194
1196
1197
1195
1195
1199
1196
1200
1202
1199
1202
1820
1199
1203
1205
1856
1200
1202
1203
1206
1202
1203
1824
1859
1825
1208
1860
1209
1231
1208
1862
1208
1209
1834
1208
1209
1235
1836
1866
1838
1867
1236
1839
1213
1214
1842
1213
1215
1214
1215
1849
1216
1844
1216
1845
1851
1216
1852
1846
1853
1221
1223
1905
1220
1221
1898
1220
1223
1906
1222
1900
1222
1901
1223
1902
1910
1229
1230
1828
1227
1229
1829
1227
1230
1231
1228
1233
1229
1230
1234
1833
1236
1233
1236
1233
1237
2037
1234
1236
1237
1236
1237
2039
2041
1241
1244
1472
1241
1245
1935
1241
1473
1936
1246
1474
1937
1245
1247
1918
2037
1244
1247
1926
2038
1246
1927
1246
1920
1247
1921
1928
1924
1930
2042
1251
1254
1315
1251
1252
1252
1254
1317
1253
1253
1254
1320
1257
1261
1348
1257
1260
1271
1258
1273
1260
1261
1274
1260
1261
1352
1276
1354
1263
1274
1281
1277
1283
1286
1266
1270
1361
1266
1269
1279
1267
1280
1269
1270
1281
1269
1270
1365
1284
1366
1273
1276
1273
1277
1301
1274
1276
1277
1276
1277
1305
1306
1280
1283
1308
1280
1284
1281
1283
1284
1283
1284
1312
1313
1286
1304
1311
1306
1313
1289
1293
2002
1289
1292
1302
1290
1303
1292
1293
1304
1292
1293
2006
1307
2007
1296
1300
2009
1296
1299
1309
1297
1310
1299
1300
1311
1299
1300
2011
1314
2013
1303
1306
1303
1307
1304
1306
1307
1306
1307
1310
1313
1310
1314
1311
1313
1314
1313
1314
1318
1320
1318
1321
1322
1320
1321
1323
1319
1320
1321
1326
1326
1334
1324
1326
1995
1325
1997
1326
1337
1998
1339
2000
1329
1333
1341
1329
1332
1335
1975
1330
1336
1332
1333
1337
1332
1333
1345
1978
1340
1979
1346
1336
1339
1336
1340
1982
1337
1339
1340
1339
1340
1985
1987
1343
1346
1343
1347
1344
1346
1347
1346
1347
1350
1354
1350
1353
2016
1351
2018
1353
1354
2019
1353
1354
2021
1357
1360
2017
2031
1358
1360
2023
2032
1359
2018
1359
2025
1360
2019
2026
2022
2028
2036
1363
1366
1363
1367
2024
1364
2025
1366
1367
2026
1366
1367
2029
1369
2075
2078
1374
1375
1376
2105
1374
1375
1374
1376
1375
1376
2106
2107
2108
1379
1382
1379
1383
1380
1981
1985
1986
1382
1383
1382
1383
1386
1390
2044
1386
1389
2045
1387
2047
1389
1390
2109
1389
1390
2110
2113
2115
1394
1428
1430
1432
1394
1395
1394
1395
1398
1401
2060
2145
1398
1402
2151
1399
2146
2153
1401
1402
2147
2154
1401
1402
2064
2065
2150
2157
1404
1408
1405
1410
1407
1408
1411
1407
1408
1414
1410
1413
1415
2144
2148
2149
1411
2158
2162
2163
1413
1414
1413
1414
1418
1419
1416
1419
2172
2176
2178
1417
2069
1419
1420
2070
1419
1420
2072
1423
1426
2095
1423
1427
2068
1424
2069
1426
1427
2070
1426
1427
2097
2099
2073
1431
1432
2045
1431
1603
1432
2047
2048
1435
1439
1435
1438
1436
1438
1439
1834
1438
1439
1835
1839
1840
1444
1445
1446
1821
1824
1826
1841
1843
1847
1855
1859
1861
1444
1446
2075
1444
1445
2076
1445
1446
2078
1449
1452
2179
1449
1453
2089
2186
1450
2181
2188
1452
1453
2182
2189
1452
1453
2092
2184
2094
2192
1457
1458
1572
1576
1578
1457
1460
1458
1460
1459
1459
1460
1462
1464
2050
1463
2051
1464
2100
2101
1466
1468
1472
1473
1473
1475
1472
1475
1925
1474
1927
1474
1475
1928
1931
1480
1481
1482
1919
1922
1923
2109
1480
1481
1481
1482
1480
1482
2111
2113
1932
1934
1938
2114
1487
1488
1489
1700
1707
1487
1488
1488
1489
1701
1487
1489
1708
1711
1704
1705
1712
1491
1492
1552
1687
1689
1692
1702
1703
1706
1695
1696
1699
1715
1716
1719
1555
1497
1498
1499
1721
1728
1497
1499
1510
1544
1497
1498
1545
1722
1498
1499
1512
1729
1547
1725
1726
1730
1514
1731
1504
1505
1506
1504
1506
1505
1506
1504
1505
1508
1593
1803
1805
1808
1513
1514
1515
1809
1513
1514
1513
1515
1514
1515
1810
1811
1812
1520
1521
1522
1523
1520
1521
1531
1520
1522
1532
1521
1522
1525
1534
1527
1528
1527
1528
1529
1528
1529
1652
1527
1528
1527
1529
1653
1655
1534
1535
1536
1537
1534
1535
1534
1536
1539
1535
1536
1541
1542
1541
1542
1543
1542
1543
1912
1541
1542
1541
1543
1913
1914
1547
1550
1547
1548
1967
1548
1550
1549
1970
1549
1971
1550
1972
1555
1557
1554
1555
1848
1850
1854
1554
1557
1556
1556
1557
1562
1564
1562
1563
1564
1565
1562
1563
1563
1564
1566
1569
1570
1569
1570
1571
1569
1570
1596
1570
1571
1946
1569
1571
1598
1947
1599
1949
1574
1578
1574
1577
2003
2006
2008
1575
1577
1578
1577
1578
1584
1585
2011
2012
2015
1582
1584
1582
1585
1925
1929
1931
2137
1583
2139
1584
1585
2140
2142
1588
1592
1588
1591
1589
1591
1592
1591
1592
1594
1599
1600
1601
1599
1600
1600
1601
1599
1601
1604
1604
1607
1607
1612
1613
1614
1615
1612
1614
1925
1612
1613
1618
1613
1614
1926
1619
1621
1927
1619
1620
1621
1620
1621
1619
1620
1619
1621
1624
1625
1626
1624
1625
1628
1628
1629
1628
1629
1634
1635
1636
1644
1651
1635
1636
1645
1884
1634
1635
1652
1634
1636
1885
1655
1648
1657
1649
1887
1641
1642
1643
1644
1651
1641
1643
1642
1643
1646
1641
1642
1654
1656
1648
1657
1650
1648
1649
1650
1648
1649
1891
1648
1650
1649
1650
1892
1894
1655
1656
1657
1655
1657
1655
1656
1656
1657
1662
1663
1664
1663
1664
1662
1663
1662
1664
1669
1670
1671
1670
1671
1669
1670
1669
1671
1676
1677
1678
1677
1678
1676
1677
1676
1678
1683
1684
1685
1684
1685
1683
1684
1683
1685
1690
1691
1692
1693
1690
1692
1848
1690
1691
1849
1691
1692
1695
1852
1697
1699
1697
1698
1699
1697
1698
1697
1699
1698
1699
1704
1705
1706
1714
1704
1705
1705
1706
1716
1704
1706
1718
1719
1711
1712
1713
1714
1711
1712
1960
1711
1713
1723
1961
1712
1713
1717
1724
1963
1718
1720
1727
1718
1719
1720
1719
1720
1733
1718
1719
1718
1720
1734
1737
1725
1726
1727
1732
1725
1726
1967
1725
1727
1968
1726
1727
1734
1970
1736
1737
1730
1731
1732
1730
1731
1810
1736
1811
1736
1737
1738
1737
1738
1736
1737
1736
1738
1743
1745
1746
1743
1744
1745
1747
1760
1743
1744
1744
1745
1761
1751
1764
1752
1765
1751
1752
1750
1751
1752
1753
1750
1751
1750
1752
1754
1757
1758
1757
1758
1759
1760
1757
1758
1757
1759
1953
1758
1759
1762
1955
1765
1766
1956
1764
1765
1766
1764
1765
1765
1766
1764
1766
1771
1772
1773
1774
1771
1772
1771
1773
1776
1772
1773
1778
1779
1778
1779
1780
1779
1780
1789
1778
1779
1778
1780
1790
1793
1785
1786
1787
1788
1785
1787
1814
1785
1786
1791
1786
1787
1815
1792
1794
1818
1792
1793
1794
1793
1794
1792
1793
1792
1794
1799
1800
1801
1799
1800
1799
1801
1800
1801
1806
1807
1808
1807
1808
1806
1807
1806
1808
1811
1812
1811
1812
1817
1818
1819
1817
1818
1818
1819
1817
1819
1822
1825
1822
1826
1823
1825
1826
1825
1826
1830
1831
1830
1833
1831
1833
1832
1832
1833
1838
1839
1840
1839
1840
1838
1839
1838
1840
1844
1847
1844
1845
1845
1847
1846
1846
1847
1852
1854
1851
1852
1851
1854
1853
1853
1854
1857
1861
1857
1860
1862
1858
1864
1860
1861
1865
1860
1861
1867
1864
1867
1864
1868
2038
1865
1867
1868
1867
1868
2039
2040
1873
1875
1883
1872
1873
1877
1872
1875
1885
1874
1879
1874
1880
1875
1881
1889
1880
1882
1911
1879
1880
1879
1882
1913
1881
1881
1882
1917
1886
1889
1886
1887
1891
1887
1889
1888
1893
1888
1894
1889
1895
1893
1896
1893
1894
1894
1896
1895
1895
1896
1900
1903
1900
1901
1901
1903
1902
1902
1903
1907
1909
1907
1910
1909
1910
1908
1909
1910
1915
1917
1914
1915
1914
1917
1916
1916
1917
1920
1924
1920
1923
1932
1921
1935
1923
1924
1937
1923
1924
1938
1927
1931
1927
1930
1928
1930
1931
1930
1931
1935
1938
1935
1936
1936
1938
1937
1937
1938
1942
1945
1953
1943
1945
1954
1942
1943
1946
1944
1949
1944
1950
1945
1951
1959
1949
1950
1949
1952
1950
1952
1951
1951
1952
1956
1959
1957
1959
1956
1957
1958
1958
1959
1963
1964
1963
1966
1968
1964
1966
1969
1965
1965
1966
1973
1970
1971
1970
1973
1971
1973
1972
1972
1973
1976
1980
1976
1979
1982
1977
1983
1979
1980
1984
1979
1980
1987
1983
1986
1983
1987
1984
1986
1987
1986
1987
1990
1994
2009
1990
1993
1996
1991
1997
1993
1994
1998
1993
1994
2012
2001
2014
1997
2000
1997
2001
1998
2000
2001
2000
2001
2004
2007
2004
2008
2005
2007
2008
2007
2008
2013
2014
2013
2014
2015
2013
2015
2014
2015
2018
2021
2018
2022
2019
2021
2022
2021
2022
2025
2028
2025
2029
2026
2028
2029
2028
2029
2033
2034
2033
2036
2034
2036
2035
2035
2036
2041
2042
2040
2042
2040
2041
2043
2043
2043
2047
2047
2048
2048
2051
2052
2051
2052
2057
2058
2059
2057
2058
2201
2057
2059
2058
2059
2202
2204
2062
2065
2173
2062
2066
2063
2174
2065
2066
2175
2065
2066
2177
2069
2072
2069
2073
2070
2072
2073
2072
2073
2078
2079
2080
2078
2080
2078
2079
2079
2080
2083
2087
2083
2086
2208
2084
2086
2087
2086
2087
2211
2212
2090
2093
2090
2094
2091
2093
2094
2093
2094
2098
2099
2098
2101
2099
2101
2100
2100
2101
2104
2107
2104
2108
2105
2107
2108
2107
2108
2113
2114
2115
2113
2115
2113
2114
2114
2115
2118
2122
2124
2118
2121
2165
2119
2125
2121
2122
2126
2121
2122
2169
2170
2129
2125
2128
2125
2129
2126
2128
2129
2128
2129
2132
2135
2137
2132
2136
2133
2135
2136
2135
2136
2141
2142
2139
2142
2139
2143
2140
2142
2143
2142
2143
2146
2149
2158
2146
2150
2173
2147
2160
2149
2150
2161
2149
2150
2176
2163
2177
2153
2157
2153
2156
2159
2154
2160
2156
2157
2161
2156
2157
2164
2160
2163
2160
2164
2161
2163
2164
2163
2164
2167
2170
2167
2171
2168
2170
2171
2170
2171
2174
2178
2174
2177
2175
2177
2178
2177
2178
2181
2184
2181
2185
2193
2182
2195
2184
2185
2196
2184
2185
2199
2188
2192
2188
2191
2194
2189
2195
2191
2192
2196
2191
2192
2198
2195
2199
2195
2198
2196
2198
2199
2198
2199
2204
2205
2206
2204
2205
2204
2206
2205
2206
2209
2213
2209
2212
2210
2212
2213
2212
2213
)


// ************************************************************************* //
