/*--------------------------------*- C++ -*----------------------------------*\
  =========                 |
  \\      /  F ield         | OpenFOAM: The Open Source CFD Toolbox
   \\    /   O peration     | Website:  https://openfoam.org
    \\  /    A nd           | Version:  8
     \\/     M anipulation  |
\*---------------------------------------------------------------------------*/
/*   Windows 32 and 64 bit porting by blueCAPE: http://www.bluecape.com.pt   *\
|  Based on Windows porting (2.0.x v4) by Symscape: http://www.symscape.com   |
\*---------------------------------------------------------------------------*/
FoamFile
{
    version     2.0;
    format      ascii;
    class       faceSet;
    location    "constant/vegetation/polyMesh/sets";
    object      layerFaces;
}
// * * * * * * * * * * * * * * * * * * * * * * * * * * * * * * * * * * * * * //


316
(
6144 
5633 
6147 
5123 
5637 
6152 
6154 
6157 
5133 
6159 
5137 
6162 
6165 
5655 
5144 
6170 
5660 
5148 
6174 
5155 
6181 
5669 
5158 
6184 
5672 
5163 
5677 
5167 
6193 
5681 
6197 
5174 
5688 
5178 
6204 
5692 
6207 
5185 
5699 
5188 
6215 
5703 
5193 
6218 
5197 
5710 
6223 
6224 
6225 
6227 
5715 
5204 
6230 
6236 
5724 
5212 
6237 
6238 
5215 
6240 
5728 
6243 
5220 
5735 
6248 
6250 
5738 
5228 
6253 
6256 
6259 
5749 
5238 
6264 
5752 
6266 
6269 
5246 
5761 
6275 
5765 
5255 
6281 
6284 
5772 
6286 
5263 
5777 
6290 
6297 
5273 
5786 
5790 
6304 
5283 
6309 
5797 
6313 
5802 
6317 
5293 
6321 
6323 
6326 
5815 
5303 
6329 
5819 
6334 
5311 
5826 
6340 
5829 
6342 
5319 
6345 
5834 
6347 
5323 
5836 
6350 
5839 
6352 
5841 
5330 
6355 
5844 
6358 
5846 
5849 
5338 
6363 
5852 
5341 
6367 
6369 
5857 
5346 
6372 
6373 
5861 
6374 
5350 
6375 
6376 
6378 
5868 
5357 
6383 
6384 
6385 
5873 
6386 
6387 
6388 
6389 
5365 
6391 
5368 
6394 
5882 
6396 
5885 
5373 
6399 
6400 
6401 
5377 
5890 
6403 
6406 
5895 
6408 
6411 
6412 
6413 
6414 
6415 
5391 
5904 
6417 
5394 
5907 
6420 
6421 
6422 
6423 
5399 
6424 
5912 
6426 
5404 
6429 
6430 
5918 
6431 
6432 
6433 
6434 
6435 
6436 
6437 
5413 
6438 
6439 
6440 
6441 
5929 
5417 
6443 
6446 
5934 
6447 
6448 
5424 
6449 
6450 
6452 
5429 
6455 
5943 
6456 
5944 
6457 
5945 
6458 
5949 
5438 
5443 
5956 
5959 
5964 
5452 
5967 
5456 
5972 
5975 
5463 
5466 
5980 
5983 
5471 
5475 
5988 
5991 
5482 
5996 
5485 
6002 
5490 
5495 
6013 
6016 
5504 
5508 
6021 
6025 
5515 
5519 
6032 
6035 
5526 
6040 
5529 
6044 
5534 
6051 
5539 
6054 
6059 
5548 
6064 
5552 
6067 
5559 
5562 
6075 
6078 
5567 
6083 
5572 
6087 
5581 
6097 
5585 
6100 
5592 
6105 
6107 
5595 
6110 
5600 
6113 
6118 
5606 
6119 
5095 
6120 
6122 
5100 
6125 
6127 
5617 
6130 
6131 
6132 
5620 
6133 
5109 
6134 
6137 
5625 
5114 
5628 
6142 
6143 
)

// ************************************************************************* //
