/*--------------------------------*- C++ -*----------------------------------*\
  =========                 |
  \\      /  F ield         | OpenFOAM: The Open Source CFD Toolbox
   \\    /   O peration     | Website:  https://openfoam.org
    \\  /    A nd           | Version:  8
     \\/     M anipulation  |
\*---------------------------------------------------------------------------*/
/*   Windows 32 and 64 bit porting by blueCAPE: http://www.bluecape.com.pt   *\
|  Based on Windows porting (2.0.x v4) by Symscape: http://www.symscape.com   |
\*---------------------------------------------------------------------------*/
FoamFile
{
    version     2.0;
    format      ascii;
    class       faceSet;
    location    "constant/air/polyMesh/sets";
    object      layerFaces;
}
// * * * * * * * * * * * * * * * * * * * * * * * * * * * * * * * * * * * * * //


477
(
6144 
6147 
5128 
5133 
6157 
6165 
5142 
5146 
6174 
5153 
5158 
6184 
6188 
5167 
6192 
5177 
6202 
6205 
5187 
6213 
6214 
5193 
6217 
5197 
6222 
6225 
6230 
6234 
5211 
5213 
5216 
6241 
6243 
5220 
6246 
5227 
6252 
5231 
6258 
5238 
6262 
5242 
6269 
6271 
5249 
5250 
6274 
5251 
6277 
5255 
6282 
6285 
5262 
6290 
6291 
6292 
6293 
6294 
6300 
5277 
6304 
6306 
5284 
6309 
6310 
6311 
5288 
6314 
5295 
6323 
5302 
6327 
5305 
5310 
6334 
5313 
6338 
5317 
5324 
6348 
6351 
5329 
5332 
6356 
6359 
5337 
6364 
5342 
6367 
5345 
6372 
5350 
6375 
5354 
6380 
6382 
5361 
6385 
6387 
5364 
6390 
6392 
5369 
6395 
5373 
6403 
5380 
5383 
6411 
5388 
5392 
6418 
5399 
6424 
5403 
6427 
5410 
6435 
5413 
6441 
5418 
5422 
6450 
5429 
5432 
6456 
5437 
6462 
6463 
6464 
5441 
6467 
5448 
6472 
6473 
6474 
5451 
6477 
5456 
6482 
6483 
6484 
6486 
5464 
6489 
5468 
6495 
6498 
5475 
6502 
5479 
5482 
6510 
5487 
5489 
6515 
5492 
6518 
5496 
6522 
6526 
5503 
6528 
5505 
6531 
5508 
6533 
5511 
6536 
6537 
6538 
5516 
6540 
6543 
5520 
6545 
6548 
6550 
5527 
6553 
5530 
6554 
6555 
6557 
5535 
6560 
6562 
5539 
6565 
6566 
6567 
6569 
5546 
6572 
5549 
6573 
6574 
6575 
6576 
6577 
5554 
6578 
6580 
5557 
6583 
6585 
5562 
6588 
5565 
6589 
6590 
6591 
6592 
5570 
6594 
5573 
6597 
6598 
6599 
6601 
5578 
6604 
5581 
6605 
6606 
5586 
6610 
6611 
5588 
6612 
6614 
5591 
6617 
5594 
6619 
6622 
5599 
6624 
5601 
6627 
5604 
6628 
5606 
6631 
5609 
5611 
6637 
5614 
5616 
5619 
6643 
5623 
6651 
5630 
5633 
6657 
6663 
6667 
6669 
6672 
6674 
6677 
6678 
6679 
5655 
6681 
5659 
6684 
6685 
6686 
6688 
5666 
6691 
6692 
4644 
6693 
6694 
5670 
6695 
6696 
6697 
4649 
6699 
5677 
6702 
6704 
4658 
5682 
6707 
6708 
6709 
6711 
4663 
6714 
5691 
6716 
6719 
5695 
6720 
4672 
6721 
6722 
6723 
4677 
6726 
5702 
5705 
6731 
6734 
4686 
5710 
5714 
6739 
4691 
6741 
6744 
5721 
6746 
4700 
6749 
5726 
6751 
4705 
6754 
6755 
6756 
6758 
5735 
6761 
4714 
5738 
6764 
4720 
6769 
6771 
5747 
6774 
5751 
6776 
6779 
4731 
6782 
5758 
4735 
6787 
6788 
6789 
6791 
5768 
6794 
4748 
6797 
6802 
5778 
6804 
4756 
6807 
6809 
4762 
6812 
5788 
6814 
6817 
6818 
5796 
4773 
4776 
5801 
4781 
4784 
5808 
4789 
5816 
4800 
5824 
4805 
5829 
4814 
5838 
4819 
5843 
4828 
5856 
4836 
5860 
4840 
5867 
4847 
4851 
5875 
4858 
5885 
4863 
5889 
4872 
5896 
5901 
4878 
5910 
4889 
5915 
4893 
5919 
4900 
5926 
4906 
5930 
5937 
5941 
5948 
5952 
5959 
4938 
5962 
5967 
4944 
5970 
4948 
5975 
5978 
4955 
4959 
5983 
5987 
4966 
4970 
5994 
5997 
4977 
6002 
4980 
6005 
4985 
6010 
4988 
6013 
4993 
6018 
4996 
6022 
6032 
6035 
5022 
6047 
6053 
5033 
6059 
5039 
6065 
6069 
5049 
6075 
6080 
6083 
6086 
5068 
6094 
6096 
6099 
6102 
5081 
6110 
6112 
6115 
6116 
5095 
6122 
5099 
6127 
6128 
5106 
6131 
5109 
5114 
6139 
6141 
5119 
)

// ************************************************************************* //
