/*--------------------------------*- C++ -*----------------------------------*\
  =========                 |
  \\      /  F ield         | OpenFOAM: The Open Source CFD Toolbox
   \\    /   O peration     | Website:  https://openfoam.org
    \\  /    A nd           | Version:  8
     \\/     M anipulation  |
\*---------------------------------------------------------------------------*/
/*   Windows 32 and 64 bit porting by blueCAPE: http://www.bluecape.com.pt   *\
|  Based on Windows porting (2.0.x v4) by Symscape: http://www.symscape.com   |
\*---------------------------------------------------------------------------*/
FoamFile
{
    version     2.0;
    format      ascii;
    class       labelList;
    location    "constant/vegetation/polyMesh";
    object      pointProcAddressing;
}
// * * * * * * * * * * * * * * * * * * * * * * * * * * * * * * * * * * * * * //


3197
(
3
17
31
45
49
74
109
114
121
171
172
204
206
240
241
242
243
284
285
294
312
333
334
355
373
375
415
416
418
419
519
521
522
601
630
652
653
654
655
656
697
702
738
759
782
783
784
944
1008
1009
1011
1012
1013
1014
1016
1115
1136
1138
1156
1185
1242
1243
1244
1245
1248
1252
1254
1255
1256
1258
1560
1561
1574
1606
1607
1629
1632
1662
1663
1708
1709
1711
1712
1713
1714
1728
1729
1792
1793
1797
1798
1800
1899
1900
1901
1902
1903
1946
1995
1996
1997
1998
1999
2011
2012
2014
2165
2219
2220
2221
2222
2223
2224
2225
2226
2227
2228
2229
2230
2231
2271
2303
2304
2305
2306
2307
2337
2378
2402
2448
2452
2453
2454
2455
2456
2554
2555
2556
2557
2560
2561
2562
2563
2564
2593
2597
2716
2717
2726
2867
2868
2869
2870
2872
2873
2874
2875
2876
2877
2878
2879
2903
2904
2905
2952
2953
2954
2955
2956
2958
2959
3255
3256
3257
3258
3259
3260
3262
3263
3266
3267
3416
3417
3575
3576
3577
3579
3580
3589
3590
3591
3592
3750
3751
3755
3756
3757
3758
3759
3761
3762
3770
3771
3773
3780
3782
3783
3784
3820
3992
3993
3994
3995
3996
3997
3998
3999
4000
4001
4002
4003
4004
4007
4009
4010
4011
4012
4013
4014
4015
4016
4017
4018
4019
4020
4021
4024
4073
4075
4076
4078
4250
4251
4254
4256
4262
4263
4264
4511
4519
4532
4534
4569
4653
4655
4698
4699
4700
4776
4777
4778
4784
4885
4886
4929
4930
4931
4936
4937
4938
4939
4940
4941
4996
4997
4998
4999
5027
5028
5029
5030
5089
5090
5092
5093
5094
5095
5096
5097
5098
5108
5109
5110
5111
5115
5236
5256
5280
5440
5441
5442
5443
5444
5445
5446
5495
5516
5536
5537
5538
5539
5673
5674
5676
5677
5811
5813
5865
5867
5868
5869
5870
5964
5965
5966
5967
5968
5969
6273
6275
6276
6277
6278
6455
6456
6457
6458
6459
6501
6502
6503
6509
6510
6511
6512
6535
6537
6586
6589
6592
6675
6677
6683
6711
6712
6713
6714
6751
6757
6758
6759
6760
6761
6762
6763
6764
6765
6831
6832
6833
6834
6868
6869
6870
6871
6872
6873
6874
6875
7009
7011
7012
7013
7014
7015
7016
7032
7033
7034
7035
7036
7037
7038
7039
7044
7045
7269
7270
7271
7298
7299
7462
7463
7464
7465
7466
7467
7468
7517
7518
7519
7520
7521
7522
7523
7524
7525
7702
7703
7728
7730
7791
7792
7793
7794
7795
7796
7798
7804
7805
7806
7807
7808
7809
7931
7933
7936
7938
7939
7940
7941
7942
7943
7944
7973
7974
7975
7976
8000
8001
8002
8003
8004
8005
8006
8007
8008
8009
8010
8062
8255
8256
8257
8259
8261
8264
8268
8390
8391
8392
8393
8394
8395
8397
8474
8622
8623
8624
8625
8626
8627
8635
8636
8637
8638
8644
8645
8646
8647
8648
8649
8870
8871
8872
8873
8874
8875
8876
8877
8881
8885
8886
8887
8894
8895
9008
9014
9273
9274
9275
9278
9279
9280
9281
9282
9283
9284
9285
9286
9287
9288
9289
9290
9291
9292
9293
9294
9295
9324
9325
9326
9327
9328
9333
9335
9811
9812
9813
9814
9815
9816
9818
9819
9820
9939
9940
9941
9942
9952
9953
9954
9955
9956
9957
9958
9959
9960
9961
9962
9963
9964
9965
9966
9967
10177
10178
10183
10190
10191
10192
10193
10194
10195
10196
10197
10198
10199
10200
10264
10265
10266
10267
10268
10269
10270
10271
10272
10437
10438
10439
10441
10442
10443
10444
10445
10446
10447
10448
10449
10450
10451
10454
10473
10474
10475
10476
10477
10478
10479
10480
10481
10482
10483
10484
10495
10496
10796
10800
10809
10810
10813
10814
10822
10824
10825
10826
10891
10892
10894
10895
10897
10898
10937
10938
10956
10957
10974
10975
10976
10997
10998
11002
11003
11016
11017
11018
11019
11020
11021
11024
11087
11088
11092
11093
11170
11171
11172
11173
11178
11248
11249
11250
11251
11252
11253
11341
11342
11343
11344
11345
11346
11347
11348
11349
11350
11351
11386
11393
11394
11395
11396
11397
11398
11399
11400
11401
11402
11404
11405
11406
11407
11408
11498
11505
11536
11589
11590
11591
11592
11593
11594
11595
11596
11637
11672
11674
11684
11688
11738
11739
11740
11741
11742
11743
11745
11747
11822
11823
11895
11896
11897
11898
11899
11900
11901
11902
11940
11941
11942
11954
11955
11956
12038
12162
12163
12164
12165
12166
12167
12168
12169
12171
12271
12272
12273
12360
12361
12362
12363
12373
12374
12444
12486
12487
12488
12489
12531
12532
12533
12534
12535
12536
12554
12555
12556
12557
12558
12559
12561
12575
12601
12602
12603
12605
12606
12643
12644
12645
12646
12648
12649
12650
12651
12652
12653
12654
12655
12656
12657
12693
12695
12696
12697
12698
12719
12751
12752
12753
12798
12799
12800
12801
12802
12841
12860
12861
12862
12863
12864
12867
12882
12893
12895
12939
12940
12942
12943
12944
12981
12982
12983
13011
13054
13055
13056
13057
13058
13059
13060
13061
13062
13063
13089
13090
13091
13092
13093
13094
13095
13096
13097
13098
13099
13111
13128
13139
13231
13232
13233
13235
13236
13326
13328
13329
13330
13331
13332
13334
13335
13428
13430
13431
13432
13433
13434
13435
13565
13566
13567
13568
13569
13570
13571
13572
13573
13574
13575
13576
13577
13578
13579
13640
13646
13647
13648
13649
13650
13651
13652
13653
13654
13655
13656
13657
13659
13660
13661
13662
13663
13664
13665
13666
13667
13668
13854
13880
13881
13882
13883
13884
13885
13886
13887
13917
13918
13936
13937
13938
13971
13972
14046
14047
14048
14049
14050
14051
14052
14053
14057
14058
14059
14060
14061
14062
14063
14125
14210
14211
14212
14213
14214
14215
14216
14413
14414
14415
14416
14417
14418
14419
14420
14421
14422
14423
14424
14425
14426
14524
14525
14526
14527
14549
14550
14551
14552
14558
14580
14581
14614
14615
14616
14617
14649
14650
14651
14652
14653
14654
14655
14656
14657
14658
14659
14660
14661
14702
14703
14704
14705
14706
14707
14708
14709
14710
14717
14718
14719
14720
14721
14722
14743
14744
14745
14746
14753
14791
14809
14887
14891
15098
15100
15101
15103
15104
15105
15128
15129
15130
15131
15132
15133
15134
15135
15136
15137
15138
15139
15145
15146
15251
15370
15371
15372
15373
15375
15376
15377
15378
15379
15380
15381
15382
15383
15384
15385
15386
15388
15507
15508
15509
15510
15592
15593
15594
15595
15596
15597
15598
15599
15600
15601
15602
15603
15604
15605
15608
15619
15625
15626
15628
15629
15709
15710
15711
15718
15720
15721
15722
15723
15724
15725
15727
15728
15741
15743
15744
15745
15746
15747
15749
15750
15751
15752
15754
15755
15793
15827
15828
15829
15830
15831
15832
15833
15835
15836
15838
15839
15841
15849
16110
16111
16112
16113
16114
16115
16116
16117
16118
16119
16121
16122
16127
16128
16129
16130
16131
16379
16380
16381
16382
16383
16384
16385
16386
16387
16388
16389
16390
16391
16392
16393
16394
16395
16397
16398
16399
16400
16401
16402
16403
16405
16408
16414
16417
16419
16420
16423
16426
16430
16660
16661
16662
16663
16664
16665
16666
16667
16668
16669
16670
16671
16672
16673
16674
16675
16676
16677
16678
16679
16680
16952
16953
16954
16955
16956
16957
16958
16959
16960
16961
16962
16963
16964
16965
16966
16967
16968
16969
16970
16971
16972
16973
17083
17084
17103
17104
17105
17106
17107
17108
17109
17110
17111
17112
17113
17114
17115
17116
17117
17118
17119
17120
17121
17122
17123
17124
17125
17126
17127
17128
17129
17130
17131
17132
17133
17134
17137
17138
17139
17140
17141
17142
17143
17144
17145
17146
17147
17148
17149
17254
17255
17262
17263
17266
17280
17282
17283
17296
17298
17323
17353
17354
17397
17398
17452
17453
17458
17459
17461
17464
17484
17594
17705
17707
17912
17913
17914
17915
17916
17917
17918
17919
17920
17921
17923
17924
17925
17926
17927
17948
18029
18085
18192
18193
18194
18294
18363
18365
18369
18416
18417
18418
18423
18424
18446
18447
18448
18449
18450
18451
18452
18453
18479
18480
18481
18489
18490
18510
18516
18517
18651
18652
18653
18654
18655
18656
18659
18662
18707
18708
18736
18737
18819
18820
18821
18822
18846
18932
18933
19101
19102
19143
19144
19145
19156
19159
19168
19169
19299
19300
19446
19447
19448
19450
19451
19452
19453
19462
19463
19468
19523
19633
20018
20019
20020
20021
20022
20023
20024
20025
20026
20027
20029
20030
20031
20032
20033
20034
20035
20036
20037
20071
20221
20222
20550
20551
20552
20553
20606
20607
20608
20609
20610
20611
20612
20613
20614
20615
20628
20629
20659
20660
20661
20662
20671
20672
20673
20674
20675
20676
20677
20678
20679
20974
20975
20976
20977
21221
21372
21374
21558
21561
21562
21563
21564
21567
21571
21578
21645
21731
21733
21734
21735
21736
21737
21738
21739
21740
21741
21742
21743
21745
21952
21954
21955
21956
21957
21959
22263
22264
22265
22266
22267
22269
22270
22271
22272
22273
22292
22293
22294
22298
22300
22302
22303
22304
22305
22307
22313
22314
22322
22432
22433
22434
22846
22922
22924
22925
23260
23262
23265
23267
23812
23813
23814
23815
23816
23817
23818
23819
23820
23821
23822
23823
23824
23825
23826
23827
23828
23829
23830
23831
23832
23833
23834
23835
23836
23837
23838
23839
23840
23841
23842
23843
23844
23845
23846
23851
23852
23853
23854
23855
23856
23857
23858
23859
23860
23861
23862
23863
23928
24206
24239
24367
24435
24438
24439
24448
24566
24567
24568
24594
24595
24864
24865
24866
24963
24964
24965
24966
24967
25152
25158
25197
25200
25201
25205
25252
25253
25257
25258
25259
25260
25261
25324
25328
25429
25430
25433
25440
25441
25443
25444
25446
25586
25597
25676
25677
25678
25680
25786
25787
25788
25789
25791
25793
25794
25795
25796
25797
25799
25800
25828
25831
25925
25928
25942
25943
25944
25945
25946
25947
25951
26145
26146
26147
26148
26149
26153
26154
26155
26247
26248
26249
26250
26251
26252
26356
26359
26360
26361
26362
26363
26364
26365
26366
26367
26368
26376
26377
26378
26385
26553
26554
26555
26556
26557
26558
26559
26560
26561
26562
26654
26655
26656
26657
26658
26659
26743
26796
26798
26801
26859
26861
26864
26866
26942
26943
26944
26945
26946
26947
27010
27029
27086
27088
27089
27092
27148
27149
27165
27167
27182
27183
27184
27185
27186
27213
27214
27225
27226
27227
27255
27256
27261
27294
27295
27297
27313
27314
27315
27316
27434
27485
27489
27506
27528
27529
27530
27531
27533
27534
27535
27536
27537
27538
27539
27540
27629
27631
27632
27687
27688
27723
27771
27772
27773
27847
27848
27851
27852
27853
27854
27855
27856
28174
28175
28176
28177
28178
28179
28180
28181
28182
28183
28184
28185
28186
28240
28360
28361
28362
28363
28364
28365
28366
28500
28764
28765
28766
28767
28768
28769
28774
28776
28777
28779
28780
28781
28782
28783
28936
29063
29158
29159
29160
29161
29164
29165
29166
29174
29175
29176
29177
29178
29179
29367
29368
29563
29564
29569
29570
29625
29627
29628
29629
29715
29716
29717
29718
29719
29720
29721
29722
29724
29725
29726
29727
29728
29730
29731
29732
29766
29767
29768
29769
29865
29866
29870
29871
29873
29996
29997
29998
29999
30000
30001
30002
30003
30004
30005
30006
30064
30065
30066
30067
30068
30069
30070
30071
30306
30307
30308
30309
30310
30311
30312
30313
30314
30315
30316
30317
30318
30319
30320
30322
30323
30324
30325
30326
30422
30424
30425
30426
30562
30563
30564
30566
30567
30568
30569
30570
30571
30572
30692
30693
30694
30695
30696
30702
30731
30732
30733
30739
30740
30741
30808
30809
30810
30826
30910
30911
30912
30913
30914
30915
30916
30918
30919
30920
30921
30922
30923
30924
30925
30926
30927
30928
30929
30949
30950
30951
30952
30953
30987
30988
30989
30990
30991
30992
30993
30994
30996
30997
31316
31317
31318
31320
31321
31322
31323
31325
31326
31330
31331
31332
31610
31711
31712
31713
31714
31715
31716
31718
31768
31818
31819
31820
31821
31864
31865
31869
31870
31924
31925
32026
32027
32028
32036
32037
32038
32039
32040
32045
32212
32213
32280
32310
32311
32312
32450
32451
32452
32453
32454
32455
32456
32457
32510
32529
32688
32689
32714
32715
32716
32717
32718
32719
32720
32782
32783
32811
32813
32814
32927
32929
32930
32931
33063
33064
33065
33094
33095
33106
33107
33120
33135
33136
33180
33181
33191
33192
33193
33194
33302
33303
33304
33305
33312
33315
33316
33374
33375
33418
33419
33420
33504
33507
33601
33695
33791
33792
33915
33916
33917
33918
33919
33959
33964
33965
33966
33968
33975
33976
33977
33978
33987
33988
33989
34047
34048
34051
34315
34316
34351
34372
34396
34397
34398
34425
34438
34439
34492
34493
34495
34496
34564
34565
34566
34567
34568
34643
34682
34683
34686
34748
34749
34750
34751
34752
34754
34772
34777
34778
34779
34780
34792
34952
34953
34954
34955
34964
34965
34966
34967
34968
34969
34970
34977
34979
34984
34985
34986
35011
35199
35200
35201
35202
35203
35206
35207
35208
35209
35225
35226
35227
35228
35229
35230
35231
35232
35234
35235
35236
35488
35489
35490
35491
35492
35494
35503
35504
35505
35506
35511
35516
35918
35920
35921
35922
35923
35938
35939
35940
35941
35942
35943
35946
35967
35968
35969
35970
35971
35972
35973
35974
35975
35980
35981
35982
35983
35984
35986
35988
35989
35995
35996
35997
35998
36546
36550
36551
36552
36553
36577
36581
36582
36583
36584
36845
36846
36847
36848
36849
36850
36851
36852
36856
36857
36858
36859
37257
37258
37259
37260
37261
37262
37263
37264
37265
37266
37267
37268
37269
37270
37273
37274
37275
37281
37282
37284
37285
37286
37287
37288
37289
37290
37291
37292
37293
37294
37295
37296
37297
37298
37299
37300
37301
37302
37303
37304
37305
37306
37307
37308
37309
37311
37319
37320
37323
37324
37327
37328
37329
37423
37426
37427
37430
37433
37434
37435
37712
37715
37718
37719
37720
37751
37752
37753
37754
37755
37756
37757
37758
37759
37760
37761
37762
37763
37773
38343
38344
38345
38346
38347
38348
38349
38350
38351
38352
38353
38354
38355
38365
38366
38367
38368
38369
38370
38371
38699
38700
38701
38702
38703
38704
38705
38706
38707
38708
38709
38710
38711
38712
38714
38715
38716
38717
38718
38719
38720
38721
38722
38723
38724
38728
39044
39045
39046
39052
39053
39054
39055
39056
39057
39058
39059
39060
39061
39062
39063
39064
39065
39066
39067
39068
39069
39084
39085
39086
39087
39088
39089
39090
39091
39092
39093
39094
39106
39107
39108
39548
39549
39550
39551
39552
39553
39554
39555
39556
39557
39558
39559
39560
39561
39562
39563
39564
39775
39776
39777
39778
39779
39780
39781
39782
39783
39784
39785
39786
39787
40027
40030
40041
40042
40043
40044
40204
40209
40210
40211
40383
40387
40398
40602
40603
40604
40605
40606
40607
40608
40609
40610
40611
40612
40613
40614
40615
40616
40770
40771
40772
40773
40818
40819
40820
40960
40961
40962
40967
40968
40975
41168
41185
41209
41257
41299
41315
41366
41370
41371
41372
41383
41412
41413
41422
41456
41458
41460
41461
41565
41566
41567
41646
41647
41715
41716
41717
41718
41720
41721
41820
41823
41824
41825
41929
41950
41952
41977
41982
41983
41985
42006
42037
42053
42072
42073
42093
42110
42111
42112
42113
42114
42125
42126
42135
42146
42150
42151
42152
42166
42168
42242
42292
42456
42457
42462
42512
42532
42549
42570
42593
42594
42595
42634
42635
42639
42640
42705
42706
42751
42755
42768
42769
42770
42830
42838
42839
42967
43128
43129
43130
43133
43134
43135
43300
43301
43350
43358
43399
43401
43402
43403
43406
43407
43408
43409
43411
43414
43415
43720
43738
43796
43797
43798
43799
43800
43801
43802
43803
43804
43995
43996
43997
43998
44165
44166
44167
44168
44169
44170
44174
44389
44390
44391
44397
44398
44399
44400
44401
44402
44403
44404
44651
44660
44661
44662
44663
44665
44670
44680
44725
44765
44784
44785
44862
44962
44970
49768
49769
49770
49771
49772
49773
49774
49775
49776
49777
49778
49779
49780
49781
49782
49783
49784
49785
49786
49787
49788
49789
49790
49791
49792
49793
49794
50533
50534
50535
50536
50537
50538
50539
50540
50541
50545
50546
50547
50548
50549
50550
50551
50552
50553
50554
50555
50556
50557
50558
50559
50560
50561
50562
50563
50564
50565
50566
50567
50568
50569
50570
50571
50605
50606
50607
50608
50609
50610
50611
50612
50613
50614
50615
50616
50627
50628
51275
51276
51277
51278
51279
51280
51281
51282
51283
51284
51285
51286
51287
51288
51289
51290
51291
51292
51305
51306
51307
51308
51309
51310
51311
51312
51313
51314
51315
51316
51317
51318
51319
51320
51321
51322
51421
51422
51423
51424
51425
51426
51427
51428
51429
51430
51431
51432
51433
51434
51435
51436
51437
51438
51546
51547
51548
51549
51550
51551
51552
51553
51554
51555
51556
51557
51558
51559
51560
51561
51562
51563
52472
52473
52474
52475
52476
52477
52478
52479
52480
52499
52500
52501
52502
52503
52504
52505
52506
52507
52885
52886
52887
52888
52889
52890
52894
52895
52896
52897
52898
52899
52900
52901
52902
52903
52904
52905
52906
52907
52908
52909
52910
52911
52912
52913
52914
52915
52916
52917
52918
52919
52920
52921
52922
52923
52924
52925
52926
52927
52928
52929
52930
52931
52932
52969
52970
52971
52972
52973
52974
52975
52976
52977
52978
52979
52980
52981
52982
52983
52984
52985
52986
53008
53009
53010
53011
53012
53013
53336
53337
53338
53339
53340
53341
53342
53343
53344
53345
53346
53347
53348
53349
53350
53351
53352
53353
53354
53355
53356
53357
53358
53359
53360
53361
53362
53363
53364
53365
53366
53367
53368
53369
53370
53371
53372
53373
53374
53375
53376
53377
53378
53379
53380
53381
53382
53383
53384
53385
53386
53387
53388
53389
53390
53391
53392
53393
53394
53395
53396
53397
53398
53567
53568
53569
53570
53571
53572
53588
53589
53590
53594
53595
53596
53603
53604
53605
53609
53610
53611
53738
53739
53740
53741
53742
53743
53744
53745
53746
53750
53751
53752
54222
54223
54224
54225
54234
54235
54236
54237
54244
54245
54246
54247
54256
54257
54258
54259
54439
54440
54441
54442
54443
54444
54445
54446
54447
54448
54449
54450
54451
54452
54453
54454
54455
54456
54457
54458
54459
54460
54461
54462
54463
54464
54471
54472
54473
54474
54559
54560
54561
54562
54569
54570
54571
54572
54577
54578
54741
54742
54743
54744
54745
54746
54747
54748
54749
54750
54751
54752
54753
54754
54755
54756
54757
54758
54762
54763
54764
54765
54766
54767
54768
54769
54770
54771
54772
54773
54776
54777
54808
54809
54810
54811
54812
54813
54814
54815
54816
54817
54818
54819
54820
54821
54822
54823
54824
54825
54826
54827
54828
54829
54849
54850
54851
55093
55094
55095
55096
55097
55098
55099
55100
55101
55102
55103
55104
55105
55106
55107
55108
55109
55110
55111
55112
55113
55114
55115
55116
55120
55121
55122
55123
55124
55125
55360
55361
55362
55363
55364
55365
55366
55367
55368
55369
55370
55371
55372
55373
55374
55375
55376
55377
55378
55379
55380
55381
55382
55383
55384
55385
55386
55387
55388
55389
55390
55391
55392
55400
55401
55402
55403
55404
55405
55406
55407
55408
55409
55410
55411
55412
55413
55414
55415
55416
55417
55467
55468
55559
55560
55561
55562
55563
55564
55565
55566
55567
55568
55569
55570
55571
55572
55573
55574
55575
55576
55577
55578
55579
55580
55581
55582
55583
55584
55585
55607
55608
55609
55610
55611
55612
55613
55614
55615
55616
55617
55618
55619
55656
55657
55662
55663
56145
56146
56147
56151
56152
56153
56154
56155
56156
56170
56171
56172
56173
56174
56175
57211
57212
57213
57214
57215
57216
57223
57224
57225
57432
57433
57434
58602
58603
58604
58605
58606
58607
58752
58753
58754
58755
58756
58757
58758
58759
58760
58761
58762
58763
58941
58942
58943
58944
58945
58946
58947
58948
58949
58950
58951
58952
58953
58954
58955
)


// ************************************************************************* //
