/*--------------------------------*- C++ -*----------------------------------*\
  =========                 |
  \\      /  F ield         | OpenFOAM: The Open Source CFD Toolbox
   \\    /   O peration     | Website:  https://openfoam.org
    \\  /    A nd           | Version:  8
     \\/     M anipulation  |
\*---------------------------------------------------------------------------*/
/*   Windows 32 and 64 bit porting by blueCAPE: http://www.bluecape.com.pt   *\
|  Based on Windows porting (2.0.x v4) by Symscape: http://www.symscape.com   |
\*---------------------------------------------------------------------------*/
FoamFile
{
    version     2.0;
    format      ascii;
    class       scalarListList;
    location    "constant/vegetation";
    object      solarLoadFineFaces;
}
// * * * * * * * * * * * * * * * * * * * * * * * * * * * * * * * * * * * * * //


5
(

968
(
501.05251
501.05251
501.05251
501.05251
501.05251
501.05251
501.05251
335.20612
501.05251
256.67015
335.20612
501.05251
501.05251
501.05251
501.05251
501.05251
501.05251
501.05251
501.05251
501.05251
501.05251
501.05251
501.05251
260.38975
501.05251
501.05251
501.05251
501.05251
501.05251
501.05251
501.05251
501.05251
501.05251
501.05251
501.05251
501.05251
501.05251
501.05251
501.05251
501.05251
501.05251
501.05251
151.44504
501.05251
501.05251
501.05251
501.05251
501.05251
501.05251
501.05251
265.31678
501.05251
501.05251
501.05251
265.31678
501.05251
501.05251
501.05251
501.05251
501.05251
501.05251
501.05251
501.05251
501.05251
501.05251
501.05251
501.05251
501.05251
501.05251
501.05251
151.44504
151.44504
151.44504
501.05251
501.05251
501.05251
501.05251
501.05251
501.05251
265.31678
247.40363
247.40363
501.05251
501.05251
252.25773
501.05251
501.05251
501.05251
501.05251
501.05251
501.05251
501.05251
501.05251
501.05251
501.05251
501.05251
501.05251
501.05251
256.67015
256.67015
335.20612
410.21174
265.31678
178.18562
178.18562
501.05251
501.05251
501.05251
501.05251
260.38975
260.38975
260.38975
252.25773
501.05251
501.05251
501.05251
501.05251
501.05251
501.05251
501.05251
501.05251
501.05251
501.05251
501.05251
501.05251
501.05251
501.05251
501.05251
501.05251
501.05251
501.05251
501.05251
501.05251
501.05251
501.05251
501.05251
501.05251
501.05251
501.05251
501.05251
501.05251
501.05251
501.05251
501.05251
501.05251
501.05251
501.05251
501.05251
501.05251
501.05251
501.05251
501.05251
501.05251
501.05251
501.05251
501.05251
501.05251
501.05251
501.05251
501.05251
501.05251
501.05251
501.05251
501.05251
501.05251
501.05251
501.05251
501.05251
501.05251
501.05251
501.05251
501.05251
501.05251
501.05251
501.05251
501.05251
501.05251
501.05251
501.05251
501.05251
501.05251
501.05251
501.05251
501.05251
501.05251
501.05251
501.05251
501.05251
501.05251
501.05251
501.05251
501.05251
501.05251
501.05251
501.05251
501.05251
501.05251
501.05251
501.05251
501.05251
501.05251
501.05251
501.05251
501.05251
501.05251
501.05251
501.05251
501.05251
501.05251
501.05251
501.05251
501.05251
501.05251
501.05251
501.05251
501.05251
501.05251
501.05251
501.05251
501.05251
501.05251
501.05251
501.05251
501.05251
501.05251
501.05251
501.05251
501.05251
501.05251
501.05251
501.05251
501.05251
501.05251
501.05251
501.05251
501.05251
501.05251
501.05251
501.05251
501.05251
501.05251
501.05251
501.05251
501.05251
501.05251
501.05251
501.05251
501.05251
501.05251
501.05251
501.05251
501.05251
501.05251
501.05251
501.05251
501.05251
501.05251
501.05251
501.05251
501.05251
501.05251
501.05251
501.05251
501.05251
501.05251
501.05251
501.05251
501.05251
501.05251
501.05251
501.05251
501.05251
501.05251
501.05251
501.05251
501.05251
501.05251
501.05251
501.05251
87.179411
87.179411
87.179411
87.179411
87.179411
87.179411
87.179411
87.179411
87.179411
87.179411
87.179411
87.179411
87.179411
87.179411
87.179411
87.179411
87.179411
87.179411
87.179411
87.179411
87.179411
87.179411
87.179411
87.179411
87.179411
87.179411
87.179411
87.179411
87.179411
87.179411
87.179411
87.179411
87.179411
87.179411
87.179411
87.179411
87.179411
87.179411
87.179411
87.179411
87.179411
87.179411
87.179411
87.179411
87.179411
87.179411
87.179411
87.179411
87.179411
87.179411
87.179411
87.179411
87.179411
87.179411
87.179411
87.179411
87.179411
87.179411
87.179411
87.179411
87.179411
87.179411
87.179411
87.179411
87.179411
87.179411
87.179411
87.179411
87.179411
87.179411
87.179411
87.179411
87.179411
87.179411
87.179411
87.179411
87.179411
87.179411
87.179411
87.179411
87.179411
87.179411
87.179411
87.179411
87.179411
87.179411
87.179411
87.179411
87.179411
87.179411
87.179411
87.179411
87.179411
87.179411
87.179411
87.179411
87.179411
87.179411
87.179411
87.179411
87.179411
87.179411
87.179411
87.179411
87.179411
87.179411
87.179411
87.179411
87.179411
87.179411
87.179411
87.179411
87.179411
87.179411
87.179411
87.179411
87.179411
87.179411
87.179411
87.179411
87.179411
87.179411
87.179411
87.179411
87.179411
87.179411
87.179411
87.179411
87.179411
87.179411
87.179411
87.179411
87.179411
87.179411
87.179411
87.179411
87.179411
87.179411
87.179411
87.179411
87.179411
87.179411
87.179411
87.179411
87.179411
87.179411
87.179411
87.179411
87.179411
87.179411
87.179411
87.179411
87.179411
87.179411
87.179411
87.179411
87.179411
87.179411
87.179411
87.179411
87.179411
87.179411
87.179411
87.179411
87.179411
87.179411
87.179411
87.179411
87.179411
87.179411
87.179411
87.179411
87.179411
87.179411
87.179411
87.179411
87.179411
87.179411
87.179411
87.179411
87.179411
87.179411
87.179411
87.179411
87.179411
87.179411
87.179411
87.179411
87.179411
87.179411
87.179411
87.179411
87.179411
87.179411
87.179411
87.179411
87.179411
87.179411
87.179411
87.179411
87.179411
87.179411
87.179411
87.179411
87.179411
87.179411
87.179411
87.179411
87.179411
87.179411
87.179411
87.179411
87.179411
87.179411
87.179411
87.179411
87.179411
87.179411
87.179411
87.179411
87.179411
87.179411
87.179411
87.179411
87.179411
87.179411
87.179411
87.179411
87.179411
87.179411
87.179411
87.179411
87.179411
87.179411
87.179411
87.179411
87.179411
87.179411
87.179411
501.05251
501.05251
501.05251
87.179411
87.179411
87.179411
87.179411
501.05251
501.05251
87.179411
87.179411
87.179411
87.179411
87.179411
87.179411
87.179411
87.179411
501.05251
501.05251
87.179411
87.179411
87.179411
87.179411
87.179411
87.179411
87.179411
87.179411
87.179411
87.179411
87.179411
87.179411
87.179411
87.179411
87.179411
87.179411
87.179411
87.179411
87.179411
87.179411
87.179411
87.179411
87.179411
87.179411
87.179411
87.179411
87.179411
87.179411
87.179411
87.179411
87.179411
87.179411
87.179411
87.179411
87.179411
87.179411
501.05251
501.05251
87.179411
501.05251
501.05251
87.179411
501.05251
87.179411
501.05251
501.05251
87.179411
87.179411
501.05251
501.05251
87.179411
501.05251
501.05251
87.179411
87.179411
501.05251
501.05251
87.179411
501.05251
501.05251
87.179411
87.179411
87.179411
501.05251
501.05251
501.05251
501.05251
501.05251
501.05251
87.179411
87.179411
87.179411
87.179411
87.179411
87.179411
501.05251
501.05251
501.05251
87.179411
87.179411
501.05251
501.05251
501.05251
501.05251
501.05251
501.05251
501.05251
501.05251
501.05251
87.179411
87.179411
87.179411
87.179411
87.179411
87.179411
87.179411
501.05251
501.05251
501.05251
87.179411
501.05251
501.05251
87.179411
501.05251
501.05251
501.05251
87.179411
87.179411
87.179411
87.179411
87.179411
87.179411
87.179411
87.179411
87.179411
87.179411
87.179411
87.179411
87.179411
87.179411
87.179411
87.179411
87.179411
87.179411
87.179411
87.179411
87.179411
87.179411
87.179411
87.179411
87.179411
87.179411
87.179411
501.05251
501.05251
501.05251
87.179411
87.179411
87.179411
87.179411
87.179411
87.179411
87.179411
87.179411
87.179411
87.179411
501.05251
87.179411
87.179411
87.179411
87.179411
87.179411
87.179411
87.179411
87.179411
87.179411
87.179411
87.179411
87.179411
87.179411
87.179411
87.179411
87.179411
87.179411
87.179411
87.179411
87.179411
87.179411
87.179411
87.179411
87.179411
87.179411
87.179411
87.179411
87.179411
87.179411
87.179411
87.179411
87.179411
87.179411
87.179411
87.179411
87.179411
87.179411
87.179411
87.179411
87.179411
87.179411
87.179411
87.179411
87.179411
87.179411
87.179411
87.179411
87.179411
87.179411
87.179411
87.179411
87.179411
87.179411
87.179411
87.179411
87.179411
87.179411
87.179411
87.179411
87.179411
87.179411
87.179411
87.179411
87.179411
87.179411
87.179411
87.179411
87.179411
87.179411
87.179411
87.179411
501.05251
501.05251
501.05251
87.179411
87.179411
87.179411
501.05251
87.179411
501.05251
501.05251
87.179411
501.05251
87.179411
87.179411
87.179411
87.179411
87.179411
87.179411
87.179411
87.179411
87.179411
87.179411
87.179411
87.179411
87.179411
87.179411
87.179411
87.179411
87.179411
87.179411
87.179411
87.179411
501.05251
87.179411
501.05251
501.05251
87.179411
87.179411
87.179411
87.179411
87.179411
87.179411
87.179411
87.179411
87.179411
87.179411
87.179411
501.05251
501.05251
501.05251
501.05251
501.05251
501.05251
87.179411
501.05251
501.05251
501.05251
501.05251
501.05251
87.179411
87.179411
501.05251
501.05251
501.05251
87.179411
501.05251
501.05251
87.179411
87.179411
501.05251
501.05251
501.05251
87.179411
87.179411
87.179411
87.179411
87.179411
87.179411
87.179411
87.179411
87.179411
87.179411
87.179411
0
12.068313
79.955237
235.29249
89.814232
0
0
192.90611
19.755676
0
0
16.179379
25.59373
238.43713
208.25401
84.155612
254.15766
5.4956596
0
115.40624
322.66056
0
0
6.5857719
0
47.13467
260.66063
287.70628
196.88705
282.67409
0
0
0
0
0
0
0
294.96054
0
228.8558
233.57826
61.342569
102.79988
208.52396
128.4612
0
0
1.7529297
0
8.5149148
0
0
0
0
0
307.07842
243.9764
178.41838
202.66665
254.2572
138.53397
0
191.30847
0
78.762594
54.567588
24.182064
0
0
14.863359
0
41.721136
0
436.3247
478.32069
0
0
0
0
0
0
0
0
23.661142
53.60133
106.35071
99.865169
154.6948
0
0
137.26553
44.628703
144.41124
265.64715
176.51356
202.02801
327.04798
0
0
0
0
30.086319
0
0
51.175123
124.17224
118.96188
287.97067
218.064
156.15881
133.67843
211.33257
253.4508
0
0
0
6.5741467
0
419.50454
460.21536
458.88697
419.33554
296.79591
195.8882
115.89476
164.35193
217.26699
218.36708
0
0
)


968
(
284.54856
284.54856
284.54856
284.54856
284.54856
284.54856
284.54856
284.54856
284.54856
284.54856
199.07139
284.54856
284.54856
284.54856
284.54856
284.54856
284.54856
284.54856
284.54856
284.54856
284.54856
284.54856
284.54856
171.83733
284.54856
284.54856
284.54856
284.54856
284.54856
284.54856
284.54856
284.54856
284.54856
284.54856
284.54856
284.54856
284.54856
284.54856
284.54856
284.54856
284.54856
284.54856
68.141466
284.54856
284.54856
284.54856
284.54856
284.54856
284.54856
284.54856
120.20259
284.54856
284.54856
284.54856
120.20259
284.54856
284.54856
284.54856
284.54856
284.54856
284.54856
284.54856
284.54856
284.54856
284.54856
284.54856
284.54856
284.54856
284.54856
284.54856
68.141466
68.141466
68.141466
284.54856
284.54856
284.54856
284.54856
284.54856
284.54856
120.20259
60.126587
60.126587
284.54856
130.44754
183.30157
284.54856
284.54856
284.54856
284.54856
284.54856
284.54856
284.54856
284.54856
284.54856
284.54856
284.54856
284.54856
284.54856
284.54856
172.17881
284.54856
284.54856
120.20259
69.178237
69.178237
284.54856
284.54856
284.54856
284.54856
171.83733
284.54856
284.54856
284.54856
284.54856
284.54856
284.54856
284.54856
284.54856
284.54856
284.54856
284.54856
284.54856
284.54856
284.54856
284.54856
86.561368
86.551553
284.54856
86.561368
284.54856
140.16992
284.54856
284.54856
284.54856
284.54856
284.54856
284.54856
284.54856
284.54856
284.54856
284.54856
284.54856
284.54856
284.54856
284.54856
60.126587
60.126587
284.54856
284.54856
284.54856
284.54856
284.54856
284.54856
284.54856
284.54856
284.54856
284.54856
284.54856
284.54856
284.54856
284.54856
284.54856
284.54856
284.54856
284.54856
284.54856
284.54856
284.54856
284.54856
284.54856
284.54856
284.54856
284.54856
284.54856
284.54856
284.54856
284.54856
284.54856
284.54856
284.54856
284.54856
284.54856
284.54856
284.54856
284.54856
284.54856
284.54856
284.54856
284.54856
284.54856
284.54856
284.54856
284.54856
284.54856
284.54856
284.54856
284.54856
284.54856
284.54856
284.54856
284.54856
284.54856
284.54856
284.54856
284.54856
284.54856
284.54856
284.54856
284.54856
284.54856
284.54856
284.54856
284.54856
284.54856
284.54856
284.54856
284.54856
284.54856
284.54856
284.54856
284.54856
284.54856
284.54856
284.54856
284.54856
284.54856
284.54856
284.54856
284.54856
284.54856
284.54856
284.54856
284.54856
284.54856
284.54856
284.54856
284.54856
284.54856
284.54856
284.54856
284.54856
284.54856
284.54856
284.54856
284.54856
284.54856
284.54856
284.54856
284.54856
284.54856
284.54856
284.54856
284.54856
284.54856
284.54856
284.54856
284.54856
284.54856
284.54856
284.54856
284.54856
284.54856
284.54856
284.54856
284.54856
284.54856
284.54856
284.54856
284.54856
284.54856
284.54856
284.54856
284.54856
284.54856
284.54856
284.54856
284.54856
284.54856
284.54856
50.690264
50.690264
50.690264
50.690264
50.690264
50.690264
50.690264
50.690264
50.690264
50.690264
50.690264
50.690264
50.690264
50.690264
50.690264
50.690264
50.690264
50.690264
50.690264
50.690264
50.690264
50.690264
50.690264
50.690264
50.690264
50.690264
50.690264
50.690264
50.690264
50.690264
50.690264
50.690264
50.690264
50.690264
50.690264
50.690264
50.690264
50.690264
50.690264
50.690264
50.690264
50.690264
50.690264
50.690264
50.690264
50.690264
50.690264
50.690264
50.690264
50.690264
50.690264
50.690264
50.690264
50.690264
50.690264
50.690264
50.690264
50.690264
50.690264
50.690264
50.690264
50.690264
50.690264
50.690264
50.690264
50.690264
50.690264
50.690264
50.690264
50.690264
50.690264
50.690264
50.690264
50.690264
50.690264
50.690264
50.690264
50.690264
50.690264
50.690264
50.690264
50.690264
50.690264
50.690264
50.690264
50.690264
50.690264
50.690264
50.690264
50.690264
50.690264
50.690264
50.690264
50.690264
50.690264
50.690264
50.690264
50.690264
50.690264
50.690264
50.690264
50.690264
50.690264
50.690264
50.690264
50.690264
50.690264
50.690264
50.690264
50.690264
50.690264
50.690264
50.690264
50.690264
50.690264
50.690264
50.690264
50.690264
50.690264
50.690264
50.690264
50.690264
50.690264
50.690264
50.690264
50.690264
50.690264
50.690264
50.690264
50.690264
50.690264
50.690264
50.690264
50.690264
50.690264
50.690264
50.690264
50.690264
50.690264
50.690264
50.690264
50.690264
50.690264
50.690264
50.690264
50.690264
50.690264
50.690264
50.690264
50.690264
50.690264
50.690264
50.690264
50.690264
50.690264
50.690264
50.690264
50.690264
50.690264
50.690264
50.690264
50.690264
50.690264
50.690264
50.690264
50.690264
50.690264
50.690264
50.690264
50.690264
50.690264
50.690264
50.690264
50.690264
50.690264
50.690264
50.690264
50.690264
50.690264
50.690264
50.690264
50.690264
50.690264
50.690264
50.690264
50.690264
50.690264
50.690264
50.690264
50.690264
50.690264
50.690264
50.690264
50.690264
50.690264
50.690264
50.690264
50.690264
50.690264
50.690264
50.690264
50.690264
50.690264
50.690264
50.690264
50.690264
50.690264
50.690264
50.690264
50.690264
50.690264
50.690264
50.690264
50.690264
50.690264
50.690264
50.690264
50.690264
50.690264
50.690264
50.690264
50.690264
50.690264
50.690264
50.690264
50.690264
50.690264
50.690264
50.690264
50.690264
50.690264
50.690264
50.690264
50.690264
50.690264
50.690264
50.690264
50.690264
50.690264
284.54856
284.54856
284.54856
50.690264
50.690264
50.690264
50.690264
284.54856
284.54856
50.690264
50.690264
50.690264
50.690264
50.690264
50.690264
50.690264
50.690264
284.54856
284.54856
50.690264
50.690264
50.690264
50.690264
50.690264
50.690264
50.690264
50.690264
50.690264
50.690264
50.690264
50.690264
50.690264
50.690264
50.690264
50.690264
50.690264
50.690264
50.690264
50.690264
50.690264
50.690264
50.690264
50.690264
50.690264
50.690264
50.690264
50.690264
50.690264
50.690264
50.690264
50.690264
50.690264
50.690264
50.690264
50.690264
284.54856
284.54856
50.690264
284.54856
284.54856
50.690264
284.54856
50.690264
284.54856
284.54856
50.690264
50.690264
284.54856
284.54856
50.690264
284.54856
284.54856
50.690264
50.690264
284.54856
284.54856
50.690264
284.54856
284.54856
50.690264
50.690264
50.690264
284.54856
284.54856
284.54856
284.54856
284.54856
284.54856
50.690264
50.690264
50.690264
50.690264
50.690264
50.690264
284.54856
284.54856
284.54856
50.690264
50.690264
284.54856
284.54856
284.54856
284.54856
284.54856
284.54856
284.54856
284.54856
284.54856
50.690264
50.690264
50.690264
50.690264
50.690264
50.690264
50.690264
284.54856
284.54856
284.54856
50.690264
284.54856
284.54856
50.690264
284.54856
284.54856
284.54856
50.690264
50.690264
50.690264
50.690264
50.690264
50.690264
50.690264
50.690264
50.690264
50.690264
50.690264
50.690264
50.690264
50.690264
50.690264
50.690264
50.690264
50.690264
50.690264
50.690264
50.690264
50.690264
50.690264
50.690264
50.690264
50.690264
50.690264
284.54856
284.54856
284.54856
50.690264
50.690264
50.690264
50.690264
50.690264
50.690264
50.690264
50.690264
50.690264
50.690264
284.54856
50.690264
50.690264
50.690264
50.690264
50.690264
50.690264
50.690264
50.690264
50.690264
50.690264
50.690264
50.690264
50.690264
50.690264
50.690264
50.690264
50.690264
50.690264
50.690264
50.690264
50.690264
50.690264
50.690264
50.690264
50.690264
50.690264
50.690264
50.690264
50.690264
50.690264
50.690264
50.690264
50.690264
50.690264
50.690264
50.690264
50.690264
50.690264
50.690264
50.690264
50.690264
50.690264
50.690264
50.690264
50.690264
50.690264
50.690264
50.690264
50.690264
50.690264
50.690264
50.690264
50.690264
50.690264
50.690264
50.690264
50.690264
50.690264
50.690264
50.690264
50.690264
50.690264
50.690264
50.690264
50.690264
50.690264
50.690264
50.690264
50.690264
50.690264
50.690264
284.54856
284.54856
284.54856
50.690264
50.690264
50.690264
284.54856
50.690264
284.54856
284.54856
50.690264
284.54856
50.690264
50.690264
50.690264
50.690264
50.690264
50.690264
50.690264
50.690264
50.690264
50.690264
50.690264
50.690264
50.690264
50.690264
50.690264
50.690264
50.690264
50.690264
50.690264
50.690264
284.54856
50.690264
284.54856
284.54856
50.690264
50.690264
50.690264
50.690264
50.690264
50.690264
50.690264
50.690264
50.690264
50.690264
50.690264
284.54856
284.54856
284.54856
284.54856
284.54856
284.54856
50.690264
284.54856
284.54856
284.54856
284.54856
284.54856
50.690264
50.690264
284.54856
284.54856
284.54856
50.690264
284.54856
284.54856
50.690264
50.690264
284.54856
284.54856
284.54856
50.690264
50.690264
50.690264
50.690264
50.690264
50.690264
50.690264
50.690264
50.690264
50.690264
50.690264
0
40.439667
95.780484
189.99641
115.19599
6.8246519
31.547736
157.62069
0
0
0
38.651194
82.416569
183.10791
170.01787
113.77277
197.90241
59.041062
0
1.87775
198.4306
0
0
15.194371
0
6.1484006
165.09268
174.40945
158.66075
176.08276
0
0
0
0
0
0
0
104.84778
0
63.599143
110.67741
0
3.548243
55.298417
3.6551449
0
0
0
0
0
0
0
0
0
0
118.45624
74.826021
116.57404
74.800092
155.21192
15.664525
0
149.75622
51.702234
79.144106
71.71496
43.760605
0
0
57.42884
0
5.5580972
2.5553462
202.19492
286.13829
55.977262
0
46.316046
0
0
0
0
41.058545
45.413245
97.867152
110.75357
122.17385
94.13309
0
0
83.932445
18.507038
94.768949
110.56218
65.105408
59.035995
153.92016
0
0
0
0
17.248969
0
0
0
11.667135
11.616461
170.48711
129.51511
64.547095
21.373525
66.241027
85.558776
0
0
0
28.581256
0
192.7767
280.63297
273.75804
199.27036
145.44507
115.20322
16.179021
73.670947
83.027972
104.55864
0
0
)


968
(
247.54772
247.54772
247.54772
247.54772
247.54772
247.54772
247.54772
247.54772
247.54772
247.54772
247.54772
247.54772
247.54772
247.54772
247.54772
247.54772
247.54772
247.54772
247.54772
247.54772
247.54772
247.54772
247.54772
247.54772
247.54772
247.54772
247.54772
247.54772
247.54772
247.54772
247.54772
247.54772
247.54772
247.54772
247.54772
247.54772
247.54772
247.54772
247.54772
247.54772
247.54772
247.54772
115.75668
60.891151
247.54772
247.54772
247.54772
247.54772
247.54772
247.54772
247.54772
247.54772
247.54772
247.54772
163.34756
128.34942
247.54772
247.54772
247.54772
247.54772
150.54582
247.54772
247.54772
247.54772
247.54772
247.54772
247.54772
247.54772
247.54772
247.54772
115.75668
115.75668
115.75668
247.54772
247.54772
247.54772
247.54772
247.54772
247.54772
163.34756
92.716127
92.716127
247.54772
150.28596
247.54772
247.54772
247.54772
247.54772
247.54772
247.54772
247.54772
247.54772
247.54772
247.54772
247.54772
247.54772
247.54772
247.54772
247.54772
247.54772
247.54772
247.54772
247.54772
247.54772
118.80156
247.54772
247.54772
247.54772
247.54772
247.54772
247.54772
247.54772
247.54772
247.54772
247.54772
247.54772
247.54772
247.54772
247.54772
247.54772
247.54772
247.54772
247.54772
247.54772
63.130718
63.130718
60.891151
83.073035
63.130718
63.130718
173.97317
247.54772
247.54772
247.54772
247.54772
247.54772
247.54772
247.54772
128.34942
247.54772
247.54772
247.54772
247.54772
150.28596
247.54772
92.716127
92.716127
150.54582
60.891151
247.54772
247.54772
247.54772
247.54772
118.98632
247.54772
247.54772
247.54772
247.54772
247.54772
247.54772
247.54772
247.54772
247.54772
247.54772
247.54772
247.54772
247.54772
247.54772
247.54772
247.54772
247.54772
247.54772
247.54772
247.54772
247.54772
247.54772
247.54772
247.54772
247.54772
247.54772
247.54772
247.54772
247.54772
247.54772
247.54772
247.54772
247.54772
247.54772
247.54772
247.54772
247.54772
247.54772
247.54772
247.54772
247.54772
247.54772
247.54772
247.54772
247.54772
247.54772
247.54772
247.54772
247.54772
247.54772
247.54772
247.54772
247.54772
247.54772
247.54772
247.54772
247.54772
247.54772
247.54772
247.54772
247.54772
247.54772
247.54772
247.54772
247.54772
247.54772
247.54772
247.54772
247.54772
247.54772
247.54772
247.54772
247.54772
247.54772
247.54772
247.54772
247.54772
247.54772
247.54772
247.54772
247.54772
247.54772
247.54772
247.54772
247.54772
247.54772
247.54772
247.54772
247.54772
247.54772
247.54772
247.54772
247.54772
247.54772
247.54772
247.54772
247.54772
247.54772
247.54772
247.54772
247.54772
247.54772
247.54772
247.54772
247.54772
247.54772
247.54772
247.54772
247.54772
247.54772
247.54772
247.54772
247.54772
247.54772
247.54772
247.54772
247.54772
247.54772
247.54772
247.54772
247.54772
247.54772
247.54772
247.54772
247.54772
38.501412
38.501412
38.501412
38.501412
38.501412
38.501412
38.501412
38.501412
38.501412
38.501412
38.501412
38.501412
38.501412
38.501412
38.501412
38.501412
38.501412
38.501412
38.501412
38.501412
38.501412
38.501412
38.501412
38.501412
38.501412
38.501412
38.501412
38.501412
38.501412
38.501412
38.501412
38.501412
38.501412
38.501412
38.501412
38.501412
38.501412
38.501412
38.501412
38.501412
38.501412
38.501412
38.501412
38.501412
38.501412
38.501412
38.501412
38.501412
38.501412
38.501412
38.501412
38.501412
38.501412
38.501412
38.501412
38.501412
38.501412
38.501412
38.501412
38.501412
38.501412
38.501412
38.501412
38.501412
38.501412
38.501412
38.501412
38.501412
38.501412
38.501412
38.501412
38.501412
38.501412
38.501412
38.501412
38.501412
38.501412
38.501412
38.501412
38.501412
38.501412
38.501412
38.501412
38.501412
38.501412
38.501412
38.501412
38.501412
38.501412
38.501412
38.501412
38.501412
38.501412
38.501412
38.501412
38.501412
38.501412
38.501412
38.501412
38.501412
38.501412
38.501412
38.501412
38.501412
38.501412
38.501412
38.501412
38.501412
38.501412
38.501412
38.501412
38.501412
38.501412
38.501412
38.501412
38.501412
38.501412
38.501412
38.501412
38.501412
38.501412
38.501412
38.501412
38.501412
38.501412
38.501412
38.501412
38.501412
38.501412
38.501412
38.501412
38.501412
38.501412
38.501412
38.501412
38.501412
38.501412
38.501412
38.501412
38.501412
38.501412
38.501412
38.501412
38.501412
38.501412
38.501412
38.501412
38.501412
38.501412
38.501412
38.501412
38.501412
38.501412
38.501412
38.501412
38.501412
38.501412
38.501412
38.501412
38.501412
38.501412
38.501412
38.501412
38.501412
38.501412
38.501412
38.501412
38.501412
38.501412
38.501412
38.501412
38.501412
38.501412
38.501412
38.501412
38.501412
38.501412
38.501412
38.501412
38.501412
38.501412
38.501412
38.501412
38.501412
38.501412
38.501412
38.501412
38.501412
38.501412
38.501412
38.501412
38.501412
38.501412
38.501412
38.501412
38.501412
38.501412
38.501412
38.501412
38.501412
38.501412
38.501412
38.501412
38.501412
38.501412
38.501412
38.501412
38.501412
38.501412
38.501412
38.501412
38.501412
38.501412
38.501412
38.501412
38.501412
38.501412
38.501412
38.501412
38.501412
38.501412
38.501412
38.501412
38.501412
38.501412
38.501412
38.501412
38.501412
38.501412
38.501412
38.501412
38.501412
38.501412
38.501412
38.501412
38.501412
38.501412
38.501412
38.501412
247.54772
247.54772
247.54772
38.501412
38.501412
38.501412
38.501412
247.54772
247.54772
38.501412
38.501412
38.501412
38.501412
38.501412
38.501412
38.501412
38.501412
247.54772
247.54772
38.501412
38.501412
38.501412
38.501412
38.501412
38.501412
38.501412
38.501412
38.501412
38.501412
38.501412
38.501412
38.501412
38.501412
38.501412
38.501412
38.501412
38.501412
38.501412
38.501412
38.501412
38.501412
38.501412
38.501412
38.501412
38.501412
38.501412
38.501412
38.501412
38.501412
38.501412
38.501412
38.501412
38.501412
38.501412
38.501412
247.54772
247.54772
38.501412
247.54772
247.54772
38.501412
247.54772
38.501412
247.54772
247.54772
38.501412
38.501412
247.54772
247.54772
38.501412
247.54772
247.54772
38.501412
38.501412
247.54772
247.54772
38.501412
247.54772
247.54772
38.501412
38.501412
38.501412
247.54772
247.54772
247.54772
247.54772
247.54772
247.54772
38.501412
38.501412
38.501412
38.501412
38.501412
38.501412
247.54772
247.54772
247.54772
38.501412
38.501412
247.54772
247.54772
247.54772
247.54772
247.54772
247.54772
247.54772
247.54772
247.54772
38.501412
38.501412
38.501412
38.501412
38.501412
38.501412
38.501412
247.54772
247.54772
247.54772
38.501412
247.54772
247.54772
38.501412
247.54772
247.54772
247.54772
38.501412
38.501412
38.501412
38.501412
38.501412
38.501412
38.501412
38.501412
38.501412
38.501412
38.501412
38.501412
38.501412
38.501412
38.501412
38.501412
38.501412
38.501412
38.501412
38.501412
38.501412
38.501412
38.501412
38.501412
38.501412
38.501412
38.501412
247.54772
247.54772
247.54772
38.501412
38.501412
38.501412
38.501412
38.501412
38.501412
38.501412
38.501412
38.501412
38.501412
247.54772
38.501412
38.501412
38.501412
38.501412
38.501412
38.501412
38.501412
38.501412
38.501412
38.501412
38.501412
38.501412
38.501412
38.501412
38.501412
38.501412
38.501412
38.501412
38.501412
38.501412
38.501412
38.501412
38.501412
38.501412
38.501412
38.501412
38.501412
38.501412
38.501412
38.501412
38.501412
38.501412
38.501412
38.501412
38.501412
38.501412
38.501412
38.501412
38.501412
38.501412
38.501412
38.501412
38.501412
38.501412
38.501412
38.501412
38.501412
38.501412
38.501412
38.501412
38.501412
38.501412
38.501412
38.501412
38.501412
38.501412
38.501412
38.501412
38.501412
38.501412
38.501412
38.501412
38.501412
38.501412
38.501412
38.501412
38.501412
38.501412
38.501412
38.501412
38.501412
247.54772
247.54772
247.54772
38.501412
38.501412
38.501412
247.54772
38.501412
247.54772
247.54772
38.501412
247.54772
38.501412
38.501412
38.501412
38.501412
38.501412
38.501412
38.501412
38.501412
38.501412
38.501412
38.501412
38.501412
38.501412
38.501412
38.501412
38.501412
38.501412
38.501412
38.501412
38.501412
247.54772
38.501412
247.54772
247.54772
38.501412
38.501412
38.501412
38.501412
38.501412
38.501412
38.501412
38.501412
38.501412
38.501412
38.501412
247.54772
247.54772
247.54772
247.54772
247.54772
247.54772
38.501412
247.54772
247.54772
247.54772
247.54772
247.54772
38.501412
38.501412
247.54772
247.54772
247.54772
38.501412
247.54772
247.54772
38.501412
38.501412
247.54772
247.54772
247.54772
38.501412
38.501412
38.501412
38.501412
38.501412
38.501412
38.501412
38.501412
38.501412
38.501412
38.501412
0
83.085935
132.33837
215.00991
155.90228
31.996582
70.83671
176.12575
0
0
0
82.260906
133.0335
198.44262
190.95185
158.31741
220.53068
110.64462
0
0
180.80628
0
0
29.901705
0
0
163.51327
155.73476
175.81741
171.5261
0
0
0
0
0
0
0
34.416924
20.140235
0
70.50556
0
0
0
0
0
0
0
0
0
0
0
0
0
0
50.014732
9.0845806
120.51652
33.556642
138.62905
0
0.59174725
162.27268
92.629733
93.934164
93.501417
91.591022
0
0
111.50551
0
36.248368
55.78495
133.84241
261.48455
106.44024
0
14.501112
22.067787
0
0
0
98.255612
99.445613
145.34938
145.13007
164.27284
80.967724
0
0
71.787668
21.905433
99.629204
64.106324
30.219188
4.6450874
100.25866
0
0
0
0
0
0
0
0
0
0
148.57927
111.39197
28.305086
0
0
19.022723
0
0
0
57.70928
0
127.63919
261.36796
246.83095
135.1567
100.0963
97.300311
22.790959
40.124792
30.797825
67.315084
0
0
)


968
(
218.93877
218.93877
218.93877
218.93877
218.93877
218.93877
218.93877
218.93877
218.93877
218.93877
218.93877
218.93877
218.93877
218.93877
218.93877
218.93877
218.93877
218.93877
218.93877
218.93877
218.93877
218.93877
218.93877
218.93877
218.93877
218.93877
218.93877
218.93877
218.93877
218.93877
218.93877
218.93877
218.93877
218.93877
218.93877
218.93877
218.93877
218.93877
218.93877
218.93877
218.93877
218.93877
218.93877
66.568128
218.93877
218.93877
218.93877
218.93877
218.93877
218.93877
218.93877
218.93877
218.93877
218.93877
218.93877
129.42791
218.93877
218.93877
218.93877
218.93877
145.82844
218.93877
218.93877
218.93877
218.93877
66.568128
218.93877
218.93877
97.913307
218.93877
110.66156
110.66156
218.93877
218.93877
218.93877
218.93877
145.82844
218.93877
218.93877
218.93877
92.321026
92.321026
218.93877
218.93877
218.93877
218.93877
218.93877
218.93877
218.93877
218.93877
218.93877
218.93877
218.93877
218.93877
218.93877
218.93877
218.93877
218.93877
218.93877
218.93877
218.93877
218.93877
218.93877
218.93877
218.93877
218.93877
218.93877
218.93877
218.93877
218.93877
218.93877
218.93877
218.93877
218.93877
218.93877
218.93877
218.93877
218.93877
218.93877
218.93877
218.93877
218.93877
218.93877
218.93877
68.491812
68.491812
66.568128
218.93877
68.491812
68.491812
218.93877
218.93877
218.93877
218.93877
218.93877
218.93877
218.93877
218.93877
129.42791
218.93877
218.93877
218.93877
145.82844
131.84297
218.93877
92.321026
92.321026
145.82844
66.568128
218.93877
218.93877
218.93877
218.93877
218.93877
218.93877
218.93877
218.93877
218.93877
218.93877
218.93877
218.93877
218.93877
218.93877
218.93877
218.93877
218.93877
218.93877
218.93877
218.93877
218.93877
218.93877
218.93877
218.93877
218.93877
218.93877
218.93877
218.93877
218.93877
218.93877
218.93877
218.93877
218.93877
218.93877
218.93877
218.93877
218.93877
218.93877
218.93877
218.93877
218.93877
218.93877
218.93877
218.93877
218.93877
218.93877
218.93877
218.93877
218.93877
218.93877
218.93877
218.93877
218.93877
218.93877
218.93877
218.93877
218.93877
218.93877
218.93877
218.93877
218.93877
218.93877
218.93877
218.93877
218.93877
218.93877
218.93877
218.93877
218.93877
218.93877
218.93877
218.93877
218.93877
218.93877
218.93877
218.93877
218.93877
218.93877
218.93877
218.93877
218.93877
218.93877
218.93877
218.93877
218.93877
218.93877
218.93877
218.93877
218.93877
218.93877
218.93877
218.93877
218.93877
218.93877
218.93877
218.93877
218.93877
218.93877
218.93877
218.93877
218.93877
218.93877
218.93877
218.93877
218.93877
218.93877
218.93877
218.93877
218.93877
218.93877
218.93877
218.93877
218.93877
218.93877
218.93877
218.93877
218.93877
218.93877
218.93877
218.93877
218.93877
218.93877
218.93877
218.93877
218.93877
218.93877
218.93877
218.93877
218.93877
218.93877
21.856261
21.856261
21.856261
21.856261
21.856261
21.856261
21.856261
21.856261
21.856261
21.856261
21.856261
21.856261
21.856261
21.856261
21.856261
21.856261
21.856261
21.856261
21.856261
21.856261
21.856261
21.856261
21.856261
21.856261
21.856261
21.856261
21.856261
21.856261
21.856261
21.856261
21.856261
21.856261
21.856261
21.856261
21.856261
21.856261
21.856261
21.856261
21.856261
21.856261
21.856261
21.856261
21.856261
21.856261
21.856261
21.856261
21.856261
21.856261
21.856261
21.856261
21.856261
21.856261
21.856261
21.856261
21.856261
21.856261
21.856261
21.856261
21.856261
21.856261
21.856261
21.856261
21.856261
21.856261
21.856261
21.856261
21.856261
21.856261
21.856261
21.856261
21.856261
21.856261
21.856261
21.856261
21.856261
21.856261
21.856261
21.856261
21.856261
21.856261
21.856261
21.856261
21.856261
21.856261
21.856261
21.856261
21.856261
21.856261
21.856261
21.856261
21.856261
21.856261
21.856261
21.856261
21.856261
21.856261
21.856261
21.856261
21.856261
21.856261
21.856261
21.856261
21.856261
21.856261
21.856261
21.856261
21.856261
21.856261
21.856261
21.856261
21.856261
21.856261
21.856261
21.856261
21.856261
21.856261
21.856261
21.856261
21.856261
21.856261
21.856261
21.856261
21.856261
21.856261
21.856261
21.856261
21.856261
21.856261
21.856261
21.856261
21.856261
21.856261
21.856261
21.856261
21.856261
21.856261
21.856261
21.856261
21.856261
21.856261
21.856261
21.856261
21.856261
21.856261
21.856261
21.856261
21.856261
21.856261
21.856261
21.856261
21.856261
21.856261
21.856261
21.856261
21.856261
21.856261
21.856261
21.856261
21.856261
21.856261
21.856261
21.856261
21.856261
21.856261
21.856261
21.856261
21.856261
21.856261
21.856261
21.856261
21.856261
21.856261
21.856261
21.856261
21.856261
21.856261
21.856261
21.856261
21.856261
21.856261
21.856261
21.856261
21.856261
21.856261
21.856261
21.856261
21.856261
21.856261
21.856261
21.856261
21.856261
21.856261
21.856261
21.856261
21.856261
21.856261
21.856261
21.856261
21.856261
21.856261
21.856261
21.856261
21.856261
21.856261
21.856261
21.856261
21.856261
21.856261
21.856261
21.856261
21.856261
21.856261
21.856261
21.856261
21.856261
21.856261
21.856261
21.856261
21.856261
21.856261
21.856261
21.856261
21.856261
21.856261
21.856261
21.856261
21.856261
21.856261
21.856261
21.856261
21.856261
21.856261
21.856261
21.856261
21.856261
21.856261
21.856261
21.856261
21.856261
218.93877
218.93877
218.93877
21.856261
21.856261
21.856261
21.856261
218.93877
218.93877
21.856261
21.856261
21.856261
21.856261
21.856261
21.856261
21.856261
21.856261
218.93877
218.93877
21.856261
21.856261
21.856261
21.856261
21.856261
21.856261
21.856261
21.856261
21.856261
21.856261
21.856261
21.856261
21.856261
21.856261
21.856261
21.856261
21.856261
21.856261
21.856261
21.856261
21.856261
21.856261
21.856261
21.856261
21.856261
21.856261
21.856261
21.856261
21.856261
21.856261
21.856261
21.856261
21.856261
21.856261
21.856261
21.856261
218.93877
218.93877
21.856261
218.93877
218.93877
21.856261
218.93877
21.856261
218.93877
218.93877
21.856261
21.856261
218.93877
218.93877
21.856261
218.93877
218.93877
21.856261
21.856261
218.93877
218.93877
21.856261
218.93877
218.93877
21.856261
21.856261
21.856261
218.93877
218.93877
218.93877
218.93877
218.93877
218.93877
21.856261
21.856261
21.856261
21.856261
21.856261
21.856261
218.93877
218.93877
218.93877
21.856261
21.856261
218.93877
218.93877
218.93877
218.93877
218.93877
218.93877
218.93877
218.93877
218.93877
21.856261
21.856261
21.856261
21.856261
21.856261
21.856261
21.856261
218.93877
218.93877
218.93877
21.856261
218.93877
218.93877
21.856261
218.93877
218.93877
218.93877
21.856261
21.856261
21.856261
21.856261
21.856261
21.856261
21.856261
21.856261
21.856261
21.856261
21.856261
21.856261
21.856261
21.856261
21.856261
21.856261
21.856261
21.856261
21.856261
21.856261
21.856261
21.856261
21.856261
21.856261
21.856261
21.856261
21.856261
218.93877
218.93877
218.93877
21.856261
21.856261
21.856261
21.856261
21.856261
21.856261
21.856261
21.856261
21.856261
21.856261
218.93877
21.856261
21.856261
21.856261
21.856261
21.856261
21.856261
21.856261
21.856261
21.856261
21.856261
21.856261
21.856261
21.856261
21.856261
21.856261
21.856261
21.856261
21.856261
21.856261
21.856261
21.856261
21.856261
21.856261
21.856261
21.856261
21.856261
21.856261
21.856261
21.856261
21.856261
21.856261
21.856261
21.856261
21.856261
21.856261
21.856261
21.856261
21.856261
21.856261
21.856261
21.856261
21.856261
21.856261
21.856261
21.856261
21.856261
21.856261
21.856261
21.856261
21.856261
21.856261
21.856261
21.856261
21.856261
21.856261
21.856261
21.856261
21.856261
21.856261
21.856261
21.856261
21.856261
21.856261
21.856261
21.856261
21.856261
21.856261
21.856261
21.856261
21.856261
21.856261
218.93877
218.93877
218.93877
21.856261
21.856261
21.856261
218.93877
21.856261
218.93877
218.93877
21.856261
218.93877
21.856261
21.856261
21.856261
21.856261
21.856261
21.856261
21.856261
21.856261
21.856261
21.856261
21.856261
21.856261
21.856261
21.856261
21.856261
21.856261
21.856261
21.856261
21.856261
21.856261
218.93877
21.856261
218.93877
218.93877
21.856261
21.856261
21.856261
21.856261
21.856261
21.856261
21.856261
21.856261
21.856261
21.856261
21.856261
218.93877
218.93877
218.93877
218.93877
218.93877
218.93877
21.856261
218.93877
218.93877
218.93877
218.93877
218.93877
21.856261
21.856261
218.93877
218.93877
218.93877
21.856261
218.93877
218.93877
21.856261
21.856261
218.93877
218.93877
218.93877
21.856261
21.856261
21.856261
21.856261
21.856261
21.856261
21.856261
21.856261
21.856261
21.856261
21.856261
0
126.12544
170.06379
239.2758
191.96098
75.42817
111.25227
190.88937
0
0
0
126.06154
179.7169
211.24123
208.79148
199.78864
243.94146
159.79915
0
0
162.74819
0
0
49.533973
0
0
169.12135
135.95337
189.2812
174.46275
0
0
0
0
0
0
0
0
44.657671
0
30.463072
0
0
0
0
0
0
0
0
0
0
0
0
0
0
0
0
131.13142
2.1471939
120.19745
0
31.020928
170.83252
126.02078
102.56172
108.60195
131.89387
0
55.716507
159.92377
0
58.38786
100.40188
74.970524
243.43109
150.18738
17.401221
30.794824
76.235086
70.540259
39.764137
38.760063
150.74609
150.52467
188.77023
180.92531
202.82113
64.204983
0
0
55.744575
25.434826
111.04548
28.486561
5.2159025
0
49.820935
0
0
0
0
0
0
0
0
0
0
125.77519
90.938321
0
0
0
0
0
0
0
0
0
73.330154
248.40581
223.92595
77.864598
56.331442
76.728507
0
5.1627026
0
29.658018
0
0
)


968
(
180.4505
180.4505
180.4505
180.4505
180.4505
180.4505
180.4505
180.4505
180.4505
180.4505
180.4505
180.4505
180.4505
180.4505
180.4505
180.4505
180.4505
180.4505
180.4505
180.4505
180.4505
180.4505
72.973499
180.4505
91.432491
180.4505
180.4505
180.4505
180.4505
180.4505
180.4505
180.4505
180.4505
180.4505
180.4505
180.4505
180.4505
180.4505
180.4505
180.4505
180.4505
180.4505
180.4505
72.21434
180.4505
180.4505
180.4505
180.4505
180.4505
180.4505
180.4505
180.4505
180.4505
107.18811
180.4505
180.4505
180.4505
180.4505
180.4505
180.4505
143.25473
180.4505
180.4505
180.4505
180.4505
72.21434
180.4505
180.4505
57.818489
57.818489
180.4505
180.4505
180.4505
180.4505
180.4505
180.4505
143.25473
109.7342
101.23218
180.4505
180.4505
180.4505
180.4505
180.4505
180.4505
180.4505
57.818489
180.4505
180.4505
180.4505
180.4505
180.4505
180.4505
180.4505
180.4505
180.4505
180.4505
180.4505
180.4505
180.4505
180.4505
180.4505
180.4505
180.4505
180.4505
180.4505
180.4505
180.4505
180.4505
180.4505
180.4505
180.4505
180.4505
180.4505
180.4505
180.4505
180.4505
180.4505
180.4505
180.4505
180.4505
180.4505
180.4505
180.4505
70.908723
180.4505
72.21434
180.4505
180.4505
70.908723
180.4505
180.4505
180.4505
180.4505
180.4505
180.4505
180.4505
180.4505
180.4505
180.4505
180.4505
180.4505
143.25473
97.375237
180.4505
180.4505
98.19483
143.25473
180.4505
180.4505
180.4505
180.4505
180.4505
180.4505
180.4505
180.4505
180.4505
180.4505
180.4505
180.4505
180.4505
180.4505
180.4505
180.4505
180.4505
180.4505
180.4505
180.4505
180.4505
180.4505
180.4505
180.4505
180.4505
180.4505
180.4505
180.4505
180.4505
180.4505
179.046
180.4505
180.4505
180.4505
180.4505
180.4505
180.4505
180.4505
180.4505
180.4505
180.4505
180.4505
180.4505
180.4505
180.4505
180.4505
180.4505
180.4505
180.4505
180.4505
180.4505
180.4505
180.4505
180.4505
180.4505
180.4505
180.4505
180.4505
180.4505
180.4505
180.4505
180.4505
180.4505
180.4505
180.4505
180.4505
180.4505
180.4505
180.4505
180.4505
180.4505
180.4505
180.4505
180.4505
180.4505
180.4505
180.4505
180.4505
180.4505
180.4505
180.4505
180.4505
180.4505
180.4505
180.4505
180.4505
180.4505
180.4505
180.4505
180.4505
180.4505
180.4505
180.4505
180.4505
180.4505
180.4505
180.4505
180.4505
180.4505
180.4505
180.4505
180.4505
180.4505
180.4505
180.42834
180.4505
180.4505
180.42834
180.4505
180.40669
0
180.4505
180.4505
180.21356
180.4505
180.4505
180.21356
180.4505
180.4505
180.4505
180.4505
180.4505
180.4505
180.4505
180.4505
180.4505
180.4505
180.4505
180.4505
180.4505
180.4505
0
0
0
0
0
0
0
0
0
0
0
0
0
0
0
0
0
0
0
0
0
0
0
0
0
0
0
0
0
0
0
0
0
0
0
0
0
0
0
0
0
0
0
0
0
0
0
0
0
0
0
0
0
0
0
0
0
0
0
0
0
0
0
0
0
0
0
0
0
0
0
0
0
0
0
0
0
0
0
0
0
0
0
0
0
0
0
0
0
0
0
0
0
0
0
0
0
0
0
0
0
0
0
0
0
0
0
0
0
0
0
0
0
0
0
0
0
0
0
0
0
0
0
0
0
0
0
0
0
0
0
0
0
0
0
0
0
0
0
0
0
0
0
0
0
0
0
0
0
0
0
0
0
0
0
0
0
0
0
0
0
0
0
0
0
0
0
0
0
0
0
0
0
0
0
0
0
0
0
0
0
0
0
0
0
0
0
0
0
0
0
0
0
0
0
0
0
0
0
0
0
0
0
0
0
0
0
0
0
0
0
0
0
0
0
0
0
0
0
0
0
0
0
0
0
0
0
0
0
0
0
0
0
0
0
0
0
0
0
180.4505
180.4505
180.4505
0
0
0
0
180.4505
180.4505
0
0
0
0
0
0
0
0
180.4505
180.4505
0
0
0
0
0
0
0
0
0
0
0
0
0
0
0
0
0
0
0
0
0
0
0
0
0
0
0
0
0
0
0
0
0
0
0
0
180.4505
180.4505
0
180.4505
180.4505
0
180.4505
0
180.4505
180.4505
0
0
180.4505
180.4505
0
180.4505
180.4505
0
0
180.4505
180.4505
0
180.4505
180.4505
0
0
0
180.4505
180.4505
180.4505
180.4505
180.4505
180.4505
0
0
0
0
0
0
180.4505
180.4505
180.4505
0
0
180.4505
180.4505
180.4505
180.4505
180.4505
180.4505
180.4505
180.4505
180.4505
0
0
0
0
0
0
0
180.4505
180.4505
180.4505
0
180.4505
180.4505
0
180.4505
180.4505
180.4505
0
0
0
0
0
0
0
0
0
0
0
0
0
0
0
0
0
0
0
0
0
0
0
0
0
0
0
180.4505
180.4505
180.4505
0
0
0
0
0
0
0
0
0
0
180.4505
0
0
0
0
0
0
0
0
0
0
0
0
0
0
0
0
0
0
0
0
0
0
0
0
0
0
0
0
0
0
0
0
0
0
0
0
0
0
0
0
0
0
0
0
0
0
0
0
0
0
0
0
0
0
0
0
0
0
0
0
0
0
0
0
0
0
0
0
0
0
0
180.4505
180.4505
180.4505
0
0
0
180.4505
0
180.4505
180.4505
0
180.4505
0
0
0
0
0
0
0
0
0
0
0
0
0
0
0
0
0
0
0
0
180.4505
0
180.4505
180.4505
0
0
0
0
0
0
0
0
0
0
0
180.4505
180.4505
180.4505
180.4505
180.4505
180.4505
0
180.4505
180.4505
180.4505
180.4505
180.4505
0
0
180.4505
180.4505
180.4505
0
180.4505
180.4505
0
0
180.4505
180.4505
180.4505
0
0
0
0
0
0
0
0
0
0
0
6.3999949
163.69507
199.5692
247.89215
213.06512
116.93491
147.69531
190.09579
0
16.988494
65.061628
164.2721
213.65823
207.98476
210.60594
227.51274
252.65889
199.07039
7.419396
0
131.72366
4.2620436
0
71.385302
0
0
169.62966
104.36388
187.25259
172.01085
0
0
0
0
0
0
0
0
71.2981
0
10.206393
0
0
0
0
15.713718
0
0
0
0
0
0
0
0
0
0
0
139.1881
18.195341
90.498777
0
52.8883
164.61552
146.33667
99.24145
111.32247
159.1976
15.543262
108.10698
195.58791
0
70.498581
133.56131
15.11309
212.95166
180.60982
76.682615
82.154946
120.98437
33.537323
96.066503
5.6988375
192.23693
192.05784
218.48087
207.8305
226.79098
38.659824
0
0
31.294622
35.357466
121.25637
1.3443023
8.5179051
0
3.3157608
0
0
0
0
0
0
0
0
0
0
91.847678
60.694445
0
0
0
0
0
0
0
0
0
19.645719
222.76226
187.36043
17.165209
7.0060462
47.051922
0
0
0
0
0
0
)

)


// ************************************************************************* //
