/*--------------------------------*- C++ -*----------------------------------*\
  =========                 |
  \\      /  F ield         | OpenFOAM: The Open Source CFD Toolbox
   \\    /   O peration     | Website:  https://openfoam.org
    \\  /    A nd           | Version:  8
     \\/     M anipulation  |
\*---------------------------------------------------------------------------*/
/*   Windows 32 and 64 bit porting by blueCAPE: http://www.bluecape.com.pt   *\
|  Based on Windows porting (2.0.x v4) by Symscape: http://www.symscape.com   |
\*---------------------------------------------------------------------------*/
FoamFile
{
    version     2.0;
    format      ascii;
    class       labelList;
    location    "constant/vegetation/polyMesh";
    object      cellProcAddressing;
}
// * * * * * * * * * * * * * * * * * * * * * * * * * * * * * * * * * * * * * //


2227
(
83
85
150
151
162
232
314
316
330
399
401
415
515
518
521
522
523
533
535
671
852
859
1082
1083
1084
1085
1086
1087
1248
1249
1250
1605
1671
1673
1678
1679
1680
1686
1687
1692
1699
1815
1817
1822
1823
1824
1827
1828
1829
1845
1846
1848
1853
1854
1855
2095
2097
2132
2135
2140
2453
2464
2467
2470
2472
2688
2689
2690
2815
2831
2832
2833
2953
2954
2955
3104
3193
3194
3195
3214
3215
3216
3217
3218
3219
3220
3326
3327
3328
3329
3330
3331
3332
3333
3334
3335
3336
3337
3338
3529
3530
3531
3532
3534
3584
3586
3942
3943
3944
4253
4254
4255
4256
4257
4258
4259
4260
4261
4262
4263
4264
4265
4266
4267
4268
4269
4270
4271
4272
4273
4274
4275
4276
4277
4487
4488
4489
4490
4491
4492
4493
4494
4495
4496
4497
4498
4499
4500
4501
4502
4912
4914
4975
4976
4977
4978
4979
4981
4982
4983
4984
4985
4986
4987
5002
5003
5004
5007
5008
5009
5010
5011
5013
5014
5015
5016
5017
5038
5039
5040
5041
5042
5043
5044
5052
5053
5054
5055
5056
5057
5058
5233
5234
5235
5236
5237
5238
5239
5240
5241
5242
5243
5244
5245
5246
5247
5248
5249
5250
5251
5252
5253
5254
5255
5256
5257
5258
5259
5260
5261
5262
5263
5264
5265
5266
5267
5268
5269
5466
5467
5468
5469
5470
5473
5474
5476
5478
5479
5480
5481
5574
5575
5576
5577
5578
5579
5580
5581
5582
5583
5584
5585
5586
5589
5978
5979
5980
5981
5982
5983
5984
5985
5986
5987
5988
5989
5990
5991
5992
5993
6705
6706
6707
6722
6723
6724
6725
6726
6727
6728
6841
6843
6845
6847
6991
6992
6993
6994
6995
6996
6997
6998
6999
7000
7001
7002
7003
7004
7005
7006
7007
7008
7009
7010
7011
7232
7233
7234
7239
7241
7245
7246
7249
7250
7287
7288
7289
7290
7291
7292
7293
7308
7309
7310
7311
7312
7313
7314
7823
7825
7826
7827
7828
7829
7831
8430
8434
8612
8613
8614
8615
8616
8617
8618
8619
8621
8622
8623
8624
8625
8626
8627
8662
8663
8664
8665
8666
8667
8668
8669
8670
8671
8672
8673
8674
8675
8676
8677
8678
8679
8680
8681
8682
8683
8684
8685
8686
8687
8688
8689
8690
8691
8692
8693
8694
8695
8696
8697
8831
8833
8834
8837
9086
9087
9088
9089
9090
9091
9092
9093
9094
9095
9096
9097
9098
9099
9100
9101
9102
9103
9104
9105
9106
9107
9108
9109
9110
9111
9112
9113
9114
9115
9116
9117
9118
9119
9120
9121
9122
9123
9124
9125
9126
9127
9128
9129
9130
9131
9132
9133
9134
9135
9136
9137
9138
9139
9140
9141
9142
9143
9144
9145
9146
9147
9148
9149
9150
9151
9152
9153
9154
9155
9156
9157
9158
9159
9160
9161
9162
9163
9164
9165
9166
9167
9168
9169
9170
9171
9172
9670
9671
9674
9675
9819
9820
9821
9822
9823
9824
9825
9826
9827
9828
9829
9830
9831
9832
9833
9834
9835
9836
9837
9838
9839
9861
9862
9863
9864
9865
9866
9867
9868
9869
9870
9871
9872
9873
9875
9876
9877
9878
9881
9882
9884
9885
9886
9887
9888
9889
9890
9891
9892
9893
9894
9895
9896
9897
9898
9899
9900
9901
9902
9905
9907
9908
9909
9910
9911
9912
9913
9914
9915
9916
9917
9918
9919
9920
9921
9922
9923
9924
9925
10017
10018
10019
10020
10021
10022
10023
10045
10046
10047
10219
10220
10221
10222
10223
10224
10503
10504
10505
10506
10507
10508
10509
10510
10511
10512
10513
10514
10515
10516
10517
10518
10519
10520
10521
10522
10523
10637
10640
10642
10643
10645
10647
10649
10650
11017
11022
11023
11024
11028
11030
11033
11034
11035
11856
11857
11859
12533
12534
12535
12536
12537
12538
12539
12543
12544
12545
12546
12547
12548
12549
12550
12551
12552
12553
12557
12558
12559
12560
13958
13959
13961
13963
14284
14285
14286
14287
14288
14289
14290
14291
14292
14293
14294
14295
14296
14297
14298
14299
14300
14301
14302
14303
14304
14305
14306
14307
14308
14309
14310
14311
14312
14313
14314
14315
14317
14318
14319
14320
14321
14322
14323
14324
14325
14326
14327
14328
14329
14330
14331
14332
14333
14334
14335
14336
14337
14338
14339
14340
14341
14342
14343
14344
14345
14346
14347
14348
14493
14494
14495
14496
14497
14498
14499
14676
14677
14678
14679
15473
15474
15475
15476
15477
15478
15479
15688
15689
15690
15691
15692
15693
15694
15695
15696
15697
15698
15699
15700
15701
15881
15882
15883
15884
15885
15886
15887
16084
16085
16086
16091
16092
16093
16094
16096
16097
16133
16134
16135
16136
16137
16138
16139
16740
16741
16742
16743
16744
16745
16746
17267
17268
17271
17273
17368
17369
17372
17374
17902
17903
17904
17905
17906
17907
17908
18476
18477
18478
18479
18480
18481
18482
18483
18484
18485
18486
18487
18488
18489
18490
18491
18492
18493
18494
18495
18496
18899
18900
18901
18902
18903
18904
18905
18906
18907
18908
18909
18910
18911
18912
18913
18914
18915
18916
18917
18918
18919
19696
19698
19699
19701
19703
19705
19706
19709
19712
19713
19801
19802
19803
19804
19805
19806
19807
19816
19819
19821
19829
19831
19832
19834
19836
19838
19839
19841
20519
20520
20521
20522
20523
20524
20525
20526
20528
20530
20531
20533
20534
20535
20536
20537
20538
20539
20687
20688
20689
20690
20691
20692
20693
20701
20702
20703
20704
20705
20706
20707
20708
20710
20712
20714
20722
20723
20724
20725
20726
20727
20728
21231
21232
21233
21234
21235
21236
21237
21245
21246
21247
21248
21249
21250
21251
21252
21253
21254
21255
21256
21257
21258
21266
21267
21268
21269
21270
21271
21272
21587
21588
21589
21590
21591
21592
21593
21594
21595
21596
21597
21598
21599
21600
21601
21602
21957
21958
21959
21960
21961
21962
21963
22015
22016
22017
22018
22019
22020
22021
22022
22317
22318
22319
22320
22321
22322
22323
22324
22325
22326
22327
22328
22329
22330
22331
22742
22743
22744
22745
22746
22747
22748
22894
22895
22896
22897
22898
22899
22900
22901
22902
22903
22904
22905
22906
22907
22908
22909
22910
22911
22912
22913
22914
22915
22916
22917
22918
22919
22920
22921
22922
22923
22924
22925
22926
22927
23191
23192
23193
23194
23195
23196
23197
23198
23199
23200
23201
23202
23203
23205
23207
23208
23209
23210
23211
23212
23213
23214
23215
23216
23217
23218
23219
23220
23222
23223
23323
23324
23325
23326
23327
23328
23329
23330
23331
23332
23333
23335
23336
23757
23758
23759
23760
23761
23762
23763
23764
23765
23766
23767
23768
23769
23770
23771
23772
23773
23774
23775
23776
23777
23778
24025
24026
24027
24028
24029
24030
24031
24032
24033
24034
24035
24036
24037
24038
24039
24040
24041
24042
24043
24044
24045
24046
24047
24048
24049
24050
24051
24052
24053
24054
24055
24056
24886
24887
24888
24889
24890
24891
24892
24893
24894
24895
24896
24897
24898
24899
24900
24901
24902
24903
24904
24905
24906
24907
24908
24909
24910
24911
24912
24913
24956
24957
24958
24959
24960
24961
24962
24963
24964
24965
24966
24967
24968
24969
25583
25584
25585
25586
25587
25588
25589
25590
25593
25595
25596
25597
25600
25602
25603
25827
25828
25830
25832
26268
26270
26271
26272
26273
26274
26277
26278
26279
26280
26281
26282
26283
26284
26285
26286
26287
26288
26289
26291
26293
26294
26295
26296
26297
26298
26299
26300
26303
26304
26305
26306
26307
26308
26309
26310
26311
27117
27118
27119
27120
27121
27122
27123
27124
27125
27126
27127
27128
27129
27130
27131
27132
27133
27134
27135
27136
27137
27138
27139
27140
27141
27142
27143
27144
27222
27223
27224
27225
27226
27227
27228
27229
27230
27231
27232
27233
27234
27235
27236
27237
27238
27239
27240
27241
27242
27341
27342
27343
27344
27345
27346
27347
27348
27349
27350
27351
27352
27353
27354
27355
27356
27357
27358
27359
27360
27361
27841
27843
27845
27846
29703
29704
29705
29706
29707
29708
29709
29710
29711
29712
29713
29714
29715
29716
29759
29760
29761
29762
29763
29764
29765
29766
29767
29768
29769
29770
29771
29772
29773
29774
29775
29776
29777
29778
29779
29780
29933
29934
29935
29936
30102
30103
30104
30105
30106
30107
30108
30109
30110
30111
30112
30113
30114
30115
30116
30117
30118
30119
30145
30147
30149
30151
30152
30155
30156
30157
30158
30159
30160
30161
30162
30163
30164
30165
30166
30365
30366
30367
30368
30369
30370
30371
31095
31096
31097
31098
31099
31100
31101
31102
31103
31104
31105
31106
31107
31108
31109
31110
31118
31119
31120
31121
31122
31123
31124
31125
31126
31127
31128
31129
31130
31131
31132
31133
31620
31621
31622
31784
31785
31786
32584
32585
32586
32844
32845
32846
33232
33233
33234
33235
33236
33237
33238
33239
33240
33241
33242
33243
33354
33355
33356
33357
33358
33359
33360
33361
33362
33363
33364
33365
33620
33621
33622
33623
33624
33625
33626
33627
33628
33629
33743
33744
33745
33746
33747
33748
33749
33750
33751
33752
33753
33754
33789
33790
33791
33792
33975
33976
33977
33978
34337
34338
34339
34402
34403
34404
34405
34435
34436
34437
34438
34439
34440
34441
34442
34443
34444
34445
34446
35058
35059
35060
35061
35062
35063
35064
35065
35066
35067
35068
35069
35154
35155
35156
35226
35227
35228
35229
35230
35231
35393
35394
35395
35396
35397
35398
35399
35400
35401
35402
35403
35404
35405
35406
35407
35517
35518
35519
35520
35521
35522
35523
35524
35525
35526
35527
35528
35603
35604
35605
35606
35607
35608
35876
35877
35878
35879
35880
35881
36081
36082
36083
36084
36085
36086
36087
36088
36089
36090
36091
36092
36093
36094
36095
36096
36097
36098
36099
36100
36101
36102
36103
36104
36450
36451
36452
36453
36454
36455
36456
36457
36458
36459
36460
36461
36462
36463
36464
36465
36466
36467
36557
36558
36559
36560
36561
36562
36572
36573
36574
36620
36621
36622
36635
36636
36637
36638
36639
36640
36938
36939
36940
36941
36942
36943
36944
36945
36946
36947
36948
36949
36950
36951
36952
36953
36954
36955
36956
36957
36958
37161
37162
37163
37164
37165
37166
37167
37168
37169
37170
37171
37172
37209
37210
37211
37212
37213
37214
37215
37216
37217
37218
37219
37220
37311
37312
37313
37315
37317
37318
37319
37320
37389
37390
37391
37398
37399
37400
37439
37440
37441
37442
37443
37444
37497
37498
37499
37500
37501
37502
37503
37526
37527
37528
37529
37530
37531
37532
37533
37534
37535
37536
37537
37632
37633
37634
37635
37636
37637
37638
37639
37640
37641
37642
37643
37644
37645
37646
37647
37648
37649
37698
37699
37700
37701
37702
37703
37704
37705
37706
37707
37708
37709
37806
37807
37808
37809
37810
37811
37812
37813
37814
37815
37816
37817
37818
37819
37820
37821
37822
37823
37824
37825
37887
37888
37889
37890
37891
37892
37893
37894
37895
37896
37897
37898
37899
37900
37901
37902
37903
37904
37905
37906
37907
37908
37909
37910
37967
37968
37969
37973
37974
37975
38009
38010
38011
38012
38013
38014
38015
38016
38065
38066
38067
38068
38069
38070
38071
38072
38073
38074
38075
38076
38077
38078
38079
38080
38081
38082
38083
38084
38085
38086
38087
38088
38089
38090
38091
38092
38093
38094
38095
38096
38097
38098
38099
38100
38101
38102
38103
38104
38105
38106
38107
38108
38109
38110
38111
38112
38113
38114
38115
38116
38230
38231
38232
38233
38234
38235
38236
38237
38238
38239
38240
38241
38242
38243
38244
38245
38246
38247
38248
38249
38250
38251
38252
38253
38465
38466
38467
38468
38469
38470
38471
38473
38474
38475
38476
38477
38479
38480
38481
38482
38483
38484
38817
38818
38819
38820
38821
38822
38826
38827
38828
38829
38830
38831
38835
38836
38837
38838
38839
38840
38910
38911
38912
38913
38914
38915
38916
38917
38918
38919
38920
39259
39260
39261
39262
39263
39264
39265
39266
39267
39268
39269
39270
39827
39828
39829
39833
39834
39835
39836
39837
39838
39839
39840
39841
39842
39843
39844
39845
39846
39847
39848
39849
39850
39851
39852
39853
39854
39855
39856
39857
39858
39859
39860
39861
39862
39950
39951
39952
39953
39954
39955
40195
40196
40197
40198
40199
40200
40372
40373
40374
40375
40376
40377
40378
40379
40380
40381
40382
40383
40943
40944
40945
40946
40947
40948
40949
40950
40951
41540
41541
41542
41543
41544
41545
41546
41547
41548
41549
41550
41551
41552
41553
41554
41555
41556
41557
41558
41559
41560
41561
41562
41563
41668
41669
41670
41671
41672
41673
41674
41675
41676
41677
41678
41679
41752
41753
41754
41755
41756
41757
41758
41759
41760
41761
41762
41763
41924
41925
41926
41927
41928
41929
41930
41931
41932
41933
41934
41935
41936
41937
41938
41939
41940
41941
41942
41943
41944
41945
41946
41947
41948
41949
41950
41951
41952
41953
42200
42201
42202
42203
42204
42205
42206
42207
42208
42209
42210
42211
42212
42213
42214
42218
42219
42220
42318
42319
42320
42321
42322
42323
42324
42325
42326
42608
42609
42610
42611
42612
42613
42614
42615
42616
42617
42618
42619
42767
42768
42769
42770
42771
42772
42773
42774
42775
42776
42777
42778
42779
42780
42781
42782
42783
42784
42785
42786
42787
42788
42789
42790
42791
42792
42793
42794
42795
42796
42797
42798
42799
42800
42801
42802
42803
42804
42805
42806
42807
42808
42809
42810
42811
42812
42813
42814
43701
43702
43703
43707
43708
43709
43710
43711
43712
43716
43717
43718
43719
43720
43721
43722
43723
43724
43725
43726
43727
43734
43735
43736
43987
43988
43989
43990
43991
43992
43993
43994
43995
44014
44015
44016
44044
44045
44046
44047
44048
44049
44065
44066
44067
44071
44072
44073
44074
44075
44076
44304
44305
44306
44307
44308
44309
44310
44311
44312
44313
44314
44315
44316
44317
44318
44319
44320
44321
44322
44323
44324
44325
44326
44327
44328
44329
44330
44331
44332
44333
44334
44335
44336
44337
44338
44339
)


// ************************************************************************* //
