/*--------------------------------*- C++ -*----------------------------------*\
  =========                 |
  \\      /  F ield         | OpenFOAM: The Open Source CFD Toolbox
   \\    /   O peration     | Website:  https://openfoam.org
    \\  /    A nd           | Version:  8
     \\/     M anipulation  |
\*---------------------------------------------------------------------------*/
/*   Windows 32 and 64 bit porting by blueCAPE: http://www.bluecape.com.pt   *\
|  Based on Windows porting (2.0.x v4) by Symscape: http://www.symscape.com   |
\*---------------------------------------------------------------------------*/
FoamFile
{
    version     2.0;
    format      ascii;
    class       labelList;
    location    "constant/air/polyMesh";
    object      pointProcAddressing;
}
// * * * * * * * * * * * * * * * * * * * * * * * * * * * * * * * * * * * * * //


8204
(
2
3
9
36
37
43
82
99
131
132
161
197
207
229
231
278
279
280
282
283
299
364
365
367
381
454
455
458
501
527
528
592
593
656
659
660
661
678
731
735
844
856
870
891
911
934
957
958
987
988
992
993
994
1044
1045
1085
1086
1087
1088
1112
1145
1186
1187
1188
1189
1227
1229
1245
1246
1247
1248
1249
1305
1306
1307
1369
1370
1372
1373
1378
1379
1380
1381
1542
1543
1559
1560
1612
1613
1623
1652
1653
1654
1655
1656
1657
1663
1664
1755
1756
1757
1804
1805
1806
1807
1888
1889
1933
1934
1935
1969
1973
1978
1979
1980
1981
2085
2086
2087
2089
2090
2091
2092
2093
2095
2207
2209
2210
2211
2212
2214
2223
2224
2225
2226
2227
2228
2229
2438
2451
2464
2475
2522
2523
2524
2573
2574
2716
2717
2718
2719
2777
2778
2779
2780
2781
2788
2789
2790
2791
2792
2793
2794
2919
2956
2958
3014
3048
3107
3108
3109
3171
3258
3259
3260
3261
3283
3337
3338
3339
3340
3341
3477
3478
3492
3493
3494
3495
3496
3564
3565
3586
3587
3588
3783
3784
3785
3786
3787
3829
3946
3947
3948
3960
4073
4074
4075
4076
4077
4078
4079
4080
4081
4082
4135
4137
4138
4279
4280
4281
4386
4387
4388
4389
4390
4391
4392
4501
4502
4503
4504
4505
4506
4507
4508
4509
4522
4523
4524
4525
4526
4527
4528
4529
4530
4531
4532
4533
4534
4740
4799
4825
4826
4827
4828
4880
4881
4882
4883
4884
4885
5021
5022
5023
5024
5025
5026
5031
5032
5033
5034
5035
5036
5037
5038
5039
5040
5041
5044
5270
5271
5272
5273
5274
5374
5375
5376
5377
5378
5493
5494
5495
5496
5497
5498
5499
5500
5556
5557
5558
5559
5560
5676
5677
5721
5816
5817
5978
5980
5981
5982
5983
5985
5986
5987
5988
5989
5990
5991
6231
6232
6233
6236
6242
6243
6244
6245
6246
6248
6249
6250
6251
6252
6253
6254
6255
6265
6266
6267
6765
6766
6767
6912
6913
6914
6915
6916
6917
6918
6919
6920
6921
6922
6923
6926
6927
6928
6929
6930
7101
7102
7103
7104
7105
7106
7107
7108
7109
7110
7111
7112
7113
7129
7130
7131
7132
7133
7134
7135
7136
7137
7138
7139
7140
7141
7142
7143
7144
7145
7146
7147
7149
7150
7479
7480
7542
7561
7562
7619
7640
7641
7681
7814
7998
8129
8325
8534
8535
8536
8537
8595
8596
8699
8857
8858
8859
8860
8861
8862
9092
9192
9194
9236
9237
9528
9635
9636
9637
9638
9639
9640
9726
9728
9729
9730
9872
9873
9874
9875
9876
10095
10147
10150
10248
10249
10379
10380
10601
10602
11212
11213
11214
11215
11216
11217
11272
11275
11276
11491
11492
11494
11496
11497
11498
11884
12043
12147
12148
12149
12215
12328
12329
12560
12562
12563
12564
12566
12567
12568
13160
13161
13162
13296
13298
13299
13660
13661
13663
14205
14264
14265
14266
14267
14268
14619
14620
14737
14743
14744
14745
14746
14747
14748
15005
15006
15354
15397
15443
15455
15490
15491
15558
15559
15560
15569
15570
15571
15572
15573
15601
15602
15603
15604
15605
15610
15611
15612
15614
15645
15646
15655
15692
15693
15694
15712
15713
15714
15723
15724
15725
15726
15727
15740
15741
15742
15743
15744
15745
15806
15807
15808
15809
15810
15811
15812
15847
15866
15921
15922
15947
15948
15949
15950
15951
15952
15953
15954
15955
16000
16001
16002
16003
16004
16005
16006
16007
16008
16012
16013
16032
16033
16073
16074
16075
16076
16077
16078
16080
16081
16097
16098
16099
16105
16106
16120
16121
16122
16123
16159
16166
16174
16175
16223
16224
16229
16230
16253
16254
16325
16326
16327
16338
16339
16363
16364
16371
16372
16373
16374
16375
16376
16377
16414
16415
16416
16417
16418
16434
16435
16519
16520
16521
16522
16523
16524
16552
16553
16554
16555
16562
16563
16564
16565
16566
16567
16568
16570
16571
16572
16686
16687
16688
16689
16690
16691
20083
20084
20086
20160
20161
20167
20168
20272
20273
20275
20299
20300
20301
20405
20406
20407
20408
20409
20410
20412
20413
20414
20415
20416
20541
20542
20543
20544
20545
20546
20547
20548
20549
20550
20551
20552
20553
20554
20555
20576
20577
20578
20579
20580
20582
20583
20584
20585
20586
20587
20588
20591
20954
20955
20956
20958
20959
20960
20962
20963
20964
21146
21147
21150
21151
21717
21718
21719
21720
21721
21722
21723
21724
21725
21726
21728
21729
21730
21731
21733
21734
21735
21942
21943
21944
21945
21946
21947
21948
21949
21950
21951
21952
21953
21954
21955
21962
21963
21964
21965
21970
21971
21972
21973
21974
21976
21977
21978
22498
22499
22582
22583
22584
22586
22588
22879
22880
22881
22882
23177
23178
23472
23473
23474
23540
23554
23557
23558
23793
23795
23796
23812
23813
23816
23872
23873
23875
23908
23942
23943
23944
23945
23947
23996
23997
23998
23999
24000
24103
24135
24136
24137
24138
24139
24140
24291
24292
24293
24294
24295
24358
24359
24360
24361
24362
24368
24369
24370
24371
24515
24516
24519
24520
24521
24523
24524
24558
24559
24640
24641
24644
24645
24646
24733
24734
24735
24736
24737
24738
24739
24753
24754
24755
24757
24895
24896
24949
24950
24951
24952
24953
24954
24955
24957
24958
25154
25155
25156
25157
25232
25233
25235
25236
25237
25238
25239
25240
25241
25285
25286
25288
25289
25406
25407
25421
25422
25423
25424
25425
25429
25664
25665
25666
25697
25756
25782
25783
25784
25785
25866
25867
25868
25869
25870
25871
25872
25873
25874
25952
25953
25954
25955
25956
25957
25958
25965
25966
25967
25969
26109
26111
26112
26113
26114
26202
26203
26205
26231
26232
26234
26236
26241
26313
26314
26315
26316
26319
26323
26396
26397
26398
26399
26400
26401
26402
26403
26404
26405
26492
26493
26494
26530
26531
26532
26533
26534
26535
26536
26537
26538
26539
26540
26541
26542
26543
26544
26668
26669
26670
26671
26672
26673
26674
26842
26843
26844
26845
26846
26847
26848
26852
26853
26854
26855
26856
26857
26871
26872
26874
26875
26876
26877
26878
26879
26880
26881
26892
27354
27355
27356
27357
27386
27392
27393
27394
27497
27498
27500
27501
27519
27520
27588
27589
27591
27592
27593
27594
27595
27596
27597
27598
27599
27600
27602
27603
27621
27622
27623
27866
27867
27868
27869
27870
27871
27872
27974
27975
27976
27977
27978
27979
27980
27981
27982
27984
28170
28171
28172
28173
28258
28314
28316
28317
28318
28319
28323
28556
28557
28558
28559
28560
28561
28562
28563
28564
28565
28566
28567
28568
28569
28570
28571
28572
28573
28578
28756
28758
28759
28760
28761
28762
28763
28764
28765
28776
28777
28778
28779
28780
28781
28782
28783
29209
29210
29211
29357
29358
29359
29360
29361
29362
29521
29522
29523
29524
29525
29526
29870
29871
29872
29873
29874
29875
29876
29877
29878
29879
29880
29881
29882
29883
29884
29885
29990
29991
29992
29993
29994
29995
29996
29997
29998
29999
30000
30001
30002
30003
30004
30005
30006
30007
30008
30009
30010
30011
30012
30013
30014
30015
30016
30041
30042
30043
30044
30045
30046
30047
30048
30049
30050
30051
30052
30053
30054
30055
30056
30057
30058
30059
30060
30061
30062
30063
30064
30066
30067
30068
30069
30361
30362
30402
30503
30504
30505
30575
30576
30710
30711
30712
30963
30965
30966
30967
30969
30970
30982
31245
31246
31247
31248
31249
31250
31251
31341
31342
31343
31646
31647
31648
31649
31650
31651
31652
31653
31654
31733
31734
31735
32085
32086
32087
32088
32089
32090
32091
32092
32093
32094
32095
32096
32097
32098
32099
32100
32101
32102
32103
32187
32189
32191
32421
32422
32423
32424
32604
32605
32606
32607
32608
32609
32610
32611
32612
32613
32614
32615
32616
32617
32750
32751
32752
32753
32754
32755
32756
32757
32758
32759
32760
32761
32762
32763
32764
32765
32766
32767
32768
32769
32770
33019
33020
33141
33142
33143
33191
33192
33193
33194
33275
33276
33277
33278
33279
33280
33281
33282
33283
33489
33490
33491
33492
33493
33494
33495
33501
33502
33503
33504
33505
33506
33507
33508
33509
33510
33511
33517
33890
33891
33892
33893
33894
33895
33896
33897
33898
34053
34054
34055
34056
34057
34058
34059
34235
34236
34237
34238
34239
34240
34241
34242
34243
34244
34245
34246
34316
34317
34318
34319
34320
34321
34322
34547
34613
34614
34744
35109
35286
35287
35530
35889
35890
35891
35892
36192
36193
36194
36195
36415
36416
36444
36523
36615
36616
36617
36618
36619
36798
36800
36846
36847
37103
37104
37105
37106
37107
37144
37146
37147
37148
37256
37257
37258
37259
37436
37437
37698
37704
37705
37716
37721
37734
37759
37760
37789
37790
37796
37797
37798
37799
37800
37801
37811
37814
37815
37816
37830
37831
37832
37833
37856
37857
37858
37859
37864
37865
37866
38599
38600
38623
38625
38711
38837
38846
38847
38848
38849
38850
38851
38852
38853
38858
38859
38860
38861
38862
38863
38864
39193
39196
39199
39200
39201
39202
39203
39204
39205
39206
39207
39208
39209
39233
39234
39235
39236
39238
39239
39240
39241
39243
39756
39764
39766
39768
39769
39771
39772
39773
39774
39779
39780
39781
39782
39783
39862
39892
39894
39896
39897
39898
39899
39900
39901
39902
39903
39904
39905
39906
39907
39908
40391
40392
40393
40394
40395
40396
40397
40398
40399
40400
40401
40402
40403
40404
40405
40406
40407
40408
40409
40411
40412
40413
40414
40415
40416
40417
40418
40425
40426
40427
40428
40429
40430
40431
40432
40433
40434
40435
40436
40437
40438
40439
40440
40441
40442
40443
40953
40954
40955
40956
40957
40958
40959
40960
40961
40962
40963
40964
40965
40966
40967
40968
40969
40970
40971
40972
40973
40974
40975
40976
40977
40978
40979
40980
40981
40982
40983
40984
40985
40986
40987
40988
40989
40990
40991
40992
40993
40994
40995
40996
40997
40998
40999
41000
41001
41002
41003
41004
41005
41006
41007
41008
41009
41011
41012
41022
41070
41071
41072
41073
41074
41075
41076
41077
41078
41079
41080
41081
41082
41083
41084
41085
41086
41087
41088
41089
41090
41091
41092
41093
41094
41099
41100
41101
41102
41103
41104
41105
41106
41107
41108
41109
41110
41111
41112
41113
41114
41115
41116
41117
41118
41121
41122
41123
41124
41125
41126
41127
41135
41136
41137
41138
41139
42326
42337
42338
42748
42749
42750
42751
42752
42753
42754
42755
42756
42757
42758
42759
42760
42761
42765
42766
42767
42768
42769
42770
42771
42772
42773
42774
42775
42776
42777
42779
42781
42782
42783
42784
42785
42786
42787
43414
43415
43416
43417
43418
43419
43427
43428
43429
43430
43431
43434
45004
45005
45522
45523
45524
45525
45526
45527
45528
45529
45530
45531
45532
45533
45534
45535
45536
45537
45538
45539
45540
45541
45542
45543
45544
45545
45546
45547
45548
45549
45550
45551
45552
45553
45554
45555
45556
45557
45558
45564
45565
45566
45567
45568
45569
45570
45571
45572
45573
45574
45575
45576
45577
45578
45580
45581
45583
45584
45585
45586
45587
45588
45589
45590
45591
45592
45593
46182
46183
46184
46185
46186
46187
46188
46189
46190
46191
46192
46193
46194
46195
46196
46197
46198
46199
46200
46201
46202
46203
46204
46205
46206
46207
46208
46209
46210
46211
46212
46213
46214
46215
46216
46217
46218
46219
46220
46221
46222
46228
46250
46251
46252
46253
46254
46255
46256
46257
46258
46259
46260
46261
46262
46271
46276
46277
46278
46279
46280
46281
46282
46283
46284
46285
46286
46287
46288
46289
46290
46291
46292
46293
46296
46297
46298
46299
46300
46301
46302
46303
47671
47672
47673
47676
47677
47678
47679
47927
47929
47930
47931
47932
47934
47935
47942
48491
48492
48694
48695
48696
48697
48698
48699
48700
48701
48702
48993
48994
49461
49462
49463
49464
49465
49697
49698
49699
49700
50112
50115
50116
50117
50118
50119
50120
50121
50280
50281
50314
50315
50320
50321
50322
50323
50324
51002
51003
51064
51066
51092
51122
51173
51174
51175
51213
51214
51215
51319
51321
51322
51432
51433
51470
51471
51548
51581
51604
51605
51613
51615
51627
51649
51650
51651
51695
51696
51699
51754
51755
51756
51773
51774
51775
51776
51777
51778
51781
51785
51830
51831
51854
51855
51856
51857
51858
51859
51867
51868
51869
51870
51871
52052
52053
52054
52055
52056
52057
52058
52059
52060
52061
52062
52063
52353
52354
52355
52356
52357
52358
52359
52386
52387
52388
52389
52390
52391
52392
52393
52394
52407
52408
52409
52410
52411
52412
52571
52964
53022
53023
53074
53075
53080
53081
53082
53083
53095
53096
53099
53183
53184
53185
53186
53187
53188
53279
53280
53281
53282
53283
53284
53285
53286
53287
53288
53289
53290
53305
53306
53307
53308
53309
53487
53488
53489
53491
53492
53493
53494
53495
53497
53498
53507
53508
53509
53510
53511
53512
53513
53625
53626
53627
53628
53629
53630
53631
53632
53633
53634
53635
53636
53637
53638
53639
53640
53641
53642
53643
53646
53873
53874
53875
53876
53877
53878
53881
53908
53909
53910
53911
53912
53913
53914
53915
53916
53917
53918
53919
53920
53921
53922
53923
53924
53925
53926
53927
53928
53929
53930
53931
53932
53933
53934
53935
53936
53937
53938
53939
53940
53941
53942
53943
53944
53945
53946
53947
53948
53949
53950
53951
53952
53953
53954
53955
53956
53961
54003
54004
54005
54006
54007
54008
54009
54010
54011
54012
54013
54014
54015
54019
54493
54494
54495
54496
54497
54498
54499
54500
54501
54502
54503
54504
54505
54506
54507
54508
54509
54510
54511
54512
54513
54514
54515
54516
54517
54518
54519
54520
54521
55367
55368
55369
55370
55371
55372
55373
55374
55375
55376
55377
55378
55379
55380
55381
55382
55383
55384
55385
55386
55387
55531
55532
55537
55540
55856
55857
55858
55860
55861
55862
55864
55900
55902
55903
55910
55911
55912
55914
55985
55986
55987
55988
55990
56018
56019
56020
56021
56081
56082
56083
56084
56085
56128
56129
56130
56131
56132
56133
56225
56241
56264
56306
56307
56308
56310
56312
56355
56356
56357
56445
56446
56447
56448
56449
56450
56528
56529
56530
56531
56532
56533
56534
56536
56537
56538
56633
56634
56635
56700
56701
56702
56703
56717
56718
56719
56721
56722
56799
56881
56949
56950
56951
56952
56953
56954
57014
57015
57016
57017
57018
57019
57020
57021
57046
57047
57049
57051
57052
57053
57054
57055
57056
57140
57141
57142
57143
57144
57184
57185
57186
57239
57240
57241
57242
57243
57244
57245
57249
57314
57315
57316
57317
57318
57319
57320
57321
57322
57323
57324
57325
57386
57387
57388
57389
57399
57400
57401
57402
57403
57404
57405
57406
57407
57408
57409
57410
57411
57412
57413
57414
57415
57416
57417
57418
57419
57420
57468
57469
57507
57508
57509
57510
57511
57512
57513
57514
57522
57523
57677
57678
57679
57680
57682
57683
57684
57685
57686
57687
57688
57689
57690
57691
57692
57715
57773
57798
57799
57800
57801
57802
57803
57804
57805
57806
57807
57808
57810
57811
57863
57884
57886
57888
57890
57891
57892
57893
57894
57895
57896
57897
57898
57899
57900
57901
57902
57903
57904
57905
57906
57907
57985
57986
57987
57992
58012
58015
58016
58017
58018
58019
58020
58021
58022
58023
58024
58025
58185
58186
58187
58188
58189
58190
58191
58192
58222
58223
58224
58225
58226
58227
58232
58233
58234
58235
58237
58238
58239
58241
58242
58243
58244
58245
58476
58477
58478
58479
58480
58481
58482
58483
58698
58699
58700
58707
58714
58715
58716
58717
58787
58788
58789
58921
58922
58923
58973
59136
59137
59138
59139
59332
59333
59334
59365
59366
59367
59368
59369
59465
59466
59468
59469
59472
59479
59480
59488
59716
59752
59753
59754
59755
59756
59757
59879
59880
59954
59971
59973
59975
60171
60172
60173
60174
60175
60176
60177
60178
60179
60180
60181
60182
60183
60184
60185
60186
60187
60188
60189
60190
60191
60192
60219
60220
60221
60222
60223
60224
60373
60374
60375
60407
60408
60409
60410
60411
60412
60413
60414
60415
60471
60472
60473
60474
60475
60476
60484
60485
60486
60487
60488
60489
60490
60589
60627
60667
60668
60669
60670
60671
60672
60673
60709
60710
60711
60712
60713
60714
60716
61064
61065
61066
61067
61070
61071
61072
61073
61074
61075
61076
61077
61078
61079
61080
61081
61082
61083
61084
61085
61220
61221
61223
61225
61518
61519
61520
61521
61522
61523
61524
61525
61526
61527
61528
61535
61536
61537
61538
61539
61540
61541
61546
61547
61548
61549
61550
61551
61607
61608
61609
61610
62118
62662
62747
62844
62845
62846
62864
63079
63316
63375
63393
63419
63422
63423
63433
63437
63444
63448
63465
63466
63467
63476
63477
63478
63479
63480
63483
63528
63529
63530
63547
63548
63549
63550
63551
63565
63568
63569
63570
63636
63723
63724
63725
63726
63727
63728
63819
63820
63821
63822
63823
63824
63825
63826
63827
63828
63844
63845
63846
63847
63848
64026
64027
64029
64030
64031
64032
64033
64034
64035
64036
64043
64044
64045
64046
64047
64135
64136
64137
64138
64139
64140
64141
64142
64143
64144
64145
64146
64147
64148
64149
64150
64366
64367
64368
64369
64370
64371
64372
64373
64374
64376
64377
64378
64408
64409
64410
64411
64412
64413
64414
64415
64416
64417
64418
64419
64420
64421
64422
64423
64424
64425
64426
64427
64428
64429
64430
64431
64432
64433
64434
64435
64436
64437
64438
64439
64440
64441
64442
64443
64444
64445
64446
64447
64448
64449
64450
64461
64507
64508
64509
64510
64511
64512
64513
64514
64515
64516
64517
64518
64519
64520
64521
64522
64529
64971
64972
64973
64974
64975
64976
64977
64978
64979
64980
64981
64982
64983
64984
64985
64986
64987
64988
64989
64990
64991
64992
64993
64994
64995
64996
64997
65858
65859
65860
65861
65862
65863
65864
65865
65866
65867
65868
65869
65870
65871
65872
65873
65874
65875
65876
65877
65878
65879
65880
65881
65882
65883
65884
66027
66028
66029
66030
66031
66037
66038
66039
66040
66410
66411
66413
66414
66415
66416
66423
66425
66559
66561
66562
66563
66565
66566
66567
66568
66569
66570
66571
66572
66578
66579
66580
66669
66670
66671
66672
66673
66674
66675
66676
66677
66678
66813
66814
66815
66816
66817
66818
66819
66820
66821
66822
66823
66824
66825
66826
66827
66828
66829
66830
66831
66832
67045
67046
67047
67123
67124
67125
67126
67127
67128
67130
67131
67132
67133
67134
67135
67136
67137
67138
67139
67141
67142
67173
67397
67398
67399
67400
67401
67402
67403
67404
67405
67406
67407
67408
67409
67410
67411
67412
67413
67414
67415
67416
67417
67418
67421
67423
67424
67425
67429
67620
67621
67622
67655
67657
67658
67659
67660
67662
67663
67667
67668
67669
67670
67672
67799
67800
67801
67918
67920
67921
67922
67923
67968
67969
67970
67971
67972
67973
67974
67976
67977
67978
67979
67980
68101
68102
68103
68104
68105
68106
68107
68108
68109
68110
68111
68112
68132
68133
68134
68169
68170
68171
68172
68177
68179
68180
68181
68182
68183
68184
68185
68187
68188
68189
68190
68349
68350
68351
68352
68353
68378
68379
68381
68382
68475
68476
68477
68478
68479
68480
68481
68482
68483
68484
68485
68486
68487
68488
68489
68490
68496
68498
68499
68500
68640
68641
68642
68643
68644
68645
68646
68647
68648
68649
68650
68651
68652
68653
68654
68655
68656
68657
68777
68778
68779
68780
68781
68782
68783
68784
68785
68786
68787
68788
68789
68790
68791
68792
68793
68794
68795
68796
68797
68798
68799
68800
68801
68802
68803
68804
68805
68882
68883
68884
68885
68886
68887
68888
68889
68890
68891
68892
68893
68894
68895
68896
68897
68898
68899
68978
68979
68980
68981
68982
68983
68984
68988
68989
68990
68991
68992
68993
68994
68995
68996
68997
68998
68999
69000
69001
69002
69003
69004
69005
69137
69138
69139
69140
69141
69142
69143
69144
69145
69146
69147
69148
69149
69150
69151
69152
69156
69157
69158
69237
69238
69239
69240
69259
69260
69261
69354
69355
69356
69357
69358
69359
69360
69361
69362
69363
69374
69375
69376
69380
69601
69602
69603
69604
69605
69606
69607
69608
69609
69610
69611
69612
70009
70010
70011
70012
70013
70014
70015
70016
70017
70018
70029
70030
70031
70032
70260
70261
70263
70264
70265
70461
70462
70463
70464
71042
71043
71044
71045
71046
71047
71048
71049
71050
71483
71484
71936
71937
71938
71939
71940
71941
71945
71946
71947
71948
71994
72010
72011
72012
72013
72014
72015
72100
72104
72106
72109
72110
72111
72112
72113
72114
72115
72116
72258
72259
72260
72261
72262
72263
72264
72265
72266
72267
72268
72281
72282
72283
72284
72285
72556
72557
72558
72559
72560
72561
72562
72563
72564
72565
72566
72567
72568
72573
72574
72575
72576
72577
72578
72579
72580
72672
72673
72674
72675
72676
72677
72678
72679
72680
72681
72682
72683
72684
72685
72686
72687
72688
72689
72690
72691
72692
72693
72694
72695
72696
72700
72701
72702
72711
72712
72957
72958
72959
72960
72961
72962
72964
72965
72966
72967
73081
73082
73083
73084
73085
73086
73087
73088
73089
73090
73091
73092
73093
73094
73095
73096
73097
73098
73099
73100
73101
73102
73103
73104
73105
73106
73107
73108
73109
73110
73111
73112
73113
73114
73115
73155
73156
73157
73158
73159
73160
73161
73162
73163
73164
73165
73167
73168
73171
73172
73173
73174
73175
73176
73177
73178
73183
73826
73827
74129
74130
74131
74132
74133
74134
74135
74136
74137
74138
74139
74140
74141
74142
74143
74144
74145
74146
74147
74148
74149
74150
74151
74152
74153
74154
74155
74156
74157
74158
74159
74160
74161
74162
74163
74164
74165
74166
74167
74168
74169
74170
74171
74172
74173
74174
74175
74176
74177
74178
74179
74180
74181
74182
74183
74184
75389
75390
75391
75392
75393
75394
75395
75396
75397
75398
75399
75400
75401
75402
75403
75404
75405
75406
75407
75408
75409
75410
75411
75412
75413
75414
75415
75416
75417
75498
75499
75500
75501
75502
75503
75504
75505
75506
75507
75508
75509
75510
75511
75512
75513
75514
75515
75516
75517
75518
75519
75520
75521
75522
75523
75524
75525
75526
75527
75528
75529
75530
75574
75575
75576
75577
75578
75579
75580
75581
75582
75583
75584
75585
75586
75587
75588
75589
75590
76092
76093
76094
76095
76098
77170
77171
77344
77345
77346
77348
77468
77469
77470
77472
77485
77486
77488
77489
77491
77492
77494
77547
77549
77550
77551
77553
77554
77562
77563
77564
77880
77890
77896
77897
77898
77899
77900
77901
77902
77903
77904
77905
77906
77907
77908
77909
77910
77911
77912
78243
78244
78245
78246
78247
78248
78249
78250
78251
78252
78253
78254
78255
78256
78257
78258
78259
78260
78261
78262
78263
78264
78265
78266
78267
78268
78269
78270
78271
78272
78273
78274
78275
78276
78277
78278
78279
78280
78281
78282
78340
78341
78342
78343
78344
78345
78346
78347
78348
78349
78350
78351
78352
78353
78354
78355
78958
78970
78988
78993
78994
78996
78997
78999
79000
79001
79002
79003
79004
79006
79008
79009
79012
79014
79015
79016
79017
79018
79019
79020
79021
79022
79023
79024
79025
79026
79027
79028
79029
79030
79031
79032
79033
79034
79035
79036
79040
79041
79042
79043
79044
79069
79070
79071
79072
79073
79074
79075
79076
79077
79078
79079
79080
79081
79082
79083
79084
79085
79086
79087
79088
79089
79090
79091
79092
79441
79442
79443
79444
79445
79446
79447
79448
79449
79450
79451
79452
79453
79454
79457
79458
79459
79460
79461
79462
79463
79464
79465
79466
79467
79468
79469
79470
79471
79472
79473
79474
79475
79476
79477
79478
79479
79480
79481
79482
79483
79484
79485
79486
79487
79488
79489
79490
79491
79492
79493
79494
79495
79496
79497
80211
80212
80213
80214
80215
80216
80217
80218
80219
80220
80221
80222
80223
80224
80225
80226
80227
80228
80229
80230
80231
80232
80233
80239
80240
80241
80319
80320
80321
80322
80323
80324
80325
80326
80327
80328
80329
80330
80331
80332
80333
80334
80335
80336
80337
80338
80339
80340
80341
80342
80343
80344
80345
80346
80347
80348
80349
80350
80351
80352
80353
80354
80355
80356
80357
80358
80359
80360
80361
80362
80363
80364
80365
80366
80367
80368
80369
80370
80371
80372
80373
80374
80375
80376
80377
80378
80379
80380
80381
80382
80383
80384
80385
80386
80387
80388
80389
80390
80391
80392
80393
80394
80395
80396
80397
80398
80399
80400
80401
80402
80403
80404
80405
80406
80407
80408
80409
80410
80411
80412
80413
80414
80415
80416
80417
80418
80419
80420
80421
80422
80423
80424
80425
80426
80427
80428
80429
80430
80431
80432
80433
80434
80435
80436
80437
80438
80439
80440
80441
80442
80443
80444
80445
80446
80447
80448
80449
80450
80451
80452
80473
80474
80475
80592
80593
80594
80595
80596
80597
80598
80599
80600
80601
80602
80603
80604
80605
80606
80607
80608
80609
80610
80611
80612
80613
80614
80615
80616
80617
80618
80619
80620
80621
80622
80623
80624
80625
80626
80627
80628
80629
80630
80644
80645
80647
82047
82048
82049
82050
82051
82052
82053
82054
82055
82056
82057
82058
82059
82060
82061
82062
82063
82064
82065
82066
82067
82068
82069
82070
82071
82072
82073
82074
82075
82076
82077
82078
82079
82080
82081
82082
82083
82084
82085
82086
82087
82088
82089
82090
82091
82092
82093
82094
82095
82096
82097
82098
82099
82100
82101
82102
82103
82104
82105
82106
82107
82108
82109
82110
82111
82112
82113
82114
82115
84484
84485
84486
84487
84488
84489
84490
84491
84492
84493
84494
84495
84496
84497
84498
84499
84500
84501
84502
84503
84504
84505
84506
84507
84508
84509
84510
84511
84512
84513
84514
84515
84516
84517
84518
84519
84520
84521
84522
84523
84524
84525
84526
84527
84528
84529
84530
84531
84532
84533
84534
84535
84536
84537
84538
84539
84879
84880
84885
84888
84889
84890
84891
84892
84893
84907
84908
84909
84913
85776
85780
85782
85783
85806
85819
85830
85851
85881
85882
85883
85903
85913
85950
85951
85964
85986
85988
86030
86089
86090
86091
86130
86131
86158
86185
86186
86187
86191
86192
86236
86304
86305
86306
86314
86328
86384
86385
86386
86434
86435
86436
86437
86439
86440
86441
86500
86501
86503
86546
86547
86576
86577
86581
86582
86583
86584
86585
86591
86592
86593
86594
86671
86673
86674
86780
86966
86967
86968
86969
86970
86971
86972
86973
86974
86975
86976
86977
86993
87015
87025
87026
87027
87028
87029
87030
87031
87032
87033
87034
87035
87036
87037
87038
87039
87040
87041
87042
87111
87112
87113
87114
87115
87116
87117
87118
87119
87437
87438
87439
87440
87441
87442
87443
87444
87445
87446
87447
87448
87449
87450
87451
87452
87453
87454
87455
87456
87457
87458
87459
87460
87461
87462
87463
87464
87511
87513
87515
87518
87519
87521
87535
87536
87537
87832
87833
87834
87835
87836
87837
87838
87839
87840
87841
87842
87843
87844
87845
87846
87847
87848
87849
87957
87958
87959
87960
87961
87962
87963
87964
87965
87966
87967
87968
87969
87971
87975
87986
87989
87990
87991
87992
87993
87994
87995
87996
87997
87998
87999
88000
88001
88002
88005
88006
88007
88008
88010
88011
88012
88013
88014
88015
88016
88017
88018
88048
88049
88050
88051
88052
88053
88054
88609
88610
88611
88614
88615
88616
88617
88620
88622
88625
88627
88628
88629
88630
88631
88632
88633
88634
88635
88636
88638
88639
88640
88641
88643
88644
88645
88646
88647
88648
88649
88650
88651
88652
88653
88654
88655
88656
88657
88658
88659
88660
88661
88662
88663
88664
88665
88666
88667
88668
88669
88670
88671
88672
88673
88674
88675
88676
88677
88678
88679
88680
88681
88682
88683
88686
90833
90834
90835
90836
90837
90838
90839
90840
90841
90842
90843
90844
90845
90846
90847
90848
90849
90850
90851
90852
90853
90854
90855
90856
90857
90858
90859
90860
90861
90862
90863
90864
90865
90866
90867
90868
90869
90870
90871
90872
90873
90874
90875
90876
90877
90878
90879
90880
90881
90882
90883
90884
90885
90886
90887
90888
90889
90890
90891
90892
90893
90894
90895
90896
90897
90898
90899
90900
90901
90902
90903
90904
90905
90906
90907
90908
90909
90910
90911
90912
90913
90914
90915
90916
90917
90918
90919
90920
90921
90922
90923
90924
90925
90926
90927
90928
90929
90930
90931
90932
90933
90934
90935
90936
90937
90938
90939
90940
90941
90942
90943
90944
90945
90946
90947
91117
91118
91119
91128
91129
91142
91177
91212
91213
91248
91279
91280
91281
91311
91312
91317
91318
91319
91320
91321
91322
91323
91324
91325
91326
91359
91380
91381
91382
91383
91384
91385
91418
91419
91444
91445
91446
91447
91472
91473
91474
91491
91492
91520
91521
91522
91523
91524
91525
91526
91527
91567
91568
91569
91570
91571
91630
91631
91668
91700
91701
91702
91703
91795
91796
91797
91884
91912
91950
91951
91952
91953
91954
91955
92003
92096
92097
92098
92099
92100
92128
92312
92313
92314
92315
92339
92340
92342
92343
92344
92345
92346
92347
92348
92349
92444
92445
92446
92447
92448
92449
92450
92451
92452
92453
92454
92455
92456
92457
92458
92594
92595
92827
92828
92829
92830
92831
92832
92833
92834
92835
92836
92837
92838
92839
92840
92841
92842
92843
92844
92845
92846
92847
92848
92880
92881
92882
92883
92884
92885
92886
92972
92973
92974
92975
92976
92977
92978
92979
92980
92981
92982
92983
92984
92985
92986
93059
93060
93061
93062
93063
93064
93065
93066
93067
93134
93135
93136
93137
93138
93139
93140
93141
93142
93143
93279
93280
93281
93282
93283
93284
93286
93287
93409
93410
93411
93412
93413
93414
93415
93416
93417
93418
93420
93535
93537
93538
93587
93588
93712
93713
93714
93715
93716
93717
93800
93801
93802
93803
93804
93805
93812
93813
93814
93815
93816
93817
93818
93820
93822
93823
93824
93825
93962
94007
94008
94009
94010
94011
94012
94013
94014
94015
94016
94017
94018
94019
94020
94021
94022
94023
94024
94025
94026
94027
94028
94029
94030
94155
94156
94157
94246
94247
94248
94249
94250
94251
94252
94253
94254
94255
94256
94284
94285
94286
94292
94294
94295
94296
94315
94316
94329
94330
94331
94341
94342
94343
94344
94345
94346
94398
94399
94400
94401
94402
94403
94404
94541
94542
94543
94544
94545
94546
94693
94694
94736
94737
94738
94739
94825
94826
94827
94916
94917
94925
94926
94981
94982
94983
94984
94985
94986
94988
94992
94994
94995
94997
94998
95210
95211
95212
95213
95214
95215
95216
95217
95218
95219
95220
95221
95249
95250
95256
95314
95316
95352
95353
95354
95355
95356
95357
95358
95363
95364
95365
95366
95367
95368
95375
95376
95377
95378
95379
95380
95381
95382
95383
95396
95397
95398
95399
95400
95401
95402
95403
95404
95405
95406
95407
95408
95633
95634
95635
95636
95637
95638
95643
95644
95645
95646
95647
95648
95649
95650
95652
95653
95654
95655
95656
95657
95658
95659
95660
95661
95662
95663
95664
95665
95666
96009
96010
96011
96012
96637
96638
96639
96640
96641
96642
96643
96644
96645
96646
96647
96648
96649
96650
96651
96652
96653
96654
96655
96656
96657
96658
96659
96660
96661
96662
96663
96664
96665
96666
96667
96668
96669
96670
96671
96672
96753
96754
96755
96756
96757
96840
96841
96842
96843
96848
96849
96850
96852
96878
96879
96880
96893
96894
96895
96896
96897
96898
96899
96900
96901
96902
96903
96904
96905
96906
96907
96908
96975
96976
96977
96978
96979
96980
96981
96982
96983
96984
96985
97302
97303
97304
97305
97306
97307
97308
97309
97310
97311
97312
97313
97314
97315
97316
97317
97318
97319
97320
97321
97322
97323
97324
97325
97326
97327
97328
97329
97330
97331
97379
97381
97382
97383
97384
97385
97386
97388
97389
97390
97403
97404
97405
97406
97407
97718
97719
97720
97721
97722
97723
97724
97725
97726
97727
97728
97729
97730
97731
97732
97733
97734
97735
97736
97737
97738
97739
97843
97844
97845
97846
97847
97848
97849
97850
97851
97852
97853
97854
97855
97857
97859
97860
97868
97869
97870
97872
97873
97874
97875
97876
97877
97878
97879
97880
97881
97882
97883
97884
97885
97886
97887
97888
97889
97890
97891
97892
97893
97894
97895
97896
97897
97898
97899
97900
97901
97902
97903
97940
97941
97942
97943
97944
97945
97946
97947
97948
97949
97950
97951
97952
97953
97954
98504
98506
98507
98508
98509
98510
98511
98512
98513
98514
98515
98516
98518
98521
98522
98523
98524
98525
98526
98527
98528
98529
98530
98531
98532
98533
98534
98535
98536
98537
98538
98539
98540
98541
98542
98543
98544
98545
98546
98547
98548
98549
98550
98551
98552
98553
98554
98555
98556
98557
98558
98559
98560
98561
98562
98563
98564
98565
98566
98567
98568
98569
98570
98571
98572
98573
98574
98575
98576
98577
98578
98579
98580
98581
98582
98583
98584
98585
98593
98594
98595
100849
100850
100851
100852
100853
100854
100855
100856
100857
100858
100859
100860
100861
100862
100863
100864
100865
100866
100867
100868
100869
100870
100871
100872
100873
100874
100875
100876
100877
100878
100879
100880
100881
100882
100883
100884
100885
100886
100887
100888
100889
100890
100891
100892
100893
100894
100895
100896
100897
100898
100899
100900
100901
100902
100903
100904
100905
100906
100907
100908
100909
100910
100911
100912
100913
100914
100915
100916
100917
100918
100919
100920
100921
100922
100923
100924
100925
100926
100927
100928
100929
100930
100931
100932
100933
100934
100935
100936
100937
100938
100939
100940
100941
100942
100943
100944
100945
100946
100947
100948
100949
100950
100951
100952
100953
100954
100955
100956
100957
100958
100959
100960
100961
100962
100963
100964
100965
100966
100967
100968
101142
101143
101144
101145
101146
101147
101148
101149
101179
101180
101181
101208
101209
101210
101211
101273
101275
101276
101321
101322
101323
101324
101325
101327
101369
101371
101372
101472
101473
101474
101475
101520
101521
101522
101523
101524
101526
101528
101529
101530
101531
101536
101537
101538
101539
101540
101541
101542
101543
101544
101545
101546
101547
101548
101549
101550
101551
101552
101553
101715
101716
101717
101718
101719
101720
101721
101722
101723
101724
101725
101726
101727
101728
101729
101730
101731
101732
101733
101734
101735
101736
101737
101738
101739
101740
101824
101825
101826
101827
101828
101829
101830
101903
101904
101905
101906
101907
101908
101909
101910
101911
101912
101913
101914
101945
101946
101947
101948
101949
101950
101951
101979
101980
101981
101982
101983
101984
102049
102051
102052
102057
102058
102059
102060
102065
102066
102067
102068
102073
102074
102075
102076
102077
102078
102079
102080
102081
102082
102083
102084
102085
102086
102087
102088
102089
102090
102091
102092
102093
102094
102095
102096
102097
102098
102099
102100
102101
102250
102251
102252
102253
102254
102255
102256
102257
102258
102559
102560
102561
102562
102563
102564
102565
102566
102567
102568
102569
102570
102571
102724
102725
102774
102775
102776
102777
102841
102842
102927
102928
102929
102930
103372
103373
103374
103375
103376
103377
103378
103379
103380
103381
103382
103383
103384
103385
103630
103631
103632
103633
103816
103817
103818
103819
103820
103821
103822
103823
103824
103825
103826
103827
103828
103829
103874
103875
103876
103878
103879
103880
103885
103886
103887
103888
103889
103890
103891
103893
103894
103895
103896
103898
103899
103900
103901
103902
103904
103905
103906
103907
103908
103909
103910
103911
104238
104239
104240
104241
104242
104243
104244
104245
104246
104247
104248
104249
104250
104251
104252
104253
104254
104255
104256
104257
104258
104259
104260
104261
104262
104263
104264
104265
104266
104267
104268
104269
104270
104271
104272
104273
104274
104275
104276
104277
104278
104279
104280
104281
104282
105527
105528
105529
105530
105531
105532
105533
105534
105535
105536
105537
105538
105539
105540
105541
105542
105543
105544
105545
105546
105547
105548
105549
105550
105551
105552
105553
105554
105555
105556
105557
105558
105559
105560
105561
105562
105563
105564
105565
105566
105567
105568
105569
105570
105571
105572
105573
105574
105575
105576
105577
105578
105579
105580
105581
105582
105583
105584
105585
105586
105587
105588
105589
105590
105591
105592
105593
105594
105595
105596
105597
105598
105599
105600
105601
105602
105690
105692
105693
105694
105695
105698
105699
105700
105701
105702
105703
105704
105705
105706
105847
105849
105850
105851
105852
105857
105858
105859
105860
105861
105862
105863
105864
105865
105866
105867
105868
105869
105870
105871
105872
105873
105874
105875
105876
105877
105878
105879
105880
105881
106019
106020
106021
106022
106023
106024
106025
106026
106027
106028
106137
106138
106139
106140
106141
106142
106143
106144
106145
106146
106147
106148
106149
106150
106151
106152
106393
106394
106395
106400
106401
106402
106403
106404
106405
106406
106407
106571
106572
106573
106574
106575
106576
106577
106578
106579
106580
106581
106589
106591
106743
106744
106745
106746
106845
106846
106847
106848
106959
106966
106967
106970
107118
107119
107120
107121
107122
107123
107124
107125
107126
107127
107128
107129
107130
107131
107132
107133
107134
107135
107136
107137
107310
107312
107317
107320
107321
107322
107323
107324
107325
107326
107327
107328
107329
107330
107331
107332
107333
107334
107335
107352
107353
107354
107355
107356
107357
107358
107359
107360
107361
107362
107363
107364
107365
107366
107367
107368
107369
107370
107372
107374
107378
107379
107381
107382
107383
107384
107385
107386
107762
107763
107764
107765
107766
107767
107768
107769
107770
107771
107772
107773
107774
107775
107776
107777
107778
107779
107780
107781
107782
107783
107784
107785
107786
107787
107788
107789
107790
107791
107792
107793
107794
107795
107796
107797
107798
107799
107800
107801
107802
107803
107804
107805
107806
107807
107808
107809
107810
107811
107812
107813
107814
107815
107816
107817
107818
107819
107820
107839
107840
107841
107842
107847
107848
107849
108294
108295
108296
108297
108314
108315
108316
108317
108318
108319
108320
108321
108322
108323
108324
108325
108326
108327
108328
108329
108371
108372
108373
108374
108375
108376
108377
108378
108707
108708
108709
108710
108711
108712
108713
108714
108715
108716
108717
108718
108719
109186
109187
109188
109189
109190
109191
109192
109193
109194
109195
109196
109197
109198
109199
109200
109239
109240
109241
109242
109243
109316
109317
109318
109511
109512
109513
109514
109515
109516
109517
109518
109519
109520
109521
109522
109649
109650
109651
109652
109653
109654
109655
109656
109660
109661
109662
109663
109664
109665
109666
109838
109839
109840
109841
109842
109843
109844
109845
109846
109847
109848
109855
109856
109857
109858
109859
109860
110107
110108
110109
110110
110111
110112
110113
110114
110115
110116
110117
110118
110210
110220
110249
110250
110251
110252
110253
110254
110255
110256
110257
110258
110259
110263
110275
110277
110278
110279
110280
110281
110282
110283
110284
110285
110286
110287
110288
110289
110290
110291
110292
110293
110294
110295
110297
110298
110299
110300
110301
110302
110327
110328
110329
110330
110331
110332
110333
110334
110335
110336
110337
110338
110339
110340
110341
110342
110344
110700
110702
110704
110709
110711
110712
110713
110714
110715
110716
110720
110721
110723
110724
110725
110726
110727
110728
110729
110730
110731
110732
110733
110734
110735
110736
110739
111235
111236
111237
111238
111239
111240
111241
111242
111258
111259
111260
111261
112166
112167
112168
112169
112170
112171
112172
112173
112174
112175
112176
112177
112178
112179
112180
112181
112182
112183
112184
112185
112186
112187
112188
112189
112190
112191
112192
112193
112194
112195
112196
112197
112198
112199
112200
112201
112202
112203
112204
112205
112206
112207
112208
112209
112210
112211
112212
112213
112214
112215
112216
112217
112218
112219
112220
112221
112277
112278
112279
112280
112356
112361
112362
112363
112364
112365
112368
112369
112370
112482
112483
112484
112485
112486
112487
112488
112538
112539
112540
112541
112542
112543
112544
112545
112546
112547
112548
112549
112550
112551
112552
112553
112554
112555
112556
112557
112558
112559
112560
112561
112563
112564
112565
112566
112567
112568
112569
112570
112571
112572
112573
112574
112575
112576
112577
112578
112579
112580
112581
112582
112583
112584
112585
112586
112587
112588
112589
112590
112591
112592
112593
112594
112595
112596
112597
112598
112599
112600
112601
112602
112603
112604
112605
112606
112607
112608
112609
112895
112896
112897
112901
112902
112903
112904
112905
112906
112907
112908
112909
112910
112911
112912
112913
112914
112915
112916
112917
112918
112919
112920
112921
112922
112923
112924
112925
112926
112927
112928
112929
112930
112931
112932
112933
112934
112935
114223
114224
114225
114226
114227
114228
114229
114230
114231
114232
114233
114234
114235
114236
114237
114238
114239
114240
114241
114242
114243
114244
114245
114246
114247
114248
114249
114250
114251
114252
114253
114254
114255
114256
114257
114258
114259
114260
114261
114262
114263
114264
114265
114266
114267
114268
114269
114270
114271
114272
114273
114274
114275
114276
114277
114278
114279
114280
114281
114282
114283
114284
114285
114286
114287
114288
114289
114290
114291
114292
114293
114294
114295
114296
114297
114298
114299
114300
114301
114302
114303
114304
114305
114306
114307
114308
114309
114310
114311
114312
114313
114314
114315
114316
114317
114318
114319
114320
114321
114322
114323
114324
114325
114326
114327
114328
114329
114504
114508
114509
114510
114511
114516
114517
114518
114519
114520
114521
114524
114525
114528
114529
114534
114535
114536
114537
114538
114539
114540
114541
114545
114546
114547
114550
114586
114591
114592
114593
114594
114595
114596
114597
114598
114599
114600
114601
115575
115576
115577
115578
115579
115580
115581
115582
115583
115584
115585
115586
115587
115588
115589
115590
115591
115592
115593
115594
115595
115596
115597
115598
115599
115600
115601
115602
115603
115604
115605
115606
115607
115608
115609
115610
115611
115612
115613
115614
115615
115616
115617
115618
115619
115620
115621
115622
115623
115624
115625
115626
115627
115628
115629
115630
115631
115632
115633
115634
115635
115636
115817
115827
115831
115859
115948
115966
115976
115980
115981
115982
115983
115984
115985
115986
115987
115988
115989
115990
115991
115993
115994
115995
115996
115997
115998
115999
116001
116002
116003
116004
116005
116006
116007
116008
116009
116010
116011
116012
116013
116014
116015
116016
116017
116018
116019
116020
116021
116022
116023
116024
116025
116027
116031
116032
116033
116034
116041
116048
116049
116069
116074
116075
116076
116077
116079
116083
116084
116085
116086
116087
116088
116089
116090
116091
116092
116093
116094
116095
116096
116097
116098
116099
116100
116101
116102
116103
116104
116105
116106
116107
116108
116109
116110
116111
116112
116113
116114
116115
116116
116117
116118
116119
116120
116121
116123
116129
116130
116131
116132
116133
116134
116135
116136
116137
116148
116149
116150
116151
116152
116153
116154
116155
116156
116157
116158
116159
116160
116161
116162
116163
116164
116165
116166
116167
116168
116169
116170
116171
116172
116173
116174
116268
116269
116270
116271
116272
116273
116274
116275
116276
116277
116278
116279
116280
116281
116282
116283
116284
116285
116286
116287
116288
116289
116290
116291
116292
116293
116294
116295
116296
116297
116298
116299
116300
116301
117880
117882
117883
117884
117885
117886
117887
117888
117889
117890
117891
117893
117895
117897
117898
117899
117900
117901
117902
117903
117904
117905
117906
117907
117908
117909
117910
117911
117912
117913
117914
117915
117917
117918
117926
117927
117928
117930
117931
117932
117933
117934
117935
117939
117941
117942
117943
117944
117945
117946
117947
117948
117949
117950
117951
117952
117953
117954
117955
117956
117957
117958
117959
117960
117961
117962
117963
117964
117965
117966
117967
117968
117969
117970
117971
117972
117973
117974
117975
117976
117977
117978
117979
117980
117981
117982
117983
117986
117987
117988
117989
117990
117991
117992
117993
117994
117995
117996
117997
117998
117999
118001
118002
118003
118004
118005
118006
118007
118008
118009
118010
118011
118012
118013
118014
118015
118016
118017
118018
118019
118020
118021
118022
118023
118024
118025
118026
118027
118028
118029
118030
118031
118032
118033
118034
118035
118036
118037
118038
118039
118040
118041
118042
118043
118044
118045
118046
118047
118048
118049
118050
118051
118052
118053
118054
118055
118056
118057
118058
118059
118060
118061
118062
118063
118064
118065
118066
118067
118068
118069
118070
118071
118072
118073
118074
118075
118076
118077
118078
118079
118080
118081
118082
118083
118084
118085
118086
118087
118088
118089
118090
118091
118092
118093
118094
118095
118096
118097
118098
118099
118115
118116
124325
124326
124327
124328
124329
124330
124331
124332
124333
124334
124335
124336
124337
124338
124339
124340
124341
124342
124343
124344
124345
124346
124347
124348
124349
124350
124351
124352
124353
124354
124355
124356
124357
124358
124359
124360
124361
124362
124363
124364
124365
124366
124367
124368
124369
124370
124371
124372
124373
124374
124375
124376
124377
124378
124379
124380
124381
124382
124383
124384
124385
124386
124387
124388
124389
124390
124391
124392
124393
124394
124395
124396
124397
124398
124399
124400
124401
124402
124403
124404
124405
124406
124407
124408
124409
124410
124411
124412
124413
124414
124415
124416
124417
124418
124419
124420
124421
124422
124423
124424
124425
124426
124427
124428
124429
124430
124431
124432
124433
124434
124435
124436
124437
124438
124439
124440
124441
124442
124443
124444
124445
124446
124447
124448
124449
124450
124451
124452
124453
124454
124455
124456
124457
124458
124459
124460
124461
124462
124463
124464
124465
124466
124467
124468
124469
124470
124471
124472
124473
124474
124475
124476
124477
124478
124479
124480
124481
124482
124483
124484
124485
124486
124487
124488
124489
124490
124491
124492
124493
124494
124495
124496
124497
124498
124499
124500
124501
124502
124503
124504
124505
124506
124507
124508
124509
124510
124511
124512
124513
124514
124515
124516
124517
124518
124519
124520
124521
124522
124523
124524
124525
124526
124527
124528
124529
124530
124531
124532
124533
124534
124535
124536
124537
124538
124539
124540
124541
124542
124543
124544
124545
124546
124547
124548
124549
124550
124551
124552
124553
124554
124555
124556
124557
124558
124559
124560
124561
124562
124563
124564
124565
124566
124567
124568
124569
124570
124571
124572
124573
124574
124575
124576
124577
124578
124579
124580
124581
124582
124583
124584
124585
124586
124587
124588
124589
124590
124591
124592
124593
124594
124595
124596
124597
124598
124599
124600
124601
124602
124603
124604
124605
124606
124607
124608
124609
124610
124611
124612
124613
124614
124615
124616
124617
124618
124619
124620
124621
124622
124623
124624
124625
124626
124627
124628
124629
124630
124631
124632
125011
125027
125035
125044
125058
125063
125065
125109
125118
125119
125120
125166
125167
125175
125213
125223
125224
125225
125229
125230
125352
125353
125354
125367
125418
125419
125431
125432
125433
125434
125509
125510
125511
125512
125517
125518
125519
125521
125522
125530
125531
125532
125533
125534
125535
125599
125600
125601
125602
125603
125604
125605
125606
125607
125669
125673
125686
125690
125699
125706
125714
125728
125729
125730
125732
125751
125758
125761
125762
125767
125771
125775
125779
125781
125800
125801
125802
125803
125811
125812
125813
125815
125816
125817
125824
125834
125835
125842
125843
125844
125858
125859
125860
125873
125874
125875
125891
125892
125894
125903
125943
125944
126018
126019
126020
126021
126022
126023
126029
126030
126034
126052
126061
126071
126072
126073
126074
126075
126101
126103
126104
126133
126134
126156
126158
126164
126165
126188
126206
126207
126208
126234
126241
126244
126252
126253
126268
126269
126290
126291
126299
126300
126301
126302
126303
126304
126311
126312
126313
126314
126315
126319
126359
126360
126361
126362
126363
126364
126365
126366
126397
126398
126402
126403
126404
126405
126414
126415
126416
126417
126451
126452
126453
126454
126574
126635
126636
126637
126640
126641
126642
126652
126698
126700
126701
126702
126703
126704
126705
126706
126741
126742
126743
126745
126746
126747
126748
126751
126752
126842
126843
126844
126845
126963
126964
126965
126966
126967
126968
126969
126970
126971
126972
126973
126974
126990
126991
126992
126993
126994
126995
126996
126997
126998
126999
127010
127011
127012
127013
127014
127015
127016
127017
127018
127035
127048
127049
127050
127051
127052
127053
127054
127055
127056
127057
127058
127059
127060
127061
127062
127063
127064
127236
127237
127238
127239
127240
127241
127242
127243
127244
127245
127246
127247
127248
127249
127250
127251
127252
127253
127254
127255
127406
127412
127417
127418
127428
127439
127444
127456
127469
127476
127486
127487
127489
127509
127526
127530
127532
127533
127536
127552
127553
127571
127588
127599
127600
127601
127607
127614
128389
128390
128391
128392
128393
128394
128395
128396
128397
128398
128399
128400
128401
128402
128403
128404
128405
128406
128407
128408
128409
128410
128411
128412
128413
128414
128415
128416
128417
128418
128419
128420
128421
128422
128423
128424
128425
128426
128427
128428
128429
128478
128479
128480
128481
128482
128483
128484
128485
128486
128487
128488
128489
128490
128491
128492
128493
128494
128495
128496
128497
128498
128527
128528
128529
128530
128531
128532
128533
128534
128535
128542
128543
128544
128545
128546
128547
131360
131361
131362
131363
131364
131365
131366
131367
131368
131369
131370
131371
131372
131373
131374
131375
131376
131377
131378
131379
131380
131381
131382
131383
131384
131385
131386
131387
131388
131389
131390
131391
131392
131393
131394
131395
131396
131397
131398
131399
131400
131401
131402
131403
131404
131405
131406
131407
131408
131409
131410
131411
131412
131413
131414
131415
131416
131417
131418
131419
131420
131421
131422
131423
131424
131425
131426
131427
131428
131429
131430
131431
131432
131433
131442
131443
131470
131471
131472
131473
131474
131475
131476
131477
131478
131479
131480
131481
131482
131483
131484
131485
131486
131487
131488
131489
131490
131491
131492
131493
131494
131495
131496
131497
131498
131499
131500
131501
131502
131503
131504
131505
131506
131507
131508
131509
131510
131511
131552
131553
131554
131555
131556
131557
131558
131559
131560
131561
131562
131563
131564
131565
131566
131567
131568
131569
131570
131571
131572
131573
131574
131575
131576
131577
131578
131579
131580
131581
131582
131583
131584
131585
131586
131587
131588
131601
131602
131603
131604
131605
131606
131607
131608
131609
131610
131611
131612
131613
131614
131615
131616
131617
131618
131619
131620
131621
131622
131623
131624
134065
134066
134067
134068
134069
134070
134080
134081
134082
140689
140690
140691
140692
140693
140694
140695
140696
140697
140698
140699
140700
140707
140708
140739
140740
140741
140742
140743
140744
142305
142306
142307
142311
142312
142313
142314
142315
142316
142335
142336
142337
144112
144113
144114
144121
144122
144123
144124
144125
144126
144344
144345
144346
144347
144348
144349
144350
144351
144352
144353
144354
144355
144793
144794
144795
144796
144922
144923
144924
144925
145254
145255
145256
145257
145258
145259
145260
145261
145262
145263
145264
145265
145266
145267
145268
146094
146095
146096
146097
146098
146099
146100
146101
146102
146103
146104
146359
146360
146361
146362
146363
146364
146365
146366
146367
146368
146369
146373
146374
146375
146376
146377
146378
146379
146380
146695
146696
146697
146698
146699
146700
146701
146705
146706
146707
146708
146709
146710
146714
146715
146716
146720
146721
146725
146726
146727
146927
146928
146929
146930
147644
147645
147646
147647
147648
147649
147650
147651
147652
147653
147654
147655
147656
147657
147658
147659
147660
147661
149230
149231
149232
149233
149234
149235
149236
149237
149238
149239
149240
149241
149242
149243
149244
149245
149246
149247
149248
149249
149250
149251
149298
149299
149300
149301
149302
149303
149304
149305
149306
149307
149308
149309
149310
149311
149312
149313
149314
149315
149316
149317
149318
149319
149320
149321
149322
149323
149324
149325
149326
149327
149328
149329
149330
149331
149332
149333
149334
149467
149468
149469
149470
149471
149472
149473
149474
149475
149476
149477
149478
149479
149480
149481
149482
149483
149484
149485
149486
149487
149488
149489
149490
149491
149492
149493
149494
149495
149496
149497
149498
149499
149500
149501
149502
149503
149504
149505
149506
149507
149508
149509
149510
149511
149512
149513
149514
149515
149516
149517
149518
149519
149520
149521
149522
149523
149524
149525
149526
149527
149528
149529
149530
149531
149565
149566
149567
149568
149569
149570
149571
149572
149573
149574
149575
149576
149577
149578
149579
149580
149581
149582
149583
149584
149585
149715
149716
149717
149718
149719
149720
149763
149764
149765
149766
149767
149768
149769
149770
149771
149772
149773
149774
149775
149776
149777
149778
149779
149780
149781
149782
149993
149994
149995
149996
149997
149998
149999
150000
150001
150002
150003
150004
150005
150006
150007
150008
150009
150010
150011
150012
150013
150014
150015
150016
150017
150018
150019
150020
150021
150022
150023
150024
150025
150026
150027
150028
150029
150030
150031
150032
150062
150063
150064
150065
150066
150067
150068
150069
150070
150071
150072
150073
150074
150075
150076
150077
150078
150079
150080
150081
150082
150544
150545
150546
150547
150548
150983
150984
150985
150986
150987
150988
151295
151296
151297
151298
151299
151300
151883
151884
151885
151886
151887
151888
151889
151890
151891
151892
151893
151894
151958
151959
151960
151973
151974
151975
)


// ************************************************************************* //
