/*--------------------------------*- C++ -*----------------------------------*\
  =========                 |
  \\      /  F ield         | OpenFOAM: The Open Source CFD Toolbox
   \\    /   O peration     | Website:  https://openfoam.org
    \\  /    A nd           | Version:  8
     \\/     M anipulation  |
\*---------------------------------------------------------------------------*/
/*   Windows 32 and 64 bit porting by blueCAPE: http://www.bluecape.com.pt   *\
|  Based on Windows porting (2.0.x v4) by Symscape: http://www.symscape.com   |
\*---------------------------------------------------------------------------*/
FoamFile
{
    version     2.0;
    format      ascii;
    class       faceSet;
    location    "constant/vegetation/polyMesh/sets";
    object      layerFaces;
}
// * * * * * * * * * * * * * * * * * * * * * * * * * * * * * * * * * * * * * //


481
(
6144 
5123 
6147 
6149 
5127 
6152 
6154 
6157 
5134 
5137 
6165 
5142 
5146 
6173 
5153 
6180 
5157 
6186 
5164 
6189 
5167 
6194 
6195 
5172 
6196 
6199 
5176 
5183 
6207 
5186 
6213 
5191 
5195 
6222 
5202 
6228 
5205 
5210 
6234 
6235 
6236 
5214 
6239 
6244 
5221 
6247 
5224 
6252 
5229 
6258 
5237 
6261 
5241 
6265 
6266 
6267 
6269 
5248 
6272 
5252 
6278 
5255 
6283 
5260 
6286 
5263 
6290 
5268 
6292 
6295 
5272 
6297 
6300 
6301 
6302 
5279 
6304 
5281 
6307 
5284 
6309 
5287 
6312 
6313 
6314 
6316 
5294 
6319 
6321 
6324 
6325 
5302 
6326 
6327 
6328 
5305 
6330 
6333 
5310 
6334 
6335 
6336 
5313 
6337 
6339 
5318 
6342 
6344 
5322 
6347 
6349 
5326 
6352 
6353 
6354 
6355 
6356 
5333 
6358 
5335 
6361 
5338 
6362 
6363 
6365 
5342 
6368 
6369 
6370 
5349 
6374 
6375 
5352 
6376 
6378 
5357 
6381 
6383 
5360 
6386 
6388 
5367 
6391 
6392 
6393 
5373 
6397 
6398 
6399 
5377 
6401 
5380 
6404 
6406 
5385 
6409 
6410 
6411 
5389 
6415 
6417 
5396 
6422 
5399 
5404 
6428 
5408 
6434 
5415 
5418 
6442 
5423 
6448 
5426 
6454 
5431 
6458 
5434 
6460 
6463 
5439 
4416 
6465 
5442 
6468 
6469 
6470 
4422 
6471 
5447 
6472 
6473 
6474 
5450 
6476 
6479 
5455 
6480 
6481 
4433 
5457 
6483 
5460 
4437 
6486 
5462 
6487 
6488 
5465 
6490 
5467 
4444 
6493 
5470 
6495 
5472 
6498 
4450 
6499 
5475 
6500 
5477 
6502 
5480 
6505 
6506 
6507 
5483 
6508 
6509 
4461 
6512 
5488 
4465 
5490 
6517 
5493 
5495 
6520 
4472 
5498 
6525 
4478 
5502 
6527 
6530 
6532 
5509 
6535 
5512 
6537 
4489 
6540 
6541 
6542 
4494 
6544 
6547 
6548 
6549 
6551 
4503 
5528 
6554 
4507 
5532 
6557 
6562 
5539 
6564 
6567 
5543 
6569 
4523 
6572 
5550 
6575 
4531 
5555 
6580 
6581 
6582 
4534 
6584 
6587 
4539 
6590 
5570 
6595 
6597 
5573 
6600 
6602 
5578 
6605 
5582 
6607 
6610 
4562 
6611 
5589 
4567 
5594 
4576 
5603 
5607 
4584 
4588 
5614 
4595 
4600 
5624 
4609 
5634 
4615 
5644 
4626 
5652 
4630 
5657 
4637 
5664 
4643 
5672 
5680 
5683 
5692 
5696 
4675 
5703 
4681 
4686 
5711 
4695 
5721 
4699 
5726 
4706 
4710 
5735 
5740 
4717 
4720 
5749 
4729 
5754 
4734 
5758 
5765 
4743 
5770 
4751 
4755 
5783 
4762 
5787 
4767 
5794 
5798 
4779 
5805 
4785 
5809 
4788 
5816 
5819 
5824 
5828 
5835 
5838 
5843 
4821 
5846 
5851 
5855 
4834 
5862 
4840 
5866 
5873 
5876 
4853 
5881 
4859 
5884 
5889 
5892 
4871 
5900 
4877 
4880 
5904 
4885 
4888 
5914 
5917 
4901 
5926 
4906 
5932 
5938 
4915 
4918 
5944 
4923 
5948 
4928 
5954 
5959 
4937 
4941 
5965 
5970 
4948 
5973 
5976 
4953 
5984 
4962 
5986 
5989 
5992 
5993 
4972 
5996 
6004 
4982 
6006 
6009 
4988 
6012 
4992 
6020 
6022 
6025 
6026 
5006 
6030 
5010 
6040 
5017 
5019 
6043 
5022 
5026 
6050 
6051 
6055 
5033 
6062 
5039 
6065 
5042 
5050 
6074 
6078 
6085 
5062 
6089 
5066 
5073 
6099 
6103 
5081 
6110 
5088 
6113 
5091 
6118 
5096 
6121 
5099 
6126 
5103 
6129 
5110 
6134 
6137 
5115 
5118 
6142 
)

// ************************************************************************* //
