/*--------------------------------*- C++ -*----------------------------------*\
  =========                 |
  \\      /  F ield         | OpenFOAM: The Open Source CFD Toolbox
   \\    /   O peration     | Website:  https://openfoam.org
    \\  /    A nd           | Version:  8
     \\/     M anipulation  |
\*---------------------------------------------------------------------------*/
/*   Windows 32 and 64 bit porting by blueCAPE: http://www.bluecape.com.pt   *\
|  Based on Windows porting (2.0.x v4) by Symscape: http://www.symscape.com   |
\*---------------------------------------------------------------------------*/
FoamFile
{
    version     2.0;
    format      ascii;
    class       regIOobject;
    location    "constant/air/polyMesh";
    object      cellZones;
}
// * * * * * * * * * * * * * * * * * * * * * * * * * * * * * * * * * * * * * //

1
(
vegetation
{
    type cellZone;
cellLabels      List<label> 
1213
(
82
85
90
92
98
134
157
220
236
254
261
276
347
349
351
353
354
355
356
357
360
361
364
365
367
368
369
370
371
507
509
511
512
514
517
518
520
557
558
564
565
679
687
689
695
696
703
776
779
780
781
782
783
784
785
786
787
788
789
790
792
794
795
797
799
800
801
802
803
804
805
806
807
808
809
810
814
816
818
820
821
822
823
824
825
827
829
830
832
833
834
835
836
837
838
839
841
842
843
844
845
846
847
848
849
850
851
852
855
856
858
864
889
891
894
1018
1020
1137
1139
1140
1145
1304
1311
1348
1349
1354
1374
1375
1377
1421
1424
1434
1435
1436
1442
1445
1472
1476
1477
1478
1484
1486
1536
1539
1609
1613
1614
1615
1616
1617
1628
1630
1632
1640
1641
1642
1643
1644
1645
1646
1649
1650
1652
1653
1654
1656
1657
1658
1659
1660
1661
1662
1663
1664
1665
1666
1667
1668
1669
1670
1671
1672
1673
1674
1675
1676
1677
1678
1679
1680
1681
1682
1683
1684
1685
1686
1687
1688
1695
1703
1706
1707
1708
1709
1710
1711
1712
1713
1714
1715
1716
1721
1726
1728
1729
1731
1732
1733
1734
1735
1737
1738
1739
1740
1741
1742
1743
1744
1746
1747
1748
1749
1750
1751
1752
1753
1754
1755
1756
1757
1758
1759
1760
1761
1762
1763
1764
1765
1766
1767
1768
1769
1770
1771
1772
1773
1774
1775
1776
1777
1778
1779
1780
1781
1782
1783
1784
1785
1786
1907
1910
1912
1913
1984
1986
1996
1997
2029
2031
2032
2033
2034
2035
2036
2037
2038
2039
2040
2041
2042
2050
2051
2052
2053
2054
2055
2056
2057
2059
2060
2061
2062
2063
2064
2068
2071
2072
2073
2074
2075
2076
2077
2078
2079
2080
2081
2082
2083
2084
2093
2095
2097
2098
2148
2155
2218
2219
2220
2221
2223
2224
2239
2240
2241
2242
2243
2244
2245
2253
2254
2255
2256
2257
2258
2259
2403
2404
2405
2406
2407
2408
2409
2417
2418
2419
2420
2421
2422
2423
2424
2426
2428
2429
2431
2432
2433
2434
2435
2436
2437
2438
2439
2440
2441
2442
2443
2444
2448
2450
2452
2453
2454
2455
2456
2457
2458
2459
2461
2464
2465
2468
2469
2472
2473
2474
2475
2476
2477
2478
2479
2480
2481
2482
2483
2484
2485
2486
2487
2489
2490
2493
2494
2495
2496
2497
2498
2499
2500
2545
2552
2579
2580
2582
2584
2587
2589
2641
2671
2672
2673
2674
2675
2676
2679
2680
2685
2686
2687
2690
2721
2722
2727
2728
2729
2730
2731
2732
2734
2735
2736
2737
2740
2784
2832
2833
2834
2835
2836
2837
2838
2842
2844
2845
2846
2848
2849
2850
2851
2852
2853
2854
2855
2856
2857
2858
2859
2860
2861
2862
2863
2864
2865
2866
2867
2868
2869
2870
2871
2872
2873
2874
2875
2876
2877
2878
2879
2880
2881
2882
2883
2884
2885
2886
2887
2888
2889
2890
2891
2892
2893
2894
2895
2896
2897
2898
2899
2900
2901
2902
2903
2904
2905
2906
2907
2908
2909
2910
2911
2912
2913
2914
2915
2916
2917
2918
2919
2920
2921
2922
2925
2927
2930
2932
2933
2934
2935
2944
2945
2946
2947
2948
2949
2950
2951
2952
2953
2955
2956
2962
2965
2966
2967
2968
2969
2970
2971
2972
2973
2974
2975
2976
2977
2978
2979
2980
2981
2982
2983
2984
2985
2986
2987
2988
2989
2990
2991
2992
2993
2994
2995
2996
2997
2998
2999
3000
3001
3002
3003
3004
3005
3006
3021
3022
3025
3026
3027
3037
3039
3049
3050
3051
3052
3053
3054
3055
3058
3059
3061
3062
3063
3064
3065
3066
3067
3068
3069
3070
3071
3072
3073
3074
3075
3076
3077
3078
3079
3080
3081
3082
3083
3084
3085
3086
3087
3088
3089
3090
3091
3092
3093
3094
3095
3096
3097
3098
3099
3100
3101
3102
3103
3104
3105
3107
3109
3110
3112
3113
3114
3115
3116
3117
3118
3119
3123
3126
3127
3128
3129
3130
3131
3132
3133
3134
3135
3136
3137
3138
3139
3140
3141
3144
3145
3147
3148
3149
3150
3151
3152
3153
3154
3155
3156
3157
3158
3159
3160
3161
3162
3163
3164
3165
3166
3167
3168
3169
3170
3171
3172
3173
3174
3175
3176
3177
3178
3179
3180
3181
3182
3183
3184
3185
3186
3187
3188
3189
3190
3191
3192
3193
3194
3195
3196
3197
3198
3199
3200
3201
3202
3203
3204
3205
3206
3207
3208
3209
3210
3211
3212
3213
3214
3215
3216
3217
3218
3219
3220
3221
3222
3223
3229
3240
3242
3244
3245
3246
3247
3248
3249
3250
3251
3259
3260
3261
3263
3264
3267
3268
3271
3281
3283
3284
3297
3323
3325
3326
3328
3337
3339
3341
3359
3360
3361
3399
3434
3484
3485
3487
3492
3494
3513
3526
3546
3547
3548
3550
3551
3554
3555
3558
3568
3569
3571
3609
3610
3611
3612
3613
3614
3615
3616
3617
3618
3619
3620
3621
3622
3623
3624
3625
3627
3628
3629
3665
3666
3667
3669
3670
3673
3674
3728
3729
3730
3731
3732
3733
3734
3735
3736
3737
3738
3739
3740
3741
3742
3743
3744
3745
3746
3747
3748
3784
3785
3786
3788
3790
3792
3793
3797
3849
4008
4012
4013
4015
4016
4017
4018
4019
4020
4021
4029
4030
4031
4032
4033
4034
4035
4043
4044
4045
4046
4047
4048
4049
4050
4051
4052
4053
4054
4055
4056
4065
4068
4070
4071
4072
4073
4074
4075
4076
4077
4078
4079
4080
4081
4082
4083
4084
4085
4086
4087
4088
4089
4091
4099
4100
4101
4102
4103
4104
4105
4107
4110
4125
4135
4136
4137
4140
4141
4142
4143
4144
4145
4146
4147
4148
4149
4150
4151
4152
4153
4154
4155
4156
4159
4160
4177
4181
4215
4253
4259
4309
4310
4311
4312
4313
4314
4315
4316
4317
4318
4319
4320
4321
4322
4323
4324
4325
4326
4327
4328
4329
4330
4331
4332
4334
4335
4336
4337
4338
4339
4341
4342
4343
4344
4345
4346
4347
4348
4349
4350
4351
4352
4355
4356
4357
4366
4367
4370
4372
4373
4374
4375
4376
4377
4378
4380
4384
4400
4401
4402
4403
4404
4405
4406
4407
4408
4409
4410
4411
4412
4413
4414
4415
4416
4417
4418
4419
4420
4421
4422
4423
4425
4426
4427
4428
4429
4430
4432
4433
4434
4435
4436
4437
4438
4439
4440
4441
4442
4446
4448
4541
4542
4545
4547
4548
4549
4550
4551
4553
4554
4555
4556
4557
4558
4559
4560
4562
4565
4566
4580
4589
4590
4591
4592
4593
4594
4595
4596
4597
4598
4599
4600
4601
4602
4603
4604
4605
4606
4607
4608
4609
4610
4611
4612
4613
4614
4615
4616
4617
4618
4619
4620
4621
4622
4623
4624
4625
4626
4627
4628
4629
4630
4631
4632
4633
4635
4636
4637
4638
4639
4640
4641
4642
4643
4644
4645
4646
4647
4648
4649
4650
4651
4652
4653
4654
4655
4656
4657
4658
4659
4660
4661
4662
4663
4664
4665
4666
4667
4669
4670
4671
4672
4673
4677
4678
4679
4680
4681
4682
4683
4684
4685
4686
4813
4862
4864
4866
4868
4891
4894
4925
4926
4927
4928
4929
4931
4954
4957
4965
5119
5120
5121
5122
5123
5124
5125
5126
5127
5128
5129
5130
5131
5132
)
;
}
)

// ************************************************************************* //
