/*--------------------------------*- C++ -*----------------------------------*\
  =========                 |
  \\      /  F ield         | OpenFOAM: The Open Source CFD Toolbox
   \\    /   O peration     | Website:  https://openfoam.org
    \\  /    A nd           | Version:  8
     \\/     M anipulation  |
\*---------------------------------------------------------------------------*/
/*   Windows 32 and 64 bit porting by blueCAPE: http://www.bluecape.com.pt   *\
|  Based on Windows porting (2.0.x v4) by Symscape: http://www.symscape.com   |
\*---------------------------------------------------------------------------*/
FoamFile
{
    version     2.0;
    format      ascii;
    class       scalarListList;
    location    "constant/air";
    object      divqrsw;
}
// * * * * * * * * * * * * * * * * * * * * * * * * * * * * * * * * * * * * * //


5
(

6092
(
0
0
0
0
0
0
0
0
0
0
0
0
0
0
0
0
0
0
0
0
0
0
0
0
0
0
0
0
0
0
0
0
0
0
0
0
0
0
0
0
0
0
0
0
0
0
0
0
0
0
0
0
0
0
0
0
0
0
0
0
0
0
0
0
0
0
0
0
0
0
0
0
0
0
0
0
0
0
0
0
0
0
-166.1477
0
0
-119.04717
0
0
0
0
-186.33038
0
-142.42429
0
0
0
0
0
-111.79479
0
0
0
0
0
0
0
0
0
0
0
0
0
0
0
0
0
0
0
0
0
0
0
0
0
0
0
0
0
0
0
0
0
0
0
-113.50831
0
0
0
0
0
0
0
0
0
0
0
0
0
0
0
0
0
0
0
0
0
0
-113.32375
0
0
0
0
0
0
0
0
0
0
0
0
0
0
0
0
0
0
0
0
0
0
0
0
0
0
0
0
0
0
0
0
0
0
0
0
0
0
0
0
0
0
0
0
0
0
0
0
0
0
0
0
0
0
0
0
0
0
0
0
0
0
-128.0471
0
0
0
0
0
0
0
0
0
0
0
0
0
0
0
-121.46849
0
0
0
0
0
0
0
0
0
0
0
0
0
0
0
0
0
-148.63126
0
0
0
0
0
0
-161.68516
0
0
0
0
0
0
0
0
0
0
0
0
0
0
-112.09048
0
0
0
0
0
0
0
0
0
0
0
0
0
0
0
0
0
0
0
0
0
0
0
0
0
0
0
0
0
0
0
0
0
0
0
0
0
0
0
0
0
0
0
0
0
0
0
0
0
0
0
0
0
0
0
0
0
0
0
0
0
0
0
0
0
0
0
0
0
0
-94.589872
0
-56.646137
0
-129.52393
0
-66.441385
-112.17378
-164.3995
-152.93158
-84.516066
0
0
-86.502793
-156.83572
0
0
-93.364709
-134.50675
0
-103.38955
-170.56416
-192.7257
-167.18117
-125.08559
0
0
0
0
0
0
0
0
0
0
0
0
0
0
0
0
0
0
0
0
0
0
0
0
0
0
0
0
0
0
0
0
0
0
0
0
0
0
0
0
0
0
0
0
0
0
0
0
0
0
0
0
0
0
0
0
0
0
0
0
0
0
0
0
0
0
0
0
0
0
0
0
0
0
0
0
0
0
0
0
0
0
0
0
0
0
0
0
0
0
0
0
0
0
0
0
0
0
0
0
0
0
0
0
0
0
0
0
0
0
0
0
0
0
0
0
0
0
0
0
0
0
0
0
0
0
0
0
0
0
0
0
0
0
0
-92.247384
0
-86.227604
0
-79.429944
-66.605207
0
-175.9727
0
0
-114.58475
-180.19845
0
-107.94192
0
0
0
0
0
0
0
0
0
0
0
0
0
0
0
0
0
0
0
0
0
0
0
0
0
0
0
0
0
0
0
0
0
0
0
0
-84.495163
-49.362727
0
0
0
0
0
-79.707003
-79.294683
0
0
0
0
0
0
0
0
0
0
0
0
0
0
0
0
0
0
0
0
0
0
0
0
0
0
0
0
0
0
0
0
0
0
0
0
0
0
0
0
0
0
0
0
0
0
0
0
0
0
0
0
0
0
0
0
0
0
0
0
0
0
0
0
0
0
0
0
0
0
0
0
0
0
0
0
0
0
0
0
0
0
0
0
0
0
0
0
0
0
0
0
0
0
0
0
0
0
0
0
0
0
0
0
0
0
0
0
0
0
0
0
0
-119.81502
0
0
0
0
0
0
0
-153.75472
0
-115.25326
0
0
0
0
0
-168.07751
-138.22229
0
0
0
0
0
0
-103.98259
0
0
0
0
0
0
0
0
0
0
0
0
0
0
0
0
0
0
0
0
0
0
0
0
0
0
0
0
0
0
0
0
0
0
0
0
0
0
0
0
0
0
0
0
0
0
0
0
0
0
0
0
0
0
0
0
0
0
0
0
0
0
0
0
0
0
0
0
0
0
0
0
-132.63872
0
0
-104.14776
-139.77368
-144.03207
-90.714992
-105.9138
-108.77542
-170.23644
-138.8305
-95.140997
-149.02632
-93.53689
-83.728941
0
-46.062061
0
-68.166006
-65.112565
0
-111.04583
0
-101.49063
-125.61247
-115.60492
-95.608564
-138.64579
-96.582435
-134.347
-112.15883
-61.434814
-81.690664
-137.14767
-82.413485
0
0
0
-86.745225
0
-67.722536
0
-131.66275
0
-103.39434
-168.07046
-153.73404
-131.30637
-160.11155
-175.21893
0
-98.831363
0
-164.06046
-108.30624
0
-184.04402
-139.96187
-199.53612
-179.1407
-190.22551
-166.10246
-141.22582
-119.44444
0
-107.00584
-141.36047
-137.50759
-118.82535
-151.14757
-181.26776
-152.49647
-137.05414
-163.55072
-180.45675
-142.3636
-157.67809
0
0
-88.376305
-158.4067
0
-97.733517
0
0
0
0
0
-131.04101
0
0
0
0
0
0
0
0
0
0
0
0
0
0
0
0
0
0
0
0
0
0
0
0
-127.49684
0
-57.428178
0
0
-78.860604
0
0
0
0
0
0
0
0
0
0
0
0
0
0
0
0
0
0
0
0
0
0
0
0
0
0
0
0
0
0
0
0
0
0
0
0
0
0
0
0
0
0
0
0
0
0
0
0
0
0
0
0
0
0
0
0
0
0
0
0
0
0
0
0
0
0
0
0
0
0
0
0
0
0
0
0
0
0
0
0
0
0
0
0
0
0
0
0
0
0
0
0
0
0
0
0
0
0
0
0
0
0
0
0
0
0
0
0
0
0
0
0
0
0
0
0
0
0
0
0
0
0
0
-101.1852
0
-112.65406
0
0
0
0
0
0
0
0
0
0
0
0
0
0
0
0
0
0
0
0
0
0
0
0
0
0
0
0
0
0
0
0
0
0
0
0
0
0
0
0
0
0
0
0
0
0
0
0
0
0
0
0
0
0
0
0
0
0
0
0
0
0
0
0
0
0
0
0
0
0
0
0
0
0
0
0
0
0
0
0
0
0
0
0
0
0
0
0
0
0
0
0
0
0
0
0
0
0
0
0
0
0
0
0
0
0
0
0
0
0
0
0
0
0
0
0
-103.44217
0
-108.37184
-94.582759
0
0
0
0
-87.354039
0
0
0
0
0
0
0
0
0
0
0
0
0
0
0
0
0
0
0
0
0
0
0
0
0
0
0
0
0
0
0
0
0
0
0
0
0
0
0
0
0
0
0
0
0
0
0
0
0
0
0
0
0
0
0
0
0
0
0
0
0
0
0
0
0
0
0
0
0
0
0
0
0
0
0
0
0
0
0
0
0
0
0
0
0
0
0
0
0
0
0
0
0
0
0
0
0
0
0
0
0
0
0
0
0
0
0
0
0
0
0
0
0
0
0
0
0
0
0
0
0
0
0
0
0
0
0
0
0
0
0
0
0
0
0
0
0
0
0
0
0
0
0
0
0
0
0
0
0
0
0
0
0
0
0
0
0
0
-128.95277
0
0
0
0
0
0
-139.00657
0
0
0
0
0
0
0
0
0
0
0
0
0
0
0
0
0
0
0
0
0
0
0
0
0
0
0
0
0
0
0
0
0
0
0
0
-138.96255
-103.68714
0
0
0
0
-67.016258
0
0
0
0
0
0
0
0
0
0
0
0
0
0
0
0
0
0
0
-139.59763
-104.86627
0
-113.03957
0
0
0
0
0
0
0
0
0
0
0
0
0
0
0
0
0
0
0
0
0
0
0
0
0
0
0
0
0
0
0
0
0
0
0
0
0
0
0
0
0
0
0
-118.53281
0
0
-109.3191
0
0
0
0
0
0
0
0
0
-106.2527
-149.20089
-77.034121
0
0
0
0
0
-139.37726
0
0
-59.820168
0
0
0
0
0
0
0
0
0
0
0
0
0
0
0
0
0
0
0
0
0
0
0
0
0
0
-67.854312
0
0
0
-108.95437
-174.26994
-115.25774
0
0
0
0
0
-166.04927
0
-100.37708
0
0
0
0
0
0
0
0
0
0
0
0
0
0
0
0
0
0
0
0
0
0
0
0
0
0
0
0
0
0
0
0
0
0
0
0
0
0
0
0
0
0
0
0
0
0
0
0
0
-105.57151
0
0
-101.03182
0
0
0
0
0
0
0
0
0
0
0
0
0
0
0
0
0
0
0
0
0
0
0
0
0
0
0
0
0
0
0
0
0
0
0
0
0
0
0
0
0
0
0
0
0
0
0
0
0
0
0
0
0
0
0
0
0
0
0
0
0
0
0
0
0
0
0
0
0
-52.475366
0
0
0
-73.703503
-102.34756
-71.806479
-70.674985
-76.599301
0
0
0
0
0
0
0
0
0
0
-79.918884
0
-55.239649
0
-60.729048
0
0
0
0
0
0
0
-123.14796
-123.44075
-115.40956
-132.62554
-144.81309
-133.83824
-144.31731
0
0
-79.568059
-101.12391
0
-74.619576
-70.555143
-96.810852
0
-92.298635
-110.69246
-83.704006
-110.83868
-83.234237
-129.08207
-101.21223
-125.25804
-120.20244
-124.85184
-105.02815
-133.84754
-148.9032
-145.894
-172.55862
-137.97673
-119.87489
-157.23963
-165.46897
-148.93493
-156.32335
-139.1691
-162.87503
-144.29507
-148.31678
-163.40733
-122.49678
-67.513234
-108.87572
-111.63482
-94.146719
-91.367128
-134.54133
0
0
0
0
0
0
-84.574415
0
0
0
0
0
0
0
-80.155765
0
0
-82.594298
-119.48869
-113.2425
-86.837206
-96.898413
-138.21649
-115.23536
-152.6212
-111.50298
-134.01695
-100.7522
0
0
0
0
-58.75701
0
0
0
0
-71.828243
0
-68.731283
-61.768505
0
-77.571685
-79.574236
-122.62495
-61.266291
-90.772859
0
-106.45806
-130.06125
-135.93429
-125.84875
-156.78143
-154.85137
-155.80418
-162.98341
0
-69.003144
-87.049894
-121.02239
-75.165234
-95.628595
-104.3303
-118.9661
-93.97325
-108.3323
-140.83215
-137.77736
-149.99963
-129.70915
-162.00402
-156.37298
-176.42117
-166.83102
-167.18906
-151.70537
-172.76249
-173.56384
-174.24906
-188.04389
-175.67143
-156.60665
-182.07356
-183.81635
-178.94085
-167.69989
-182.02013
-177.8577
-175.81376
-178.76235
-186.32738
-149.87505
-108.13099
-148.22283
-147.19232
-130.8228
-132.18187
-162.50509
0
0
0
0
0
0
0
0
0
0
0
0
0
0
0
0
0
0
0
0
0
0
0
0
0
0
0
0
0
0
0
0
0
0
0
0
0
0
0
0
0
0
0
0
0
0
0
0
0
0
0
0
0
0
0
0
0
0
0
0
0
0
0
0
0
0
0
0
0
0
0
0
0
0
0
0
0
0
0
0
0
0
0
0
0
0
0
0
0
0
0
0
0
0
0
0
0
0
0
0
0
0
0
0
0
0
0
0
0
0
0
0
0
0
0
0
0
0
0
0
-78.401421
0
0
-46.708748
0
-46.329398
-77.403863
0
0
0
0
0
0
0
0
0
0
0
0
0
0
0
0
0
0
0
0
0
0
0
0
0
0
0
0
0
0
0
0
0
0
0
0
0
0
0
0
0
0
0
0
0
0
0
0
0
0
0
0
0
0
0
0
0
0
0
0
0
0
0
0
0
0
0
0
0
0
-80.604406
0
-87.106561
0
0
0
0
0
0
0
0
0
-106.72929
-171.66868
0
0
0
0
0
0
0
0
0
0
0
0
0
0
0
0
0
0
0
0
0
0
0
0
0
0
0
0
0
0
0
-114.13114
0
-101.50139
-115.347
-124.29392
-131.47307
-106.89119
-155.23925
-150.55469
-179.56484
-168.31443
-155.02754
-175.12678
-159.40437
0
0
0
0
0
0
0
-103.33823
-123.02333
-120.54837
-98.481686
-100.58505
-122.5007
-103.28443
-114.10958
0
-115.62055
-146.48126
-132.66416
-138.46416
-134.12935
-59.153759
0
0
0
-50.813114
0
0
-202.99859
-184.89867
-205.7919
-182.1147
-192.16863
-193.94243
-202.39116
-175.39733
-146.74039
-157.57061
-144.72868
-168.35017
-148.35269
-166.13233
0
0
0
0
0
0
0
0
-119.24267
0
-94.277461
0
-101.38493
-110.51039
0
0
0
0
0
0
0
0
0
0
0
0
0
0
0
0
0
0
0
0
0
0
0
0
0
0
0
0
0
0
0
0
0
0
0
0
0
0
0
0
0
0
0
0
0
0
0
0
0
-69.653245
0
0
0
0
0
0
-68.953189
0
0
0
0
0
0
0
0
0
0
0
0
0
0
0
0
0
0
0
0
0
0
0
0
0
0
0
0
0
0
0
0
0
0
0
0
0
0
0
0
0
0
0
0
0
0
0
0
0
0
0
0
0
0
0
0
0
0
0
0
0
0
-126.62671
-136.50789
-132.28191
-115.03943
0
-143.86541
-130.34954
0
0
0
0
0
0
0
0
0
0
0
0
0
0
-150.25879
-141.01106
-168.79921
-126.95855
-157.03929
-127.16161
-151.71224
0
0
0
0
0
0
0
-138.54218
-155.30125
-185.21808
-132.99786
-175.37805
-119.41054
-158.05039
0
0
0
0
0
0
0
0
0
0
0
0
0
0
0
0
0
0
0
0
0
0
0
0
0
0
0
0
0
0
0
0
0
0
0
0
0
0
0
0
0
0
0
0
0
0
0
0
0
0
0
0
0
0
0
0
0
0
0
0
0
0
0
0
0
0
0
0
0
0
0
0
0
0
0
0
0
0
0
0
0
0
0
0
0
0
0
0
0
0
0
0
0
0
0
0
0
0
0
0
0
0
0
0
0
0
0
0
0
0
0
0
0
0
0
0
0
0
0
0
0
0
0
0
0
0
0
0
0
0
0
0
0
0
0
0
0
0
0
0
0
0
0
-100.3219
-76.780737
-76.006383
-71.574577
-85.691872
-94.149764
-70.541127
0
0
0
0
0
0
0
-63.951483
-63.250851
-88.078158
-84.622349
-60.805557
-64.815089
-86.42034
-45.486294
0
-45.435029
0
-42.814371
-48.397384
0
-67.389786
-79.423007
-90.02655
-62.654479
-66.625688
-88.498101
-64.575179
-84.033866
-46.344535
-62.023367
-63.130593
-75.592782
-53.961298
-85.237086
0
0
0
-49.686889
0
-53.710815
0
-130.29605
-171.5454
-126.6989
-139.46427
-194.06615
-141.23754
-190.28942
-85.437647
0
-79.561565
0
0
-83.709828
-83.955667
0
0
-69.651828
-78.834403
0
0
-47.92535
-116.76459
-81.450013
-151.27429
-121.59461
-83.840845
-115.52102
-154.99622
-138.08843
-188.45339
-130.30546
-189.82476
-136.78408
-135.85321
-190.03469
-82.559843
0
-79.800012
-87.335385
0
0
-87.974443
-139.44111
-72.574789
-104.57613
-118.05832
-123.14295
-84.507281
-156.93355
0
0
0
0
0
0
0
0
0
0
0
0
0
0
0
0
0
0
0
0
0
0
0
0
0
0
0
0
0
0
0
0
0
0
0
0
0
0
0
0
0
0
0
0
-83.698394
0
0
0
0
0
0
-66.639564
0
0
0
0
0
0
0
0
0
0
0
0
0
0
0
0
0
0
0
0
0
0
0
0
0
0
-49.331478
-89.143937
0
-51.866821
0
-60.366746
0
0
-91.474198
0
-51.831991
0
0
0
0
0
0
0
0
0
0
0
0
0
0
0
0
0
0
0
0
0
0
0
0
0
0
0
0
0
0
0
0
0
0
0
0
0
0
0
0
0
0
0
0
0
0
0
0
0
0
0
-93.365858
0
0
0
0
0
0
0
0
0
0
0
0
0
0
0
0
0
0
0
0
0
0
0
0
0
0
0
0
0
-101.49797
-139.11126
-101.98032
-80.811075
-83.059172
-96.245508
0
0
-42.793026
-72.864339
0
0
0
0
-123.38073
-56.76598
-85.641281
0
0
-91.151402
0
0
0
0
0
0
0
0
0
0
0
0
0
0
0
0
0
0
0
0
0
0
0
0
0
0
0
0
0
0
-86.07474
-150.81911
0
0
0
0
-126.1127
-158.98784
-186.43739
-116.09173
-83.26563
-107.31339
0
-124.77349
-150.38757
-172.7568
-98.129634
0
0
-104.98556
0
0
0
0
0
0
0
0
0
0
0
0
0
0
0
0
0
0
0
0
0
0
0
0
0
0
0
0
0
0
0
0
0
0
0
0
0
0
0
0
0
0
0
-50.303434
0
0
0
0
0
0
0
0
0
0
0
0
0
0
0
0
0
0
0
0
0
0
0
0
0
0
0
0
0
0
0
0
0
0
0
0
0
0
0
0
0
0
0
0
0
0
0
-124.93186
-123.62982
-143.06145
-114.99798
-131.22437
-124.02543
-137.31139
0
0
0
-95.566713
0
-72.35782
-88.28537
-98.496674
0
-82.219952
-94.428672
-108.57332
-103.6899
-79.83412
-95.953547
-116.88075
-118.7428
-112.79352
-96.0322
-110.60633
-90.040764
-128.86226
-144.7103
-141.49338
-123.35982
-125.08047
-146.98512
-124.62076
-150.19312
-130.45249
-137.63972
-132.88399
-142.63283
-126.71085
-148.34972
-108.45312
-80.828864
-93.593256
-107.19452
-108.93119
-85.444132
-104.40426
-119.65605
-115.51087
-130.18485
-126.3843
-99.624321
-110.64691
-114.03833
-133.6942
-130.47803
-111.42833
-110.83782
-110.15763
-134.2584
-136.37108
-174.44606
-145.06524
-157.04633
-156.30075
-175.77396
-175.74089
-152.17735
-133.58456
-161.82003
-145.1225
-141.81883
-144.57489
-128.00933
-160.26048
-109.36381
-120.14958
-134.39549
-134.12647
-102.27888
-109.80892
-128.37584
-68.876497
-54.629142
-76.642835
-75.491349
-62.391152
-68.046542
-61.175535
0
0
-38.923991
0
-42.209015
0
0
-41.424877
0
-50.458547
-51.317197
-37.063305
-54.989372
0
0
0
0
0
0
0
0
-48.528137
-69.92781
-53.271869
-57.773469
-56.269061
-44.732126
-61.050006
-47.372203
-69.575333
-57.958498
0
-62.036908
-53.835279
0
0
0
0
0
-47.054774
0
0
-109.55468
-93.840471
-89.126411
-87.447054
-102.20439
-102.3332
-79.338964
-110.72254
-128.73355
-135.25857
-116.88131
-117.99411
-128.76825
-110.1957
-85.186621
-78.002793
-64.793648
-67.173576
-81.188935
-69.073294
-84.389596
-85.580834
-81.795932
-95.764862
-69.310578
-83.890515
-95.267101
-71.629378
-122.66573
-110.75813
-136.10592
-129.43936
-118.77675
-115.00478
-128.65053
-93.141525
-84.967845
-99.657331
-74.56195
-101.03547
-76.806944
-92.081331
0
0
0
0
0
0
0
0
0
0
0
0
0
0
-70.12706
-64.948883
0
0
-79.0096
-66.114233
-58.077243
0
0
0
0
0
0
0
0
0
-72.993254
0
-61.141216
0
0
0
0
0
0
0
0
0
-133.0025
-123.03484
-150.43341
-124.4528
-159.63925
-152.9822
-144.41101
0
0
-110.83196
-146.19792
0
-128.15348
-128.73757
-118.0874
-101.33472
-136.46294
-115.0915
-149.48974
-147.87418
-134.16824
-154.38818
-176.63791
-167.13464
-167.52007
-166.28352
-177.65712
-152.75249
-166.4573
-154.10843
-160.42844
-155.55532
-156.20682
-170.97112
-155.42211
-168.75898
-120.28576
-161.44374
-161.51606
-179.91532
-147.80619
-150.78101
-161.83662
-177.30018
-174.33869
-170.186
-157.67327
-158.79588
-174.01627
-132.99819
-146.88512
-189.98433
-169.77944
-143.49085
-185.69354
-134.96799
-76.272274
0
-73.959038
0
-81.773389
-65.950386
0
-105.3945
-60.903982
-130.50326
-110.62542
-91.30614
-147.60343
-69.433824
-66.629272
0
0
0
-62.680785
0
0
-130.73725
-176.66897
-122.60043
-151.27373
-133.18323
-113.79199
-168.10825
-118.20841
-146.46941
-119.14662
-69.719394
-160.81399
-106.33916
-78.020733
-84.860221
-85.781604
0
0
-89.020395
-81.768562
0
-184.90445
-181.15287
-182.86248
-192.34055
-196.82871
-194.72527
-192.62521
-184.71767
-158.25072
-166.61083
-153.62189
-175.14168
-175.32009
-173.52436
-192.27507
-188.32103
-193.76317
-203.32612
-205.76094
-195.88073
-200.80207
-184.00041
-179.35982
-193.20509
-199.59822
-164.48371
-180.34244
-185.40446
-163.71546
-161.02768
-174.70055
-186.42048
-156.87492
-178.64387
-174.53158
-185.58758
-196.83239
-193.9206
-179.55808
-187.43865
-192.55387
-193.90861
-177.84002
-150.31818
-164.80181
-154.06573
-151.70941
-174.77491
-168.52566
-200.72668
-163.01118
-168.58732
-148.33223
-190.20126
-182.15405
-174.86904
-195.50016
-188.00619
-173.91498
-190.25121
-189.71269
-184.98343
-193.38852
-201.46443
-174.98435
-170.05853
-153.54348
-190.79773
-188.57328
-178.13449
-179.56629
-179.49824
-155.7696
-154.55271
-153.10382
-177.15982
-181.05926
0
0
0
0
0
-102.14373
0
0
0
0
0
0
0
0
0
0
-121.2408
0
-88.95192
0
-119.50815
-140.27118
-117.61889
-102.94569
-104.32267
-153.65296
-137.35363
-119.21013
0
0
0
0
0
0
0
-81.92342
-87.296596
-132.33544
0
-118.21503
-93.798311
0
0
-74.147499
-64.119791
0
0
-71.305275
0
0
0
0
0
0
0
0
0
-132.67704
0
-118.69195
-117.30116
0
0
0
0
0
0
0
0
0
0
0
0
-105.41595
0
0
0
0
0
0
0
0
0
0
0
0
0
0
0
0
0
0
0
0
0
0
0
0
0
-123.65117
0
-113.23521
-107.44656
0
-113.74782
0
0
0
0
0
0
0
0
-74.479522
0
-64.383918
0
-83.082584
0
0
0
0
0
0
0
0
0
0
0
0
0
0
0
0
0
-98.112779
-71.394669
-90.683665
0
0
0
0
0
0
0
0
0
0
0
0
0
0
0
0
0
0
0
0
0
0
0
0
0
0
0
0
0
0
0
0
0
0
0
0
0
-88.563723
0
0
0
0
0
0
0
0
0
0
0
0
0
0
0
0
0
0
0
0
0
0
0
0
0
0
0
0
0
0
0
0
0
0
-90.094354
0
0
0
0
0
0
0
0
0
0
0
0
0
0
0
0
0
0
0
0
0
0
0
0
0
0
0
0
0
0
0
0
0
0
0
0
0
0
0
0
0
0
0
0
0
0
0
0
0
-137.71445
-138.28901
0
-133.14948
0
0
0
0
-132.17278
0
-124.33716
0
0
0
0
0
0
0
0
0
0
0
0
0
0
0
0
0
0
-75.386914
0
0
0
0
0
0
0
0
0
0
0
0
-81.715007
0
0
0
0
0
0
0
0
0
0
0
0
0
0
0
0
0
0
0
-131.39211
-139.53566
-143.0116
0
-147.29178
-133.13559
0
0
-128.27791
-116.83114
0
0
-142.05449
0
0
0
0
0
0
0
0
0
-139.76645
-122.78257
0
-147.2167
0
0
0
0
0
0
0
0
0
0
0
0
0
0
0
0
0
0
0
0
0
0
0
0
0
0
0
0
0
0
0
0
0
0
0
0
0
-142.36455
-126.90173
-111.60153
-98.434343
-107.50519
-138.82415
-122.93418
-127.30927
-128.43974
-159.38096
-126.01121
-141.77219
-107.98108
-139.44195
-104.62734
-116.25102
-94.419478
0
-84.868567
-121.82093
-89.882117
0
0
0
0
0
0
0
0
0
0
0
0
0
0
0
0
0
0
0
0
0
0
0
0
0
0
0
0
0
0
0
0
0
0
0
-116.98855
-113.58079
-92.729226
0
-113.49487
-88.823
0
0
-87.21931
-69.857544
0
0
0
0
0
0
0
0
0
0
0
0
0
0
0
0
0
0
0
0
0
0
0
0
0
0
0
0
0
0
0
0
0
0
0
0
0
0
0
0
0
0
0
0
0
0
0
0
0
0
0
0
0
-117.05749
-133.25308
-127.55079
-79.227363
-93.311127
-152.20972
-100.50424
-160.39604
-136.74034
-182.50876
-141.64312
-172.87362
-153.86995
-125.19175
-139.80508
-118.241
-130.89938
-84.583294
-96.278975
-153.1671
-106.64152
0
0
0
0
0
0
0
0
0
0
0
0
0
0
0
0
0
0
0
0
0
0
0
0
0
0
0
0
0
0
0
0
0
0
0
-140.62107
-147.8882
-126.01862
0
-129.63451
0
-113.76418
0
-126.32135
-107.3258
0
0
0
-95.068177
0
0
0
0
0
0
0
0
0
0
0
0
0
0
0
0
0
0
0
0
0
0
0
0
0
0
0
0
0
0
0
0
0
0
0
0
0
0
0
0
0
0
0
0
0
0
0
0
0
0
0
-77.054715
0
0
0
0
0
0
0
0
0
0
0
0
0
0
0
0
0
0
0
0
0
0
0
0
0
0
0
0
0
0
0
0
0
0
0
0
0
0
0
0
0
0
0
0
0
0
0
0
0
0
0
0
0
0
0
0
0
0
0
0
0
0
0
0
0
0
0
0
0
0
0
0
0
0
0
0
0
0
0
0
0
0
0
0
0
0
0
0
0
0
0
0
0
0
0
0
0
0
0
0
0
0
0
0
0
0
0
0
0
0
0
0
0
0
0
0
0
0
0
0
0
0
0
0
0
0
0
0
0
0
0
0
0
0
0
0
0
0
0
0
0
0
0
0
0
0
0
0
0
0
0
0
0
0
0
0
0
0
-120.52357
0
0
0
-111.08408
-107.63338
0
-141.3976
-162.41942
-155.56832
-157.14666
-141.99168
-157.74444
-131.92253
0
0
0
0
0
0
0
-118.64105
-92.474155
-97.420599
-94.083604
-110.53165
-116.13888
-86.258315
0
0
0
0
0
0
0
-166.95152
-170.68234
-180.71684
-167.10934
-150.59862
-159.8075
-147.93418
-148.86488
-141.12069
-161.30505
-154.27177
-134.41774
-140.19383
-137.78658
0
0
0
0
0
0
0
0
-85.664463
0
0
-95.613977
0
-76.428648
-121.66365
-102.06758
-99.517762
-71.312916
-109.72764
-102.38472
-77.008298
-134.8704
-108.18597
-99.642615
-79.311026
-117.1525
-113.87033
-83.586556
-58.969791
-90.50129
-66.580413
-68.654008
-75.355608
0
-92.914539
0
0
0
0
0
0
0
-99.380017
-70.512569
-73.391477
-80.064537
-94.828684
-108.40169
-78.335917
0
-97.409189
0
0
-110.36801
0
0
0
0
0
0
0
0
0
0
0
0
0
0
-90.089068
0
0
0
0
0
0
0
0
0
-74.308053
-81.617222
-73.223842
0
0
-64.481173
-78.514021
-147.00102
-114.01751
-103.77206
-93.896591
-70.069473
-134.40621
-123.94995
-189.68966
-135.38428
-124.4027
-155.27939
-110.19559
-177.62148
-103.68847
-125.54534
0
0
-88.849063
-145.45159
0
0
0
0
0
0
0
0
0
0
0
0
0
0
0
0
-75.360619
0
0
0
-110.57944
0
0
0
0
0
0
0
0
0
0
0
0
0
0
0
0
0
0
0
0
0
0
0
0
0
0
0
0
0
0
0
0
0
-56.772343
0
0
0
0
0
0
0
0
0
0
0
0
0
0
0
0
0
0
0
0
0
0
0
0
0
0
0
0
0
0
0
0
0
0
0
0
0
-114.19692
0
0
0
0
0
-98.707671
0
0
0
0
0
0
0
0
0
0
0
0
0
0
0
0
0
0
0
0
0
0
0
0
0
0
0
0
0
0
0
0
0
0
0
0
0
0
0
0
0
0
0
0
0
0
0
0
0
-121.60741
-113.96377
-135.75244
-137.78682
-94.82818
-117.13215
-113.18018
-152.10004
-125.63726
-140.82632
-142.93164
-138.88813
-127.63472
-150.27096
-118.29252
-113.93172
-129.83153
-135.52421
-109.45881
-128.63156
-118.31469
-125.32484
-107.03646
-84.782388
0
-126.55012
-110.24589
-94.433311
-136.86554
-115.07271
-98.29428
0
-101.40304
-132.07029
-109.61286
-126.46123
-121.34562
-89.476478
-98.994698
-114.57369
-96.130359
-128.69326
-123.91298
-82.850794
0
0
-110.05611
-91.33581
-96.175525
0
0
0
0
0
0
0
0
-49.558532
-37.006014
0
0
-48.730732
0
-58.366602
-59.627553
-47.200128
-49.736035
-77.616898
-63.477784
-61.546886
0
-79.033611
0
0
0
-61.565011
0
0
0
0
0
0
0
0
0
0
0
0
0
0
0
-121.04682
-110.03971
-101.46529
-100.66325
-123.93969
-111.29346
-120.42781
-71.613246
-62.76475
-77.95649
-74.364793
-52.064656
-60.764173
-64.606315
-97.752655
-70.272945
-83.478153
-83.074254
-89.829762
-100.19151
-71.36953
-76.881089
-87.404252
-73.722239
0
-93.652054
-68.599396
-61.730356
-83.089857
-94.155144
-78.814892
0
-65.155665
-100.78495
-74.009483
-90.872428
-110.89931
-81.432447
-85.34142
-101.18918
-73.220139
-106.20416
-66.521976
0
0
0
-56.444439
0
-55.834166
0
0
0
0
0
0
0
0
0
0
0
0
0
0
0
0
0
0
0
0
0
0
0
0
0
0
0
0
0
0
0
0
0
0
0
0
0
0
0
0
0
0
0
0
0
0
0
0
0
0
0
0
0
0
0
0
0
0
0
0
0
0
0
0
0
0
0
0
0
0
0
0
0
0
0
0
0
0
0
0
0
0
0
0
0
0
0
0
0
0
0
0
-64.594931
-53.524825
0
0
-52.745891
0
-50.959304
-113.8346
-74.668308
-56.504999
-71.319868
0
-93.672331
-110.34145
-133.70141
-94.625477
-72.862725
-131.97939
-93.01501
-112.18353
0
-103.29848
0
0
-70.946721
-83.693431
0
0
0
0
0
0
0
0
0
0
0
0
0
-67.760632
0
0
0
0
0
0
0
0
-142.66382
-157.72193
-165.4472
-152.31804
-109.15745
-143.3237
-124.7547
-166.17871
-182.75374
-184.1065
-176.41585
-156.87728
-160.42595
-181.27887
-184.87926
-194.11436
-183.69528
-176.15172
-176.67914
-173.98298
-191.98813
-146.25061
-146.35916
-133.22307
-113.7575
-143.82743
-162.48128
-116.19217
-132.86574
-117.86285
-95.903164
-81.71329
-129.37984
-98.836038
-115.42994
-144.55158
-134.08485
-123.19351
-103.27895
-133.6638
-152.48443
-112.63127
-123.35472
-85.994385
-88.62416
0
-116.13079
-93.8315
-97.796069
-149.79231
-154.54598
-178.38908
-165.65571
-109.3216
-136.28576
-137.27142
-145.12702
-175.26428
-167.64918
-162.69994
-149.59228
-142.8326
-172.9569
-162.70186
-187.3718
-184.14741
-177.11184
-160.16881
-147.34146
-182.68393
-139.6764
-129.27937
-82.122983
-119.22629
-115.01986
-150.98807
-103.26516
-123.83473
-112.67984
0
-90.011074
-111.43538
-116.23426
-91.863585
-126.49134
0
0
0
-103.29388
-103.31365
-88.432753
-133.14211
-129.26207
-115.22265
-96.405646
-121.75832
-144.47132
-102.42965
0
0
0
0
0
0
0
0
0
0
0
0
0
0
0
0
0
0
0
0
0
0
0
0
0
0
0
0
0
0
0
0
0
0
0
0
0
0
0
0
0
0
0
0
0
0
0
0
0
0
0
0
0
0
0
0
0
0
0
0
0
0
0
0
0
0
0
0
0
0
0
0
0
0
0
0
0
0
0
0
0
0
0
0
0
0
0
0
0
0
0
0
0
0
0
0
0
0
0
0
0
0
0
0
0
0
0
0
0
0
0
0
0
0
0
0
0
0
0
0
0
0
0
0
0
0
-65.400851
0
0
0
0
0
0
0
0
0
0
0
0
0
0
0
0
0
0
0
0
0
0
0
0
0
0
0
0
0
0
0
0
0
0
0
0
0
0
0
0
0
0
0
0
0
0
0
0
-106.92489
0
-91.724696
0
-71.726541
0
-87.707745
0
0
0
0
0
0
0
0
0
0
0
0
0
0
0
0
0
0
0
0
0
0
-85.61684
0
0
-80.446012
0
0
0
0
0
0
0
0
0
0
0
0
0
0
0
0
0
0
0
0
0
0
0
0
0
0
0
0
0
0
-114.12371
-64.060282
-83.498511
-66.327831
-71.541
0
-94.34095
0
0
0
0
0
0
0
0
0
0
0
0
0
0
0
0
0
0
0
0
0
0
-89.745978
0
0
-87.243935
0
0
0
0
0
0
0
-71.683809
0
0
0
0
0
0
0
0
0
0
0
0
0
0
0
0
0
0
0
0
0
0
0
0
0
0
0
0
0
0
0
0
0
0
0
0
0
0
0
0
0
0
0
0
0
0
0
0
0
0
0
0
0
0
0
0
0
0
0
0
0
0
0
0
0
0
0
0
0
0
0
0
0
0
0
0
0
0
0
0
0
0
0
0
0
0
0
0
0
0
0
0
0
0
0
0
0
0
0
0
0
0
0
0
0
0
0
0
0
0
0
0
0
0
0
0
0
0
0
0
0
0
0
0
0
0
0
0
0
0
0
0
0
0
0
0
0
0
0
0
0
0
0
0
0
0
0
0
0
0
0
0
0
-122.47186
-93.301842
-109.27096
-110.36807
-105.61296
-125.25969
-108.4376
-192.00481
-194.12538
-188.91927
-193.88396
-192.86537
-187.94654
-194.08385
0
0
0
0
0
0
0
0
0
0
0
0
0
0
0
0
0
0
0
0
0
0
0
0
0
0
0
0
0
0
0
0
0
0
0
0
0
0
0
0
0
0
0
0
0
0
0
0
0
0
0
0
0
0
0
0
0
0
0
0
0
0
0
0
0
0
0
0
0
0
0
0
0
0
0
0
0
0
0
0
0
0
0
0
0
0
0
0
0
0
0
0
0
0
0
0
0
0
0
0
0
0
0
0
0
0
0
0
0
0
0
0
0
0
0
0
0
0
0
0
0
0
0
0
0
0
0
0
0
0
0
0
0
0
0
0
0
0
0
0
0
0
0
0
0
0
0
0
0
0
0
0
0
0
0
0
0
0
0
0
0
0
0
0
0
0
0
0
0
0
0
0
0
0
0
0
0
0
0
0
0
0
0
0
0
0
0
0
0
0
0
0
0
0
0
0
0
0
0
0
0
0
0
0
0
0
0
0
0
0
0
0
0
0
0
0
0
0
0
0
0
0
0
0
0
0
0
0
0
0
0
0
0
0
0
0
0
0
0
0
0
0
0
0
0
0
0
0
0
0
0
0
0
0
0
0
0
0
0
0
0
0
0
0
0
0
0
0
0
0
0
0
0
0
0
0
0
0
0
0
0
0
0
0
0
0
0
0
0
0
0
0
0
0
0
0
0
0
0
0
0
0
0
0
0
0
0
0
0
0
0
0
0
0
0
0
0
0
0
0
0
0
0
0
0
0
0
0
0
0
0
0
0
0
0
0
0
0
0
0
0
0
0
0
0
0
0
0
0
0
0
0
0
0
0
0
0
0
0
0
0
0
0
0
0
0
0
0
0
0
0
0
0
0
0
0
0
0
0
0
0
0
0
0
0
0
0
0
0
0
0
0
0
0
0
0
0
0
0
0
0
0
0
0
0
0
0
0
0
0
0
0
0
0
0
0
0
0
0
0
0
0
0
0
0
0
0
0
0
0
0
0
0
0
0
0
0
0
0
0
0
0
0
0
0
0
0
0
0
0
0
0
0
0
0
0
0
0
0
0
0
0
0
0
0
0
0
0
0
0
0
0
0
0
0
0
0
0
0
0
0
0
0
0
0
0
0
0
0
0
0
0
0
0
0
0
0
0
0
0
0
0
0
0
0
0
0
0
0
0
0
0
0
0
0
0
0
0
0
0
0
0
0
0
0
0
0
0
0
0
0
0
0
0
0
0
0
0
0
0
0
0
0
0
0
0
0
0
0
0
0
0
0
0
0
0
0
0
0
0
0
0
0
0
0
0
0
0
0
0
0
0
0
0
0
0
0
0
0
0
0
0
0
0
0
0
0
0
0
0
0
0
0
0
0
0
0
0
0
0
0
0
0
0
0
0
0
0
0
0
0
0
0
0
0
0
0
0
0
0
0
0
0
0
0
0
0
0
0
0
0
0
0
0
0
0
0
0
0
0
0
0
0
0
0
0
0
0
0
0
0
0
0
0
0
0
0
0
0
0
0
0
0
0
0
0
0
0
0
0
0
0
0
0
0
0
0
0
0
0
0
0
0
0
0
0
0
0
0
0
0
0
0
0
0
0
0
0
0
0
0
0
0
0
0
0
0
0
0
0
0
0
0
0
0
0
0
0
0
0
0
0
0
0
0
0
0
0
0
0
0
0
0
0
0
0
0
0
0
0
0
0
0
0
0
0
0
0
0
0
0
0
0
0
0
0
0
0
0
0
0
0
0
0
0
0
0
0
0
0
0
0
0
0
0
0
0
0
0
0
0
0
0
0
0
0
0
0
0
0
0
0
0
0
0
0
0
0
0
0
0
0
0
0
0
0
0
0
0
0
0
0
0
0
0
0
0
0
0
0
0
0
0
0
0
0
0
0
0
0
0
0
0
0
0
0
0
0
0
0
0
0
0
0
0
0
0
0
0
0
0
0
0
0
0
0
0
0
0
0
0
0
0
0
0
0
0
0
0
0
0
0
0
0
0
0
0
0
0
0
0
0
0
0
0
0
0
0
0
0
0
0
0
0
0
0
0
0
0
0
0
0
0
0
0
0
0
0
0
0
0
0
0
0
0
0
0
0
0
0
0
0
0
0
0
0
0
0
0
0
0
0
0
0
0
0
0
0
0
0
0
0
0
0
0
0
0
0
0
0
0
0
0
0
0
0
0
0
0
)


6092
(
0
0
0
0
0
0
0
0
0
0
0
0
0
0
0
0
0
0
0
0
0
0
0
0
0
0
0
0
0
0
0
0
0
0
0
0
0
0
0
0
0
0
0
0
0
0
0
0
0
0
0
0
0
0
0
0
0
0
0
0
0
0
0
0
0
0
0
0
0
0
0
0
0
0
0
0
0
0
0
0
0
0
-147.72476
0
0
-104.41461
0
0
0
0
-155.91592
0
-120.8001
0
0
0
0
0
-99.746666
0
0
0
0
0
0
0
0
0
0
0
0
0
0
0
0
0
0
0
0
0
0
0
0
0
0
0
0
0
0
0
0
0
0
0
0
0
0
0
0
0
0
0
0
0
0
0
0
0
0
0
0
0
0
0
0
0
0
0
0
0
0
0
0
0
0
0
0
0
0
0
0
0
0
0
0
0
0
0
0
0
0
0
0
0
0
0
0
0
0
0
0
0
0
0
0
0
0
0
0
0
0
0
0
0
0
0
0
0
0
0
0
0
0
0
0
0
0
0
0
0
-111.77757
0
0
0
0
0
0
0
0
0
0
0
0
0
0
0
0
0
0
0
0
0
0
0
0
0
0
0
0
0
0
0
0
0
-141.87315
0
0
0
0
0
0
-140.14817
0
0
0
0
0
0
0
0
0
0
0
0
0
0
0
0
0
0
0
0
0
0
0
0
0
0
0
0
0
0
0
0
0
0
0
0
0
0
0
0
0
0
0
0
0
0
0
0
0
0
0
0
0
0
0
0
0
0
0
0
0
0
0
0
0
0
0
0
0
0
0
0
0
0
0
0
0
0
0
0
0
0
0
0
0
-97.154614
0
-57.157478
0
0
0
0
-106.58778
-134.63957
-153.53407
-74.214516
0
0
0
-131.22108
0
0
-74.780865
0
0
0
-146.53124
-151.53957
-156.92772
-98.12603
0
0
0
0
0
0
0
0
0
0
0
0
0
0
0
0
0
0
0
0
0
0
0
0
0
0
0
0
0
0
0
0
0
0
0
0
0
0
0
0
0
0
0
0
0
0
0
0
0
0
0
0
0
0
0
0
0
0
0
0
0
0
0
0
0
0
0
0
0
0
0
0
0
0
0
0
0
0
0
0
0
0
0
0
0
0
0
0
0
0
0
0
0
0
0
0
0
0
0
0
0
0
0
0
0
0
0
0
0
0
0
0
0
0
0
0
0
0
0
0
0
0
0
0
0
0
0
0
0
0
0
0
0
0
0
-92.243623
0
-66.404775
0
-72.277139
-62.641326
0
-150.97012
0
0
-90.650621
-153.61562
0
-90.88923
0
0
0
0
0
0
0
0
0
0
0
0
0
0
0
0
0
0
0
0
0
0
0
0
0
0
0
0
0
0
0
0
0
0
0
0
-61.001161
-45.339774
0
0
0
0
0
-61.844416
-64.254173
0
0
0
0
0
0
0
0
0
0
0
0
0
0
0
0
0
0
0
0
0
0
0
0
0
0
0
0
0
0
0
0
0
0
0
0
0
0
0
0
0
0
0
0
0
0
0
0
0
0
0
0
0
0
0
0
0
0
0
0
0
0
0
0
0
0
0
0
0
0
0
0
0
0
0
0
0
0
0
0
0
0
0
0
0
0
0
0
0
0
0
0
0
0
0
0
0
0
0
0
0
0
0
0
0
0
0
0
0
0
0
0
0
-97.153793
0
0
0
0
0
0
0
-133.36769
0
-90.535131
0
0
0
0
0
-141.45292
-107.31283
0
0
0
0
0
0
-85.914334
0
0
0
0
0
0
0
0
0
0
0
0
0
0
0
0
0
0
0
0
0
0
0
0
0
0
0
0
0
0
0
0
0
0
0
0
0
0
0
0
0
0
0
0
0
0
0
0
0
0
0
0
0
0
0
0
0
0
0
0
0
0
0
0
0
0
0
0
0
0
0
0
0
0
0
-104.39866
0
-151.87765
0
-103.25965
-83.283977
-148.36886
-123.56518
-83.698256
-148.94513
-82.154692
-88.789249
0
-48.234751
0
-66.181181
0
0
-96.452759
0
-94.004998
-113.61256
-91.954754
-80.452535
-116.69689
-99.744856
0
-102.37479
-61.929487
-76.835709
-142.30437
0
0
0
0
0
0
0
0
0
0
0
-145.30015
0
-123.38614
-155.2257
-145.21115
0
-102.02643
0
-144.70027
-105.06314
0
-162.77006
-120.72249
-157.12499
-146.96515
-180.07571
-152.85716
-113.74248
-98.665577
0
-89.693645
-119.21988
-104.37229
-98.176983
-121.57133
-161.1882
-154.97741
-125.66657
-130.8763
-173.81266
-137.2879
-148.89498
0
0
0
-126.56807
0
-91.63605
0
0
0
0
0
0
0
0
0
0
0
0
0
0
0
0
0
0
0
0
0
0
0
0
0
0
0
0
0
0
0
0
-56.802151
0
0
0
0
0
0
0
0
0
0
0
0
0
0
0
0
0
0
0
0
0
0
0
0
0
0
0
0
0
0
0
0
0
0
0
0
0
0
0
0
0
0
0
0
0
0
0
0
0
0
0
0
0
0
0
0
0
0
0
0
0
0
0
0
0
0
0
0
0
0
0
0
0
0
0
0
0
0
0
0
0
0
0
0
0
0
0
0
0
0
0
0
0
0
0
0
0
0
0
0
0
0
0
0
0
0
0
0
0
0
0
0
0
0
0
0
0
0
0
0
0
0
0
0
0
0
0
0
0
0
0
0
0
0
0
0
0
0
0
0
0
0
0
0
0
0
0
0
0
0
0
0
0
0
0
0
0
0
0
0
0
0
0
0
0
0
0
0
0
0
0
0
0
0
0
0
0
0
0
0
0
0
0
0
0
0
0
0
0
0
0
0
0
0
0
0
0
0
0
0
0
0
0
0
0
0
0
0
0
0
0
0
0
0
0
0
0
0
0
0
0
0
0
0
0
0
0
0
0
0
0
0
0
0
0
0
0
0
0
0
0
0
0
0
0
0
0
0
0
0
0
0
0
0
0
0
0
0
0
0
0
0
0
0
0
0
0
0
0
0
0
0
0
0
0
0
0
0
0
0
0
0
0
0
0
0
0
0
0
0
0
0
0
0
0
0
0
0
0
0
0
0
0
0
0
0
0
0
0
0
0
0
0
0
0
0
0
0
0
0
0
0
0
0
0
0
0
0
0
0
0
0
0
0
0
0
0
0
0
0
0
0
0
0
0
0
0
0
0
0
0
0
0
0
0
0
0
0
0
0
0
0
0
0
0
0
0
0
0
0
0
0
0
0
0
0
0
0
0
0
0
0
0
0
0
0
0
0
0
0
0
0
0
0
0
0
0
0
0
0
0
0
0
0
0
0
0
0
0
0
0
0
-122.64269
0
0
0
0
0
0
-120.81002
0
0
0
0
0
0
0
0
0
0
0
0
0
0
0
0
0
0
0
0
0
0
0
0
0
0
0
0
0
0
0
0
0
0
0
0
0
-98.45901
0
0
0
0
-73.279103
0
0
0
0
0
0
0
0
0
0
0
0
0
0
0
0
0
0
0
-139.6197
-94.464222
0
-106.78473
0
0
0
0
0
0
0
0
0
0
0
0
0
0
0
0
0
0
0
0
0
0
0
0
0
0
0
0
0
0
0
0
0
0
0
0
0
0
0
0
0
0
0
0
0
0
0
0
0
0
0
0
0
0
0
0
-78.454894
-131.15167
-66.017351
0
0
0
0
0
-112.75026
0
0
-52.523059
0
0
0
0
0
0
0
0
0
0
0
0
0
0
0
0
0
0
0
0
0
0
0
0
0
0
-54.957809
0
0
0
-95.370468
-138.09933
-91.611217
0
0
0
0
0
-129.50504
0
-78.566056
0
0
0
0
0
0
0
0
0
0
0
0
0
0
0
0
0
0
0
0
0
0
0
0
0
0
0
0
0
0
0
0
0
0
0
0
0
0
0
0
0
0
0
0
0
0
0
0
0
0
0
0
0
0
0
0
0
0
0
0
0
0
0
0
0
0
0
0
0
0
0
0
0
0
0
0
0
0
0
0
0
0
0
0
0
0
0
0
0
0
0
0
0
0
0
0
0
0
0
0
0
0
0
0
0
0
0
0
0
0
0
0
0
0
0
0
0
0
0
0
0
0
0
0
0
0
-96.480128
-99.195167
-90.155334
-86.213242
-98.097532
0
0
0
0
0
0
0
0
0
0
-79.308163
0
-64.454464
0
-75.602223
0
0
0
0
0
0
0
-112.3351
0
-114.23331
-127.40849
-136.00741
-132.78397
-128.15824
0
0
-78.39809
-99.574245
0
-66.275899
-78.182558
0
0
-95.887155
-113.16356
0
-118.28897
-97.137869
-118.37451
-108.1423
-119.84005
-108.0818
-119.80052
-107.0042
-121.5647
-129.90189
-114.04556
-151.66317
-120.16387
-100.89056
-140.42396
-135.12833
-134.32897
-145.84738
-136.91134
-153.77365
-135.44737
-139.51135
-141.97332
-109.11748
-63.650394
-95.694131
-95.400172
-82.179568
-91.082292
-116.07986
0
0
0
0
0
0
-61.782851
0
0
0
0
0
0
0
-56.781588
0
0
-62.219969
-85.862525
-79.944265
-64.987714
-84.696018
-109.49562
-110.37314
-126.52483
-110.21707
-104.33052
-86.289281
0
0
0
0
-54.255372
0
0
0
0
-74.167029
0
-72.078401
-55.298853
0
-61.648241
-59.955015
-101.13084
-55.561359
-80.803731
0
-80.762818
-112.32981
0
-108.66057
-136.34499
-136.78029
-131.15411
-141.25199
0
-51.913365
-71.545888
-99.447103
-56.929964
-78.590324
-78.772727
0
-71.054467
-89.98746
-116.84164
-107.21057
-127.81348
-97.626391
-140.6485
-128.11578
-164.39141
-137.04027
-149.95287
-118.82028
-155.69453
-150.03302
-128.87245
-160.75533
-160.29862
-131.0312
-142.53232
-164.81354
-157.2157
-149.76854
-161.74981
-159.13441
-147.81379
-157.73651
-163.81371
-127.44073
-81.970348
-118.72694
-127.58171
-108.71496
-101.10817
-142.85725
0
0
0
0
0
0
0
0
0
0
0
0
0
0
0
0
0
0
0
0
0
0
0
0
0
0
0
0
0
0
0
0
0
0
0
0
0
0
0
0
0
0
0
0
0
0
0
0
0
0
0
0
0
0
0
0
0
0
0
0
0
0
0
0
0
0
0
0
0
0
0
0
0
0
0
0
0
0
0
0
0
0
0
0
0
0
0
0
0
0
0
0
0
0
0
0
0
0
0
0
0
0
0
0
0
0
0
0
0
0
0
0
0
0
0
0
0
0
0
0
-69.564654
0
0
-43.636503
0
-46.521468
-67.096089
0
0
0
0
0
0
0
0
0
0
0
0
0
0
0
0
0
0
0
0
0
0
0
0
0
0
0
0
0
0
0
0
0
0
0
0
0
0
0
0
0
0
0
0
0
0
0
0
0
0
0
0
0
0
0
0
0
0
0
0
0
0
0
0
0
0
0
0
0
0
-64.226092
0
-66.478976
0
0
0
0
0
0
0
0
0
-82.806899
-152.75355
0
0
0
0
0
0
0
0
0
0
0
0
0
0
0
0
0
0
0
0
0
0
0
0
0
0
0
0
0
0
0
0
0
0
0
0
0
0
-135.3467
-124.76144
-150.32145
-148.11867
-128.7373
-154.0735
-128.91134
0
0
0
0
0
0
0
-103.41793
-118.27398
-104.05292
-89.831309
-90.092392
-117.36672
-103.68095
0
0
0
0
0
0
0
-60.102114
0
0
0
-53.64703
0
0
-168.11523
-157.50137
-158.54284
-156.52909
-158.45902
-159.94576
-170.69788
-145.97679
-132.81541
-137.01261
-119.32647
-136.37349
-131.58324
-146.38606
0
0
0
0
0
0
0
0
-111.91518
0
-88.334639
0
-102.67159
-95.697458
0
0
0
0
0
0
0
0
0
0
0
0
0
0
0
0
0
0
0
0
0
0
0
0
0
0
0
0
0
0
0
0
0
0
0
0
0
0
0
0
0
0
0
0
0
0
0
0
0
-60.765923
0
0
0
0
0
0
-53.189582
0
0
0
0
0
0
0
0
0
0
0
0
0
0
0
0
0
0
0
0
0
0
0
0
0
0
0
0
0
0
0
0
0
0
0
0
0
0
0
0
0
0
0
0
0
0
0
0
0
0
0
0
0
0
0
0
0
0
0
0
0
0
-115.98855
-121.75715
-121.42844
-98.111334
0
-129.21484
-105.87735
0
0
0
0
0
0
0
0
0
0
0
0
0
0
-113.33156
-120.08222
-137.56853
-130.07684
-121.54895
-114.69301
-122.83623
0
0
0
0
0
0
0
-125.93021
-135.65799
-142.18695
-121.11202
-149.7573
-111.26276
-123.39055
0
0
0
0
0
0
0
0
0
0
0
0
0
0
0
0
0
0
0
0
0
0
0
0
0
0
0
0
0
0
0
0
0
0
0
0
0
0
0
0
0
0
0
0
0
0
0
0
0
0
0
0
0
0
0
0
0
0
0
0
0
0
0
0
0
0
0
0
0
0
0
0
0
0
0
0
0
0
0
0
0
0
0
0
0
0
0
0
0
0
0
0
0
0
0
0
0
0
0
0
0
0
0
0
0
0
0
0
0
0
0
0
0
0
0
0
0
0
0
0
0
0
0
0
0
0
0
0
0
0
0
0
0
0
0
0
0
0
0
0
0
0
0
-95.390993
-83.654571
-80.435639
-73.607521
-86.124442
-89.288989
-75.696841
0
0
0
0
0
0
0
-58.880949
-50.249517
-71.632708
-68.345778
-51.768392
-55.199543
-75.676326
-50.111861
0
-45.068413
0
-43.447806
-53.799089
0
-65.642083
-78.896072
-76.649767
-59.201646
-59.701145
-82.463774
-66.249752
-79.389184
-46.761943
-63.834174
-61.997237
-66.789634
-49.971634
-78.338526
0
0
0
-58.56817
0
-64.388939
0
-137.23874
-146.25407
-137.4987
-139.55676
-160.90125
-134.78882
-155.55595
-89.487778
0
-83.746076
0
0
-88.906579
-86.303588
0
0
-68.137463
-69.788784
0
0
-46.945625
-101.87035
-64.531614
-118.65563
-97.694445
-71.636379
-95.294868
-124.55804
-132.78218
-156.3646
-121.87906
-145.30545
-125.51752
-127.64054
-149.60926
-86.602631
0
-86.992362
-88.956801
0
0
-87.215288
-120.08192
-71.310977
-102.02706
-105.72037
-104.18872
-76.219721
-131.13068
0
0
0
0
0
0
0
0
0
0
0
0
0
0
0
0
0
0
0
0
0
0
0
0
0
0
0
0
0
0
0
0
0
0
0
0
0
0
0
0
0
0
0
0
-60.514638
0
0
0
0
0
0
-54.768339
0
0
0
0
0
0
0
0
0
0
0
0
0
0
0
0
0
0
0
0
0
0
0
0
0
0
-36.699912
-68.536351
0
-45.053504
0
-47.964743
0
0
-73.728846
0
-50.330392
0
0
0
0
0
0
0
0
0
0
0
0
0
0
0
0
0
0
0
0
0
0
0
0
0
0
0
0
0
0
0
0
0
0
0
0
0
0
0
0
0
0
0
0
0
0
0
0
0
0
0
-80.190768
0
0
0
0
0
0
0
0
0
0
0
0
0
0
0
0
0
0
0
0
0
0
0
0
0
0
0
0
0
-81.049416
-111.77054
-76.753589
-59.396672
-79.940124
-98.251729
0
0
-40.092319
-59.148276
0
0
0
0
-98.449764
-50.808137
-68.570455
0
0
-90.844371
0
0
0
0
0
0
0
0
0
0
0
0
0
0
0
0
0
0
0
0
0
0
0
0
0
0
0
0
0
0
-90.614899
-140.45239
0
0
0
0
-110.80736
-127.43513
-181.30965
-110.23908
-87.463383
-102.33362
0
-108.16389
-115.20324
-162.63364
-92.681217
0
0
-98.807321
0
0
0
0
0
0
0
0
0
0
0
0
0
0
0
0
0
0
0
0
0
0
0
0
0
0
0
0
0
0
0
0
0
0
0
0
0
0
0
0
0
0
0
-45.118665
0
0
0
0
0
0
0
0
0
0
0
0
0
0
0
0
0
0
0
0
0
0
0
0
0
0
0
0
0
0
0
0
0
0
0
0
0
0
0
0
0
0
0
0
0
0
0
0
0
0
0
0
0
0
0
0
0
0
0
0
0
0
0
0
0
0
0
0
0
-117.61504
0
0
0
0
0
0
0
0
0
0
0
0
0
-133.91688
0
0
0
0
0
0
0
0
0
0
0
0
-118.43627
-106.725
-122.72991
-118.60399
-98.783163
-103.29341
-112.30758
-113.04991
-102.97717
-88.121087
-85.472931
-92.800272
-106.56773
-106.75377
-158.60079
-133.95546
-147.7321
-141.69106
-149.3617
-157.66173
-132.87037
-135.67919
-154.65347
-141.66135
-133.91061
-138.31429
-125.71283
-148.67473
-97.812283
-105.99845
-120.60499
-119.33852
-87.462887
-97.511566
-110.42425
-79.667458
-66.555958
-81.968035
0
-71.287488
-77.64767
0
0
0
-40.863798
0
-49.264211
0
0
-52.681895
0
-54.541067
0
-44.784077
-64.723813
0
0
0
0
0
0
0
0
-57.215336
-74.128479
-54.029681
-60.262682
-61.699729
-49.246371
-69.466345
0
0
0
0
0
0
0
0
0
0
0
-58.938147
0
0
-114.16306
-102.35753
-94.370862
0
0
-106.58046
-89.974255
0
-130.68439
0
0
0
-130.21852
0
-89.625234
-75.432907
-66.061994
0
-77.46561
-77.112302
-88.379858
-89.853911
-85.602828
-85.536933
-70.220966
-78.55265
-95.433694
-80.280931
-130.63897
-115.78903
-142.17816
-129.05899
-128.73488
-118.45674
-129.00248
0
0
0
0
0
0
0
0
0
0
0
0
0
0
0
0
0
0
0
0
0
0
0
0
0
0
0
0
0
0
0
0
0
0
0
0
0
0
0
0
0
0
0
0
0
0
0
0
0
0
0
0
0
0
0
0
0
0
0
0
0
0
0
0
0
0
0
0
0
0
0
-165.837
0
0
-144.30235
-161.52348
0
0
0
0
0
0
0
0
0
0
-144.41223
-141.64079
-157.35416
0
0
0
-158.82004
0
0
0
0
0
-129.45076
-118.70859
-155.58722
-140.33729
-125.82931
-152.83005
-119.68676
-74.189347
0
-76.419818
0
-81.109248
-66.852642
0
-97.165652
-66.918616
-128.25975
-111.27713
-88.652623
-139.63774
-73.102108
-64.537852
0
0
0
-66.503408
0
0
-110.3993
-149.65767
-111.76414
-136.54387
-118.4663
-101.83656
-144.40572
-104.24156
-132.81383
-118.5481
-74.384468
-149.16024
-101.50177
-78.133972
-84.737123
-79.098381
0
0
-83.867859
-81.627349
0
-176.45177
-153.16979
-169.05265
-180.10333
-176.82747
-167.37775
-177.33311
-178.04013
-153.81187
-143.84978
-129.16268
-149.46252
-161.70341
-167.95056
-161.52133
-167.97308
-167.29973
-168.36333
-158.00908
-161.21063
-169.96871
-161.18368
-157.68257
-164.95221
-164.16599
-146.60754
-154.63432
-158.13283
-135.01644
-142.41829
-157.34946
-170.97338
-128.74949
-150.05585
-157.12754
-170.74834
-167.31288
-175.40995
-160.21761
-165.80714
-175.10894
-171.8603
-151.91558
-144.50919
-152.27363
-151.98441
-143.70755
-154.97899
-150.64474
-163.18874
-136.11543
-151.07245
-142.60415
-147.67696
-171.42329
-150.52733
-165.1117
-176.29374
-161.21706
-160.55133
-152.94755
-175.8458
-168.97008
-163.92579
-160.49656
-146.70652
-147.41657
-161.96213
-176.06944
-149.71635
-157.6335
-152.12765
-149.89883
-139.55215
-141.14433
-155.75964
-153.51056
0
0
0
0
0
0
0
0
0
0
0
0
0
0
0
0
0
0
0
0
0
-106.59118
-106.73779
-84.23723
-80.231691
-122.42785
-103.80028
-100.2921
0
0
0
0
0
0
0
-67.38347
-78.11962
-115.25829
0
-97.606018
-84.496469
0
0
-73.106105
-55.426909
0
0
-69.763861
0
0
0
0
0
0
0
0
0
0
0
0
0
0
0
0
0
0
0
0
0
0
0
0
0
0
0
0
0
0
0
0
0
0
0
0
0
0
0
0
0
0
0
0
0
0
0
0
0
0
0
-122.98547
0
0
0
0
-104.21803
0
0
0
0
0
0
0
0
-72.428733
0
0
0
-85.92404
0
0
0
0
0
0
0
0
0
0
0
0
0
0
0
0
0
0
0
0
0
0
0
0
0
0
0
0
0
0
0
0
0
0
0
0
0
0
0
0
0
0
0
0
0
0
0
0
0
0
0
0
0
0
0
0
0
-78.733203
0
0
0
0
0
0
0
0
0
0
0
0
0
0
0
0
0
0
0
0
0
0
0
0
0
0
0
0
0
0
0
0
0
0
-83.517477
0
0
0
0
0
0
0
0
0
0
0
0
0
0
0
0
0
0
0
0
0
0
0
0
0
0
0
0
0
0
0
0
0
0
0
0
0
0
0
0
0
0
0
0
0
0
0
0
0
0
0
0
0
0
0
0
0
-116.37633
0
0
0
0
0
0
0
0
0
0
0
0
0
0
0
0
0
0
0
0
-80.960727
0
0
0
0
0
0
0
0
0
0
0
0
-86.67062
0
0
0
0
0
0
0
0
0
0
0
0
0
0
0
0
0
0
0
-115.77111
-131.06085
-132.12971
0
-131.61742
-112.98726
0
0
-111.54818
-108.54805
0
0
-124.68355
0
0
0
0
0
0
0
0
0
-120.4322
-111.95381
0
-123.26418
0
0
0
0
0
0
0
0
0
0
0
0
0
0
0
0
0
0
0
0
0
0
0
0
0
0
0
0
0
0
0
0
0
0
0
0
0
-91.811912
-98.764762
-78.418345
-68.696858
-67.625033
-99.651122
-93.620253
-119.75667
-112.05901
-134.03628
-112.68115
-122.97557
-103.42007
-117.07921
-90.855069
-89.866198
-76.909754
0
-64.84141
-100.58072
-76.310694
0
0
0
0
0
0
0
0
0
0
0
0
0
0
0
0
0
0
0
0
0
0
0
0
0
0
0
0
0
0
0
0
0
0
0
-89.149673
-97.207249
-73.982906
0
-93.136441
-76.643033
0
0
-74.617209
-55.733236
0
0
0
0
0
0
0
0
0
0
0
0
0
0
0
0
0
0
0
0
0
0
0
0
0
0
0
0
0
0
0
0
0
0
0
0
0
0
0
0
0
0
0
0
0
0
0
0
0
0
0
0
0
-109.26799
-128.11962
-105.02916
-70.226623
-78.622257
-141.09405
-97.106796
-144.3325
-124.08471
-140.00126
-117.4156
-148.2824
-119.90663
-115.07606
-119.36058
-103.19271
-104.78809
-68.353155
-79.202048
-131.95947
-93.039622
0
0
0
0
0
0
0
0
0
0
0
0
0
0
0
0
0
0
0
0
0
0
0
0
0
0
0
0
0
0
0
0
0
0
0
-104.76836
-132.4246
-103.30383
0
-109.63776
0
-105.63203
0
-106.84909
-88.12304
0
0
0
-82.872994
0
0
0
0
0
0
0
0
0
0
0
0
0
0
0
0
0
0
0
0
0
0
0
0
0
0
0
0
0
0
0
0
0
0
0
0
0
0
0
0
0
0
0
0
0
0
0
0
0
0
0
-63.498386
0
0
0
0
0
0
0
0
0
0
0
0
0
0
0
0
0
0
0
0
0
0
0
0
0
0
0
0
0
0
0
0
0
0
0
0
0
0
0
0
0
0
0
0
0
0
0
0
0
0
0
0
0
0
0
0
0
0
0
0
0
0
0
0
0
0
0
0
0
0
0
0
0
0
0
0
0
0
0
0
0
0
0
0
0
0
0
0
0
0
0
0
0
0
0
0
0
0
0
0
0
0
0
0
0
0
0
0
0
0
0
0
0
0
0
0
0
0
0
0
0
0
0
0
0
0
0
0
0
0
0
0
0
0
0
0
0
0
0
0
0
0
0
0
0
0
0
0
0
0
0
0
0
0
0
0
0
0
-103.71502
0
0
0
-80.989764
-85.56704
0
-117.40961
-138.73177
-120.96144
-110.46573
-115.31352
-128.59537
-99.722275
0
0
0
0
0
0
0
-92.228413
-74.4805
-75.40901
-68.106857
-78.492909
-83.841474
-64.174246
0
0
0
0
0
0
0
-139.89713
-147.73191
-146.33692
-136.2266
-128.55124
-140.59938
-124.57377
-122.49739
-109.79388
-125.69611
-115.28002
-93.417379
-106.27409
-100.23814
0
0
0
0
0
0
0
0
-72.835918
0
0
-71.660375
0
-59.854617
-112.18831
-110.28611
-105.32562
-73.271065
-97.42992
-87.317289
-77.915852
-115.2812
-98.572188
-89.94093
-68.083465
-101.78958
-96.099182
-74.613356
-47.708916
-67.834103
-51.583452
-48.508098
-61.663351
0
-64.061604
0
0
0
0
0
0
0
-71.537045
-54.589158
-55.433666
-51.589724
-61.358935
-66.868187
-50.493358
0
-55.610693
0
0
-60.08845
0
0
0
0
0
0
0
0
0
0
0
0
0
0
-54.984242
0
0
0
0
0
0
0
0
0
-78.795427
-85.951327
-78.27226
0
0
-68.838664
-57.481701
-112.97767
-88.676272
-78.849935
-73.683318
-52.312305
-103.18145
-117.23685
-142.37831
-119.9408
-106.23884
-146.34943
-104.54649
-133.37021
-89.665743
-126.54942
0
0
-88.020131
-114.11257
0
0
0
0
0
0
0
0
0
0
0
0
0
0
0
0
-62.134004
0
0
0
-87.670893
0
0
0
0
0
0
0
0
0
0
0
0
0
0
0
0
0
0
0
0
0
0
0
0
0
0
0
0
0
0
0
0
0
-46.573451
0
0
0
0
0
0
0
0
0
0
0
0
0
0
0
0
0
0
0
0
0
0
0
0
0
0
0
0
0
0
0
0
0
0
0
0
0
-96.368116
0
0
0
0
0
-80.2815
0
0
0
0
0
0
0
0
0
0
0
0
0
0
0
0
0
0
0
0
0
0
0
0
0
0
0
0
0
0
0
0
0
0
0
0
0
0
0
0
0
0
0
0
0
0
0
0
0
-99.063441
-83.744162
-99.605652
-91.299531
-74.874121
-78.153682
-85.206334
-125.23587
-96.692062
-110.06468
-103.84986
-107.93727
-92.276222
-118.51271
-85.260346
-85.131607
-94.705069
-90.146763
-70.458124
-80.167847
-79.90367
-86.112061
-65.336218
-71.324021
0
-74.985326
-76.045623
-81.303508
-101.07748
-98.331515
-108.34599
0
-92.789863
-119.8683
-83.100978
-98.660741
-103.85634
-84.43022
-104.07804
-88.067875
-94.590639
-112.38556
-82.514135
-59.271008
0
0
-67.830316
-73.129249
-69.560477
0
0
0
0
0
0
0
0
-45.649465
-37.689105
0
0
-38.269778
0
-48.464979
-52.068263
-42.837541
-37.267854
-52.89252
-43.578275
-45.033501
0
-47.093941
0
0
0
-39.191733
0
0
0
0
0
0
0
0
0
0
0
0
0
0
0
-93.74705
-83.875633
-76.332579
-71.705389
-96.961757
-80.713668
-89.381237
-62.810509
-55.542374
-65.507805
-56.051016
-40.248942
-45.556399
-51.706538
-75.939399
-60.694951
-67.286534
-60.034555
-60.995907
-69.863227
-51.789999
-56.352793
-55.875616
-61.428238
0
-66.122785
-46.612482
-51.625337
-61.704368
-67.147804
-67.464957
0
-55.125578
-75.6179
-55.023387
-68.345346
-94.373918
-74.309163
-79.434318
-77.585718
-64.369288
-84.638305
-49.785229
0
0
0
-38.928338
0
-43.256354
0
0
0
0
0
0
0
0
0
0
0
0
0
0
0
0
0
0
0
0
0
0
0
0
0
0
0
0
0
0
0
0
0
0
0
0
0
0
0
0
0
0
0
0
0
0
0
0
0
0
0
0
0
0
0
0
0
0
0
0
0
0
0
0
0
0
0
0
0
0
0
0
0
0
0
0
0
0
0
0
0
0
0
0
0
0
0
0
0
0
0
0
-68.892005
-57.672735
0
0
-58.107919
0
-58.250267
-116.05116
-77.720624
-62.764784
-72.653136
0
-98.182259
-105.12818
-128.17235
-92.445961
-77.565116
-131.59814
-91.619633
-115.85714
0
-110.21635
0
0
-73.869498
-89.913259
0
0
0
0
0
0
0
0
0
0
0
0
0
-69.11261
0
0
0
0
0
0
0
0
-133.12614
-137.89521
-146.63262
-133.07461
-98.631332
-130.64434
-114.79015
-139.21676
-143.31228
-146.61135
-140.37491
-124.57806
-133.0419
-140.65354
-163.49028
-162.18809
-156.30824
-147.21889
-175.82576
-157.49819
-157.26591
-128.00877
-144.77505
-106.94021
-95.754562
-126.86579
-140.00789
-97.264508
-126.76618
-114.5786
-104.8956
-83.148926
-130.5992
-97.426572
-109.82124
-135.28586
-121.35421
-106.89414
-104.35523
-126.7063
-139.9079
-104.15241
-112.84719
-82.951658
-79.106764
0
-106.22462
-84.995393
-94.626547
-119.64136
-131.60706
-132.46946
-119.02385
-90.496691
-104.28246
-113.59646
-112.36893
-136.5488
-130.17989
-124.67375
-115.31577
-107.51479
-134.7343
-146.07562
-153.16413
-141.82188
-132.18307
-152.85522
-132.12089
-147.45587
-116.69327
-124.08253
-75.117095
-100.80498
-105.03897
-132.34035
-86.747839
-104.76247
-80.476501
0
-75.823502
-91.263382
-91.103637
-78.435453
-102.71397
0
0
0
-88.04164
-87.707346
-74.421977
-119.34099
-114.63711
-103.72611
-87.42036
-102.54491
-135.06369
-90.702756
0
0
0
0
0
0
0
0
0
0
0
0
0
0
0
0
0
0
0
0
0
0
0
0
0
0
0
0
0
0
0
0
0
0
0
0
0
0
0
0
0
0
0
0
0
0
0
0
0
0
0
0
0
0
0
0
0
0
0
0
0
0
0
0
0
0
0
0
0
0
0
0
0
0
0
0
0
0
0
0
0
0
0
0
0
0
0
0
0
0
0
0
0
0
0
0
0
0
0
0
0
0
0
0
0
0
0
0
0
0
0
0
0
0
0
0
0
0
0
0
0
0
0
0
0
0
-59.183645
0
0
0
0
0
0
0
0
0
0
0
0
0
0
0
0
0
0
0
0
0
0
0
0
0
0
0
0
0
0
0
0
0
0
0
0
0
0
0
0
0
0
0
0
0
0
0
0
-97.945906
0
-94.682266
0
-71.151252
0
-78.319672
0
0
0
0
0
0
0
0
0
0
0
0
0
0
0
0
0
0
0
0
0
0
-73.252481
0
0
-63.472449
0
0
0
0
0
0
0
0
0
0
0
0
0
0
0
0
0
0
0
0
0
0
0
0
0
0
0
0
0
0
-109.09204
-59.299048
-82.235224
-61.71517
-70.167716
0
-88.18706
0
0
0
0
0
0
0
0
0
0
0
0
0
0
0
0
0
0
0
0
0
0
-82.808375
0
0
-77.619924
0
0
0
0
0
0
0
-69.844001
0
0
0
0
0
0
0
0
0
0
0
0
0
0
0
0
0
0
0
0
0
0
0
0
0
0
0
0
0
0
0
0
0
0
0
0
0
0
0
0
0
0
0
0
0
0
0
0
0
0
0
0
0
0
0
0
0
0
0
0
0
0
0
0
0
0
0
0
0
0
0
0
0
0
0
0
0
0
0
0
0
0
0
0
0
0
0
0
0
0
0
0
0
0
0
0
0
0
0
0
0
0
0
0
0
0
0
0
0
0
0
0
0
0
0
0
0
0
0
0
0
0
0
0
0
0
0
0
0
0
0
0
0
0
0
0
0
0
0
0
0
0
0
0
0
0
0
0
0
0
0
0
0
-110.81136
-91.125045
-90.842662
-93.357077
-96.909077
-102.85987
-102.79388
-177.45456
-178.94979
-164.95672
-168.09522
-167.37857
-166.52056
-174.58747
0
0
0
0
0
0
0
0
0
0
0
0
0
0
0
0
0
0
0
0
0
0
0
0
0
0
0
0
0
0
0
0
0
0
0
0
0
0
0
0
0
0
0
0
0
0
0
0
0
0
0
0
0
0
0
0
0
0
0
0
0
0
0
0
0
0
0
0
0
0
0
0
0
0
0
0
0
0
0
0
0
0
0
0
0
0
0
0
0
0
0
0
0
0
0
0
0
0
0
0
0
0
0
0
0
0
0
0
0
0
0
0
0
0
0
0
0
0
0
0
0
0
0
0
0
0
0
0
0
0
0
0
0
0
0
0
0
0
0
0
0
0
0
0
0
0
0
0
0
0
0
0
0
0
0
0
0
0
0
0
0
0
0
0
0
0
0
0
0
0
0
0
0
0
0
0
0
0
0
0
0
0
0
0
0
0
0
0
0
0
0
0
0
0
0
0
0
0
0
0
0
0
0
0
0
0
0
0
0
0
0
0
0
0
0
0
0
0
0
0
0
0
0
0
0
0
0
0
0
0
0
0
0
0
0
0
0
0
0
0
0
0
0
0
0
0
0
0
0
0
0
0
0
0
0
0
0
0
0
0
0
0
0
0
0
0
0
0
0
0
0
0
0
0
0
0
0
0
0
0
0
0
0
0
0
0
0
0
0
0
0
0
0
0
0
0
0
0
0
0
0
0
0
0
0
0
0
0
0
0
0
0
0
0
0
0
0
0
0
0
0
0
0
0
0
0
0
0
0
0
0
0
0
0
0
0
0
0
0
0
0
0
0
0
0
0
0
0
0
0
0
0
0
0
0
0
0
0
0
0
0
0
0
0
0
0
0
0
0
0
0
0
0
0
0
0
0
0
0
0
0
0
0
0
0
0
0
0
0
0
0
0
0
0
0
0
0
0
0
0
0
0
0
0
0
0
0
0
0
0
0
0
0
0
0
0
0
0
0
0
0
0
0
0
0
0
0
0
0
0
0
0
0
0
0
0
0
0
0
0
0
0
0
0
0
0
0
0
0
0
0
0
0
0
0
0
0
0
0
0
0
0
0
0
0
0
0
0
0
0
0
0
0
0
0
0
0
0
0
0
0
0
0
0
0
0
0
0
0
0
0
0
0
0
0
0
0
0
0
0
0
0
0
0
0
0
0
0
0
0
0
0
0
0
0
0
0
0
0
0
0
0
0
0
0
0
0
0
0
0
0
0
0
0
0
0
0
0
0
0
0
0
0
0
0
0
0
0
0
0
0
0
0
0
0
0
0
0
0
0
0
0
0
0
0
0
0
0
0
0
0
0
0
0
0
0
0
0
0
0
0
0
0
0
0
0
0
0
0
0
0
0
0
0
0
0
0
0
0
0
0
0
0
0
0
0
0
0
0
0
0
0
0
0
0
0
0
0
0
0
0
0
0
0
0
0
0
0
0
0
0
0
0
0
0
0
0
0
0
0
0
0
0
0
0
0
0
0
0
0
0
0
0
0
0
0
0
0
0
0
0
0
0
0
0
0
0
0
0
0
0
0
0
0
0
0
0
0
0
0
0
0
0
0
0
0
0
0
0
0
0
0
0
0
0
0
0
0
0
0
0
0
0
0
0
0
0
0
0
0
0
0
0
0
0
0
0
0
0
0
0
0
0
0
0
0
0
0
0
0
0
0
0
0
0
0
0
0
0
0
0
0
0
0
0
0
0
0
0
0
0
0
0
0
0
0
0
0
0
0
0
0
0
0
0
0
0
0
0
0
0
0
0
0
0
0
0
0
0
0
0
0
0
0
0
0
0
0
0
0
0
0
0
0
0
0
0
0
0
0
0
0
0
0
0
0
0
0
0
0
0
0
0
0
0
0
0
0
0
0
0
0
0
0
0
0
0
0
0
0
0
0
0
0
0
0
0
0
0
0
0
0
0
0
0
0
0
0
0
0
0
0
0
0
0
0
0
0
0
0
0
0
0
0
0
0
0
0
0
0
0
0
0
0
0
0
0
0
0
0
0
0
0
0
0
0
0
0
0
0
0
0
0
0
0
0
0
0
0
0
0
0
0
0
0
0
0
0
0
0
0
0
0
0
0
0
0
0
0
0
0
0
0
0
0
0
0
0
0
0
0
0
0
0
0
0
0
0
0
0
0
0
0
0
0
0
0
0
0
0
0
0
0
0
0
0
0
0
0
)


6092
(
0
0
0
0
0
0
0
0
0
0
0
0
0
0
0
0
0
0
0
0
0
0
0
0
0
0
0
0
0
0
0
0
0
0
0
0
0
0
0
0
0
0
0
0
0
0
0
0
0
0
0
0
0
0
0
0
0
0
0
0
0
0
0
0
0
0
0
0
0
0
0
0
0
0
0
0
0
0
0
0
0
0
-138.52693
0
0
0
0
0
0
0
-151.624
0
0
0
0
0
0
0
0
0
0
0
0
0
0
0
0
0
0
0
0
0
0
0
0
0
0
0
0
0
0
0
0
0
0
0
0
0
0
0
0
0
0
0
0
0
0
0
0
0
0
0
0
0
0
0
0
0
0
0
0
0
0
0
0
0
0
0
0
0
0
0
0
0
0
0
0
0
0
0
0
0
0
0
0
0
0
0
0
0
0
0
0
0
0
0
0
0
0
0
0
0
0
0
0
0
0
0
0
0
0
0
0
0
0
0
0
0
0
0
0
0
0
0
0
0
0
0
0
0
0
0
0
0
0
0
0
0
0
0
0
0
0
0
0
0
0
0
0
0
0
0
0
0
0
0
0
0
0
0
0
0
0
0
-130.575
0
0
0
0
0
0
-145.4009
0
0
0
0
0
0
0
0
0
0
0
0
0
0
0
0
0
0
0
0
0
0
0
0
0
0
0
0
0
0
0
0
0
0
0
0
0
0
0
0
0
0
0
0
0
0
0
0
0
0
0
0
0
0
0
0
0
0
0
0
0
0
0
0
0
0
0
0
0
0
0
0
0
0
0
0
0
0
0
0
0
0
0
0
0
0
0
-72.620103
0
0
0
0
0
-136.94687
0
-93.463627
0
0
0
0
0
0
-92.990738
0
0
0
0
-142.5454
0
-130.35491
0
0
0
0
0
0
0
0
0
0
0
0
0
0
0
0
0
0
0
0
0
0
0
0
0
0
0
0
0
0
0
0
0
0
0
0
0
0
0
0
0
0
0
0
0
0
0
0
0
0
0
0
0
0
0
0
0
0
0
0
0
0
0
0
0
0
0
0
0
0
0
0
0
0
0
0
0
0
0
0
0
0
0
0
0
0
0
0
0
0
0
0
0
0
0
0
0
0
0
0
0
0
0
0
0
0
0
0
0
0
0
0
0
0
0
0
0
0
0
0
0
0
0
0
0
0
0
0
0
0
0
0
0
0
0
0
0
-85.827232
0
0
-88.815021
0
0
0
0
-108.44908
-155.66261
0
-107.16941
0
0
0
0
0
0
0
0
0
0
0
0
0
0
0
0
0
0
0
0
0
0
0
0
0
0
0
0
0
0
0
0
0
0
0
0
-67.441679
-64.644167
0
0
0
0
0
-76.978419
-83.012693
0
0
0
0
0
0
0
0
0
0
0
0
0
0
0
0
0
0
0
0
0
0
0
0
0
0
0
0
0
0
0
0
0
0
0
0
0
0
0
0
0
0
0
0
0
0
0
0
0
0
0
0
0
0
0
0
0
0
0
0
0
0
0
0
0
0
0
0
0
0
0
0
0
0
0
0
0
0
0
0
0
0
0
0
0
0
0
0
0
0
0
0
0
0
0
0
0
0
0
0
0
0
0
0
0
0
0
0
0
0
0
0
0
0
0
0
0
0
0
0
0
-125.07064
0
0
0
0
0
0
0
-137.07384
0
0
0
0
0
0
0
0
0
0
0
0
0
0
0
0
0
0
0
0
0
0
0
0
0
0
0
0
0
0
0
0
0
0
0
0
0
0
0
0
0
0
0
0
0
0
0
0
0
0
0
0
0
0
0
0
0
0
0
0
0
0
0
0
0
0
0
0
0
0
0
0
0
0
0
0
0
0
0
0
0
0
0
0
0
0
0
0
-96.152504
-149.48295
-123.67312
0
0
-112.51351
0
0
0
0
0
0
0
0
0
0
-99.500532
-81.244412
-72.552261
-114.95116
0
0
0
0
0
0
0
0
0
0
0
0
0
0
0
0
0
0
0
0
0
0
0
-98.733233
0
-153.13547
0
0
0
-133.91373
-172.37105
-153.78718
0
0
-137.56069
0
0
0
-100.39844
-76.554393
-72.352266
-108.87696
0
0
0
0
0
0
0
0
0
0
0
0
0
0
0
0
0
0
0
0
0
0
0
0
0
0
0
0
0
0
0
0
0
0
0
0
0
0
0
0
0
0
0
0
0
0
0
0
0
0
0
0
0
0
0
0
0
0
0
0
0
0
0
0
0
0
0
0
0
0
0
0
0
0
0
0
0
0
0
0
0
0
0
0
0
0
0
0
0
0
0
0
0
0
0
0
0
0
0
0
0
0
0
0
0
0
0
0
0
0
0
0
0
0
0
0
0
0
0
0
0
0
0
0
0
0
0
0
0
0
0
0
0
0
0
0
0
0
0
0
0
0
0
0
0
0
0
0
0
0
0
0
0
0
0
0
0
0
0
0
0
0
0
0
0
0
0
0
0
0
0
0
0
0
0
0
0
0
0
0
0
0
0
0
0
0
0
0
0
0
0
0
0
0
0
0
0
0
0
0
0
0
0
0
0
0
0
0
0
0
0
0
0
0
0
0
0
0
0
0
0
0
0
0
0
0
0
0
0
0
0
0
0
0
0
0
0
0
0
0
0
0
0
0
0
0
0
0
0
0
0
0
0
0
0
0
0
0
0
0
0
0
0
0
0
0
0
0
0
0
0
0
0
0
0
0
0
0
0
0
0
0
0
0
0
0
0
0
0
0
0
0
0
0
0
0
0
0
0
0
0
0
0
0
0
0
0
0
0
0
0
0
0
0
0
0
0
0
0
0
0
0
0
0
0
0
0
0
0
0
0
0
0
0
0
0
0
0
0
0
0
0
0
0
0
0
0
0
0
0
0
0
0
0
0
0
0
0
0
0
0
0
0
0
0
0
0
0
0
0
0
0
0
0
0
0
0
0
0
0
0
0
0
0
0
0
0
0
0
0
0
0
0
0
0
0
0
0
0
0
0
0
0
0
0
0
0
0
0
0
0
0
0
0
0
0
0
0
0
0
0
0
0
0
0
0
0
0
0
0
0
0
0
0
0
0
0
0
0
0
0
0
0
0
0
0
0
0
0
0
0
0
0
0
0
0
0
0
-115.57275
0
0
0
0
0
0
-128.39924
0
0
0
0
0
0
0
0
0
0
0
0
0
0
0
0
0
0
0
0
0
0
0
0
0
0
0
0
0
0
0
0
0
0
0
0
0
0
0
0
0
0
-72.475704
0
0
0
0
0
0
0
0
0
0
0
0
0
0
0
0
0
0
0
0
0
0
0
0
0
0
0
0
0
0
0
0
0
0
0
0
0
0
0
0
0
0
0
0
0
0
0
0
0
0
0
0
0
0
0
0
0
0
0
0
0
0
0
0
0
0
0
0
0
0
0
0
0
0
0
0
0
0
0
-82.090405
-134.2967
-86.342083
0
0
0
0
0
-117.21929
0
0
-69.769087
0
0
0
0
0
0
0
0
0
0
0
0
0
0
0
0
0
0
0
0
0
0
0
0
0
0
-73.299628
0
0
0
-109.1545
-159.7044
-121.56572
0
0
0
0
0
-125.74523
0
-115.08608
0
0
0
0
0
0
0
0
0
0
0
0
0
0
0
0
0
0
0
0
0
0
0
0
0
0
0
0
0
0
0
0
0
0
0
0
0
0
0
0
0
0
0
0
0
0
0
0
0
0
0
0
0
0
0
0
0
0
0
0
0
0
0
0
0
0
0
0
0
0
0
0
0
0
0
0
0
0
0
0
0
0
0
0
0
0
0
0
0
0
0
0
0
0
0
0
0
0
0
0
0
0
0
0
0
0
0
0
0
0
0
0
0
0
0
0
0
0
0
0
0
0
0
0
0
0
0
0
0
0
0
0
0
0
0
0
0
0
0
0
0
-86.197353
0
-77.383918
0
-64.295957
0
0
0
0
0
0
0
0
0
0
0
0
0
0
0
0
0
-79.262051
0
-55.806574
-58.256729
0
0
0
0
0
0
0
0
0
0
0
0
0
0
-124.63444
-114.62539
-151.17558
-125.86015
-99.657529
-143.28009
-142.20746
0
0
0
0
0
0
0
-104.66522
-66.914428
-107.05726
-110.8316
-83.190355
-84.206091
-129.7788
0
0
0
0
0
0
-74.354795
0
0
0
0
0
0
0
0
0
0
0
0
0
0
0
0
0
0
0
0
0
0
0
0
0
-58.639186
0
0
0
0
0
0
0
0
0
-67.118988
-76.254721
-117.06977
-60.965447
-87.38245
0
-97.792379
0
0
0
0
0
0
0
0
0
0
-97.89654
-67.008615
-73.123942
-90.55365
0
0
0
0
0
0
0
0
0
0
0
0
0
0
-129.81801
-110.35063
-161.14969
-141.12183
-108.21997
-136.80631
-155.27624
0
0
0
0
0
0
0
-129.02469
-101.90991
-148.46903
-143.95002
-110.11837
-125.55363
-155.8158
0
0
0
0
0
0
0
0
0
0
0
0
0
0
0
0
0
0
0
0
0
0
0
0
0
0
0
0
0
0
0
0
0
0
0
0
0
0
0
0
0
0
0
0
0
0
0
0
0
0
0
0
0
0
0
0
0
0
0
0
0
0
0
0
0
0
0
0
0
0
0
0
0
0
0
0
0
0
0
0
0
0
0
0
0
0
0
0
0
0
0
0
0
0
0
0
0
0
0
0
0
0
0
0
0
0
0
0
0
0
0
0
0
0
0
0
0
0
0
0
-81.047308
0
0
-53.668937
0
-55.936866
-79.569267
0
0
0
0
0
0
0
0
0
0
0
0
0
0
0
0
0
0
0
0
0
0
0
0
0
0
0
0
0
0
0
0
0
0
0
0
0
0
0
0
0
0
0
0
0
0
0
0
0
0
0
0
0
0
0
0
0
0
0
0
0
0
0
0
0
0
0
0
0
0
-71.003126
0
-74.926105
0
0
0
0
0
0
0
0
0
-98.106025
-146.11278
0
0
0
0
0
0
0
0
0
0
0
0
0
0
0
0
0
0
0
0
0
0
0
0
0
0
0
0
0
0
0
0
0
0
0
0
0
0
-131.89621
-122.71922
-152.72683
-132.6874
-118.14267
-145.59544
-134.21504
0
0
0
0
0
0
0
0
0
0
0
0
0
0
0
0
0
0
0
0
0
-61.945301
0
0
0
-55.271649
0
0
-174.37423
-161.98658
-168.10652
-147.20262
-160.61214
-160.81338
-179.08487
0
0
0
0
0
0
0
0
0
0
0
0
0
0
0
0
0
0
0
0
0
0
0
0
0
0
0
0
0
0
0
0
0
0
0
0
0
0
0
0
0
0
0
0
0
0
0
0
0
0
0
0
0
0
0
0
0
0
0
0
0
0
0
0
0
0
0
0
0
0
-59.355591
0
0
0
0
0
0
-64.46276
0
0
0
0
0
0
0
0
0
0
0
0
0
0
0
0
0
0
0
0
0
0
0
0
0
0
0
0
0
0
0
0
0
0
0
0
0
0
0
0
0
0
0
0
0
0
0
0
0
0
0
0
0
0
0
0
0
0
0
0
0
0
0
0
0
0
0
0
0
0
0
0
0
0
0
0
0
0
0
0
0
0
0
-104.53132
-117.59684
-145.80403
-108.96098
-122.65116
-108.66078
-122.2559
0
0
0
0
0
0
0
-131.96783
-160.32826
-165.40578
-114.46095
-177.29156
-122.86409
-130.70744
0
0
0
0
0
0
0
0
0
0
0
0
0
0
0
0
0
0
0
0
0
0
0
0
0
0
0
0
0
0
0
0
0
0
0
0
0
0
0
0
0
0
0
0
0
0
0
0
0
0
0
0
0
0
0
0
0
0
0
0
0
0
0
0
0
0
0
0
0
0
0
0
0
0
0
0
0
0
0
0
0
0
0
0
0
0
0
0
0
0
0
0
0
0
0
0
0
0
0
0
0
0
0
0
0
0
0
0
0
0
0
0
0
0
0
0
0
0
0
0
0
0
0
0
0
0
0
0
0
0
0
0
0
0
0
0
0
0
0
0
0
0
0
0
0
0
-98.795465
0
-113.44376
0
0
0
0
0
0
0
0
-97.00453
-72.347952
-95.57518
-99.55331
-79.987299
-89.254109
-112.60723
-74.402813
0
0
0
-69.041108
0
0
-93.764647
0
-93.089423
0
-85.387144
-110.73177
0
-102.17459
-74.393279
-92.383665
-99.288238
-99.195289
-82.142396
-112.36493
0
0
0
-79.153112
0
0
0
0
-156.32826
-122.94028
-138.95423
0
0
-168.45447
-86.854951
0
-83.643239
0
0
-84.936573
-88.774221
0
0
-76.003249
-79.692786
0
0
-54.615333
-121.60534
-83.854237
-138.71749
-119.08063
-88.565855
-117.55983
-149.36771
-138.50373
0
-126.87499
-158.57732
-130.82612
-142.31685
-168.27012
0
0
-83.067595
-86.401295
0
0
-90.433682
-135.50682
-77.337769
-107.27843
-122.24486
-118.28886
-89.555322
-151.40979
0
0
0
0
0
0
0
0
0
0
0
0
0
0
0
0
0
0
0
0
0
0
0
0
0
0
0
0
0
0
0
0
0
0
0
0
0
0
0
0
0
0
0
0
-73.742409
0
0
0
0
0
0
-72.743068
0
0
0
0
0
0
0
0
0
0
0
0
0
0
0
0
0
0
0
0
0
0
0
0
0
0
-52.213033
-85.977975
0
-58.505192
0
-53.296075
0
0
-87.717173
0
-59.898071
0
0
0
0
0
0
0
0
0
0
0
0
0
0
0
0
0
0
0
0
0
0
0
0
0
0
0
0
0
0
0
0
0
0
0
0
0
0
0
0
0
0
0
0
0
0
0
0
0
0
0
-91.068509
0
0
0
0
0
0
0
0
0
0
0
0
0
0
0
0
0
0
0
0
0
0
0
0
0
0
0
0
0
-80.69412
-110.54789
-80.902125
-44.550925
-75.06517
-71.472318
0
0
0
0
0
0
0
0
0
0
0
0
0
-66.54779
0
0
0
0
0
0
0
0
0
0
0
0
0
0
0
0
0
0
0
0
0
0
0
0
0
0
0
0
0
0
-86.230937
-137.93238
0
0
0
0
-123.12835
-125.53498
-168.7174
-127.88146
-75.899217
-86.752884
0
-113.97345
0
-164.02914
-106.25602
0
0
-79.544994
0
0
0
0
0
0
0
0
0
0
0
0
0
0
0
0
0
0
0
0
0
0
0
0
0
0
0
0
0
0
0
0
0
0
0
0
0
0
0
0
0
0
0
0
0
0
0
0
0
0
0
0
0
0
0
0
0
0
0
0
0
0
0
0
0
0
0
0
0
0
0
0
0
0
0
0
0
0
0
0
0
0
0
0
0
0
0
0
0
0
0
0
0
0
0
0
0
0
0
0
0
0
0
0
0
0
0
0
0
0
0
0
0
0
0
0
0
0
0
0
0
0
0
0
0
0
0
0
0
0
0
0
0
0
0
0
0
0
0
0
0
-129.25624
-152.12802
-136.88575
0
-130.40775
0
-122.08155
-108.82259
-100.13807
-109.4407
-115.14514
-107.88385
-122.08927
-154.79983
-136.23706
-145.28166
-141.54512
-154.77621
-152.95811
-139.04794
0
-158.00118
-152.3194
-143.36372
0
0
-150.50739
-123.47026
-134.96915
-146.26213
-134.96691
-120.63135
-128.43854
-132.4861
0
0
0
0
0
0
0
0
0
0
0
0
0
0
0
0
0
0
0
0
0
0
0
0
0
0
0
0
0
0
0
0
0
0
0
0
0
0
0
0
0
0
0
0
0
0
0
0
0
0
0
0
0
0
0
0
0
0
0
0
0
0
0
0
0
0
0
0
0
0
0
0
0
0
0
0
0
0
0
0
0
0
0
0
0
0
0
0
0
0
0
0
0
0
0
0
0
0
0
0
0
0
0
0
0
0
0
0
0
0
0
0
0
0
0
0
0
0
0
0
0
0
0
0
0
0
0
0
0
0
0
0
0
0
0
0
0
0
0
0
0
0
0
0
0
0
0
0
0
0
0
0
0
0
0
0
0
0
0
0
0
0
0
0
0
0
0
0
0
0
0
0
0
0
0
0
0
0
0
0
0
0
0
0
0
0
0
0
0
-83.07409
0
-81.911774
0
-90.387141
-74.358854
0
-102.2699
-63.218923
-125.84966
0
-89.676548
0
-68.420065
-64.52635
0
0
0
0
0
0
-134.57665
0
-122.63294
-151.13171
-141.39787
-115.15659
0
0
0
0
0
0
0
0
0
-86.973518
0
0
-94.531846
0
0
0
-164.14112
-169.233
-173.35997
0
-169.62475
0
-168.0388
-158.67804
-155.83852
-137.25
-157.39253
-169.31753
-157.73982
-173.43456
-171.2321
-176.96051
-182.32791
-181.13489
-173.42759
-180.87697
0
-171.22894
-178.16545
-180.81177
0
-165.15613
0
-152.50649
-157.78844
-163.91849
-166.30255
-137.33182
-155.45537
-157.50442
0
0
0
0
0
0
0
0
0
0
0
0
0
0
0
0
0
0
0
0
0
0
0
0
0
0
0
0
0
0
0
0
0
0
0
0
0
0
0
0
0
0
0
0
0
0
0
0
0
0
0
0
0
0
0
0
0
0
0
0
0
0
0
0
0
0
0
0
0
0
0
0
0
0
0
0
0
0
0
0
0
0
0
0
0
0
0
0
0
0
0
0
0
0
0
0
0
0
0
0
0
0
0
0
0
0
0
0
0
0
0
0
0
0
0
0
0
0
0
0
0
0
0
0
0
0
0
0
0
0
0
0
0
0
0
0
0
0
0
0
0
0
0
0
0
0
0
0
0
0
0
0
0
0
0
0
0
0
0
0
0
0
0
0
0
0
0
0
0
0
0
0
0
0
0
0
0
0
0
0
0
0
0
0
0
0
0
0
0
0
0
0
0
0
0
0
0
0
0
0
0
0
0
0
0
0
0
0
0
0
0
0
0
0
0
0
0
-73.865968
0
0
0
0
0
0
0
0
0
0
0
0
0
0
0
0
0
0
0
0
0
0
0
0
0
0
0
0
0
0
0
0
0
0
-94.571876
0
0
0
0
0
0
0
0
0
0
0
0
0
0
0
0
0
0
0
0
0
0
0
0
0
0
0
0
0
0
0
0
0
0
0
0
0
0
0
0
0
0
0
0
0
0
0
0
0
0
0
0
0
0
0
0
0
0
0
0
0
0
0
0
0
0
0
0
0
0
0
0
0
0
0
0
0
0
0
0
0
0
0
0
0
0
0
0
0
0
0
0
0
0
0
0
0
0
0
0
0
0
0
0
0
0
0
0
0
0
0
0
0
0
0
0
0
0
0
0
0
0
0
0
0
0
0
0
0
0
0
0
0
0
0
0
0
0
0
0
0
0
0
0
0
0
0
0
0
0
0
0
0
0
0
0
0
0
0
0
0
0
0
0
0
0
0
0
0
0
0
0
0
0
-88.517002
-98.604753
-88.799759
-68.061721
-67.896477
-105.64306
-88.136067
-114.85862
-97.190925
-143.61548
-104.06411
-121.78601
-87.181271
-115.03016
-106.19931
-85.749993
-93.890709
0
-66.639993
-110.88946
-76.257387
0
0
0
0
0
0
0
0
0
0
0
0
0
0
0
0
0
0
0
0
0
0
0
0
0
0
0
0
0
0
0
0
0
0
0
-86.515282
-101.18601
-76.730849
0
-88.180725
-73.844814
0
0
-85.194857
-62.08304
0
0
0
0
0
0
0
0
0
0
0
0
0
0
0
0
0
0
0
0
0
0
0
0
0
0
0
0
0
0
0
0
0
0
0
0
0
0
0
0
0
0
0
0
0
0
0
0
0
0
0
0
0
-111.75112
-145.13943
-114.51959
-79.56997
-85.433873
-145.17417
-109.24189
-166.13562
-135.68351
-180.64955
-120.65184
-178.22642
-143.23845
-130.39435
-151.11049
-115.91735
-117.55511
-95.282641
-90.21314
-147.25216
-121.97235
0
0
0
0
0
0
0
0
0
0
0
0
0
0
0
0
0
0
0
0
0
0
0
0
0
0
0
0
0
0
0
0
0
0
0
-88.957382
-129.55808
-91.380183
0
-94.005724
0
-101.52667
0
-134.38051
-94.659224
0
0
0
-112.09238
0
0
0
0
0
0
0
0
0
0
0
0
0
0
0
0
0
0
0
0
0
0
0
0
0
0
0
0
0
0
0
0
0
0
0
0
0
0
0
0
0
0
0
0
0
0
0
0
0
0
0
-75.972757
0
0
0
0
0
0
0
0
0
0
0
0
0
0
0
0
0
0
0
0
0
0
0
0
0
0
0
0
0
0
0
0
0
0
0
0
0
0
0
0
0
0
0
0
0
0
0
0
0
0
0
0
0
0
0
0
0
0
0
0
0
0
0
0
0
0
0
0
0
0
0
0
0
0
0
0
0
0
0
0
0
0
0
0
0
0
0
0
0
0
0
0
0
0
0
0
0
0
0
0
0
0
0
0
0
0
0
0
0
0
0
0
0
0
0
0
0
0
0
0
0
0
0
0
0
0
0
0
0
0
0
0
0
0
0
0
0
0
0
0
0
0
0
0
0
0
0
0
0
0
0
0
0
0
0
0
0
0
0
0
0
0
0
0
0
-109.90263
-120.03205
-105.78062
-92.912154
-112.24197
-107.42738
-96.795006
0
0
0
0
0
0
0
0
0
0
0
0
0
0
0
0
0
0
0
0
0
-146.4857
-133.88108
-146.81939
-129.12366
-124.76459
-121.25363
-124.05252
0
0
0
0
0
0
0
0
0
0
0
0
0
0
0
0
0
0
0
0
0
-101.46978
-94.965705
-89.824196
-71.180784
-100.56396
-85.249724
-79.918151
-141.08079
-99.28074
-106.25936
-82.534633
-114.03
-112.45692
-84.790413
-59.061995
-78.317257
-72.387935
-57.007141
-57.518924
0
-62.399223
0
0
0
0
0
0
0
-76.729426
-66.162729
-69.430752
-55.200598
-61.166746
-61.863836
-53.13747
0
-49.373909
0
0
-49.046337
0
0
0
0
0
0
0
0
0
0
0
0
0
0
-48.911096
0
0
0
0
0
0
0
0
0
-74.187525
-80.00299
-73.453444
0
0
-65.111928
-74.277282
-131.30413
-108.44764
-103.079
-86.871499
-64.387718
-126.68745
-113.95743
-154.24841
-122.41851
-120.48391
-141.65393
-105.31187
-157.22925
-107.00835
-143.76342
0
0
-92.856512
-166.04892
0
0
0
0
0
0
0
0
0
0
0
0
0
0
0
0
-74.793697
0
0
0
-122.41145
0
0
0
0
0
0
0
0
0
0
0
0
0
0
0
0
0
0
0
0
0
0
0
0
0
0
0
0
0
0
0
0
0
-47.639802
0
0
0
0
0
0
0
0
0
0
0
0
0
0
0
0
0
0
0
0
0
0
0
0
0
0
0
0
0
0
0
0
0
0
0
0
0
0
0
0
0
0
0
-86.790679
0
0
0
0
0
0
0
0
0
0
0
0
0
0
0
0
0
0
0
0
0
0
0
0
0
0
0
0
0
0
0
0
0
0
0
0
0
0
0
0
0
0
0
0
0
0
0
0
0
-93.315224
-82.631809
-91.398897
-78.165157
-65.348415
-66.309839
-79.220383
-115.26302
-98.737724
-102.06025
-89.389083
-98.70868
-86.229081
-102.91537
-81.579606
-87.740829
-89.35172
-75.834466
-66.394162
-66.189848
-73.924434
-63.779877
-55.679047
-51.666339
0
-56.178855
-62.617308
-53.448356
-79.811333
-99.193576
-74.628005
0
-66.506741
-94.539735
-83.3977
-76.349063
-86.026856
-59.717386
-73.385161
-73.213918
-62.966961
-90.148804
-65.041679
-54.381054
0
0
-56.824291
-55.299894
-64.894856
0
0
0
0
0
0
0
0
0
0
0
0
0
0
0
0
0
0
0
0
0
0
-49.899666
0
0
0
0
0
0
0
0
0
0
0
0
0
0
0
0
0
0
0
0
0
0
0
0
0
0
0
0
0
0
0
0
0
0
0
0
0
0
0
0
0
-55.00696
-49.237672
0
-60.540211
0
0
0
0
0
0
0
0
0
0
-80.853699
-55.923531
0
-69.043231
0
0
0
0
0
0
0
0
0
0
0
0
0
0
0
0
0
0
0
0
0
0
0
0
0
0
0
0
0
0
0
0
0
0
0
0
0
0
0
0
0
0
0
0
0
0
0
0
0
0
0
0
0
0
0
0
0
0
0
0
0
0
0
0
0
0
0
0
0
0
0
0
0
0
0
0
0
0
0
0
0
0
0
0
0
0
0
0
0
0
0
0
0
0
0
0
0
0
0
0
0
-66.439785
-56.300198
0
0
-54.655345
0
-53.444921
-109.33756
-74.043229
-55.862574
-69.507781
0
-90.162991
-104.74032
-129.83546
-94.058545
-71.552381
-125.58394
-88.933819
-109.14805
0
-116.32259
0
0
-76.411639
-87.880012
0
0
0
0
0
0
0
0
0
0
0
0
0
-66.074811
0
0
0
0
0
0
0
0
-148.36026
-149.57735
-157.5263
-135.9115
-110.28142
-145.06259
-119.02158
-129.97414
-143.15865
-145.96706
-131.64796
-111.54413
-116.72902
-129.21439
-173.59865
-161.64617
-163.9294
-149.70728
-158.74646
-173.80618
-146.26569
-134.77721
-143.89449
-120.25923
-138.47151
-159.55398
-132.60153
-119.40232
-108.17537
-103.2308
-81.160286
-73.047371
-103.26071
-88.508161
-97.257016
-116.20858
-99.732319
-104.17012
-84.821038
-102.18305
-116.47383
-100.67458
-114.89911
-88.329528
-101.8398
0
-125.93063
-94.751493
-91.5898
0
-138.87674
0
-116.30932
-88.563742
-100.31279
-109.41607
0
0
0
0
0
0
0
-157.4125
0
0
-127.06383
-142.08827
-127.29235
-136.15302
-106.30257
-122.56523
-85.94595
-104.56964
-103.60667
-118.68558
-90.929451
-90.714125
0
0
-67.014249
-81.172604
0
-75.877171
-94.124894
0
0
0
-78.855377
-85.203766
-78.30728
-98.366256
-93.272329
-93.564532
-72.997897
0
-107.06398
-84.166315
0
0
0
0
0
0
0
0
0
0
0
0
0
0
0
0
0
0
0
0
0
0
0
0
0
0
0
0
0
0
0
0
0
0
0
0
0
0
0
0
0
0
0
0
0
0
0
0
0
0
0
0
0
0
0
0
0
0
0
0
0
0
0
0
0
0
0
0
0
0
0
0
0
0
0
0
0
0
0
0
0
0
0
0
0
0
0
0
0
0
0
0
0
0
0
0
0
0
0
0
0
0
0
0
0
0
0
0
0
0
0
0
0
0
0
0
0
0
0
0
0
0
0
0
0
0
0
0
0
0
0
0
0
0
0
0
0
0
0
0
0
0
0
0
0
0
0
0
0
0
0
0
0
0
0
0
0
0
0
0
0
0
0
0
0
0
0
0
0
0
0
0
0
0
0
-89.037816
0
-83.326983
0
-62.936022
0
-72.773985
0
0
0
0
0
0
0
0
0
0
0
0
0
0
0
0
0
0
0
0
0
0
-84.314308
0
0
-69.020341
0
0
0
0
0
0
0
0
0
0
0
0
0
0
0
0
0
0
0
0
0
0
0
0
0
0
0
0
0
0
-136.36505
-66.693558
-99.300606
-73.104162
-74.421801
0
-98.959075
0
0
0
0
0
0
0
0
0
0
0
0
0
0
0
0
0
0
0
0
0
0
-90.150031
0
0
-81.416104
0
0
0
0
0
0
0
-64.761764
0
0
0
0
0
0
0
0
0
0
0
0
0
0
0
0
0
0
0
0
0
0
0
0
0
0
0
0
0
0
0
0
0
0
0
0
0
0
0
0
0
0
0
0
0
0
0
0
0
0
0
0
0
0
0
0
0
0
0
0
0
0
0
0
0
0
0
0
0
0
0
0
0
0
0
0
0
0
0
0
0
0
0
0
0
0
0
0
0
0
0
0
0
0
0
0
0
0
0
0
0
0
0
0
0
0
0
0
0
0
0
0
0
0
0
0
0
0
0
0
0
0
0
0
0
0
0
0
0
0
0
0
0
0
0
0
0
0
0
0
0
0
0
0
0
0
0
0
0
0
0
0
0
-121.65544
0
-98.872037
0
-114.89144
-106.25366
0
-175.88463
0
-174.1123
0
-173.44658
-176.38398
0
0
0
0
0
0
0
0
0
0
0
0
0
0
0
0
0
0
0
0
0
0
0
0
0
0
0
0
0
0
0
0
0
0
0
0
0
0
0
0
0
0
0
0
0
0
0
0
0
0
0
0
0
0
0
0
0
0
0
0
0
0
0
0
0
0
0
0
0
0
0
0
0
0
0
0
0
0
0
0
0
0
0
0
0
0
0
0
0
0
0
0
0
0
0
0
0
0
0
0
0
0
0
0
0
0
0
0
0
0
0
0
0
0
0
0
0
0
0
0
0
0
0
0
0
0
0
0
0
0
0
0
0
0
0
0
0
0
0
0
0
0
0
0
0
0
0
0
0
0
0
0
0
0
0
0
0
0
0
0
0
0
0
0
0
0
0
0
0
0
0
0
0
0
0
0
0
0
0
0
0
0
0
0
0
0
0
0
0
0
0
0
0
0
0
0
0
0
0
0
0
0
0
0
0
0
0
0
0
0
0
0
0
0
0
0
0
0
0
0
0
0
0
0
0
0
0
0
0
0
0
0
0
0
0
0
0
0
0
0
0
0
0
0
0
0
0
0
0
0
0
0
0
0
0
0
0
0
0
0
0
0
0
0
0
0
0
0
0
0
0
0
0
0
0
0
0
0
0
0
0
0
0
0
0
0
0
0
0
0
0
0
0
0
0
0
0
0
0
0
0
0
0
0
0
0
0
0
0
0
0
0
0
0
0
0
0
0
0
0
0
0
0
0
0
0
0
0
0
0
0
0
0
0
0
0
0
0
0
0
0
0
0
0
0
0
0
0
0
0
0
0
0
0
0
0
0
0
0
0
0
0
0
0
0
0
0
0
0
0
0
0
0
0
0
0
0
0
0
0
0
0
0
0
0
0
0
0
0
0
0
0
0
0
0
0
0
0
0
0
0
0
0
0
0
0
0
0
0
0
0
0
0
0
0
0
0
0
0
0
0
0
0
0
0
0
0
0
0
0
0
0
0
0
0
0
0
0
0
0
0
0
0
0
0
0
0
0
0
0
0
0
0
0
0
0
0
0
0
0
0
0
0
0
0
0
0
0
0
0
0
0
0
0
0
0
0
0
0
0
0
0
0
0
0
0
0
0
0
0
0
0
0
0
0
0
0
0
0
0
0
0
0
0
0
0
0
0
0
0
0
0
0
0
0
0
0
0
0
0
0
0
0
0
0
0
0
0
0
0
0
0
0
0
0
0
0
0
0
0
0
0
0
0
0
0
0
0
0
0
0
0
0
0
0
0
0
0
0
0
0
0
0
0
0
0
0
0
0
0
0
0
0
0
0
0
0
0
0
0
0
0
0
0
0
0
0
0
0
0
0
0
0
0
0
0
0
0
0
0
0
0
0
0
0
0
0
0
0
0
0
0
0
0
0
0
0
0
0
0
0
0
0
0
0
0
0
0
0
0
0
0
0
0
0
0
0
0
0
0
0
0
0
0
0
0
0
0
0
0
0
0
0
0
0
0
0
0
0
0
0
0
0
0
0
0
0
0
0
0
0
0
0
0
0
0
0
0
0
0
0
0
0
0
0
0
0
0
0
0
0
0
0
0
0
0
0
0
0
0
0
0
0
0
0
0
0
0
0
0
0
0
0
0
0
0
0
0
0
0
0
0
0
0
0
0
0
0
0
0
0
0
0
0
0
0
0
0
0
0
0
0
0
0
0
0
0
0
0
0
0
0
0
0
0
0
0
0
0
0
0
0
0
0
0
0
0
0
0
0
0
0
0
0
0
0
0
0
0
0
0
0
0
0
0
0
0
0
0
0
0
0
0
0
0
0
0
0
0
0
0
0
0
0
0
0
0
0
0
0
0
0
0
0
0
0
0
0
0
0
0
0
0
0
0
0
0
0
0
0
0
0
0
0
0
0
0
0
0
0
0
0
0
0
0
0
0
0
0
0
0
0
0
0
0
0
0
0
0
0
0
0
0
0
0
0
0
0
0
0
0
0
0
0
0
0
0
0
0
0
0
0
0
0
0
0
0
0
0
0
0
0
0
0
0
0
0
0
0
0
0
0
0
0
0
0
0
0
0
0
0
0
0
0
0
0
0
0
0
0
0
0
0
0
0
0
0
0
0
0
0
0
0
0
0
0
0
0
0
0
0
0
0
0
0
0
0
0
0
0
0
0
0
0
0
0
0
0
0
0
)


6092
(
0
0
0
0
0
0
0
0
0
0
0
0
0
0
0
0
0
0
0
0
0
0
0
0
0
0
0
0
0
0
0
0
0
0
0
0
0
0
0
0
0
0
0
0
0
0
0
0
0
0
0
0
0
0
0
0
0
0
0
0
0
0
0
0
0
0
0
0
0
0
0
0
0
0
0
0
0
0
0
0
0
0
-138.52488
0
0
0
0
0
0
0
-146.13439
0
0
0
0
0
0
0
0
0
0
0
0
0
0
0
0
0
0
0
0
0
0
0
0
0
0
0
0
0
0
0
0
0
0
0
0
0
0
0
0
0
0
0
0
0
0
0
0
0
0
0
0
0
0
0
0
0
0
0
0
0
0
0
0
0
0
0
0
0
0
0
0
0
0
0
0
0
0
0
0
0
0
0
0
0
0
0
0
0
0
0
0
0
0
0
0
0
0
0
0
0
0
0
0
0
0
0
0
0
0
0
0
0
0
0
0
0
0
0
0
0
0
0
0
0
0
0
0
0
0
0
0
0
0
0
0
0
0
0
0
0
0
0
0
0
0
0
0
0
0
0
0
0
0
0
0
0
0
0
0
0
0
0
-135.00989
0
0
0
0
0
0
-139.27412
0
0
0
0
0
0
0
0
0
0
0
0
0
0
0
0
0
0
0
0
0
0
0
0
0
0
0
0
0
0
0
0
0
0
0
0
0
0
0
0
0
0
0
0
0
0
0
0
0
0
0
0
0
0
0
0
0
0
0
0
0
0
0
0
0
0
0
0
0
0
0
0
0
0
0
0
0
0
0
0
0
0
0
0
0
0
0
-60.202197
0
0
0
0
0
-128.93101
0
-78.048358
0
0
0
0
0
0
-78.337525
0
0
0
0
-138.33541
0
-95.934894
0
0
0
0
0
0
0
0
0
0
0
0
0
0
0
0
0
0
0
0
0
0
0
0
0
0
0
0
0
0
0
0
0
0
0
0
0
0
0
0
0
0
0
0
0
0
0
0
0
0
0
0
0
0
0
0
0
0
0
0
0
0
0
0
0
0
0
0
0
0
0
0
0
0
0
0
0
0
0
0
0
0
0
0
0
0
0
0
0
0
0
0
0
0
0
0
0
0
0
0
0
0
0
0
0
0
0
0
0
0
0
0
0
0
0
0
0
0
0
0
0
0
0
0
0
0
0
0
0
0
0
0
0
0
0
0
0
-83.969123
0
0
-75.72392
0
0
0
0
-121.22062
0
0
-98.260952
0
0
0
0
0
0
0
0
0
0
0
0
0
0
0
0
0
0
0
0
0
0
0
0
0
0
0
0
0
0
0
0
0
0
0
0
-69.012137
-44.261575
0
0
0
0
0
-93.795785
-74.206093
0
0
0
0
0
0
0
0
0
0
0
0
0
0
0
0
0
0
0
0
0
0
0
0
0
0
0
0
0
0
0
0
0
0
0
0
0
0
0
0
0
0
0
0
0
0
0
0
0
0
0
0
0
0
0
0
0
0
0
0
0
0
0
0
0
0
0
0
0
0
0
0
0
0
0
0
0
0
0
0
0
0
0
0
0
0
0
0
0
0
0
0
0
0
0
0
0
0
0
0
0
0
0
0
0
0
0
0
0
0
0
0
0
0
0
0
0
0
0
0
0
-120.03444
0
0
0
0
0
0
0
-128.10606
0
0
0
0
0
0
0
0
0
0
0
0
0
0
0
0
0
0
0
0
0
0
0
0
0
0
0
0
0
0
0
0
0
0
0
0
0
0
0
0
0
0
0
0
0
0
0
0
0
0
0
0
0
0
0
0
0
0
0
0
0
0
0
0
0
0
0
0
0
0
0
0
0
0
0
0
0
0
0
0
0
0
0
0
0
0
0
0
-99.147409
-137.99479
0
0
0
-92.302308
0
0
0
0
0
0
0
0
0
0
0
-83.392554
-66.324712
0
0
0
0
0
0
0
0
0
0
0
0
0
0
0
0
0
0
0
0
0
0
0
0
0
0
0
0
0
0
-138.86947
-146.44713
0
0
0
-115.97734
0
0
0
0
-87.766305
-76.760762
0
0
0
0
0
0
0
0
0
0
0
0
0
0
0
0
0
0
0
0
0
0
0
0
0
0
0
0
0
0
0
0
0
0
0
0
0
0
0
0
0
0
0
0
0
0
0
0
0
0
0
0
0
0
0
0
0
0
0
0
0
0
0
0
0
0
0
0
0
0
0
0
0
0
0
0
0
0
0
0
0
0
0
0
0
0
0
0
0
0
0
0
0
0
0
0
0
0
0
0
0
0
0
0
0
0
0
0
0
0
0
0
0
0
0
0
0
0
0
0
0
0
0
0
0
0
0
0
0
0
0
0
0
0
0
0
0
0
0
0
0
0
0
0
0
0
0
0
0
0
0
0
0
0
0
0
0
0
0
0
0
0
0
0
0
0
0
0
0
0
0
0
0
0
0
0
0
0
0
0
0
0
0
0
0
0
0
0
0
0
0
0
0
0
0
0
0
0
0
0
0
0
0
0
0
0
0
0
0
0
0
0
0
0
0
0
0
0
0
0
0
0
0
0
0
0
0
0
0
0
0
0
0
0
0
0
0
0
0
0
0
0
0
0
0
0
0
0
0
0
0
0
0
0
0
0
0
0
0
0
0
0
0
0
0
0
0
0
0
0
0
0
0
0
0
0
0
0
0
0
0
0
0
0
0
0
0
0
0
0
0
0
0
0
0
0
0
0
0
0
0
0
0
0
0
0
0
0
0
0
0
0
0
0
0
0
0
0
0
0
0
0
0
0
0
0
0
0
0
0
0
0
0
0
0
0
0
0
0
0
0
0
0
0
0
0
0
0
0
0
0
0
0
0
0
0
0
0
0
0
0
0
0
0
0
0
0
0
0
0
0
0
0
0
0
0
0
0
0
0
0
0
0
0
0
0
0
0
0
0
0
0
0
0
0
0
0
0
0
0
0
0
0
0
0
0
0
0
0
0
0
0
0
0
0
0
0
0
0
0
0
0
0
0
0
0
0
0
0
0
0
0
0
0
0
0
0
0
0
0
0
0
0
0
0
0
0
0
0
0
0
0
0
0
0
0
0
0
0
-115.01109
0
0
0
0
0
0
-121.42952
0
0
0
0
0
0
0
0
0
0
0
0
0
0
0
0
0
0
0
0
0
0
0
0
0
0
0
0
0
0
0
0
0
0
0
0
0
0
0
0
0
0
0
0
0
0
0
0
0
0
0
0
0
0
0
0
0
0
0
0
0
0
0
0
0
0
0
0
0
0
0
0
0
0
0
0
0
0
0
0
0
0
0
0
0
0
0
0
0
0
0
0
0
0
0
0
0
0
0
0
0
0
0
0
0
0
0
0
0
0
0
0
0
0
0
0
0
0
0
0
0
0
-90.226432
-119.06879
-68.158996
0
0
0
0
0
-105.11821
0
0
-52.142507
0
0
0
0
0
0
0
0
0
0
0
0
0
0
0
0
0
0
0
0
0
0
0
0
0
0
-57.572996
0
0
0
-116.2839
-129.83824
-95.052096
0
0
0
0
0
-115.73012
0
-77.724178
0
0
0
0
0
0
0
0
0
0
0
0
0
0
0
0
0
0
0
0
0
0
0
0
0
0
0
0
0
0
0
0
0
0
0
0
0
0
0
0
0
0
0
0
0
0
0
0
0
0
0
0
0
0
0
0
0
0
0
0
0
0
0
0
0
0
0
0
0
0
0
0
0
0
0
0
0
0
0
0
0
0
0
0
0
0
0
0
0
0
0
0
0
0
0
0
0
0
0
0
0
0
0
0
0
0
0
0
0
0
0
0
0
0
0
0
0
0
0
0
0
0
0
0
0
0
0
0
0
0
0
0
0
0
0
0
0
0
0
0
0
0
0
0
0
0
0
0
0
0
0
0
0
0
0
0
0
0
0
0
0
0
0
0
0
-47.41872
0
0
0
0
0
0
0
0
0
0
0
0
0
0
0
0
-114.05031
0
-114.98976
-91.647936
0
0
0
0
0
0
0
0
0
0
-55.2716
0
-96.045417
-72.604785
0
0
0
0
0
0
0
0
0
0
0
0
0
0
0
0
0
0
0
0
0
0
0
0
0
0
0
0
0
0
0
0
0
0
0
0
0
0
0
0
0
0
0
0
0
-59.716757
0
-66.707162
0
0
0
0
0
0
0
0
0
0
0
0
0
0
-52.813067
-62.992267
0
0
0
0
0
0
0
0
0
0
0
0
0
0
0
0
-114.36415
0
-131.82939
-103.76533
0
0
0
0
0
0
0
0
0
0
-73.13169
0
-118.69147
-90.350518
0
0
0
0
0
0
0
0
0
0
0
0
0
0
0
0
0
0
0
0
0
0
0
0
0
0
0
0
0
0
0
0
0
0
0
0
0
0
0
0
0
0
0
0
0
0
0
0
0
0
0
0
0
0
0
0
0
0
0
0
0
0
0
0
0
0
0
0
0
0
0
0
0
0
0
0
0
0
0
0
0
0
0
0
0
0
0
0
0
0
0
0
0
0
0
0
0
0
0
0
0
0
0
0
0
0
0
0
0
0
0
0
0
0
0
0
0
0
0
0
0
0
0
0
0
-53.09679
0
-50.78318
0
0
0
0
0
0
0
0
0
0
0
0
0
0
0
0
0
0
0
0
0
0
0
0
0
0
0
0
0
0
0
0
0
0
0
0
0
0
0
0
0
0
0
0
0
0
0
0
0
0
0
0
0
0
0
0
0
0
0
0
0
0
0
0
0
0
0
0
0
0
0
-77.322267
0
0
0
0
0
0
0
0
0
0
0
-111.77652
0
0
0
0
0
0
0
0
0
0
0
0
0
0
0
0
0
0
0
0
0
0
0
0
0
0
0
0
0
0
0
0
0
0
0
0
0
0
0
0
-121.22908
-148.44783
0
0
0
-132.61867
0
0
0
0
0
0
0
0
0
0
0
0
0
0
0
0
0
0
0
0
0
0
0
0
0
0
0
0
0
-141.64907
-154.35648
0
0
0
-150.27875
0
0
0
0
0
0
0
0
0
0
0
0
0
0
0
0
0
0
0
0
0
0
0
0
0
0
0
0
0
0
0
0
0
0
0
0
0
0
0
0
0
0
0
0
0
0
0
0
0
0
0
0
0
0
0
0
0
0
0
0
0
0
0
0
0
0
0
0
0
0
-68.476009
0
0
0
0
0
0
-84.518057
0
0
0
0
0
0
0
0
0
0
0
0
0
0
0
0
0
0
0
0
0
0
0
0
0
0
0
0
0
0
0
0
0
0
0
0
0
0
0
0
0
0
0
0
0
0
0
0
0
0
0
0
0
0
0
0
0
0
0
0
0
0
0
0
0
0
0
0
0
0
0
0
0
0
0
0
0
0
0
0
0
0
0
-112.73745
-114.1382
-139.58346
-131.66821
-123.00475
-106.91131
-130.61594
0
0
0
0
0
0
0
-125.48102
-129.99177
-147.48689
-131.41715
-138.63419
-117.21231
-139.29291
0
0
0
0
0
0
0
0
0
0
0
0
0
0
0
0
0
0
0
0
0
0
0
0
0
0
0
0
0
0
0
0
0
0
0
0
0
0
0
0
0
0
0
0
0
0
0
0
0
0
0
0
0
0
0
0
0
0
0
0
0
0
0
0
0
0
0
0
0
0
0
0
0
0
0
0
0
0
0
0
0
0
0
0
0
0
0
0
0
0
0
0
0
0
0
0
0
0
0
0
0
0
0
0
0
0
0
0
0
0
0
0
0
0
0
0
0
0
0
0
0
0
0
0
0
0
0
0
0
0
0
0
0
0
0
0
0
0
0
0
0
0
0
0
0
0
0
0
0
0
0
0
0
0
0
0
0
0
-65.555535
0
-89.715151
-71.808718
0
0
0
0
0
0
0
0
0
0
0
0
0
0
0
0
0
-62.017798
0
0
-85.473771
-77.441447
0
0
0
0
0
0
0
0
0
0
0
0
0
0
0
0
0
0
0
0
0
0
0
0
0
0
0
0
-48.777306
0
-87.510055
0
-119.39738
-85.452128
0
0
0
0
0
0
0
0
0
0
0
0
0
0
0
0
0
-80.865811
0
0
-115.15474
-83.161366
0
0
0
0
0
0
0
0
0
0
0
0
0
0
0
0
0
0
0
0
0
0
0
0
0
0
0
0
0
0
0
0
0
0
0
0
0
0
0
0
0
0
0
0
0
-66.232891
0
0
0
0
0
0
-56.835175
0
0
0
0
0
0
0
0
0
0
0
0
0
0
0
0
0
0
0
0
0
0
0
0
0
0
-63.219669
-93.394102
0
-62.894797
0
-67.303138
0
0
-88.82472
0
-60.236926
0
0
0
0
0
0
0
0
0
0
0
0
0
0
0
0
0
0
0
0
0
0
0
0
0
0
0
0
0
0
0
0
0
0
0
0
0
0
0
0
0
0
0
0
0
0
0
0
0
0
0
0
0
0
0
0
0
0
0
0
0
0
0
0
0
0
0
0
0
0
0
0
0
0
0
0
0
0
0
0
0
-85.897398
0
0
0
-56.840589
0
0
0
0
0
0
0
0
0
0
0
0
0
0
0
0
0
0
0
0
0
0
0
0
0
0
0
0
0
0
0
0
0
0
0
0
0
0
0
0
0
0
0
0
0
0
0
0
0
0
0
-123.3478
0
0
0
-63.352267
0
0
0
0
0
0
0
0
0
0
0
0
0
0
0
0
0
0
0
0
0
0
0
0
0
0
0
0
0
0
0
0
0
0
0
0
0
0
0
0
0
0
0
0
0
0
0
0
0
0
0
0
0
0
0
0
0
0
0
0
0
0
0
0
0
0
0
0
0
0
0
0
0
0
0
0
0
0
0
0
0
0
0
0
0
0
0
0
0
0
0
0
0
0
0
0
0
0
0
0
0
0
0
0
0
0
0
0
0
0
0
0
0
0
0
0
0
0
0
0
0
0
0
0
0
0
0
0
0
0
0
0
0
0
0
0
0
0
0
0
0
0
0
0
0
0
0
0
0
0
0
0
0
0
0
0
0
-107.85995
0
-103.31345
0
0
-118.5194
0
-133.69928
0
0
-144.46396
0
-141.15293
0
0
0
0
0
0
0
0
-117.30083
0
0
-100.60104
0
-124.0783
0
0
0
0
0
0
0
0
0
0
0
0
0
0
0
0
0
0
0
0
0
0
0
0
0
0
0
0
0
0
0
0
0
0
0
0
0
0
0
0
0
0
0
0
0
0
0
0
0
0
0
0
0
0
0
0
0
0
0
0
0
0
0
0
0
0
0
0
0
0
0
0
0
0
0
0
0
0
0
0
0
0
0
0
0
0
0
0
0
0
0
0
0
0
0
0
0
0
0
0
0
0
0
0
0
0
0
0
0
0
0
0
0
0
0
0
0
0
0
0
0
0
0
0
0
0
0
0
0
0
0
0
0
0
0
0
0
0
0
0
0
0
0
0
0
0
0
0
0
0
0
0
0
0
0
0
0
0
0
0
0
0
0
0
0
0
0
0
0
0
0
0
0
0
0
0
0
0
0
0
0
0
0
0
0
0
0
0
0
0
0
0
0
0
0
0
0
0
0
0
0
0
0
0
0
0
0
0
0
0
0
0
0
0
0
0
0
0
0
0
0
0
0
0
0
0
0
0
0
0
0
0
0
0
0
0
0
0
0
-140.16282
0
-147.33013
0
0
-149.21616
0
-159.1768
0
0
-151.94254
0
-157.90145
0
0
0
0
0
0
0
0
-138.84254
0
0
-133.06661
0
-156.08726
0
0
0
0
0
0
0
0
0
0
0
0
0
0
0
0
0
0
0
0
0
0
0
0
0
0
0
0
0
0
0
0
0
0
0
0
0
0
0
0
0
0
0
0
0
0
0
0
0
0
0
0
0
0
0
0
0
0
0
0
0
0
0
0
0
0
0
0
0
0
0
0
0
0
0
0
0
0
0
0
0
0
0
0
0
0
0
0
0
0
0
0
0
0
0
0
0
0
0
0
0
0
0
0
0
0
0
0
0
0
0
0
0
0
0
0
0
0
0
0
0
0
0
0
0
0
0
0
0
0
0
0
0
0
0
0
0
0
0
0
0
0
0
0
0
0
0
0
0
0
0
0
0
0
0
0
0
0
0
0
0
0
0
0
0
0
0
0
0
0
0
0
0
0
0
0
0
0
0
0
0
0
0
0
0
0
0
0
0
0
0
0
0
0
0
0
0
0
0
0
0
0
0
0
0
0
0
0
0
0
0
0
0
0
0
0
0
-77.976981
0
0
0
0
0
0
0
0
0
0
0
0
0
0
0
0
0
0
0
0
0
0
0
0
0
0
0
0
0
0
0
0
0
0
-100.07476
0
0
0
0
0
0
0
0
0
0
0
0
0
0
0
0
0
0
0
0
0
0
0
0
0
0
0
0
0
0
0
0
0
0
0
0
0
0
0
0
0
0
0
0
0
0
0
0
0
0
0
0
0
0
0
0
0
0
0
0
0
0
0
0
0
0
0
0
0
0
0
0
0
0
0
0
0
0
0
0
0
0
0
0
0
0
0
0
0
0
0
0
0
0
0
0
0
0
0
0
0
0
0
0
0
0
0
0
0
0
0
0
0
0
0
0
0
0
0
0
0
0
0
0
0
0
0
0
0
0
0
0
0
0
0
0
0
0
0
0
0
0
0
0
0
0
0
0
0
0
0
0
0
0
0
0
0
0
0
0
0
0
0
0
0
0
0
0
0
0
0
0
0
0
-94.317465
-98.970503
-88.510585
-79.66234
-73.649511
-106.84186
-89.687819
-112.26008
-108.34445
-130.55065
-100.46894
-124.70223
-91.196063
-116.68556
-95.238279
-91.607316
-80.063731
0
-59.929667
-107.91383
-74.34629
0
0
0
0
0
0
0
0
0
0
0
0
0
0
0
0
0
0
0
0
0
0
0
0
0
0
0
0
0
0
0
0
0
0
0
-86.454232
-90.835748
-68.288574
0
-81.949581
-69.005292
0
0
-72.343526
-50.219249
0
0
0
0
0
0
0
0
0
0
0
0
0
0
0
0
0
0
0
0
0
0
0
0
0
0
0
0
0
0
0
0
0
0
0
0
0
0
0
0
0
0
0
0
0
0
0
0
0
0
0
0
0
-113.95424
-123.34287
-122.02178
-92.329121
-96.728813
-132.43574
-105.27119
-141.17527
-133.14357
-140.35678
-113.48156
-146.42715
-128.76034
-125.22844
-120.28474
-115.06694
-109.80532
-75.721432
-87.235768
-135.1254
-103.5451
0
0
0
0
0
0
0
0
0
0
0
0
0
0
0
0
0
0
0
0
0
0
0
0
0
0
0
0
0
0
0
0
0
0
0
-87.67529
-110.77525
-82.19345
0
-93.74482
0
-94.215095
0
-101.87096
-72.83925
0
0
0
-89.592366
0
0
0
0
0
0
0
0
0
0
0
0
0
0
0
0
0
0
0
0
0
0
0
0
0
0
0
0
0
0
0
0
0
0
0
0
0
0
0
0
0
0
0
0
0
0
0
0
0
0
0
-63.952846
0
0
0
0
0
0
0
0
0
0
0
0
0
0
0
0
0
0
0
0
0
0
0
0
0
0
0
0
0
0
0
0
0
0
0
0
0
0
0
0
0
0
0
0
0
0
0
0
0
0
0
0
0
0
0
0
0
0
0
0
0
0
0
0
0
0
0
0
0
0
0
0
0
0
0
0
0
0
0
0
0
0
0
0
0
0
0
0
0
0
0
0
0
0
0
0
0
0
0
0
0
0
0
0
0
0
0
0
0
0
0
0
0
0
0
0
0
0
0
0
0
0
0
0
0
0
0
0
0
0
0
0
0
0
0
0
0
0
0
0
0
0
0
0
0
0
0
0
0
0
0
0
0
0
0
0
0
0
0
0
0
0
0
0
0
-107.09061
-125.04848
-112.99911
-95.059307
-97.942818
-105.01082
-89.278074
0
0
0
0
0
0
0
0
0
0
0
0
0
0
0
0
0
0
0
0
0
-131.8798
-134.47372
-140.51191
-123.33458
-106.27671
-114.92107
-114.3941
0
0
0
0
0
0
0
0
0
0
0
0
0
0
0
0
0
0
0
0
0
-101.435
-109.9798
-96.057975
-77.767509
-90.845594
-83.514033
-83.718801
-120.53132
-114.69758
-108.36908
-92.997165
-97.555616
-103.75805
-88.757581
-59.458617
-86.786999
-74.041044
-63.438138
-64.382674
0
-73.006456
0
0
0
0
0
0
0
0
0
0
0
0
0
0
0
0
0
0
0
0
0
0
0
0
0
0
0
0
0
0
0
0
0
-57.701538
0
0
0
0
0
0
0
0
0
0
0
0
0
0
0
-89.180297
-126.29558
-102.56034
-95.917584
-100.05509
-82.822813
-115.92051
0
0
0
0
0
0
0
0
0
0
0
0
0
0
0
0
0
0
0
0
0
0
0
0
0
0
0
0
0
-92.036981
0
0
0
-110.88419
0
0
0
0
0
0
0
0
0
0
0
0
0
0
0
0
0
0
0
0
0
0
0
0
0
0
0
0
0
0
0
0
0
-70.772856
0
0
0
0
0
0
0
0
0
0
0
0
0
0
0
0
0
0
0
0
0
0
0
0
0
0
0
0
0
0
0
0
0
0
0
0
0
0
0
0
0
0
0
0
0
0
0
0
0
0
0
0
0
0
0
0
0
0
0
0
0
0
0
0
0
0
0
0
0
0
0
0
0
0
0
0
0
0
0
0
0
0
0
0
0
0
0
0
0
0
0
0
0
-94.35461
-93.939377
-101.53677
-86.271884
-71.179157
-79.223508
-79.129823
0
0
0
0
0
0
0
0
0
0
0
0
0
0
0
0
0
0
0
0
0
-77.383406
-76.092417
-67.183833
0
-60.897189
-85.028279
-69.550526
0
0
0
0
0
0
0
-70.866513
-55.596387
0
0
-63.854857
-54.563434
-63.475682
0
0
0
0
0
0
0
0
0
0
0
0
0
0
0
0
0
0
0
0
0
0
0
0
0
0
0
0
0
0
0
0
0
0
0
0
0
0
0
0
0
0
0
0
0
0
0
0
0
0
0
0
0
0
0
0
0
0
0
0
0
0
0
0
0
0
0
0
0
0
0
0
0
0
0
0
0
0
0
0
0
0
0
0
0
0
0
0
0
0
0
0
0
0
0
0
0
0
0
0
0
0
0
0
0
0
0
0
0
0
0
0
0
0
0
0
0
0
0
0
0
0
0
0
0
0
0
0
0
0
0
0
0
0
0
0
0
0
0
0
0
0
0
0
0
0
0
0
0
0
0
0
0
0
0
0
0
0
0
0
0
0
0
0
0
0
0
0
0
0
0
0
0
0
0
0
0
0
0
0
0
0
0
0
0
0
0
0
0
0
0
0
0
0
0
0
0
0
0
0
0
0
0
0
0
0
0
0
0
0
0
0
0
0
0
0
0
0
0
0
0
0
0
0
0
0
0
0
0
0
0
-129.94557
-137.67429
-141.135
-129.97702
-110.93561
-126.71948
-117.32361
0
0
0
0
0
0
0
0
0
0
0
0
0
0
0
0
0
0
0
0
0
-104.79993
-84.666441
-75.442058
-72.269855
-95.148924
-86.275476
-93.010978
0
0
0
0
0
0
0
-115.63991
-102.03628
-109.4422
0
-121.01413
-97.009533
-101.21473
0
0
0
0
0
0
0
0
0
0
0
0
0
0
0
0
0
0
0
0
0
0
0
0
0
0
0
0
0
0
0
0
0
0
0
0
0
0
0
0
0
0
0
0
0
0
0
0
0
0
0
0
0
0
0
0
0
0
0
0
0
0
0
0
0
0
0
0
0
0
0
0
0
0
0
0
0
0
0
0
0
0
0
0
0
0
0
0
0
0
0
0
0
0
0
0
0
0
0
0
0
0
0
0
0
0
0
0
0
0
0
0
0
0
0
0
0
0
0
0
0
0
0
0
0
0
0
0
0
0
0
0
0
0
0
0
0
0
0
0
0
0
0
0
0
0
0
0
0
0
0
0
0
0
0
0
0
0
0
0
0
0
0
0
0
0
0
0
0
0
0
0
0
0
0
0
0
0
0
0
0
0
0
0
0
0
0
0
0
0
0
0
0
0
0
0
0
0
0
0
0
0
0
0
0
0
0
0
0
0
0
0
0
0
0
0
0
0
0
0
0
0
0
0
-87.1349
0
-79.902409
0
-63.265485
0
-72.170625
0
0
0
0
0
0
0
0
0
0
0
0
0
0
0
0
0
0
0
0
0
0
-67.108682
0
0
-61.613619
0
0
0
0
0
0
0
0
0
0
0
0
0
0
0
0
0
0
0
0
0
0
0
0
0
0
0
0
0
0
-113.40305
-76.145775
-95.721502
-79.970525
-85.918819
0
-99.137308
0
0
0
0
0
0
0
0
0
0
0
0
0
0
0
0
0
0
0
0
0
0
-74.088716
0
0
-79.75603
0
0
0
0
0
0
0
-81.695269
0
0
0
0
0
0
0
0
0
0
0
0
0
0
0
0
0
0
0
0
0
0
0
0
0
0
0
0
0
0
0
0
0
0
0
0
0
0
0
0
0
0
0
0
0
0
0
0
0
0
0
0
0
0
0
0
0
0
0
0
0
0
0
0
0
0
0
0
0
0
0
0
0
0
0
0
0
0
0
0
0
0
0
0
0
0
0
0
0
0
0
0
0
0
0
0
0
0
0
0
0
0
0
0
0
0
0
0
0
0
0
0
0
0
0
0
0
0
0
0
0
0
0
0
0
0
0
0
0
0
0
0
0
0
0
0
0
0
0
0
0
0
0
0
0
0
0
0
0
0
0
0
0
0
0
0
0
0
0
0
0
0
0
0
0
0
0
0
0
0
0
0
0
0
0
0
0
0
0
0
0
0
0
0
0
0
0
0
0
0
0
0
0
0
0
0
0
0
0
0
0
0
0
0
0
0
0
0
0
0
0
0
0
0
0
0
0
0
0
0
0
0
0
0
0
0
0
0
0
0
0
0
0
0
0
0
0
0
0
0
0
0
0
0
0
0
0
0
0
0
0
0
0
0
0
0
0
0
0
0
0
0
0
0
0
0
0
0
0
0
0
0
0
0
0
0
0
0
0
0
0
0
0
0
0
0
0
0
0
0
0
0
0
0
0
0
0
0
0
0
0
0
0
0
0
0
0
0
0
0
0
0
0
0
0
0
0
0
0
0
0
0
0
0
0
0
0
0
0
0
0
0
0
0
0
0
0
0
0
0
0
0
0
0
0
0
0
0
0
0
0
0
0
0
0
0
0
0
0
0
0
0
0
0
0
0
0
0
0
0
0
0
0
0
0
0
0
0
0
0
0
0
0
0
0
0
0
0
0
0
0
0
0
0
0
0
0
0
0
0
0
0
0
0
0
0
0
0
0
0
0
0
0
0
0
0
0
0
0
0
0
0
0
0
0
0
0
0
0
0
0
0
0
0
0
0
0
0
0
0
0
0
0
0
0
0
0
0
0
0
0
0
0
0
0
0
0
0
0
0
0
0
0
0
0
0
0
0
0
0
0
0
0
0
0
0
0
0
0
0
0
0
0
0
0
0
0
0
0
0
0
0
0
0
0
0
0
0
0
0
0
0
0
0
0
0
0
0
0
0
0
0
0
0
0
0
0
0
0
0
0
0
0
0
0
0
0
0
0
0
0
0
0
0
0
0
0
0
0
0
0
0
0
0
0
0
0
0
0
0
0
0
0
0
0
0
0
0
0
0
0
0
0
0
0
0
0
0
0
0
0
0
0
0
0
0
0
0
0
0
0
0
0
0
0
0
0
0
0
0
0
0
0
0
0
0
0
0
0
0
0
0
0
0
0
0
0
0
0
0
0
0
0
0
0
0
0
0
0
0
0
0
0
0
0
0
0
0
0
0
0
0
0
0
0
0
0
0
0
0
0
0
0
0
0
0
0
0
0
0
0
0
0
0
0
0
0
0
0
0
0
0
0
0
0
0
0
0
0
0
0
0
0
0
0
0
0
0
0
0
0
0
0
0
0
0
0
0
0
0
0
0
0
0
0
0
0
0
0
0
0
0
0
0
0
0
0
0
0
0
0
0
0
0
0
0
0
0
0
0
0
0
0
0
0
0
0
0
0
0
0
0
0
0
0
0
0
0
0
0
0
0
0
0
0
0
0
0
0
0
0
0
0
0
0
0
0
0
0
0
0
0
0
0
0
0
0
0
0
0
0
0
0
0
0
0
0
0
0
0
0
0
0
0
0
0
0
0
0
0
0
0
0
0
0
0
0
0
0
0
0
0
0
0
0
0
0
0
0
0
0
0
0
0
0
0
0
0
0
0
0
0
0
0
0
0
0
0
0
0
0
0
0
0
0
0
0
0
0
0
0
0
0
0
0
0
0
0
0
0
0
0
0
0
0
0
0
0
0
0
0
0
0
0
0
0
0
0
0
0
0
0
0
0
0
0
0
0
0
0
0
0
0
0
0
0
0
0
0
0
0
0
0
0
0
0
0
0
0
0
0
0
0
0
0
0
0
0
0
0
0
0
0
0
0
0
0
0
0
0
0
0
0
0
0
0
0
0
0
0
0
0
0
0
0
0
0
0
0
0
0
0
0
0
0
0
0
0
0
0
0
0
0
0
0
0
0
0
0
0
0
0
0
0
0
0
0
0
0
0
0
0
0
0
0
0
0
0
0
0
0
0
0
0
0
0
0
0
0
0
0
0
0
0
0
0
0
0
0
0
0
0
0
0
0
0
0
0
0
0
0
0
0
0
0
0
0
0
0
0
0
0
0
0
0
0
0
0
0
0
0
0
0
0
0
0
0
0
0
0
0
0
0
0
0
0
0
0
0
0
0
0
0
0
0
0
0
0
0
0
0
0
0
0
0
0
0
0
0
0
0
0
0
0
0
0
0
0
0
0
0
0
0
0
0
0
0
0
0
0
0
0
0
0
0
0
0
0
0
0
0
0
0
0
0
0
0
0
0
0
0
0
0
0
0
0
0
0
0
0
0
0
0
0
0
0
)


6092
(
0
0
0
0
0
0
0
0
0
0
0
0
0
0
0
0
0
0
0
0
0
0
0
0
0
0
0
0
0
0
0
0
0
0
0
0
0
0
0
0
0
0
0
0
0
0
0
0
0
0
0
0
0
0
0
0
0
0
0
0
0
0
0
0
0
0
0
0
0
0
0
0
0
0
0
0
0
0
0
0
0
0
0
0
0
0
0
0
0
0
0
0
0
0
0
0
0
0
0
0
0
0
0
0
0
0
0
0
0
0
0
0
0
0
0
0
0
0
0
0
0
0
0
0
0
0
0
0
0
0
0
0
0
0
0
0
0
0
0
0
0
0
0
0
0
0
0
0
0
0
0
0
0
0
0
0
0
0
0
0
0
0
0
0
0
0
0
0
0
0
0
0
0
0
0
0
0
0
0
0
0
0
0
0
0
0
0
0
0
0
0
0
0
0
0
0
0
0
0
0
0
0
0
0
0
0
0
0
0
0
0
0
0
0
0
0
0
0
0
0
0
0
0
0
0
0
0
0
0
0
0
0
0
0
0
0
0
0
0
0
0
0
0
0
0
0
0
0
0
0
0
0
0
0
0
0
0
0
0
0
0
0
0
0
0
0
0
0
0
0
0
0
0
0
0
0
0
0
0
0
0
0
0
0
0
0
0
0
0
0
0
0
0
0
0
0
0
0
0
0
0
0
0
0
0
0
0
0
0
0
0
0
0
0
0
0
0
0
0
0
0
0
0
0
0
0
0
0
0
0
0
0
0
0
0
0
0
0
0
0
0
0
0
0
0
0
0
0
0
0
0
0
0
0
0
0
0
0
0
0
0
0
0
0
0
0
0
0
0
0
0
0
0
0
0
0
0
0
0
0
0
0
0
0
0
0
0
0
0
0
0
0
0
0
0
0
0
0
0
0
0
0
0
0
0
0
0
0
0
0
0
0
0
0
0
0
0
0
0
0
0
0
0
0
0
0
0
0
0
0
0
0
0
0
0
0
0
0
0
0
0
0
0
0
0
0
0
0
0
0
0
0
0
0
0
0
0
0
0
0
0
0
0
0
0
0
0
0
0
0
0
0
0
0
0
0
0
0
0
0
0
0
0
0
0
0
0
0
0
0
0
0
0
0
0
0
0
0
0
0
0
0
0
0
0
0
0
0
0
0
0
0
0
0
0
0
0
0
0
0
0
0
0
0
0
0
0
0
0
0
0
0
0
0
0
0
0
0
0
0
0
0
0
0
0
0
0
0
0
0
0
0
0
0
0
0
0
0
0
0
0
0
0
0
-91.676018
-72.316603
0
0
0
0
0
0
0
0
0
0
0
0
0
0
0
0
0
0
0
0
0
0
0
0
0
0
0
0
0
0
0
0
0
0
0
0
0
0
0
0
0
0
0
0
0
0
0
0
0
0
0
0
0
0
0
0
0
0
0
0
0
0
0
0
0
0
0
0
0
0
0
0
0
0
0
0
0
0
0
0
0
0
0
0
0
0
0
0
0
0
0
0
0
0
0
0
0
0
0
0
0
0
0
0
0
0
0
0
0
0
0
0
0
0
0
0
0
0
0
0
0
0
0
0
0
0
0
0
0
0
0
0
0
0
0
0
0
0
0
0
0
0
0
0
0
0
0
0
0
0
0
0
0
0
0
0
0
0
0
0
0
0
0
0
0
0
0
0
0
0
0
0
0
0
0
0
0
0
0
0
0
0
0
0
0
0
0
0
0
0
0
0
0
0
0
0
0
0
0
0
0
0
0
0
0
0
0
0
0
0
0
0
0
0
0
0
0
0
0
0
0
0
0
0
0
0
0
0
0
0
0
0
0
0
0
0
0
0
0
0
0
0
0
0
0
0
0
0
0
0
0
0
0
0
0
0
0
0
0
0
0
0
0
0
0
0
0
0
0
0
0
0
0
0
0
0
0
0
0
0
0
0
0
0
0
0
0
0
0
0
0
0
0
0
0
0
0
0
0
0
0
0
0
0
0
0
0
0
0
0
0
0
0
0
0
0
0
0
0
0
0
0
0
0
0
0
0
0
0
0
0
0
0
0
0
0
0
0
0
0
0
0
0
0
0
0
0
0
0
0
0
0
0
0
0
0
0
0
0
0
0
0
0
0
0
0
0
0
0
0
0
0
0
0
0
0
0
0
0
0
0
0
0
0
0
0
0
0
0
0
0
0
0
0
0
0
0
0
0
0
0
0
0
0
0
0
0
0
0
0
0
0
0
0
0
0
0
0
0
0
0
0
0
0
0
0
0
0
0
0
0
0
0
0
0
0
0
0
0
0
0
0
0
0
0
0
0
0
0
0
0
0
0
0
0
0
0
0
0
0
0
0
0
0
0
0
0
0
0
0
0
0
0
0
0
0
0
0
0
0
0
0
0
0
0
0
0
0
0
0
0
0
0
0
0
0
0
0
0
0
0
0
0
0
0
0
0
0
0
0
0
0
0
0
0
0
0
0
0
0
0
0
0
0
0
0
0
0
0
0
0
0
0
0
0
0
0
0
0
0
0
0
0
0
0
0
0
0
0
0
0
0
0
0
0
0
0
0
0
0
0
0
0
0
0
0
0
0
0
0
0
0
0
0
0
0
0
0
0
0
0
0
0
0
0
0
0
0
0
0
0
0
0
0
0
0
0
0
0
0
0
0
0
0
0
0
0
0
0
0
0
0
0
0
0
0
0
0
0
0
0
0
0
0
0
0
0
0
0
0
0
0
0
0
0
0
0
0
0
0
0
0
0
0
0
0
0
0
0
0
0
0
0
0
0
0
0
0
0
0
0
0
0
0
0
0
0
0
0
0
0
0
0
0
0
0
0
0
0
0
0
0
0
0
0
0
0
0
0
0
0
0
0
0
0
0
0
0
0
0
0
0
0
0
0
0
0
0
0
0
0
0
0
0
0
0
0
0
0
0
0
0
0
0
0
0
0
0
0
0
0
0
0
0
0
0
0
0
0
0
0
0
0
0
0
0
0
0
0
0
0
0
0
0
0
0
0
0
0
0
0
0
0
0
0
0
0
0
0
0
0
0
0
0
0
0
0
0
0
0
0
0
0
0
0
0
0
0
0
0
0
0
0
0
0
0
0
0
0
0
0
0
0
0
0
0
0
0
0
0
0
0
0
0
0
0
0
0
0
0
0
0
0
0
0
0
0
0
0
0
0
0
0
0
0
0
0
0
0
0
0
0
0
0
0
0
0
0
0
0
0
0
0
0
0
0
0
0
0
0
0
0
0
0
0
0
0
0
0
0
0
0
0
0
0
0
0
0
0
0
0
0
0
0
0
0
0
0
0
0
0
0
0
0
0
0
0
0
0
0
0
0
0
0
0
0
-57.910997
0
0
0
0
0
0
0
0
0
0
0
0
0
0
0
0
0
0
0
0
0
0
0
0
0
0
0
0
0
0
0
0
0
0
0
0
0
0
0
0
0
0
0
0
0
0
0
0
0
0
0
0
0
0
0
0
0
0
0
0
0
0
0
0
0
0
0
0
0
0
0
0
0
0
0
0
0
0
0
0
0
0
0
0
0
0
0
0
0
0
0
0
0
0
0
0
0
0
0
0
0
0
0
0
0
0
0
0
0
0
0
0
0
0
0
0
0
0
0
0
0
0
0
0
0
0
0
0
0
0
0
0
0
0
0
0
0
0
0
0
0
0
0
0
0
0
0
0
0
0
0
0
0
0
0
0
0
0
0
0
0
0
0
0
0
0
0
0
0
0
0
0
0
0
0
0
0
0
0
0
0
0
0
0
0
0
0
0
0
0
0
0
0
0
0
0
0
0
0
0
0
0
0
0
0
0
0
0
0
0
0
0
0
0
0
0
0
0
0
0
0
0
0
0
0
0
0
0
0
0
0
0
0
0
0
0
0
0
0
0
0
0
0
0
0
0
0
0
0
0
0
0
0
0
0
0
0
0
0
0
0
0
0
0
0
0
0
0
0
0
0
0
0
0
0
0
0
0
0
0
0
0
0
0
0
0
0
0
0
0
0
0
0
0
0
0
0
0
0
0
0
0
0
0
0
0
0
0
0
0
0
0
0
0
0
0
0
0
0
0
0
0
0
0
0
0
0
0
0
0
0
0
0
0
0
0
0
0
0
0
0
0
0
0
0
0
0
0
0
0
0
0
0
0
0
0
0
0
0
0
0
0
0
0
0
0
0
0
0
0
0
0
0
0
0
0
0
0
0
0
0
0
0
0
0
0
0
0
0
0
0
0
0
0
0
0
0
0
0
0
0
0
0
0
0
0
0
0
0
0
0
0
0
0
0
0
0
0
0
0
0
0
0
0
0
0
0
0
0
0
0
0
0
0
0
0
0
0
0
0
0
0
0
0
0
0
0
0
0
0
0
0
0
0
0
0
0
0
0
0
0
0
0
0
0
0
0
0
0
0
0
0
0
0
0
0
0
0
0
0
0
0
0
0
0
0
0
0
0
0
0
0
0
0
0
0
0
0
0
0
0
0
0
0
0
0
0
0
0
0
0
0
0
0
0
0
0
0
0
0
0
0
0
0
0
0
0
0
0
0
0
0
0
0
0
0
0
0
0
0
0
0
0
0
0
0
0
0
0
0
0
0
0
0
0
0
0
0
0
0
0
0
0
0
0
0
0
0
0
0
0
0
0
0
0
0
0
0
0
0
0
0
0
0
0
0
0
0
0
0
0
0
0
0
0
0
0
0
0
0
0
0
0
0
0
0
0
0
0
0
0
0
0
0
0
0
0
0
0
0
0
0
0
0
0
0
0
0
0
0
0
0
0
0
0
0
0
0
0
0
0
0
0
0
0
0
0
0
0
0
0
0
0
0
0
0
0
0
0
0
0
0
0
0
0
0
0
0
0
0
0
0
0
0
0
0
0
0
0
0
0
0
-80.452033
0
0
0
0
0
0
0
0
0
0
0
0
0
0
0
0
0
0
0
0
0
0
0
0
0
0
0
0
0
0
0
0
0
0
0
0
0
0
0
0
0
0
0
0
0
0
0
0
0
0
0
0
0
0
0
0
0
0
0
0
0
0
0
0
0
0
0
0
0
0
0
0
0
0
0
0
0
0
0
0
0
0
0
-109.92894
0
0
-112.60575
0
-106.32004
-116.836
0
0
0
0
0
0
0
-114.15986
0
0
-110.35904
0
-108.98847
-113.42398
0
0
0
0
0
0
0
0
0
0
0
0
0
0
0
0
0
0
0
0
0
0
0
0
0
0
0
0
0
0
0
0
0
0
0
0
0
0
0
0
0
0
0
0
0
0
0
0
0
0
0
0
0
0
0
0
0
0
0
0
0
0
0
0
0
0
0
0
0
0
0
0
0
0
0
0
0
0
0
0
0
0
0
0
0
0
0
0
0
0
0
0
0
0
0
0
0
0
0
0
0
0
0
0
0
0
0
0
0
0
0
0
0
0
0
0
0
0
0
0
0
0
0
0
0
0
0
0
0
0
0
0
0
0
0
0
0
0
0
0
0
0
0
0
0
0
0
0
0
0
0
0
0
0
0
0
0
0
0
0
0
0
0
0
0
0
0
0
0
0
0
0
0
0
0
0
0
0
0
0
0
0
0
0
0
0
0
0
0
0
0
0
0
0
0
0
0
0
0
0
0
0
0
0
0
0
0
0
0
0
0
0
0
0
0
0
0
0
0
0
0
0
0
0
0
0
0
0
0
0
0
0
0
0
0
0
0
0
0
0
0
0
0
0
0
0
0
0
0
0
0
0
0
0
0
0
0
0
0
0
0
0
0
0
0
0
0
0
0
0
0
0
0
0
0
0
0
0
0
0
0
0
0
0
0
0
0
0
0
0
0
0
0
0
0
0
0
0
0
0
0
0
0
0
0
0
0
0
0
0
0
0
0
0
0
0
0
0
0
-65.535458
-93.180072
0
-63.847799
0
-66.828063
0
0
-84.08156
0
-59.893728
0
0
0
0
0
0
0
0
0
0
0
0
0
0
0
0
0
0
0
0
0
0
0
0
0
0
0
0
0
0
0
0
0
0
0
0
0
0
0
0
0
0
0
0
0
0
0
0
0
0
0
0
0
0
0
0
0
0
0
0
0
0
0
0
0
0
0
0
0
0
0
0
0
0
0
0
0
0
0
0
0
0
0
0
0
0
0
0
0
0
0
0
0
0
0
0
0
0
0
0
0
0
0
0
0
0
0
0
0
0
0
0
0
0
0
0
0
0
0
0
0
0
0
0
0
0
0
0
0
0
0
0
0
0
0
0
0
0
0
0
0
0
0
0
0
0
0
0
0
0
0
0
0
0
0
0
0
0
0
0
0
0
0
0
0
0
0
0
0
0
0
0
0
0
0
0
0
0
0
0
0
0
0
0
0
0
0
0
0
0
0
0
0
0
0
0
0
0
0
0
0
0
0
0
0
0
0
0
0
0
0
0
0
0
0
0
0
0
0
0
0
0
0
0
0
0
0
0
0
0
0
0
0
0
0
0
0
0
0
0
0
0
0
0
0
0
0
0
0
0
0
0
0
0
0
0
0
0
0
0
0
0
0
0
0
0
0
0
0
0
0
0
0
0
0
0
0
0
0
0
0
0
0
0
0
0
0
0
0
0
0
0
0
0
0
0
0
0
0
0
0
0
0
0
0
0
0
0
0
0
0
0
0
0
0
0
0
0
0
0
0
0
0
0
0
0
0
0
0
0
0
0
0
0
0
0
0
0
0
0
0
0
0
0
0
0
0
0
0
0
0
0
0
0
0
0
0
0
0
0
0
0
0
0
0
0
0
0
0
0
0
0
0
0
0
0
0
0
0
0
0
0
0
0
0
0
0
0
0
0
0
0
0
0
0
0
0
0
0
0
0
0
0
0
0
0
0
0
0
0
0
0
0
0
0
0
0
0
0
0
0
0
0
0
0
0
0
0
0
0
0
0
0
0
0
0
0
0
0
0
0
0
0
0
0
0
0
0
0
0
0
0
0
0
0
0
0
0
0
0
0
0
0
0
0
0
0
0
0
0
0
0
0
0
0
0
0
0
0
0
0
0
0
0
0
0
0
0
0
0
0
0
0
0
0
0
0
0
0
0
0
0
0
0
0
0
0
0
0
0
0
0
0
0
0
0
0
0
0
0
0
0
0
0
0
0
0
0
0
0
0
0
0
0
0
0
0
0
0
0
0
0
0
0
0
0
0
0
0
0
0
0
0
0
0
0
0
0
0
0
0
0
0
0
0
0
0
0
0
0
0
0
0
0
0
0
0
0
0
0
0
0
0
0
0
0
0
0
0
0
0
0
0
0
0
0
0
0
0
0
0
0
0
0
0
0
0
0
0
0
0
0
0
0
0
0
0
0
0
0
0
0
0
0
0
0
0
0
0
0
0
0
0
0
0
0
0
0
0
0
0
0
0
0
0
0
0
0
0
0
0
0
0
0
0
0
0
0
0
0
0
0
0
0
0
0
0
0
0
0
0
0
0
0
0
0
0
0
0
0
0
0
0
0
0
0
0
0
0
0
0
0
0
0
0
0
0
0
0
0
0
0
0
0
0
0
0
0
0
0
0
0
0
0
0
0
0
0
0
0
0
0
0
0
0
0
0
0
0
0
0
0
0
0
0
0
0
0
0
0
0
0
0
0
0
0
0
0
0
0
0
0
0
0
0
0
0
0
0
0
0
0
0
0
0
0
0
0
0
0
0
0
0
0
0
0
0
0
0
0
0
0
0
0
0
0
0
0
0
0
0
0
0
0
0
0
0
0
0
0
0
0
0
0
0
0
0
0
0
0
0
0
0
0
0
0
0
0
0
0
0
0
0
0
0
0
0
0
0
0
0
0
0
0
0
0
0
0
0
0
0
0
0
0
0
0
0
0
0
0
0
0
0
0
0
0
0
0
0
0
0
0
0
0
0
0
0
0
0
0
0
0
0
0
0
0
0
0
0
0
0
0
0
0
0
0
0
0
0
0
0
0
0
0
0
0
0
0
0
0
0
0
0
0
0
0
0
0
0
0
0
0
0
0
0
0
0
0
0
0
0
0
0
0
0
0
0
0
0
0
0
0
0
0
0
0
0
0
0
0
0
0
0
0
0
0
0
0
0
0
0
0
0
0
0
0
0
0
0
0
0
0
0
0
0
0
0
0
0
0
0
0
0
0
0
0
0
0
0
0
0
0
0
0
0
0
0
0
0
0
0
0
0
0
0
0
0
0
0
0
0
0
0
0
0
0
0
0
0
0
0
0
0
0
0
0
0
0
0
-84.054301
0
0
-65.269253
-63.393035
0
-81.994541
0
-95.475466
0
-101.84036
0
-79.885339
-115.02349
0
-76.023826
0
0
-56.736905
0
-59.525591
0
0
0
0
0
0
0
0
0
0
0
0
0
0
0
0
0
0
0
0
0
0
0
0
0
0
0
0
0
0
0
0
0
0
0
0
0
0
0
-84.687431
-63.206641
0
0
0
0
0
0
0
0
0
0
0
0
0
0
0
0
0
0
0
0
0
0
0
0
0
0
0
0
0
0
0
0
0
0
0
0
0
0
0
0
0
0
0
0
0
0
0
0
0
0
0
0
0
0
0
0
0
-108.0694
0
0
-81.262592
-91.813777
0
-96.409504
0
-116.56355
0
-111.28325
0
-113.72929
-106.21057
0
-117.41507
0
-76.758379
-87.203305
0
-97.650388
0
0
0
0
0
0
0
0
0
0
0
0
0
0
0
0
0
0
0
0
0
0
0
0
0
0
0
0
0
0
0
0
0
0
0
0
0
0
0
-92.214385
0
-83.4494
0
0
0
0
0
0
-75.264825
0
0
0
0
0
0
0
0
0
0
0
0
0
0
0
0
0
0
0
0
0
0
0
0
0
0
0
0
0
0
0
0
0
0
0
0
0
0
0
0
0
0
0
0
0
0
0
0
0
0
0
0
0
0
0
0
0
0
0
0
0
0
0
0
0
0
0
0
0
0
0
0
0
0
0
0
0
0
0
0
0
0
0
0
0
0
0
0
0
0
0
0
0
0
0
0
0
0
0
0
0
0
0
0
0
0
0
0
0
0
0
0
0
0
0
0
0
0
0
0
0
0
0
0
0
0
0
0
0
0
0
0
0
0
0
0
0
0
0
0
0
0
0
0
0
0
0
0
0
0
0
0
0
0
0
0
0
0
0
0
0
0
0
0
0
0
0
0
0
0
0
0
0
0
0
0
0
0
0
0
0
0
0
0
0
0
0
0
0
0
0
0
0
0
0
0
0
0
0
0
0
0
0
0
0
0
0
0
0
0
0
0
0
0
0
0
0
0
0
0
0
0
0
0
0
0
0
0
0
0
0
0
0
0
0
0
0
0
0
0
0
0
0
0
0
0
0
0
0
0
0
0
0
0
0
0
0
0
0
0
0
0
0
0
0
0
0
0
0
0
0
0
0
0
-93.29747
-89.010203
-69.468676
0
0
-73.690293
0
-97.841833
-97.817177
-78.644526
0
0
-78.157962
0
0
0
0
0
0
0
0
0
0
0
0
0
0
0
0
0
0
0
0
0
0
0
0
0
0
0
0
0
0
0
0
0
0
0
0
0
0
0
0
0
0
0
0
0
0
0
0
0
0
0
0
0
0
0
0
0
0
0
0
0
0
0
0
0
0
0
0
0
0
0
0
0
0
0
0
0
0
0
0
0
0
0
0
0
0
0
0
0
0
0
0
0
0
0
0
0
0
0
0
0
0
0
0
0
0
0
0
0
0
0
0
0
0
0
0
0
0
0
0
0
0
0
0
0
0
0
0
0
0
-71.955687
0
0
0
0
0
0
0
0
0
0
0
0
0
0
0
0
0
0
0
0
0
0
0
0
0
0
0
0
0
0
0
0
0
0
0
0
0
0
0
0
0
0
0
0
0
0
0
0
0
0
0
0
0
0
0
0
0
0
0
0
0
0
0
0
0
0
0
0
0
0
0
0
0
0
0
0
0
0
0
0
0
0
0
0
0
0
0
0
0
0
0
0
0
0
0
0
0
0
0
0
0
0
0
0
0
0
0
0
0
0
0
0
0
0
0
0
0
0
0
0
0
0
0
0
0
0
0
0
0
0
0
0
0
0
0
0
0
0
0
0
0
0
0
0
0
0
0
0
0
0
0
0
0
0
0
0
0
0
0
0
0
0
0
0
0
0
0
0
0
0
0
0
0
0
0
0
0
0
0
0
0
0
0
0
0
0
0
0
0
0
0
0
0
0
0
0
0
0
0
0
0
0
0
0
0
0
0
0
0
0
0
0
0
0
0
0
0
0
0
0
0
0
0
0
0
0
0
0
0
0
0
0
0
0
0
0
0
0
0
0
0
0
0
0
0
0
0
0
0
0
0
0
0
0
0
0
0
0
0
0
0
0
0
0
0
0
0
0
0
0
0
0
0
0
0
0
0
0
0
0
0
0
0
0
0
0
0
0
0
0
0
0
0
0
0
0
0
0
0
0
0
0
0
0
0
0
0
0
0
0
0
0
0
0
0
0
0
0
0
0
0
0
0
0
0
0
0
0
0
0
0
0
0
0
0
0
0
0
0
0
0
0
0
0
0
0
0
0
0
0
0
0
0
0
0
0
0
0
0
0
0
0
0
0
0
0
0
0
0
0
0
0
0
0
0
0
0
0
0
0
0
0
0
0
0
0
0
0
0
0
0
0
0
0
0
0
0
0
0
0
0
0
0
0
0
0
0
0
0
0
0
0
0
0
0
0
0
0
0
0
0
0
0
0
0
0
0
0
0
0
0
0
0
0
0
0
0
0
0
0
0
0
0
0
0
0
0
0
0
0
0
0
0
0
0
0
0
0
0
0
0
0
0
0
0
0
0
0
0
0
0
0
0
0
0
0
0
0
0
0
0
0
0
0
0
0
0
0
0
0
0
0
0
0
0
0
0
0
0
0
0
0
0
0
0
0
0
0
0
0
0
0
0
0
0
0
0
0
0
0
0
0
0
0
0
0
0
0
0
0
0
0
0
0
0
0
0
0
0
0
0
0
0
0
0
0
0
0
0
0
0
0
0
0
0
0
0
0
0
0
0
0
0
0
0
0
0
0
0
0
0
0
0
0
0
0
0
0
0
0
0
0
0
0
0
0
0
0
0
0
0
0
0
0
0
0
0
0
0
0
0
0
0
0
0
0
0
0
0
0
0
0
0
0
0
0
0
0
0
0
0
0
0
0
0
0
0
0
0
0
0
0
0
0
0
0
0
0
0
0
0
0
0
0
0
0
0
0
-75.093802
0
0
0
0
0
0
0
0
0
0
0
0
0
0
0
0
0
0
0
0
0
0
0
0
0
0
0
0
0
0
0
0
0
0
0
0
0
0
0
0
0
0
0
0
0
0
0
0
0
0
0
0
0
0
0
0
0
0
0
0
0
-71.923811
-85.959987
-75.175707
0
0
0
0
0
0
0
0
0
0
0
0
0
0
0
0
0
0
0
0
0
0
0
0
0
0
0
0
0
0
0
0
0
0
0
0
0
0
0
0
0
0
0
0
0
0
0
0
0
0
0
0
0
0
0
0
0
0
0
0
0
0
0
0
0
0
0
0
0
0
0
0
0
0
0
0
0
0
0
0
0
0
0
0
0
0
0
0
0
0
0
0
0
0
0
0
0
0
0
0
0
0
0
0
0
0
0
0
0
0
0
0
0
0
0
0
0
0
0
0
0
0
0
0
0
0
0
0
0
0
0
0
0
0
0
0
0
0
0
0
0
0
0
0
0
0
0
0
0
0
0
0
0
0
0
0
0
0
0
0
0
0
0
0
0
0
0
0
0
0
0
0
0
0
0
0
0
0
0
0
0
0
0
0
0
0
0
0
0
0
0
0
0
0
0
0
0
0
0
0
0
0
0
0
0
0
0
0
0
0
0
0
0
0
0
0
0
0
0
0
0
0
0
0
0
0
0
0
0
0
0
0
0
0
0
0
0
0
0
0
0
0
0
0
0
0
0
0
0
0
0
0
0
0
0
0
0
0
0
0
0
0
0
0
0
0
0
0
0
0
0
0
0
0
0
0
0
0
0
0
0
0
0
0
0
0
0
0
0
0
0
0
0
0
0
0
0
0
0
0
0
0
0
0
0
0
0
0
0
0
0
0
0
0
0
0
0
0
0
0
0
0
0
0
0
0
0
0
0
0
0
0
0
0
0
0
0
0
0
0
0
0
0
0
0
0
0
0
0
0
0
0
0
0
0
0
0
0
0
0
0
0
0
0
0
0
0
0
0
0
0
0
0
0
0
0
0
0
0
0
0
0
0
0
0
0
0
0
0
0
0
0
0
0
0
0
0
0
0
0
0
0
0
0
0
0
0
0
0
0
0
0
0
0
0
0
0
0
0
0
0
0
0
0
0
0
0
0
0
0
0
0
0
0
0
0
0
0
0
0
0
0
0
0
0
0
0
0
0
0
0
0
0
0
0
0
0
0
0
0
0
0
0
0
0
0
0
0
0
0
0
0
0
0
0
0
0
0
0
0
0
0
0
0
0
0
0
0
0
0
0
0
0
0
0
0
0
0
0
0
0
0
0
0
0
0
0
0
0
0
0
0
0
0
0
0
0
0
0
0
0
0
0
0
0
0
0
0
0
0
0
0
0
0
0
0
0
0
0
0
0
0
0
0
0
0
0
0
0
0
0
0
0
0
0
0
0
0
0
0
0
0
0
0
0
0
0
0
0
0
0
0
0
0
0
0
0
0
0
0
0
0
0
0
0
0
0
0
0
0
0
0
0
0
0
0
0
0
0
0
0
0
0
0
0
0
0
0
0
0
0
0
0
0
0
0
0
0
0
0
0
0
0
0
0
0
0
0
0
0
0
0
0
0
0
0
0
0
0
0
0
0
0
0
0
0
0
0
0
0
0
0
0
0
0
0
0
0
0
0
0
0
0
0
0
0
0
0
0
0
0
0
0
0
0
0
0
0
0
0
0
0
0
0
0
0
0
0
0
0
0
0
0
0
0
0
0
0
0
0
0
0
0
0
0
0
0
0
0
0
0
0
0
0
0
0
0
0
0
0
0
0
0
0
0
0
0
0
0
0
0
0
0
0
0
0
0
0
0
0
0
0
0
0
0
0
0
0
0
0
0
0
0
0
0
0
0
0
0
0
0
0
0
0
0
0
0
0
0
0
0
0
0
0
0
0
0
0
0
0
0
0
0
0
0
0
0
0
0
0
0
0
0
0
0
0
0
0
0
0
0
0
0
0
0
0
0
0
0
0
0
0
0
0
0
0
0
0
0
0
0
0
0
0
0
0
0
0
0
0
0
0
0
0
0
0
0
0
0
0
0
0
0
0
0
0
0
0
0
0
0
0
0
0
0
0
0
0
0
0
0
0
0
0
0
0
0
0
0
0
0
0
0
0
0
0
0
0
0
0
0
0
0
0
0
0
0
0
0
0
0
0
0
0
0
0
0
0
0
0
0
0
0
0
0
0
0
0
0
0
0
0
0
0
0
0
0
0
0
0
0
0
0
0
0
0
0
0
0
0
0
0
0
0
0
0
0
0
0
0
0
0
0
0
0
0
0
0
0
0
0
0
0
0
0
0
0
0
0
0
0
0
0
0
0
0
0
0
0
0
0
0
0
0
0
0
0
0
0
0
0
0
0
0
0
0
0
0
0
0
0
0
0
0
0
0
0
0
0
0
0
0
0
0
0
0
0
0
0
0
0
0
0
0
0
0
0
0
0
0
0
0
0
0
0
0
0
0
0
0
0
0
0
0
0
0
0
0
0
0
0
0
0
0
0
0
0
0
0
0
0
0
0
0
0
0
0
0
0
0
0
0
0
0
0
0
0
0
0
0
0
0
0
0
0
0
0
0
0
0
0
0
0
0
0
0
0
0
0
0
0
0
0
0
0
0
0
0
0
0
0
0
0
0
0
0
0
0
0
0
0
0
0
0
0
0
0
0
0
0
0
0
0
0
0
0
0
0
0
0
0
0
0
0
0
0
0
0
0
0
0
0
0
0
0
0
0
0
0
0
0
0
0
0
0
0
0
0
0
0
0
0
0
)

)


// ************************************************************************* //
