/*--------------------------------*- C++ -*----------------------------------*\
  =========                 |
  \\      /  F ield         | OpenFOAM: The Open Source CFD Toolbox
   \\    /   O peration     | Website:  https://openfoam.org
    \\  /    A nd           | Version:  8
     \\/     M anipulation  |
\*---------------------------------------------------------------------------*/
/*   Windows 32 and 64 bit porting by blueCAPE: http://www.bluecape.com.pt   *\
|  Based on Windows porting (2.0.x v4) by Symscape: http://www.symscape.com   |
\*---------------------------------------------------------------------------*/
FoamFile
{
    version     2.0;
    format      ascii;
    class       labelList;
    note        "nPoints: 3410 nCells: 2243 nFaces: 7785 nInternalFaces: 6666";
    location    "constant/vegetation/polyMesh";
    object      neighbour;
}
// * * * * * * * * * * * * * * * * * * * * * * * * * * * * * * * * * * * * * //


6666
(
2
216
217
942
944
946
947
20
21
598
599
600
601
222
223
967
969
971
972
30
32
633
634
635
636
77
78
79
10
16
18
561
562
563
19
568
569
570
13
22
1363
1364
1365
17
24
575
576
577
11
15
1161
1162
1163
25
29
582
583
584
26
1168
1169
1170
31
107
108
109
33
1175
1176
1177
28
35
114
115
116
26
458
461
1162
1163
1165
1323
1325
1327
1328
25
72
336
337
561
563
564
848
850
851
853
75
575
576
578
1262
1264
1265
1267
29
72
562
563
565
588
589
592
569
570
571
595
596
599
23
73
612
613
614
615
23
30
605
606
607
608
33
602
603
606
1363
1365
1369
34
74
591
592
593
594
75
575
577
579
609
610
613
76
124
582
584
585
855
856
857
858
465
468
1169
1170
1172
1337
1339
1341
1342
78
1181
1183
82
616
617
620
76
583
584
586
623
624
627
34
640
641
642
643
630
631
634
34
79
647
648
649
650
637
638
641
1175
1177
1178
81
626
627
628
629
82
644
645
648
48
83
229
230
990
991
992
993
1391
56
84
588
1187
1188
1189
49
122
589
652
653
654
51
86
590
1194
1195
1196
58
87
235
237
1004
1005
1006
1007
1394
48
83
659
660
661
1397
666
667
668
1400
85
595
1371
1372
1373
50
596
673
674
675
1200
1201
1203
1402
51
86
597
658
660
663
664
672
674
676
677
1208
1210
1213
1370
1373
1374
1375
52
687
688
689
1404
243
244
1018
1019
1020
1021
1951
123
609
694
695
696
610
701
702
703
611
1208
1209
1210
708
709
710
1954
62
91
120
715
716
717
63
89
93
250
1033
1034
1408
61
65
113
254
255
256
66
623
1215
1216
1217
114
124
624
722
723
724
69
263
1041
1042
1043
1044
1048
1049
1050
1051
1415
64
117
125
190
191
746
747
751
916
917
920
922
71
118
625
729
730
731
95
99
735
736
1418
101
128
739
740
741
97
103
270
1066
1067
1419
104
129
746
747
748
95
106
274
275
276
84
637
1222
1223
1224
1228
1229
1232
1422
108
638
753
754
755
87
289
290
1088
1089
1090
1091
1424
98
110
295
296
297
111
639
760
761
762
76
768
769
74
774
775
776
777
81
769
770
771
772
773
774
1235
1236
1237
81
1379
1381
1382
1383
82
1181
1183
1184
1377
1380
1381
1382
81
82
1377
1378
1379
1237
1239
1240
1241
616
620
621
644
648
649
1235
1238
1239
1240
778
779
780
1427
86
602
794
796
797
798
1188
1189
1191
1222
1223
1226
1363
1367
1368
1369
603
1384
1385
1386
604
779
781
782
783
1194
1195
1198
1386
1387
1389
1390
793
794
795
1434
96
215
1242
1243
1437
97
218
802
803
1439
94
100
217
812
813
814
815
1160
1161
1164
1166
101
457
471
475
716
717
718
1111
1113
1114
1117
458
1246
1247
1248
103
218
809
810
813
219
807
808
1245
1248
1249
1251
220
816
817
1442
221
1252
1253
1443
224
483
1350
1352
1445
225
819
820
1448
113
220
735
736
737
822
823
826
105
222
832
833
834
835
1167
1168
1171
1173
464
486
489
740
741
742
1132
1134
1135
1137
115
465
1256
1257
1258
224
829
830
833
117
466
493
496
746
748
749
1146
1148
1150
1152
119
226
825
826
827
828
1255
1258
1259
1261
113
220
275
276
278
315
316
319
112
223
325
326
327
328
111
323
324
325
328
630
754
755
758
111
112
116
631
225
295
297
299
322
323
326
118
316
317
318
321
632
760
762
765
119
226
318
319
320
321
255
256
257
329
330
333
118
616
644
723
724
727
837
838
839
842
119
617
839
840
841
842
1257
1258
1259
118
119
645
618
836
837
840
330
331
332
335
646
729
731
734
332
333
334
335
128
457
715
716
719
843
844
462
844
845
123
768
848
849
852
773
1262
1263
1266
127
616
722
723
725
860
861
862
865
1235
129
618
859
860
863
127
556
619
862
863
864
865
557
621
1238
464
739
741
743
866
867
466
747
748
750
869
870
134
135
234
345
346
350
351
560
134
183
336
561
184
236
339
340
341
1449
137
238
346
347
348
1450
186
240
338
341
343
344
566
138
227
359
360
364
365
651
158
228
353
354
355
1451
231
360
361
362
1452
159
233
352
355
357
358
657
144
145
146
567
679
1276
1277
1281
1282
144
145
568
665
666
670
671
681
1270
1271
1272
1453
148
873
874
875
1455
150
683
1277
1278
1279
1458
572
685
1269
1272
1274
1275
152
573
872
875
877
878
151
152
658
672
1290
1291
1295
1296
162
661
1284
1285
1286
1461
880
881
882
1464
151
152
164
675
686
689
691
692
662
1291
1292
1293
1467
166
664
677
1283
1286
1288
1289
678
879
882
884
885
156
157
161
506
507
511
512
574
163
500
501
502
1959
160
165
507
508
509
1960
167
499
502
504
505
580
159
241
373
374
378
379
693
242
367
368
369
1470
245
366
368
370
372
699
246
374
375
376
1471
166
167
241
700
893
894
898
899
244
1298
1299
1300
1472
887
888
889
1475
166
167
703
707
710
712
713
246
894
895
896
1477
247
705
1297
1300
1302
1303
706
886
889
891
892
169
301
766
900
1479
304
767
901
1480
173
471
843
903
904
905
195
251
472
514
515
1481
174
252
473
519
520
1483
478
846
910
911
912
249
479
524
525
1485
180
181
188
260
394
395
398
399
728
202
261
381
382
383
1493
189
268
329
388
389
390
180
181
204
253
256
257
259
330
729
193
265
395
396
397
1495
205
266
380
383
384
386
733
194
331
387
390
391
392
734
185
186
188
260
408
409
412
413
581
185
186
582
855
262
402
403
404
1497
192
585
856
264
401
403
405
406
587
193
265
409
410
411
1498
192
194
528
529
532
533
721
198
836
917
918
919
192
528
531
533
534
859
192
194
723
837
860
725
861
529
530
531
1499
727
838
916
919
920
921
271
485
536
537
1500
199
486
866
924
925
926
200
272
487
541
542
1502
268
492
546
547
1504
493
869
931
932
933
269
494
551
552
1506
205
207
208
287
429
430
434
435
759
288
416
417
418
1508
209
307
315
423
424
425
205
207
273
276
278
279
316
760
292
415
417
420
421
764
213
293
430
431
432
1510
214
317
422
425
427
428
765
212
214
280
450
451
455
456
752
312
322
437
438
439
283
444
445
446
1512
212
214
294
297
299
300
323
754
285
443
445
448
449
757
286
451
452
453
1514
324
436
439
441
442
758
221
941
942
943
1242
1243
1244
219
949
951
219
222
954
956
957
958
224
952
953
954
939
940
816
817
818
959
960
961
966
967
968
1252
1253
1254
226
975
977
978
979
226
982
983
985
986
973
974
975
819
820
821
980
981
982
961
963
964
965
232
233
234
994
996
997
999
1193
242
987
988
991
1516
232
233
243
779
1194
232
235
780
997
998
999
1000
1518
238
994
995
998
1521
239
781
1198
245
988
989
990
992
1199
239
240
1008
1010
1011
1013
1186
239
793
1011
1012
1013
1014
1523
262
1001
1002
1005
1526
239
240
263
794
1189
1008
1009
1012
1528
796
1191
264
1002
1003
1004
1006
1192
245
247
1022
1025
1026
1027
1207
1015
1016
1019
1963
245
247
660
1208
247
661
1024
1026
1027
1028
1299
1300
1303
1965
1015
1017
1018
1020
1212
1022
1023
1024
1968
664
1213
250
800
805
1030
1031
1530
252
806
1029
1030
1533
802
809
1036
1037
1536
271
810
1032
1033
1539
811
1035
1036
1542
257
258
259
380
387
258
259
274
381
1545
257
258
388
735
257
259
276
391
385
393
1546
279
386
264
266
1052
1055
1056
1057
1214
288
1038
1039
1042
1547
1045
1046
1049
1550
264
266
289
1216
1045
1047
1048
1050
1219
1052
1053
1054
1552
292
1039
1040
1041
1044
1220
270
306
822
1304
1305
1554
823
1059
1060
1557
272
824
1062
1063
1559
482
829
1069
1070
1305
1350
1562
830
1065
1066
1565
831
1068
1069
1568
277
278
279
415
422
277
279
416
277
278
423
816
278
279
419
426
427
420
284
285
287
1078
1080
1081
1083
1174
284
285
1176
1228
1230
1231
1233
284
290
785
1081
1082
1083
1084
1231
1232
1233
1234
1571
1071
1072
1073
1574
291
786
1179
1072
1074
1075
1076
1180
293
1078
1079
1082
1576
291
292
1092
1094
1095
1097
1221
1085
1086
1089
1579
291
292
794
1223
291
795
1095
1096
1097
1098
1582
797
1226
1085
1087
1088
1090
1227
1092
1093
1096
1585
298
299
300
436
443
298
299
437
819
298
300
444
299
300
440
447
441
448
304
941
1307
1308
1588
303
310
803
943
1243
1244
1590
305
804
945
1308
1309
1978
948
1310
1311
1593
801
950
1311
1312
1595
482
959
1099
1100
1598
312
960
1102
1103
1601
314
484
962
1105
1106
1602
313
966
1313
1314
1605
311
483
968
1253
1254
1607
314
484
970
1314
1315
1320
1354
1610
980
1108
1109
1613
981
1316
1317
1614
984
1319
1320
1616
317
320
322
423
425
427
960
317
321
330
318
324
320
321
325
320
321
333
961
327
964
335
324
327
437
439
441
980
324
328
325
327
328
327
328
982
985
331
334
388
390
391
823
836
331
335
332
838
334
335
839
334
335
826
828
841
337
855
858
342
343
344
345
342
344
402
342
343
348
1001
1619
343
344
403
1002
349
351
1003
405
349
350
351
350
351
360
1008
349
350
362
349
351
1009
1620
365
1010
356
357
358
359
356
358
367
356
357
361
987
1621
357
358
368
988
363
364
989
370
363
364
365
364
365
994
363
364
995
1622
363
365
996
370
371
372
373
370
371
370
372
1015
371
372
375
1016
1623
377
378
1017
377
378
379
378
379
507
1022
377
378
1023
1624
377
379
508
1025
511
384
385
386
394
385
386
416
1625
384
385
396
1038
1626
384
386
417
1039
398
1040
400
1628
420
391
392
393
394
391
393
1059
392
393
397
918
1629
391
392
919
399
921
400
1630
398
399
400
398
399
529
1052
398
400
1053
1631
399
400
530
1633
1055
532
1634
405
406
407
408
405
407
405
406
1045
406
407
410
1046
1635
412
1047
414
412
413
414
412
413
529
1052
412
414
1054
1636
413
414
531
1056
533
419
420
421
429
419
420
1637
420
421
1085
419
421
431
1086
1638
433
1640
434
1087
426
427
428
429
426
427
1102
426
428
432
438
427
428
439
433
435
442
433
434
435
434
435
451
1092
433
434
1093
1641
433
435
452
1643
1644
1094
455
440
441
442
450
440
441
1108
440
442
452
441
442
454
455
447
448
449
450
447
448
1645
448
449
1072
447
449
453
1073
1646
454
1648
456
1075
454
455
456
455
456
1078
454
455
1649
454
456
1079
1650
1652
1080
464
1322
1323
1324
463
1246
1247
1250
1330
1332
1334
1335
1329
1330
1331
462
463
1331
1333
1334
1335
462
463
468
469
1324
1326
1327
1328
1336
1337
1338
470
617
1256
1257
1260
1344
1346
1348
1349
618
1343
1344
1345
469
470
558
619
1345
1347
1348
1349
469
470
1338
1340
1341
1342
559
622
477
478
903
905
906
1118
1120
1121
1123
1322
485
810
1111
1112
1115
479
811
1118
1119
1122
476
477
480
812
1121
1122
1123
1124
1160
476
477
489
1162
1323
490
815
1114
1115
1116
1117
1164
481
1165
1325
481
910
912
913
1126
1127
1128
1131
1329
806
1125
1126
1129
481
807
1128
1129
1130
1131
1245
1250
1332
973
1350
1351
1653
803
974
1354
1355
1656
976
1353
1354
1659
830
1132
1133
1136
491
493
924
926
927
1140
1141
1142
1145
1336
494
831
1139
1140
1143
490
491
495
832
1142
1143
1144
1145
1167
490
491
1169
1337
835
1135
1136
1137
1138
1171
498
1172
1339
823
836
1146
1147
1149
498
931
933
934
1154
1155
1156
1159
1343
824
1153
1154
1157
497
498
825
1156
1157
1158
1159
1255
497
498
840
1257
1344
828
841
1149
1150
1151
1152
1259
1260
1346
503
504
505
506
503
505
503
504
509
888
1982
504
505
889
510
512
891
510
511
512
511
512
894
510
511
510
512
896
1983
899
516
517
518
714
1662
516
517
536
717
1111
516
520
1032
1112
1663
521
718
1113
539
720
2016
521
522
902
1665
521
522
525
905
1118
521
1035
1119
1666
906
1120
527
908
2017
526
527
909
1668
526
1029
1125
1669
526
527
912
1126
913
1127
915
2018
532
533
534
916
532
533
532
534
918
1985
533
534
921
922
538
539
540
738
1671
538
539
740
1132
538
541
1065
1133
1672
543
742
1134
744
2019
543
544
923
1674
543
1068
1139
1675
543
544
552
926
1140
927
1141
554
929
2020
548
549
550
745
1677
548
549
746
917
1146
548
551
1060
1147
1678
553
749
1148
751
922
2021
553
554
930
1680
553
1062
1153
1681
553
554
933
1154
934
1155
936
2023
557
1181
1377
557
1182
1184
1380
559
1182
1185
564
565
566
651
1186
564
566
582
565
566
583
1187
564
565
652
655
656
1190
587
1192
571
572
573
672
1370
572
573
571
572
1371
571
573
673
676
1374
1376
678
578
579
580
693
700
578
579
694
578
580
579
580
701
697
698
704
706
585
586
587
721
1214
585
587
586
587
1215
585
586
722
725
726
1218
1219
590
594
602
623
1187
1188
1190
590
593
609
652
654
656
768
591
604
611
1195
1196
1197
593
594
605
612
593
594
627
769
614
770
608
628
597
600
603
1371
1373
1374
597
601
610
673
674
676
598
604
611
600
601
605
612
600
601
607
615
604
608
637
604
607
1384
1386
1390
605
607
608
607
608
641
643
611
614
694
696
698
773
611
615
701
702
704
612
1209
1210
1211
614
615
614
615
774
775
618
621
618
622
619
837
840
842
860
863
865
1344
1345
1349
621
622
1182
621
622
1183
1184
1185
625
628
637
1215
1217
1218
625
629
644
722
724
726
1235
626
639
646
730
731
732
628
629
640
647
628
629
1237
643
649
1239
632
635
638
632
636
645
633
639
646
635
636
640
647
635
636
642
650
639
643
1222
1224
1225
639
642
753
755
756
640
761
762
763
642
643
642
643
646
649
646
650
647
649
650
649
650
655
656
657
1193
655
656
848
655
657
695
849
656
657
696
1196
850
1197
699
1199
662
663
664
679
662
663
680
778
1683
663
664
779
662
664
1285
1286
1288
1686
683
1291
1292
1295
1689
684
782
669
670
671
872
1269
670
671
669
670
1270
1997
669
671
873
1999
876
1273
2002
1275
878
676
677
678
676
678
676
677
702
677
678
703
705
683
684
685
1370
683
684
789
1203
1204
1205
1206
1970
1356
1357
1358
1973
684
685
1201
1202
1205
1206
1372
1277
1278
1281
1357
1359
1361
1362
1975
790
1375
1358
1359
1360
1362
1376
690
691
692
879
1283
690
691
708
1284
2005
690
692
880
2008
691
692
710
883
1287
2011
712
1289
885
697
698
699
1207
697
698
1262
697
699
1263
698
699
1209
1264
1211
1212
704
705
706
1207
704
706
704
705
1210
705
706
1211
1213
711
712
713
886
1297
711
712
1298
1987
711
713
887
1990
712
713
890
1301
1993
1302
892
718
719
720
902
719
720
739
718
719
903
718
720
740
906
907
744
725
726
727
728
725
726
725
727
726
727
731
732
734
732
733
734
1214
733
734
760
732
733
761
1217
732
734
1218
764
1220
737
1059
1695
737
817
1304
1697
1061
1306
2070
742
743
744
923
743
744
742
744
742
743
924
927
928
749
750
751
930
749
751
750
751
749
750
931
934
935
756
757
758
759
1174
756
757
1177
757
758
756
758
762
763
1178
1180
765
763
764
765
1221
764
765
763
764
1224
763
765
1225
1227
767
900
941
901
948
770
773
848
852
853
770
772
1237
771
775
772
776
1241
775
1262
1266
1267
775
777
776
777
782
784
789
1699
781
782
781
784
793
1702
783
796
783
790
784
791
798
792
799
1705
786
788
795
2026
787
797
1367
788
791
798
1368
792
799
2029
790
792
2032
791
1387
792
1389
2037
796
799
1708
796
797
797
799
1711
798
798
799
1714
801
802
937
1717
804
938
2080
804
952
1720
804
953
1723
955
2083
806
808
809
937
807
811
1029
1030
1031
1125
1129
1130
808
812
814
939
811
814
952
811
815
830
1032
1033
1034
1112
1115
1116
812
1035
1036
1037
1119
1122
1124
814
815
814
815
833
954
956
835
818
1102
1726
818
1099
1727
1101
1104
2086
821
1108
1729
821
1316
1730
1110
1318
2096
824
827
829
959
1304
1305
1306
824
828
1059
1060
1061
1147
1149
1151
825
831
1062
1063
1064
1153
1157
1158
827
828
832
827
828
961
834
963
831
834
973
831
835
1065
1066
1067
1133
1136
1138
832
1068
1069
1070
1139
1143
1144
834
835
834
835
975
977
838
841
917
919
920
1146
1149
1152
838
842
839
841
842
841
842
845
846
903
904
907
1322
845
867
1324
847
1326
847
910
911
914
1329
1333
850
853
850
854
1263
851
853
854
853
854
1266
1268
856
858
857
861
858
862
861
864
861
865
862
864
865
864
865
870
868
869
924
925
928
1336
868
1338
871
1340
871
931
932
935
1343
871
1345
1347
876
877
878
1276
876
878
2050
876
877
881
1279
2053
877
878
882
1280
2056
884
1282
883
884
885
1290
883
885
2059
883
884
1293
2062
884
885
1294
2065
1296
890
891
892
893
890
892
2041
890
891
896
2044
891
892
897
2046
899
897
898
899
1297
898
899
1022
897
898
1024
1299
1732
897
899
1735
1301
1737
1026
1303
1307
1740
1310
1741
906
907
908
906
907
907
908
911
906
908
912
915
913
914
915
913
914
914
915
913
915
920
921
922
920
922
921
922
2022
920
921
927
928
929
927
928
928
929
932
927
929
933
936
934
935
936
934
935
935
936
934
936
938
939
952
940
950
955
940
956
951
957
944
945
948
1307
1308
1309
944
947
967
945
947
953
968
946
949
946
950
955
947
951
957
958
972
949
950
1310
1311
1312
951
951
955
956
955
958
974
956
958
975
957
957
958
979
962
963
973
1099
1100
1101
962
964
980
1102
1103
1104
963
964
965
976
984
1105
1106
1107
965
977
965
985
978
986
969
970
981
1313
1314
1315
969
972
970
972
974
971
983
971
976
984
972
978
986
979
976
977
1350
1351
1352
976
979
977
979
978
1353
1354
1355
978
979
984
985
1108
1109
1110
983
984
1316
1317
1318
983
985
986
986
1319
1320
1321
986
989
993
995
1744
989
992
1015
990
996
992
993
997
992
993
1019
1746
1020
1000
1749
996
999
1008
996
1000
1752
997
999
1000
999
1000
1012
1754
1013
1757
1003
1007
1009
1760
1003
1006
1045
1004
1010
1006
1007
1011
1006
1007
1049
1762
1050
1014
1765
1010
1013
1010
1014
1768
1011
1013
1014
1013
1014
1770
1773
1017
1020
1017
1021
1023
2098
1018
1025
1020
1021
1027
1020
1021
2100
1028
2103
1025
1026
1025
1028
2106
1026
1028
2108
1027
1027
1028
2111
1031
1776
1031
1036
1779
2123
1034
1035
1782
1034
1066
1785
1037
2126
1037
1788
1037
1791
2129
1040
1043
1053
1794
1040
1044
1085
1041
1055
1043
1044
1057
1043
1044
1089
1797
1058
1800
1090
1047
1050
1047
1051
1054
1803
1048
1056
1050
1051
1057
1050
1051
1805
1058
1808
1055
1056
1055
1058
1811
1056
1058
1814
1057
1057
1058
1816
1061
1819
1061
1062
1821
1064
2132
1064
1824
1064
1069
1305
1827
1306
2135
1067
1068
1830
1067
1833
1070
2138
1070
1836
1070
1839
2141
1074
1077
1229
1842
1074
1075
1075
1077
1079
1844
1076
1230
1076
1080
1077
1081
1231
1084
1234
1847
1080
1083
1092
1080
1084
1850
1081
1083
1084
1083
1084
1096
1853
1097
1856
1087
1090
1087
1091
1093
1859
1088
1094
1090
1091
1095
1090
1091
1862
1098
1865
1094
1097
1094
1098
1868
1095
1097
1098
1097
1098
1871
1874
1101
1304
1877
1101
1105
1351
1880
1107
2187
1104
1883
1104
1106
1109
1884
1107
2190
1107
1353
1886
1107
1319
1889
2192
1110
1892
1110
1319
1893
1321
2195
1113
1117
1132
1113
1116
1119
1114
1120
1116
1117
1121
1116
1117
1136
1124
1137
1120
1123
1126
1120
1124
1121
1123
1124
1123
1124
1129
1131
1127
1130
1127
1131
1128
1130
1131
1130
1131
1134
1137
1134
1138
1139
1135
1141
1137
1138
1142
1137
1138
1144
1141
1144
1141
1145
1154
1142
1144
1145
1144
1145
1157
1159
1148
1152
1148
1151
1153
1150
1155
1151
1152
1151
1152
1156
1158
1155
1158
1155
1159
1156
1158
1159
1158
1159
1164
1165
1166
1245
1164
1166
1168
1164
1165
1169
1165
1166
1246
1171
1250
1251
1171
1172
1173
1255
1171
1173
1171
1172
1172
1173
1256
1260
1261
1178
1179
1180
1221
1178
1179
1222
1363
1179
1180
1364
1178
1180
1225
1226
1367
1184
1184
1185
1184
1185
1190
1191
1192
1193
1190
1192
1215
1190
1191
1195
1191
1192
1216
1197
1198
1219
1197
1198
1199
1198
1199
1208
1197
1198
1197
1199
1209
1212
1202
1204
1356
2072
1202
1206
1205
1360
1204
1206
2074
1205
1361
2077
1206
1362
1211
1212
1213
1212
1213
1211
1212
1211
1213
1218
1219
1220
1218
1219
1219
1220
1223
1218
1220
1224
1227
1225
1226
1227
1225
1226
1226
1227
1225
1227
1230
1233
1230
1234
2088
1231
1233
1234
1233
1234
2090
2093
1238
1239
1238
1241
1378
1239
1241
1240
1380
1240
1241
1382
1383
1244
1307
1895
1244
1253
1897
1309
2213
1249
1250
1251
1250
1251
1249
1250
1249
1251
1254
1313
1900
1254
1902
1315
2216
1259
1260
1261
1260
1261
1259
1260
1259
1261
1264
1267
1264
1268
1265
1267
1268
1267
1268
1273
1274
1275
1276
1273
1275
2144
1273
1274
1278
1357
2146
1274
1275
1358
1280
2149
1281
1359
1280
1281
1282
1281
1282
1291
1280
1281
2152
1280
1282
1293
2155
2158
1296
1287
1288
1289
1290
1287
1289
1298
2169
1287
1288
1292
2172
1288
1289
1300
1294
2175
1295
1302
1294
1295
1296
1295
1296
1294
1295
2178
1294
1296
2181
2184
1301
1302
1303
1301
1302
2114
1301
1303
2117
1302
1303
2120
1306
1905
1306
1908
2219
1309
1911
1309
1311
1913
2222
1312
1916
1312
1918
2225
1315
1921
1315
1317
1923
2228
1318
1926
1318
1320
1928
1321
2231
1321
1931
1321
1934
2234
1325
1326
1329
1325
1328
1337
1326
1328
1338
1327
1332
1327
1333
1328
1334
1342
1332
1333
1332
1335
1333
1335
1334
1334
1335
1339
1340
1343
1339
1342
1340
1342
1341
1346
1341
1347
1342
1348
1346
1347
1346
1349
1347
1349
1348
1348
1349
1352
1937
1352
1353
1940
1355
2237
1355
1943
1355
1946
2240
1360
1361
2161
1359
1361
2163
1359
1360
1362
1362
1362
2166
1367
1369
1366
1367
1366
1369
1384
1368
1388
1368
1369
1389
1390
1374
1375
1376
1374
1376
1375
1376
1385
1374
1375
1386
1387
1380
1381
1380
1383
1381
1383
1382
1382
1383
1388
1390
1387
1388
1387
1390
1389
1389
1390
1392
1427
1518
1746
1749
1951
1393
1428
1519
1747
1750
1952
1429
1520
1748
1751
1953
1395
1415
1434
1523
1762
1765
1396
1416
1435
1524
1763
1766
1417
1436
1525
1764
1767
1398
1427
1683
1686
1951
1399
1428
1684
1687
1952
1429
1685
1688
1953
1401
1949
1997
1999
2000
1949
1998
2001
1403
1432
1950
2072
2074
2075
1433
1950
2073
2076
1405
1954
2005
2008
1406
1955
2006
2009
1956
2007
2010
1413
1437
1438
1692
1409
1419
1439
1536
1785
2126
1410
1420
1440
1537
1786
2127
1421
1441
1538
1787
2128
1430
1431
1957
2014
1432
1433
1950
2015
1443
1444
1693
1448
1694
1416
1424
1797
1800
1805
1808
1417
1425
1798
1801
1806
1809
1426
1799
1802
1807
1810
1442
1545
1695
1696
1697
1698
1420
1445
1562
1833
2138
1421
1446
1563
1834
2139
1447
1564
1835
2140
1423
1430
1957
2088
2090
2091
1431
1957
2089
2092
1425
1434
1582
1862
1865
1426
1435
1583
1863
1866
1436
1584
1864
1867
1428
1699
1702
1429
1700
1703
1701
1704
1431
2014
2026
2027
2090
2091
2197
2202
2203
2014
2028
2092
2198
2204
1433
2015
2032
2033
2074
2075
2205
2210
2211
2015
2034
2076
2206
2212
1435
1708
1711
1436
1709
1712
1710
1713
1438
1443
1895
1897
1898
1444
1896
1899
1440
1445
1720
1723
1441
1446
1721
1724
1447
1722
1725
1726
1727
1728
1444
1900
1902
1903
1901
1904
1446
1562
1656
1937
2237
1447
1563
1657
1938
2238
1564
1658
1939
2239
1729
1730
1731
1497
1526
1527
1619
1452
1528
1529
1620
1470
1516
1517
1621
1521
1522
1622
1454
1958
1973
2144
2146
2147
1958
1974
2145
2148
1456
1464
2050
2053
1457
1465
2051
2054
1466
2052
2055
1459
1467
1975
2152
2155
1460
1468
1976
2153
2156
1469
1977
2154
2157
1462
1472
1686
2169
2172
1463
1473
1687
2170
2173
1474
1688
2171
2174
1465
2059
2062
1466
2060
2063
2061
2064
1468
1689
2178
2181
1469
1690
2179
2182
1691
2180
2183
1623
1963
1964
1624
1960
1968
1969
1473
1965
2114
2117
1474
1966
2115
2118
1967
2116
2119
1476
1959
2041
2042
2044
1959
2043
2045
1478
1732
1733
1735
1960
1968
1734
1736
1960
1969
1480
1588
1589
1740
1593
1594
1741
1482
1500
1539
1540
1663
2016
1501
1541
1664
2016
1484
1485
1542
1543
1666
2017
1486
1544
1667
2017
1486
1533
1534
1669
2018
1535
1670
2018
1958
1973
1974
2040
1489
2024
2025
2068
2035
2036
2069
1491
1605
1606
1742
1614
1615
1743
1574
1575
1961
2049
1494
1508
1547
1548
1625
1626
1509
1549
1625
1627
1496
1499
1552
1631
1633
1499
1553
1632
1633
1550
1551
1635
1499
1552
1553
1636
1985
1501
1565
1566
1672
2019
1567
1673
2019
1503
1506
1568
1569
1675
2020
1507
1570
1676
2020
1505
1557
1678
2021
2022
1558
1679
2021
2022
1507
1559
1560
1681
2023
1561
1682
2023
1509
1579
1580
1637
1638
1581
1637
1639
1511
1514
1585
1586
1641
1643
1515
1587
1642
1643
1513
1574
1645
1646
1961
1575
1645
1647
1961
1515
1576
1577
1649
1650
1578
1649
1651
1517
1744
1746
1747
1963
1745
1748
1964
1519
1523
1702
1754
1757
1520
1524
1703
1755
1758
1525
1704
1756
1759
1522
1528
1752
1754
1755
1529
1753
1756
1524
1708
1770
1773
1525
1709
1771
1774
1710
1772
1775
1527
1550
1760
1762
1763
1551
1761
1764
1529
1768
1770
1771
1769
1772
1531
1536
1717
1779
2123
1532
1537
1718
1780
2124
1538
1719
1781
2125
1534
1542
1776
1779
1535
1543
1777
1780
1544
1778
1781
1537
1720
1791
2129
1538
1721
1792
2130
1722
1793
2131
1540
1565
1782
1785
1541
1566
1783
1786
1567
1784
1787
1543
1788
1791
1544
1789
1792
1790
1793
1546
1630
1695
1696
1548
1579
1794
1797
1549
1580
1795
1798
1581
1796
1799
1551
1803
1805
1806
1804
1807
1553
1811
1812
1814
1813
1815
1555
1562
1598
1905
1908
1556
1563
1599
1906
1909
1564
1600
1907
1910
1558
1629
1819
1821
1822
1629
1820
1823
1560
1568
1824
1827
1561
1569
1825
1828
1570
1826
1829
1563
1653
1839
1908
1937
2141
1564
1654
1840
1909
1938
2142
1655
1841
1910
1939
2143
1566
1830
1833
1567
1831
1834
1832
1835
1569
1836
1839
1570
1837
1840
1838
1841
1572
1582
1853
1856
2026
2090
2093
1573
1583
1854
1857
2027
2091
2094
1584
1855
1858
2028
2092
2095
1575
1842
1844
1845
1843
1846
1577
1585
1850
1853
1578
1586
1851
1854
1587
1852
1855
1580
1859
1862
1581
1860
1863
1861
1864
1583
1711
1871
1874
1584
1712
1872
1875
1713
1873
1876
1586
1868
1871
1587
1869
1872
1870
1873
1589
1593
1911
1913
1914
1594
1912
1915
1591
1607
1723
1897
1978
2213
1592
1608
1724
1898
1979
2214
1609
1725
1899
1980
2215
1594
1916
1918
1919
1917
1920
1596
1918
1978
2080
2225
1597
1919
1979
2081
2226
1920
1980
2082
2227
1599
1653
1877
1880
1600
1654
1878
1881
1655
1879
1882
1613
1883
1884
1885
1603
1616
1659
1886
1889
1604
1617
1660
1887
1890
1618
1661
1888
1891
1606
1614
1921
1923
1924
1615
1922
1925
1608
1610
1656
1902
2216
1609
1611
1657
1903
2217
1612
1658
1904
2218
1611
1616
1656
1659
1923
1934
1946
2228
1612
1617
1657
1660
1924
1935
1947
2229
1618
1658
1661
1925
1936
1948
2230
1892
1893
1894
1615
1926
1928
1929
1927
1930
1617
1931
1934
1618
1932
1935
1933
1936
1620
1760
1761
1768
1769
1622
1744
1745
1752
1753
1624
2098
2099
2106
2107
1628
1637
1627
1628
1631
1794
1795
1628
1632
1796
1634
1630
2022
1819
1820
1632
1634
1811
1812
1634
1813
1634
1985
1636
1803
1804
1814
1815
1640
1639
1640
1641
1859
1860
1640
1642
1861
1644
1642
1644
1868
1869
1644
1870
1644
1649
1648
1984
1647
1648
1650
1844
1845
1648
1651
1846
1652
1652
1651
1652
1850
1851
1652
1852
1654
1937
1940
1655
1938
1941
1939
1942
1657
1723
1946
2240
1658
1724
1947
2241
1725
1948
2242
1660
1943
1946
1661
1944
1947
1945
1948
1663
1664
1665
2016
1664
1666
1782
1783
1667
1784
1666
1667
2017
1667
1788
1789
1790
1669
1670
2018
1670
1776
1777
1778
1672
1673
1674
2019
1673
1675
1830
1831
1676
1832
1675
1676
2020
1676
1836
1837
1838
1678
1679
1680
2021
1679
1681
1821
1822
1682
1823
1681
1682
2023
1682
1824
1825
1826
1684
1689
1699
1970
1685
1690
1700
1971
1691
1701
1972
1687
1689
1965
2172
1688
1690
1966
2173
1691
1967
2174
1690
1975
2178
1691
1976
2179
1977
2180
1740
1895
1896
1742
1900
1901
1730
1731
1743
1696
1819
2070
1820
2071
1698
1727
1905
1906
2070
1728
1907
2071
1700
1705
2032
1701
1706
2033
1707
2034
1703
1705
1708
1704
1706
1709
1707
1710
1706
1714
2037
1707
1715
2038
1716
2039
1709
1714
1710
1715
1716
1712
1714
2026
1713
1715
2027
1716
2028
1715
2029
1716
2030
2031
1718
1720
2080
1719
1721
2081
1722
2082
1721
2083
1722
2084
2085
1724
2083
1725
2084
2085
1883
2086
2087
1728
1877
1878
2086
1879
2087
1892
2096
2097
1731
1926
2096
1927
2097
1733
1737
2108
2117
1734
1738
2109
2118
1739
2110
2119
1736
1737
1738
1983
2044
1739
1983
2045
1738
2046
2120
1739
2047
2121
2048
2122
1911
1912
1916
1917
1921
1922
1926
1927
1745
1749
1750
1752
1751
1753
1747
1749
2100
1748
1750
2101
1751
2102
1750
1757
1751
1758
1759
1753
1757
1758
1759
1755
1757
1770
1756
1758
1771
1759
1772
1758
1759
1761
1765
1766
1768
1767
1769
1763
1765
1805
1764
1766
1806
1767
1807
1766
1773
1767
1774
1775
1769
1773
1774
1775
1771
1773
1772
1774
1775
1774
1775
1777
2123
1778
2124
2125
1780
1791
2123
1781
1792
2124
1793
2125
1783
1788
2126
1784
1789
2127
1790
2128
1786
1833
2126
1787
1834
2127
1835
2128
1789
2129
1790
2130
2131
1792
2129
1793
2130
2131
1795
1800
1811
1796
1801
1812
1802
1813
1798
1800
1862
1799
1801
1863
1802
1864
1801
1816
1802
1817
1818
1804
1808
1809
1814
1810
1815
1806
1808
1807
1809
1810
1809
1816
1810
1817
1818
1812
1816
1813
1817
1818
1815
1816
1817
1818
1817
1818
1820
2132
2133
2134
1822
1824
2132
1823
1825
2133
1826
2134
1825
2135
1826
2136
2137
1828
1839
1908
2135
1829
1840
1909
2136
1841
1910
2137
1831
1836
2138
1832
1837
2139
1838
2140
1834
2138
1835
2139
2140
1837
2141
1838
2142
2143
1840
2141
1841
2142
2143
1843
1847
1848
2049
2088
1849
2049
2089
1845
1847
1850
1846
1848
1851
1849
1852
1848
1856
2093
1849
1857
2094
1858
2095
1851
1856
1852
1857
1858
1854
1856
1871
1855
1857
1872
1858
1873
1857
1858
1860
1865
1868
1861
1866
1869
1867
1870
1863
1865
1864
1866
1867
1866
1874
1867
1875
1876
1869
1874
1870
1875
1876
1872
1874
1873
1875
1876
1875
1876
1878
1905
2187
1879
1906
2188
1907
2189
1881
1886
1940
2187
1882
1887
1941
2188
1888
1942
2189
2190
2191
1885
1889
1890
1893
2190
1891
1894
2191
1887
1943
2192
1888
1944
2193
1945
2194
1890
1931
2192
1891
1932
2193
1933
2194
2195
2196
1894
1931
1932
2195
1933
2196
1896
1911
2213
2214
1912
2215
1898
1902
2213
1899
1903
2214
1904
2215
1901
1921
2216
2217
1922
2218
1903
2216
1904
2217
2218
1906
2219
1907
2220
2221
1909
2219
1910
2220
2221
1912
2222
2223
2224
1914
1918
1978
2222
1915
1919
1979
2223
1920
1980
2224
1917
2225
2226
2227
1919
2225
1920
2226
2227
1922
2228
2229
2230
1924
1928
2228
1925
1929
2229
1930
2230
1927
2231
2232
2233
1929
1934
2231
1930
1935
2232
1936
2233
1932
2234
1933
2235
2236
1935
2234
1936
2235
2236
1938
2237
1939
2238
2239
1941
1943
2237
1942
1944
2238
1945
2239
1944
2240
1945
2241
2242
1947
2240
1948
2241
2242
1962
1986
1952
1965
2100
2103
1953
1966
2101
2104
1967
2102
2105
1955
1987
1990
1956
1988
1991
1989
1992
1996
1981
1982
1983
1984
1981
1997
1998
1964
2098
2100
2101
2099
2102
1966
2108
2111
2117
1967
2109
2112
2118
2110
2113
2119
1969
2106
2108
2109
2107
2110
1971
1975
2032
2074
2077
1972
1976
2033
2075
2078
1977
2034
2076
2079
1974
2161
2163
2164
2162
2165
1976
2152
2163
2166
1977
2153
2164
2167
2154
2165
2168
1979
2083
2222
1980
2084
2223
2085
2224
2144
2145
1983
2044
2045
2040
2072
2073
1988
1993
2005
2114
1989
1994
2006
2115
1995
2007
2116
1991
1993
2041
1992
1994
2042
1995
2043
1994
2046
2120
1995
2047
2121
2048
2122
2049
2088
2089
1998
2002
2003
2144
2004
2145
2000
2002
2050
2001
2003
2051
2004
2052
2003
2056
2149
2004
2057
2150
2058
2151
2006
2011
2169
2007
2012
2170
2013
2171
2009
2011
2059
2010
2012
2060
2013
2061
2012
2065
2175
2013
2066
2176
2067
2177
2068
2069
2019
2018
2023
2022
2025
2035
2197
2199
2200
2036
2198
2201
2027
2029
2028
2030
2031
2030
2037
2199
2202
2031
2038
2200
2203
2039
2201
2204
2033
2037
2034
2038
2039
2036
2205
2207
2208
2206
2209
2038
2207
2210
2039
2208
2211
2209
2212
2161
2162
2042
2046
2043
2047
2048
2045
2046
2047
2048
2047
2048
2051
2056
2052
2057
2058
2054
2056
2062
2155
2055
2057
2063
2156
2058
2064
2157
2057
2158
2058
2159
2160
2060
2065
2061
2066
2067
2063
2065
2181
2064
2066
2182
2067
2183
2066
2184
2067
2185
2186
2197
2198
2205
2206
2071
2132
2133
2219
2220
2134
2221
2073
2077
2078
2161
2079
2162
2075
2077
2076
2078
2079
2078
2166
2079
2167
2168
2081
2083
2082
2084
2085
2084
2085
2087
2187
2188
2190
2189
2191
2089
2093
2094
2095
2091
2093
2092
2094
2095
2094
2095
2097
2195
2231
2232
2196
2233
2099
2103
2104
2106
2105
2107
2101
2103
2102
2104
2105
2104
2111
2105
2112
2113
2107
2111
2112
2113
2109
2111
2110
2112
2113
2112
2113
2115
2120
2169
2116
2121
2170
2122
2171
2118
2120
2119
2121
2122
2121
2122
2124
2125
2127
2129
2128
2130
2131
2130
2131
2133
2135
2134
2136
2137
2136
2219
2137
2220
2221
2139
2141
2140
2142
2143
2142
2143
2145
2149
2150
2151
2147
2149
2152
2163
2148
2150
2153
2164
2151
2154
2165
2150
2158
2151
2159
2160
2153
2158
2154
2159
2160
2156
2158
2181
2157
2159
2182
2160
2183
2159
2160
2162
2166
2167
2168
2164
2166
2165
2167
2168
2167
2168
2170
2175
2171
2176
2177
2173
2175
2178
2174
2176
2179
2177
2180
2176
2184
2177
2185
2186
2179
2184
2180
2185
2186
2182
2184
2183
2185
2186
2185
2186
2188
2192
2189
2193
2194
2191
2192
2193
2194
2193
2194
2196
2234
2235
2236
2198
2202
2203
2204
2200
2202
2207
2201
2203
2208
2204
2209
2203
2204
2206
2210
2211
2212
2208
2210
2209
2211
2212
2211
2212
2214
2222
2215
2223
2224
2217
2228
2218
2229
2230
2220
2221
2223
2224
2226
2227
2229
2230
2232
2234
2233
2235
2236
2235
2236
2238
2240
2239
2241
2242
2241
2242
)


// ************************************************************************* //
