/*--------------------------------*- C++ -*----------------------------------*\
  =========                 |
  \\      /  F ield         | OpenFOAM: The Open Source CFD Toolbox
   \\    /   O peration     | Website:  https://openfoam.org
    \\  /    A nd           | Version:  8
     \\/     M anipulation  |
\*---------------------------------------------------------------------------*/
/*   Windows 32 and 64 bit porting by blueCAPE: http://www.bluecape.com.pt   *\
|  Based on Windows porting (2.0.x v4) by Symscape: http://www.symscape.com   |
\*---------------------------------------------------------------------------*/
FoamFile
{
    version     2.0;
    format      ascii;
    class       labelList;
    location    "constant/vegetation/polyMesh";
    object      pointProcAddressing;
}
// * * * * * * * * * * * * * * * * * * * * * * * * * * * * * * * * * * * * * //


3410
(
11
21
26
27
35
57
65
66
68
83
84
86
90
97
98
105
115
122
129
156
185
218
219
221
222
258
259
260
268
314
316
354
355
356
357
359
363
383
385
386
419
420
443
444
445
479
496
506
522
534
535
536
550
551
552
592
593
619
621
622
632
639
640
642
643
644
667
668
669
670
671
672
710
711
713
726
727
728
730
733
740
745
746
769
770
771
772
776
785
786
787
811
812
813
814
815
870
921
922
923
924
925
963
964
980
982
1054
1055
1056
1057
1058
1059
1060
1061
1062
1088
1089
1091
1158
1159
1160
1164
1165
1193
1194
1195
1197
1198
1202
1216
1257
1290
1298
1302
1304
1307
1308
1309
1310
1311
1313
1314
1317
1318
1319
1320
1321
1373
1374
1375
1376
1377
1378
1379
1380
1381
1382
1455
1517
1518
1519
1520
1521
1522
1523
1547
1554
1575
1583
1584
1607
1608
1609
1622
1623
1638
1666
1692
1693
1694
1714
1720
1721
1722
1743
1744
1746
1747
1748
1749
1750
1799
1800
1851
1852
1853
1854
1855
1856
1857
1885
1890
1891
1893
1898
1904
1936
1957
1958
1959
1960
1961
1962
1964
1969
1970
2000
2015
2016
2017
2061
2098
2099
2100
2101
2102
2141
2142
2143
2180
2181
2183
2184
2189
2190
2191
2192
2193
2243
2245
2248
2249
2252
2253
2255
2311
2373
2374
2375
2376
2377
2378
2379
2380
2381
2384
2385
2412
2413
2414
2416
2446
2452
2456
2487
2488
2489
2490
2491
2492
2493
2494
2495
2508
2509
2510
2511
2564
2581
2582
2583
2624
2625
2626
2627
2629
2630
2631
2632
2633
2634
2635
2636
2637
2812
2813
2814
2815
2816
2818
2819
2820
2821
2884
2885
2886
2887
2890
2916
2917
2940
2942
2960
2961
2988
2989
2990
2991
2992
2993
3046
3122
3123
3124
3125
3126
3127
3128
3129
3130
3131
3132
3192
3194
3195
3196
3223
3307
3308
3309
3310
3311
3313
3314
3315
3316
3317
3318
3347
3348
3420
3421
3422
3423
3424
3426
3427
3428
3460
3461
3462
3463
3464
3465
3467
3468
3478
3479
3500
3504
3505
3508
3509
3537
3543
3544
3545
3546
3547
3548
3550
3617
3618
3623
3625
3626
3627
3630
3776
3777
3778
3779
3780
3913
3917
3918
3919
3920
3921
3922
3923
3924
3925
3926
3927
3929
3930
3931
3932
3951
4020
4021
4022
4023
4024
4042
4043
4044
4052
4053
4054
4055
4056
4058
4059
4060
4118
4119
4120
4121
4122
4123
4125
4126
4127
4128
4129
4130
4131
4132
4133
4134
4135
4136
4137
4138
4139
4140
4266
4267
4402
4404
4405
4406
4407
4408
4409
4410
4411
4412
4413
4414
4416
4417
4418
4419
4420
4421
4498
4499
4504
4536
4545
4546
4547
4548
4586
4593
4594
4595
4611
4623
4629
4735
4736
4740
4840
4841
4843
4844
4845
4846
4978
4979
4980
5003
5040
5041
5042
5043
5051
5052
5175
5176
5177
5178
5179
5184
5185
5186
5187
5188
5189
5225
5288
5301
5302
5303
5304
5330
5361
5362
5363
5364
5365
5366
5387
5388
5407
5408
5492
5598
5601
5602
5603
5604
5605
5686
5687
5688
5689
5742
5743
5744
5745
5746
5796
5833
5886
5963
5992
5993
5994
5995
5996
5997
5998
5999
6000
6001
6049
6050
6126
6127
6128
6129
6130
6131
6132
6133
6134
6135
6136
6137
6138
6139
6140
6141
6142
6205
6206
6220
6221
6343
6344
6345
6346
6347
6348
6349
6350
6351
6352
6399
6400
6402
6403
6404
6405
6464
6465
6492
6522
6527
6549
6550
6551
6552
6553
6554
6555
6556
6638
6639
6640
6641
6642
6643
6644
6645
6646
6647
6648
6771
6804
6805
6806
6807
6808
6842
6843
6846
6899
6900
6901
6902
6903
6904
6905
6906
6913
6914
6915
6916
7041
7042
7043
7045
7047
7177
7178
7179
7180
7181
7182
7183
7184
7185
7187
7188
7189
7190
7191
7193
7194
7195
7196
7197
7198
7199
7200
7201
7202
7203
7338
7374
7375
7376
7377
7378
7379
7380
7381
7382
7383
7384
7385
7386
7426
7435
7436
7437
7439
7440
7487
7488
7489
7491
7530
7587
7588
7589
7662
7663
7664
7665
7666
7667
7668
7720
7740
7741
7742
7749
7750
7814
7869
7870
7871
7872
7878
7879
7880
7881
7962
8030
8031
8032
8033
8034
8035
8036
8121
8122
8123
8124
8125
8126
8127
8128
8129
8130
8131
8132
8133
8134
8135
8136
8137
8138
8314
8315
8316
8317
8318
8319
8320
8321
8322
8323
8324
8325
8326
8357
8358
8359
8360
8401
8402
8403
8404
8415
8439
8440
8441
8442
8461
8462
8463
8464
8465
8466
8787
8924
8940
8969
9066
9067
9068
9069
9070
9071
9072
9073
9074
9075
9076
9077
9078
9079
9080
9081
9099
9100
9101
9102
9103
9104
9105
9106
9331
9332
9336
9337
9584
9585
9586
9587
9588
9589
9590
9591
9592
9593
9594
9595
9596
9597
9598
9599
9600
9601
9602
9605
9606
9609
9610
9611
9612
9613
9614
9615
9616
9617
9618
9619
9620
9621
9622
9623
9624
9625
9626
9627
9628
9629
9630
9857
9858
9860
9861
9980
9981
10097
10098
10099
10100
10101
10102
10103
10104
10105
10106
10107
10108
10109
10110
10111
10112
10113
10114
10115
10116
10117
10207
10209
10210
10211
10231
10302
10303
10304
10305
10306
10307
10308
10309
10310
10311
10312
10323
10324
10325
10326
10327
10328
10329
10486
10490
10494
10655
10657
10658
10659
10660
10661
10662
10663
10664
10665
10666
10667
10668
10669
10670
10671
10674
10677
10680
10681
10683
10684
10685
10686
10687
10688
10689
10690
10691
10692
10693
10694
10828
10830
10896
10917
10978
10979
10992
10993
11010
11011
11022
11023
11025
11029
11030
11031
11032
11033
11476
11551
11615
11616
11617
11683
11684
11685
11695
11696
11697
11745
11746
11775
11776
11777
11778
11823
11842
11888
11889
11890
11993
11995
12092
12093
12117
12118
12119
12120
12213
12214
12215
12216
12217
12218
12274
12275
12291
12292
12293
12294
12295
12296
12297
12445
12446
12447
12448
12449
12474
12475
12476
12477
12478
12507
12508
12509
12523
12524
12525
12537
12538
12539
12540
12541
12560
12561
12570
12571
12572
12573
12574
12587
12588
12589
12631
12632
12665
12669
12699
12714
12715
12716
12717
12718
12720
12721
12728
12729
12761
12762
12764
12765
12766
12767
12831
12895
12896
12914
12915
12924
12925
12986
12987
12988
12989
12993
12994
12995
12996
12997
12998
12999
13000
13001
13002
14794
14805
14892
14950
15139
15140
15141
15142
15195
15247
15248
15249
15250
15267
15268
15269
15270
15387
15465
15466
15471
15487
15488
15534
15535
15610
15611
15612
15613
15614
15615
15616
15617
15620
15680
15681
15682
15683
15684
15685
15686
15687
15688
15689
15798
15799
15800
15801
15802
15803
15804
15805
15806
15843
15844
15845
15846
15847
15848
15849
15851
15852
15875
15876
15877
15878
15879
15880
15881
15882
15883
15884
15885
15886
15887
15888
15889
15890
15891
17269
17297
17299
17332
18112
21619
21620
25146
25165
25167
25168
25225
25291
25292
25293
25294
25295
25296
25297
25298
25299
25349
25351
25352
25353
25354
25355
25356
25357
25358
25418
25445
25514
25515
25520
25521
25522
25524
25525
25526
25527
25562
25563
25575
25578
25611
25612
25613
25614
25685
25686
25687
25688
25751
25752
25753
25754
25755
25798
25799
25810
25814
25815
25816
25817
25846
25847
25848
25849
25913
25916
25949
25952
26029
26030
26033
26035
26038
26068
26069
26070
26071
26078
26079
26080
26081
26298
26299
26300
26301
26309
26310
26382
26386
26387
26450
26451
26452
26453
26454
26459
26460
26461
26462
26463
26464
26632
26633
26634
26635
26782
26783
26785
26791
26792
26793
26794
27189
27190
27191
27192
27193
27243
27244
27245
27247
27266
27281
27283
27284
27285
27286
27317
27318
27319
27320
27330
27331
27349
27406
27456
27497
27498
27499
27501
27507
27570
27571
27572
27573
27574
27575
27576
27577
27578
27579
27580
27598
27599
27689
27690
27691
27693
27694
27695
27696
27697
27698
27740
27741
27742
27743
27744
27745
27747
27748
27749
27751
27753
27798
27799
27800
27852
27856
27857
27900
27901
27902
27903
27904
27905
27906
27907
27908
27909
27939
28005
28006
28007
28008
28009
28010
28011
28012
28053
28054
28055
28056
28142
28143
28159
28161
28169
28170
28201
28202
28203
28204
28205
28206
28207
28208
28209
28210
28211
28212
28213
28260
28261
28264
28265
28266
28276
28277
28278
28280
28281
28282
28287
28289
28295
28296
28302
28303
28345
28347
28348
28367
28368
28369
28370
28412
28413
28414
28415
28416
28417
28418
28518
28519
28608
28609
28610
28611
28612
28613
28614
28666
28667
28668
28704
28705
28706
28707
28708
28710
28711
28713
28714
28850
28852
28854
28855
28856
28857
28858
28859
28860
28861
28862
28863
28864
28899
29013
29018
29019
29020
29080
29081
29082
29083
29084
29085
29086
29087
29088
29089
29090
29091
29094
29095
29120
29121
29122
29216
29221
29223
29258
29259
29261
29262
29264
29265
29384
29385
29485
29486
29487
29552
29553
29579
29630
29679
29680
29731
29732
29733
29752
29753
29754
29755
29756
29757
29790
29791
29792
29793
29794
29795
29796
29797
29798
29799
29800
29801
29802
29872
29873
29958
29959
29960
29992
29994
29995
30120
30122
30123
30179
30180
30181
30226
30227
30229
30230
30262
30263
30264
30269
30270
30273
30276
30277
30278
30279
30280
30350
30351
30352
30356
30358
30360
30361
30470
30471
30472
30473
30474
30475
30476
30477
30478
30479
30480
30481
30507
30508
30510
30512
30553
30554
30564
30571
30572
30605
30607
30608
30609
30610
30611
30612
30613
30614
30615
30616
30617
30627
30628
30629
30630
30631
30632
30750
30751
30882
31016
31017
31018
31019
31020
31021
31022
31095
31096
31180
31181
31182
31183
31184
31185
31237
31238
31240
31241
31243
31244
31245
31246
31283
31284
31365
31366
31367
31392
31393
31460
31498
31499
31500
31501
31502
31503
31504
31505
31506
31507
31508
31509
31518
31522
31523
31528
31530
31531
31532
31533
31534
31535
31624
31625
31691
31692
31737
31738
31739
31740
31799
31800
31801
31802
31803
31824
31825
31828
31966
31967
31968
31969
31970
31971
31974
31975
32042
32048
32116
32117
32118
32119
32122
32123
32124
32125
32126
32127
32269
32270
32361
32362
32363
32385
32386
32387
32494
32558
32559
32560
32561
32562
32563
32564
32610
32611
32612
32792
32793
32794
32820
32821
32822
32860
32861
32862
32863
32864
32865
32866
32867
32868
32869
32996
32997
32998
33479
33480
33481
33482
33483
33494
33495
33496
33497
33498
33499
33879
33880
33886
33887
33888
33930
33931
33932
33937
33938
33939
34684
34715
34717
34718
34719
34808
34809
34810
34811
34812
34817
34818
34819
34820
34821
34822
34823
34824
34825
34826
35075
35079
35080
35081
35082
35087
35341
35345
35352
35354
35357
35359
35360
35361
35362
35363
35364
35365
35366
35367
35368
35369
35370
35371
35372
35373
35374
35375
35376
35377
35378
35379
35380
35381
35382
35383
35384
35385
35386
35387
35388
35389
35390
35391
35435
35585
35586
35587
35588
35589
35594
35595
35596
35597
35598
35599
35600
35601
35602
35603
35604
35605
35606
35607
35608
35609
35610
35611
35612
35613
35614
35615
35616
35617
35618
35619
35620
35621
35871
35873
35874
35889
35990
35991
35992
35993
35994
35998
35999
36256
36267
36269
36270
36272
36274
36278
36283
36291
36292
36293
36294
36295
36296
36297
36298
36299
36300
36301
36302
36303
36304
36308
36309
36310
36311
36312
36313
36314
36315
36316
36317
36318
36319
36320
36321
36322
36323
36459
36462
36463
36466
36467
36501
36506
36507
36508
36509
36510
36511
36514
36515
36517
36615
36616
36617
36618
36619
36620
36621
36623
36624
36626
36627
36875
36876
36877
36878
36879
36881
36883
36885
36886
36887
36889
36890
36891
36892
36893
36894
37131
37132
37133
37134
37135
37136
37137
37138
37139
37140
37141
37142
37143
37144
37145
37146
37147
37148
37149
37150
37151
37152
37153
37154
37155
37312
37313
37314
37316
37318
37319
37321
37323
37364
37365
37378
37382
37383
37384
37385
37386
37387
37388
37390
37392
37393
37395
37397
37478
37479
37480
37481
37482
37483
37484
37485
37486
37487
37489
37490
37491
37492
37493
37494
37495
37681
37682
37690
37767
37768
37769
37774
37775
38002
38003
38005
38010
38015
38016
38019
38020
38021
38026
38027
38109
38110
38111
38113
38114
38115
38116
38117
38119
38139
38140
38141
38142
38143
38144
38145
38146
38147
38148
38149
38877
38878
38879
38880
38881
38882
38883
38884
38885
38886
38887
38888
38889
38890
38891
38892
38893
38909
38910
38911
38912
39098
39099
39100
39110
39111
39112
39291
39292
39293
39294
39295
39296
39297
39298
39299
39300
39301
39302
39303
39312
39313
39314
39315
39316
39317
39318
39319
39320
39321
39322
39323
39324
39325
39326
39728
39729
39730
39731
39732
39733
39734
40157
40158
40159
40160
40161
40162
40163
40166
40167
40183
40184
40185
40186
40187
40188
40189
40190
40191
41170
41171
41210
41211
41228
41229
41230
41231
41232
41279
41326
41327
41328
41396
41414
41415
41416
41437
41446
41447
41467
41479
41480
41481
41482
41511
41512
41513
41523
41545
41547
41558
41559
41575
41586
41587
41588
41589
41590
41758
41780
41781
41794
41795
41796
41821
41822
41832
41833
41877
41878
41923
41961
41962
41963
41964
41965
41966
41968
42015
42024
42025
42026
42027
42028
42071
42073
42074
42075
42076
42077
42080
42081
42082
42083
42112
42132
42172
42173
42177
42180
42225
42226
42235
42236
42253
42254
42276
42282
42299
42301
42302
42320
42336
42344
42350
42368
42369
42440
42441
42442
42443
42444
42445
42446
42447
42508
42509
42515
42548
42549
42550
42552
42553
42554
42555
42559
42568
42570
42577
42604
42605
42610
42611
42612
42655
42656
42657
42658
42696
42697
42734
42735
42754
42764
42772
42774
42775
42776
42817
42824
42825
42828
42857
42858
42859
42865
42909
42925
42926
43015
43023
43024
43025
43026
43027
43028
43106
43107
43118
43119
43131
43132
43142
43143
43163
43232
43265
43266
43291
43293
43294
43320
43353
43354
43355
43356
43378
43379
43380
43381
43382
43412
43429
43430
43431
43433
43470
43471
43472
43473
43474
43475
43476
43477
43478
43479
43480
43481
43482
43601
43602
43603
43604
43605
43606
43607
43643
43644
43645
43722
43723
43724
43725
43728
43730
43731
43732
43770
43771
43772
43773
43774
43775
43776
43823
43824
43849
43850
43851
43852
43853
43854
43855
43856
43857
43858
43859
43860
43861
43862
44254
44255
44257
44305
44306
44307
44308
44309
44337
44338
44339
44340
44341
44342
44343
44344
44392
44393
44394
44395
44396
44397
44424
44425
44426
44427
44428
44529
44530
44531
44532
44634
44635
44641
44644
44695
44700
44704
44709
44713
44722
44733
44746
44750
44773
44799
44800
44824
44825
44826
44828
44830
44866
44867
44868
44889
44890
44891
44916
44917
44926
44927
45314
45315
45316
45317
45318
45319
45320
45321
45322
45323
45324
45325
45326
45327
45328
45329
45330
45331
45332
45333
45334
45335
45336
45337
45338
45339
45340
45341
45342
45343
45344
45345
45346
45347
45348
45349
45350
45351
45352
45353
45354
45355
45356
45357
45358
45359
45360
45361
45362
45363
45364
45365
45366
45367
45368
45369
45370
45371
45372
45373
45374
45375
45376
45377
45378
45379
45380
45381
45382
45383
45384
45648
45649
45650
45651
45728
45729
45730
45731
45732
45733
45737
45738
45739
45740
45741
45742
45743
45744
45745
45746
45747
45748
45749
45750
45751
46076
46077
46078
46079
46080
46081
46082
46083
46084
46085
46086
46087
46088
46089
46090
46091
46092
46093
46094
46095
46096
46097
46098
46099
46100
46101
46102
46103
46104
46105
46106
46107
46108
46109
46110
46111
46112
46113
46114
46115
46116
46117
46118
46119
46120
46121
46122
46123
46124
46125
46126
46127
46128
46129
46298
46299
46300
46301
46302
46303
46304
46305
46306
46307
46308
46309
46310
46311
46312
46313
46314
46315
46316
46317
46318
46319
46320
46321
46322
46323
46324
46325
46436
46437
46438
46439
46440
46441
46442
46443
46444
46451
46452
46453
46454
46455
46456
46597
46598
46599
46600
46601
46602
46603
46604
46605
46606
46607
46608
46609
46610
46611
46612
46953
46954
46955
46956
46957
46958
46959
46960
46961
46962
46963
46964
46965
46966
46967
46968
46969
46970
46971
46972
46973
46974
46975
46976
46977
46978
46979
46980
46981
46982
46983
46984
46985
46986
46987
46988
46989
46990
46991
46992
46993
46994
46995
46996
46997
46998
46999
47000
47001
47002
47003
47004
47005
47006
47007
47008
47009
47010
47011
47012
47013
47014
47015
47016
47017
47018
47019
47020
47021
47022
47023
47024
47025
47026
47027
47028
47029
47030
47031
47032
47033
47034
47035
47036
47037
47038
47039
47040
47041
47042
47043
47044
47045
47046
47047
47048
47049
47050
47051
47052
47053
47054
47329
47330
47331
47332
47333
47334
47383
47384
47385
47386
47387
47388
47389
47390
47391
47392
47393
47394
47395
47396
47397
47398
47399
47400
47401
47402
47408
47409
47410
47411
47412
47789
47790
47791
47792
47793
47794
47795
47796
47797
47798
47799
47800
47801
47802
47803
47804
47805
47806
47807
47808
47809
47810
47811
47812
47813
47814
47815
47816
47817
47818
47819
47820
47821
47822
47823
47824
47825
47826
47827
47828
47829
47830
47831
47832
47833
47834
47835
47836
47837
47838
47839
47840
47841
47842
47843
47844
47845
47846
47847
47848
47849
47850
47851
47852
47853
47854
47855
47856
47857
47858
47859
47860
47861
47862
47863
47864
47865
47866
47867
47868
47869
47870
47871
47872
47873
47874
47875
47876
47877
47878
47879
47880
47881
47882
47883
47884
47885
48431
48432
48433
48434
48435
48436
48437
48438
48439
48440
48441
48442
48443
48444
48445
48446
48447
48448
48449
48450
48451
48452
48453
48454
48455
48456
48457
48458
48459
48460
48461
48462
48463
48778
48779
48780
48781
48782
48783
48784
48785
48786
48787
48788
48789
48790
48791
48792
48793
48794
48795
48796
48797
48798
48799
48800
48801
48802
48803
48804
49190
49191
49192
49193
49194
49195
49196
49197
49198
49199
49200
49201
49202
49203
49204
49205
49206
49207
49208
49209
49210
49211
49212
49213
49214
49215
49216
49217
49218
49219
49220
49221
49222
49223
49224
49225
49226
49227
49228
49229
49230
49231
49232
49233
49234
49235
49236
49237
49238
49239
49240
49241
49242
49243
49244
49245
49246
49247
49248
49249
49250
49251
49252
49253
49254
49255
49256
49257
49258
49259
49260
49261
49262
49263
49264
49265
49266
49267
49268
49269
49270
49271
49272
49273
49274
49795
49796
49797
49798
49799
49800
49801
49802
49803
49804
49805
49806
49807
49808
49809
49810
49811
49812
49813
49814
49815
49816
49817
49818
49825
49826
49827
49828
49829
49830
49834
49835
49836
49837
49838
49839
49840
49841
49842
50155
50156
50157
50158
50159
50160
50161
50162
50163
50164
50165
50166
50167
50168
50169
50170
50171
50172
50173
50174
50175
50176
50177
50178
50179
50180
50181
50182
50183
50184
50185
50186
50187
50188
50189
50190
50191
50192
50193
50194
50195
50196
50197
50198
50199
50200
50201
50202
50203
50204
50205
50206
50207
50208
50209
50210
50211
50212
50213
50214
50335
50336
50337
50338
50363
50364
50802
50803
50804
50805
50806
50807
50808
50821
50822
50823
50824
50825
50826
50827
50828
50829
50830
51152
51153
51154
51155
51156
51157
51158
51159
51160
51198
51199
51200
51201
51202
51203
51204
51205
51206
51207
51214
51215
51216
51217
51218
51219
51220
51221
51222
51223
51737
51738
51739
51740
51741
51742
51743
51744
51745
51809
51810
51811
51812
51884
51885
51886
51887
51888
51889
51890
51891
51892
51893
51894
51895
51896
51950
51951
51952
51953
51954
51955
51956
51957
51958
51959
51960
51961
52027
52028
52029
52118
52119
52120
52121
52122
52123
52124
52125
52126
52127
52196
52197
52198
52199
52200
52201
52202
52203
52204
52205
52206
52207
52208
52209
52733
52734
52735
52736
52737
52738
52993
52994
52995
53014
53015
53016
53133
53134
53135
53136
53137
53138
53139
53140
53141
53142
53143
53144
53154
53155
53156
53157
53158
53159
53160
53161
53162
53163
53164
53165
53166
53167
53522
53523
53524
53525
53526
53527
53528
53529
53530
53531
53532
53533
53534
53535
53536
53666
53667
53668
53669
53670
53671
53684
53685
53686
53783
53784
53785
53795
53796
53797
53831
53832
53833
54077
54078
54079
54080
54081
54082
54083
54084
54085
54086
54087
54088
55246
55247
55269
55270
55271
55272
55273
55274
55275
55276
55277
55440
55441
55442
55443
55444
55445
55446
55447
55448
55449
55450
55451
55452
55453
55454
56751
56752
56782
56783
56784
56785
56786
56787
56788
56789
56790
56791
56792
56793
56828
56829
56830
56831
56832
56833
56834
56835
56836
56837
56838
56839
56840
56841
56842
56843
56844
56845
56846
56847
56848
56849
56850
56851
57166
57167
57168
57169
57170
57171
57172
57173
57174
57175
57176
57177
57178
57179
57180
57181
57182
57183
57669
57670
57671
57672
57673
57674
57675
57676
57677
58424
58425
58426
58430
58431
58432
58540
58541
58542
58543
58544
58545
58650
58651
58652
58911
58912
58913
58914
58915
58916
)


// ************************************************************************* //
