/*--------------------------------*- C++ -*----------------------------------*\
  =========                 |
  \\      /  F ield         | OpenFOAM: The Open Source CFD Toolbox
   \\    /   O peration     | Website:  https://openfoam.org
    \\  /    A nd           | Version:  8
     \\/     M anipulation  |
\*---------------------------------------------------------------------------*/
/*   Windows 32 and 64 bit porting by blueCAPE: http://www.bluecape.com.pt   *\
|  Based on Windows porting (2.0.x v4) by Symscape: http://www.symscape.com   |
\*---------------------------------------------------------------------------*/
FoamFile
{
    version     2.0;
    format      ascii;
    class       faceSet;
    location    "constant/air/polyMesh/sets";
    object      layerFaces;
}
// * * * * * * * * * * * * * * * * * * * * * * * * * * * * * * * * * * * * * //


667
(
16384 
17409 
17412 
16389 
15366 
17417 
16398 
15376 
17425 
16402 
17429 
16409 
15386 
17436 
16412 
17439 
17441 
16417 
15394 
16419 
17444 
16422 
15403 
17452 
17456 
16432 
15411 
17463 
17464 
16440 
17467 
16443 
15419 
17472 
16448 
16450 
16453 
15429 
17480 
16457 
17484 
15439 
16464 
17491 
16468 
17494 
15447 
17496 
16475 
17502 
16478 
15457 
17507 
16483 
16484 
16485 
16489 
17514 
15467 
16496 
17521 
15475 
16500 
17528 
17530 
16507 
15483 
17533 
16509 
17536 
16512 
16514 
15491 
17541 
16517 
17543 
16520 
17546 
15499 
17549 
16525 
16528 
15504 
17554 
17556 
16533 
17559 
16536 
15513 
17562 
16541 
15518 
17567 
16543 
17569 
16546 
17572 
16549 
17575 
15527 
16554 
15531 
17580 
16556 
17582 
16559 
16560 
17585 
16561 
17586 
15538 
16564 
15542 
16569 
16572 
15552 
16577 
15555 
16580 
15560 
16585 
16587 
15564 
16590 
16593 
15571 
15573 
16598 
17623 
15576 
16601 
17626 
15578 
17627 
15581 
16606 
17635 
16612 
15588 
16615 
17641 
17644 
16620 
16622 
17649 
16625 
15601 
17651 
16629 
17654 
15607 
16632 
17658 
16637 
16640 
17665 
15618 
17668 
16645 
15622 
16647 
17673 
16650 
17676 
16653 
15629 
17681 
16658 
17683 
16661 
15637 
17686 
16666 
15643 
17692 
16668 
17694 
16671 
17697 
16673 
15649 
16676 
17701 
17702 
16678 
17703 
16681 
16684 
15660 
17709 
15664 
16689 
17715 
16692 
17718 
15671 
16697 
17723 
16699 
17724 
15676 
17725 
16702 
16705 
17731 
15685 
16710 
17735 
16712 
17737 
15689 
16715 
17740 
17741 
17742 
16718 
15696 
16723 
15699 
17748 
16725 
17750 
16728 
15704 
17753 
16730 
15708 
17757 
16733 
17758 
17759 
16736 
17763 
15715 
16741 
15718 
16743 
17770 
16746 
15723 
17773 
16749 
15728 
17778 
16754 
17781 
16757 
15737 
17786 
16762 
17788 
16764 
15741 
17791 
16767 
16769 
17795 
16772 
15748 
16774 
16777 
15753 
17802 
16779 
17804 
16782 
17807 
17809 
15762 
17812 
16788 
17814 
16790 
15766 
17817 
16793 
17820 
16797 
15773 
16799 
17825 
16802 
17827 
15779 
16804 
17830 
16807 
17832 
16809 
17835 
17836 
16812 
17837 
15790 
17841 
16817 
15793 
15798 
17848 
16826 
17851 
15804 
16830 
17856 
17859 
15815 
17864 
16841 
17866 
15818 
17869 
15823 
17873 
15826 
16852 
15831 
17880 
17882 
15835 
17885 
16861 
17887 
17890 
15842 
17892 
15845 
17895 
16871 
17898 
15850 
15853 
17903 
16881 
17906 
15858 
15862 
17911 
16889 
17914 
15869 
17919 
17920 
15872 
17921 
16898 
17925 
15877 
15883 
17932 
16908 
15886 
17935 
15891 
17940 
16917 
15894 
17943 
15899 
17948 
17950 
16927 
15904 
17953 
17956 
17961 
16937 
15913 
17963 
17966 
15918 
17968 
16945 
17971 
17972 
17973 
15927 
17976 
15931 
17981 
17984 
15938 
17989 
15942 
17992 
17997 
16973 
18000 
15956 
18005 
16983 
18008 
15961 
15964 
18013 
18015 
16993 
18018 
18020 
16996 
18023 
15975 
18024 
18025 
17001 
15978 
18028 
17006 
15982 
18033 
18035 
18038 
17014 
18040 
17018 
18043 
18044 
18045 
15997 
18047 
17025 
18050 
17026 
16002 
17027 
18052 
16005 
18055 
18056 
18057 
18060 
18065 
17042 
16018 
18068 
16021 
18073 
16025 
18076 
17052 
16032 
18081 
17057 
18082 
18083 
16037 
18087 
17066 
17069 
18094 
16046 
18096 
16049 
17074 
18099 
18101 
16054 
17079 
18104 
16056 
18106 
16059 
18109 
17087 
18112 
16064 
17090 
18117 
17095 
18120 
16073 
17098 
17099 
17100 
18125 
16077 
18128 
16084 
18133 
18134 
17110 
16086 
18135 
16089 
18138 
17114 
16092 
18143 
18145 
17121 
16097 
18148 
17124 
18150 
16102 
17127 
18153 
18154 
18155 
17132 
18157 
16111 
18160 
18162 
16115 
17140 
18165 
18167 
17145 
15097 
18170 
16122 
18172 
16124 
18175 
16127 
18176 
15104 
18177 
17154 
16130 
18179 
17156 
18182 
18183 
17159 
16135 
18184 
18186 
18189 
15117 
18190 
18191 
18193 
16145 
17171 
15123 
18196 
18197 
18198 
18200 
16154 
18203 
18204 
18205 
17182 
16158 
15134 
18207 
18210 
17187 
18212 
15140 
16165 
18215 
16167 
18216 
18217 
18218 
16170 
18219 
17196 
18221 
16174 
15151 
18224 
18225 
18226 
18227 
18228 
17204 
15156 
18229 
16181 
16182 
16185 
17213 
15165 
16193 
17221 
15175 
17225 
17228 
15181 
16207 
17238 
15192 
16217 
17243 
15198 
16225 
17252 
17255 
15209 
16234 
17260 
15213 
17265 
16244 
15220 
17273 
15225 
16252 
17277 
15234 
17284 
16262 
17287 
15240 
17289 
17292 
16270 
15251 
17302 
16279 
15257 
17306 
17313 
17316 
15268 
16294 
17319 
15272 
17324 
16300 
15279 
17332 
16309 
15287 
17337 
15291 
17346 
15298 
16323 
17348 
15302 
17351 
17356 
16332 
15309 
15312 
16338 
17363 
15317 
16343 
15319 
17368 
15322 
16347 
15325 
17377 
16354 
15330 
17380 
16357 
16360 
17385 
15340 
16370 
17395 
17399 
16376 
16377 
16379 
17406 
16382 
15358 
16383 
)

// ************************************************************************* //
