/*--------------------------------*- C++ -*----------------------------------*\
  =========                 |
  \\      /  F ield         | OpenFOAM: The Open Source CFD Toolbox
   \\    /   O peration     | Website:  https://openfoam.org
    \\  /    A nd           | Version:  8
     \\/     M anipulation  |
\*---------------------------------------------------------------------------*/
/*   Windows 32 and 64 bit porting by blueCAPE: http://www.bluecape.com.pt   *\
|  Based on Windows porting (2.0.x v4) by Symscape: http://www.symscape.com   |
\*---------------------------------------------------------------------------*/
FoamFile
{
    version     2.0;
    format      ascii;
    class       labelList;
    location    "constant/tower/polyMesh";
    object      pointProcAddressing;
}
// * * * * * * * * * * * * * * * * * * * * * * * * * * * * * * * * * * * * * //


8668
(
7138
7139
7140
7141
7142
7143
7156
7157
7158
7159
7160
7161
7162
7163
7164
7165
7166
7167
7168
7169
7170
7171
7172
7173
7175
7176
7177
7178
7179
7180
7181
7182
7183
7184
7185
7186
7187
7188
7189
7190
7191
7192
7193
7194
7195
7196
7197
7198
7200
7201
7202
7203
7204
7205
7206
7207
7208
7209
7210
7211
7212
7213
7214
7215
7216
7217
7218
7219
7220
7221
7222
7223
7225
7226
7227
7228
7229
7230
7231
7232
7233
7234
7235
7236
7237
7238
7239
7240
7241
7242
7243
7244
7245
7246
7247
7248
7249
7250
7251
7252
7253
7254
7255
7256
7257
7258
7259
7260
7261
7262
7263
7264
7265
7266
7267
7268
7269
7270
7271
7272
7273
7274
7275
7276
7277
7278
7279
7280
7281
7282
7283
7284
7285
7286
7287
7288
7289
7290
7291
7292
7293
7294
7295
7296
7297
7298
7299
7300
7301
7302
7303
7304
7305
7306
7307
7308
7309
7310
7311
7312
7313
7314
7315
7316
7317
7318
7319
7320
7321
7322
7325
7326
7327
7328
7329
7330
7331
7332
7333
7334
7335
7336
7337
7338
7339
7340
7341
7342
7343
7344
7345
7346
7347
7350
7351
7352
7353
7354
7355
7356
7357
7358
7359
7360
7361
7362
7363
7364
7365
7366
7367
7368
7369
7370
7371
7372
7376
7377
7378
7379
7380
7381
7382
7383
7384
7385
7386
7387
7388
7389
7390
7391
7392
7393
7394
7395
7396
7397
7401
7402
7403
7404
7405
7406
7407
7408
7409
7410
7411
7412
7413
7414
7415
7416
7417
7418
7419
7420
7421
7422
7427
7428
7429
7430
7431
7432
7433
7434
7435
7436
7437
7438
7439
7440
7441
7442
7443
7444
7445
7446
7447
7452
7453
7454
7455
7456
7457
7458
7459
7460
7461
7462
7463
7464
7465
7466
7467
7468
7469
7470
7471
7472
7477
7478
7479
7480
7481
7482
7483
7484
7485
7486
7487
7488
7489
7490
7491
7492
7493
7494
7495
7496
7497
7503
7504
7505
7506
7507
7508
7509
7510
7511
7512
7513
7514
7515
7516
7517
7518
7519
7520
7521
7522
7528
7529
7530
7531
7532
7533
7534
7535
7536
7537
7538
7539
7540
7541
7542
7543
7544
7545
7546
7547
7554
7555
7556
7557
7558
7559
7560
7561
7562
7563
7564
7565
7566
7567
7568
7569
7570
7571
7572
7579
7580
7581
7582
7583
7584
7585
7586
7587
7588
7589
7590
7591
7592
7593
7594
7595
7596
7597
7605
7606
7607
7608
7609
7610
7611
7612
7613
7614
7615
7616
7617
7618
7619
7620
7621
7622
7631
7632
7633
7634
7635
7636
7637
7638
7639
7640
7641
7642
7643
7644
7645
7646
7647
7689
7694
7719
7720
7721
7723
7724
7725
7726
7727
7728
7729
7730
7731
7732
7733
7734
7735
7736
7737
7738
7739
7740
7741
7742
7743
7744
7745
7746
7747
7748
7749
7750
7751
7752
7753
7754
7755
7773
7774
7775
7776
7777
7778
7779
7780
7781
7782
7783
7784
7785
7786
7787
7788
7789
7790
7791
7792
7793
7794
7795
7796
7797
7798
7799
7800
7801
7802
7803
7804
7815
7816
7817
7818
7819
7820
7821
7822
7823
7824
7825
7826
7827
7828
7829
7840
7841
7842
7843
7844
7845
7846
7847
7848
7849
7850
7851
7852
7853
7854
7866
7867
7868
7869
7870
7871
7872
7873
7874
7875
7876
7877
7878
7879
7892
7893
7894
7895
7896
7897
7898
7899
7900
7901
7902
7903
7904
7919
7920
7921
7922
7923
7924
7925
7926
7927
7928
7929
7945
7946
7947
7948
7949
7950
7951
7952
7953
7954
7970
7971
7972
7973
7974
7975
7976
7977
7978
7979
7996
7997
7998
7999
8000
8001
8002
8003
8004
8022
8023
8024
8025
8026
8027
8028
8029
8053
8054
8266
8267
8268
8269
8270
8271
8272
8273
8274
8275
8276
8287
9111
9112
9113
9114
9115
9116
9117
9118
9119
9120
9121
9122
9123
9124
9125
9126
9127
9128
9129
9130
9131
9132
9133
9134
9144
9145
9146
9147
9148
9149
9150
9151
9152
9153
9154
9164
9165
9166
9167
9168
9169
9170
9171
9172
9173
9174
9184
9185
9186
9187
9188
9189
9190
9191
9192
9193
9194
9205
9206
9207
9208
9209
9210
9211
9212
9213
9214
9225
9226
9227
9228
9229
9230
9231
9232
9233
9234
9245
9246
9247
9248
9249
9250
9251
9252
9253
9254
9266
9267
9268
9269
9270
9271
9272
9273
9274
9286
9287
9288
9289
9290
9291
9292
9293
9294
9306
9307
9308
9309
9310
9311
9312
9313
9314
9327
9328
9329
9330
9331
9332
9333
9334
9348
9349
9350
9351
9352
9353
9354
9368
9369
9370
9371
9372
9373
9374
9389
9390
9391
9392
9393
9394
9409
9410
9411
9412
9413
9414
9429
9430
9431
9432
9433
9434
9451
9452
9453
9454
9472
9473
9474
9493
9494
21982
21983
21984
21985
21986
21987
22000
22001
22002
22003
22004
22005
22006
22007
22008
22009
22010
22011
22012
22013
22014
22015
22016
22017
22019
22020
22021
22022
22023
22024
22025
22026
22027
22028
22029
22030
22031
22032
22033
22034
22035
22036
22037
22038
22039
22040
22041
22042
22044
22045
22046
22047
22048
22049
22050
22051
22052
22053
22054
22055
22056
22057
22058
22059
22060
22061
22062
22063
22064
22065
22066
22067
22069
22070
22071
22072
22073
22074
22075
22076
22077
22078
22079
22080
22081
22082
22083
22084
22085
22086
22087
22088
22089
22090
22091
22092
22093
22094
22095
22096
22097
22098
22099
22100
22101
22102
22103
22104
22105
22106
22107
22108
22109
22110
22111
22112
22113
22114
22115
22116
22117
22118
22119
22120
22121
22122
22123
22124
22125
22126
22127
22128
22129
22130
22131
22132
22133
22134
22135
22136
22137
22138
22139
22140
22141
22142
22143
22144
22145
22146
22147
22148
22149
22150
22151
22152
22153
22154
22155
22156
22157
22158
22159
22160
22161
22162
22163
22164
22165
22166
22169
22170
22171
22172
22173
22174
22175
22176
22177
22178
22179
22180
22181
22182
22183
22184
22185
22186
22187
22188
22189
22190
22191
22194
22195
22196
22197
22198
22199
22200
22201
22202
22203
22204
22205
22206
22207
22208
22209
22210
22211
22212
22213
22214
22215
22216
22220
22221
22222
22223
22224
22225
22226
22227
22228
22229
22230
22231
22232
22233
22234
22235
22236
22237
22238
22239
22240
22241
22245
22246
22247
22248
22249
22250
22251
22252
22253
22254
22255
22256
22257
22258
22259
22260
22261
22262
22263
22264
22265
22266
22271
22272
22273
22274
22275
22276
22277
22278
22279
22280
22281
22282
22283
22284
22285
22286
22287
22288
22289
22290
22291
22296
22297
22298
22299
22300
22301
22302
22303
22304
22305
22306
22307
22308
22309
22310
22311
22312
22313
22314
22315
22316
22321
22322
22323
22324
22325
22326
22327
22328
22329
22330
22331
22332
22333
22334
22335
22336
22337
22338
22339
22340
22341
22347
22348
22349
22350
22351
22352
22353
22354
22355
22356
22357
22358
22359
22360
22361
22362
22363
22364
22365
22366
22372
22373
22374
22375
22376
22377
22378
22379
22380
22381
22382
22383
22384
22385
22386
22387
22388
22389
22390
22391
22398
22399
22400
22401
22402
22403
22404
22405
22406
22407
22408
22409
22410
22411
22412
22413
22414
22415
22416
22423
22424
22425
22426
22427
22428
22429
22430
22431
22432
22433
22434
22435
22436
22437
22438
22439
22440
22441
22449
22450
22451
22452
22453
22454
22455
22456
22457
22458
22459
22460
22461
22462
22463
22464
22465
22466
22475
22476
22477
22478
22479
22480
22481
22482
22483
22484
22485
22486
22487
22488
22489
22490
22491
22533
22538
22563
22564
22565
22567
22568
22569
22570
22571
22572
22573
22574
22575
22576
22577
22578
22579
22580
22581
22582
22583
22584
22585
22586
22587
22588
22589
22590
22591
22592
22593
22594
22595
22596
22597
22598
22599
22617
22618
22619
22620
22621
22622
22623
22624
22625
22626
22627
22628
22629
22630
22631
22632
22633
22634
22635
22636
22637
22638
22639
22640
22641
22642
22643
22644
22645
22646
22647
22648
22659
22660
22661
22662
22663
22664
22665
22666
22667
22668
22669
22670
22671
22672
22673
22684
22685
22686
22687
22688
22689
22690
22691
22692
22693
22694
22695
22696
22697
22698
22710
22711
22712
22713
22714
22715
22716
22717
22718
22719
22720
22721
22722
22723
22736
22737
22738
22739
22740
22741
22742
22743
22744
22745
22746
22747
22748
22763
22764
22765
22766
22767
22768
22769
22770
22771
22772
22773
22789
22790
22791
22792
22793
22794
22795
22796
22797
22798
22814
22815
22816
22817
22818
22819
22820
22821
22822
22823
22840
22841
22842
22843
22844
22845
22846
22847
22848
22866
22867
22868
22869
22870
22871
22872
22873
22897
22898
23110
23111
23112
23113
23114
23115
23116
23117
23118
23119
23120
23131
23955
23956
23957
23958
23959
23960
23961
23962
23963
23964
23965
23966
23967
23968
23969
23970
23971
23972
23973
23974
23975
23976
23977
23978
23988
23989
23990
23991
23992
23993
23994
23995
23996
23997
23998
24008
24009
24010
24011
24012
24013
24014
24015
24016
24017
24018
24028
24029
24030
24031
24032
24033
24034
24035
24036
24037
24038
24049
24050
24051
24052
24053
24054
24055
24056
24057
24058
24069
24070
24071
24072
24073
24074
24075
24076
24077
24078
24089
24090
24091
24092
24093
24094
24095
24096
24097
24098
24110
24111
24112
24113
24114
24115
24116
24117
24118
24130
24131
24132
24133
24134
24135
24136
24137
24138
24150
24151
24152
24153
24154
24155
24156
24157
24158
24171
24172
24173
24174
24175
24176
24177
24178
24192
24193
24194
24195
24196
24197
24198
24212
24213
24214
24215
24216
24217
24218
24233
24234
24235
24236
24237
24238
24253
24254
24255
24256
24257
24258
24273
24274
24275
24276
24277
24278
24295
24296
24297
24298
24316
24317
24318
24337
24338
36826
36827
36828
36829
36830
36831
36844
36845
36846
36847
36848
36849
36850
36851
36852
36853
36854
36855
36856
36857
36858
36859
36860
36861
36863
36864
36865
36866
36867
36868
36869
36870
36871
36872
36873
36874
36875
36876
36877
36878
36879
36880
36881
36882
36883
36884
36885
36886
36888
36889
36890
36891
36892
36893
36894
36895
36896
36897
36898
36899
36900
36901
36902
36903
36904
36905
36906
36907
36908
36909
36910
36911
36913
36914
36915
36916
36917
36918
36919
36920
36921
36922
36923
36924
36925
36926
36927
36928
36929
36930
36931
36932
36933
36934
36935
36936
36937
36938
36939
36940
36941
36942
36943
36944
36945
36946
36947
36948
36949
36950
36951
36952
36953
36954
36955
36956
36957
36958
36959
36960
36961
36962
36963
36964
36965
36966
36967
36968
36969
36970
36971
36972
36973
36974
36975
36976
36977
36978
36979
36980
36981
36982
36983
36984
36985
36986
36987
36988
36989
36990
36991
36992
36993
36994
36995
36996
36997
36998
36999
37000
37001
37002
37003
37004
37005
37006
37007
37008
37009
37010
37013
37014
37015
37016
37017
37018
37019
37020
37021
37022
37023
37024
37025
37026
37027
37028
37029
37030
37031
37032
37033
37034
37035
37038
37039
37040
37041
37042
37043
37044
37045
37046
37047
37048
37049
37050
37051
37052
37053
37054
37055
37056
37057
37058
37059
37060
37064
37065
37066
37067
37068
37069
37070
37071
37072
37073
37074
37075
37076
37077
37078
37079
37080
37081
37082
37083
37084
37085
37089
37090
37091
37092
37093
37094
37095
37096
37097
37098
37099
37100
37101
37102
37103
37104
37105
37106
37107
37108
37109
37110
37115
37116
37117
37118
37119
37120
37121
37122
37123
37124
37125
37126
37127
37128
37129
37130
37131
37132
37133
37134
37135
37140
37141
37142
37143
37144
37145
37146
37147
37148
37149
37150
37151
37152
37153
37154
37155
37156
37157
37158
37159
37160
37165
37166
37167
37168
37169
37170
37171
37172
37173
37174
37175
37176
37177
37178
37179
37180
37181
37182
37183
37184
37185
37191
37192
37193
37194
37195
37196
37197
37198
37199
37200
37201
37202
37203
37204
37205
37206
37207
37208
37209
37210
37216
37217
37218
37219
37220
37221
37222
37223
37224
37225
37226
37227
37228
37229
37230
37231
37232
37233
37234
37235
37242
37243
37244
37245
37246
37247
37248
37249
37250
37251
37252
37253
37254
37255
37256
37257
37258
37259
37260
37267
37268
37269
37270
37271
37272
37273
37274
37275
37276
37277
37278
37279
37280
37281
37282
37283
37284
37285
37293
37294
37295
37296
37297
37298
37299
37300
37301
37302
37303
37304
37305
37306
37307
37308
37309
37310
37319
37320
37321
37322
37323
37324
37325
37326
37327
37328
37329
37330
37331
37332
37333
37334
37335
37377
37382
37407
37408
37409
37411
37412
37413
37414
37415
37416
37417
37418
37419
37420
37421
37422
37423
37424
37425
37426
37427
37428
37429
37430
37431
37432
37433
37434
37435
37436
37437
37438
37439
37440
37441
37442
37443
37461
37462
37463
37464
37465
37466
37467
37468
37469
37470
37471
37472
37473
37474
37475
37476
37477
37478
37479
37480
37481
37482
37483
37484
37485
37486
37487
37488
37489
37490
37491
37492
37503
37504
37505
37506
37507
37508
37509
37510
37511
37512
37513
37514
37515
37516
37517
37528
37529
37530
37531
37532
37533
37534
37535
37536
37537
37538
37539
37540
37541
37542
37554
37555
37556
37557
37558
37559
37560
37561
37562
37563
37564
37565
37566
37567
37580
37581
37582
37583
37584
37585
37586
37587
37588
37589
37590
37591
37592
37607
37608
37609
37610
37611
37612
37613
37614
37615
37616
37617
37633
37634
37635
37636
37637
37638
37639
37640
37641
37642
37658
37659
37660
37661
37662
37663
37664
37665
37666
37667
37684
37685
37686
37687
37688
37689
37690
37691
37692
37710
37711
37712
37713
37714
37715
37716
37717
37741
37742
37954
37955
37956
37957
37958
37959
37960
37961
37962
37963
37964
37975
38799
38800
38801
38802
38803
38804
38805
38806
38807
38808
38809
38810
38811
38812
38813
38814
38815
38816
38817
38818
38819
38820
38821
38822
38832
38833
38834
38835
38836
38837
38838
38839
38840
38841
38842
38852
38853
38854
38855
38856
38857
38858
38859
38860
38861
38862
38872
38873
38874
38875
38876
38877
38878
38879
38880
38881
38882
38893
38894
38895
38896
38897
38898
38899
38900
38901
38902
38913
38914
38915
38916
38917
38918
38919
38920
38921
38922
38933
38934
38935
38936
38937
38938
38939
38940
38941
38942
38954
38955
38956
38957
38958
38959
38960
38961
38962
38974
38975
38976
38977
38978
38979
38980
38981
38982
38994
38995
38996
38997
38998
38999
39000
39001
39002
39015
39016
39017
39018
39019
39020
39021
39022
39036
39037
39038
39039
39040
39041
39042
39056
39057
39058
39059
39060
39061
39062
39077
39078
39079
39080
39081
39082
39097
39098
39099
39100
39101
39102
39117
39118
39119
39120
39121
39122
39139
39140
39141
39142
39160
39161
39162
39181
39182
51670
51671
51672
51673
51674
51675
51688
51689
51690
51691
51692
51693
51694
51695
51696
51697
51698
51699
51700
51701
51702
51703
51704
51705
51707
51708
51709
51710
51711
51712
51713
51714
51715
51716
51717
51718
51719
51720
51721
51722
51723
51724
51725
51726
51727
51728
51729
51730
51732
51733
51734
51735
51736
51737
51738
51739
51740
51741
51742
51743
51744
51745
51746
51747
51748
51749
51750
51751
51752
51753
51754
51755
51757
51758
51759
51760
51761
51762
51763
51764
51765
51766
51767
51768
51769
51770
51771
51772
51773
51774
51775
51776
51777
51778
51779
51780
51781
51782
51783
51784
51785
51786
51787
51788
51789
51790
51791
51792
51793
51794
51795
51796
51797
51798
51799
51800
51801
51802
51803
51804
51805
51806
51807
51808
51809
51810
51811
51812
51813
51814
51815
51816
51817
51818
51819
51820
51821
51822
51823
51824
51825
51826
51827
51828
51829
51830
51831
51832
51833
51834
51835
51836
51837
51838
51839
51840
51841
51842
51843
51844
51845
51846
51847
51848
51849
51850
51851
51852
51853
51854
51857
51858
51859
51860
51861
51862
51863
51864
51865
51866
51867
51868
51869
51870
51871
51872
51873
51874
51875
51876
51877
51878
51879
51882
51883
51884
51885
51886
51887
51888
51889
51890
51891
51892
51893
51894
51895
51896
51897
51898
51899
51900
51901
51902
51903
51904
51908
51909
51910
51911
51912
51913
51914
51915
51916
51917
51918
51919
51920
51921
51922
51923
51924
51925
51926
51927
51928
51929
51933
51934
51935
51936
51937
51938
51939
51940
51941
51942
51943
51944
51945
51946
51947
51948
51949
51950
51951
51952
51953
51954
51959
51960
51961
51962
51963
51964
51965
51966
51967
51968
51969
51970
51971
51972
51973
51974
51975
51976
51977
51978
51979
51984
51985
51986
51987
51988
51989
51990
51991
51992
51993
51994
51995
51996
51997
51998
51999
52000
52001
52002
52003
52004
52009
52010
52011
52012
52013
52014
52015
52016
52017
52018
52019
52020
52021
52022
52023
52024
52025
52026
52027
52028
52029
52035
52036
52037
52038
52039
52040
52041
52042
52043
52044
52045
52046
52047
52048
52049
52050
52051
52052
52053
52054
52060
52061
52062
52063
52064
52065
52066
52067
52068
52069
52070
52071
52072
52073
52074
52075
52076
52077
52078
52079
52086
52087
52088
52089
52090
52091
52092
52093
52094
52095
52096
52097
52098
52099
52100
52101
52102
52103
52104
52111
52112
52113
52114
52115
52116
52117
52118
52119
52120
52121
52122
52123
52124
52125
52126
52127
52128
52129
52137
52138
52139
52140
52141
52142
52143
52144
52145
52146
52147
52148
52149
52150
52151
52152
52153
52154
52163
52164
52165
52166
52167
52168
52169
52170
52171
52172
52173
52174
52175
52176
52177
52178
52179
52221
52226
52251
52252
52253
52255
52256
52257
52258
52259
52260
52261
52262
52263
52264
52265
52266
52267
52268
52269
52270
52271
52272
52273
52274
52275
52276
52277
52278
52279
52280
52281
52282
52283
52284
52285
52286
52287
52305
52306
52307
52308
52309
52310
52311
52312
52313
52314
52315
52316
52317
52318
52319
52320
52321
52322
52323
52324
52325
52326
52327
52328
52329
52330
52331
52332
52333
52334
52335
52336
52347
52348
52349
52350
52351
52352
52353
52354
52355
52356
52357
52358
52359
52360
52361
52372
52373
52374
52375
52376
52377
52378
52379
52380
52381
52382
52383
52384
52385
52386
52398
52399
52400
52401
52402
52403
52404
52405
52406
52407
52408
52409
52410
52411
52424
52425
52426
52427
52428
52429
52430
52431
52432
52433
52434
52435
52436
52451
52452
52453
52454
52455
52456
52457
52458
52459
52460
52461
52477
52478
52479
52480
52481
52482
52483
52484
52485
52486
52502
52503
52504
52505
52506
52507
52508
52509
52510
52511
52528
52529
52530
52531
52532
52533
52534
52535
52536
52554
52555
52556
52557
52558
52559
52560
52561
52585
52586
52798
52799
52800
52801
52802
52803
52804
52805
52806
52807
52808
52819
53643
53644
53645
53646
53647
53648
53649
53650
53651
53652
53653
53654
53655
53656
53657
53658
53659
53660
53661
53662
53663
53664
53665
53666
53676
53677
53678
53679
53680
53681
53682
53683
53684
53685
53686
53696
53697
53698
53699
53700
53701
53702
53703
53704
53705
53706
53716
53717
53718
53719
53720
53721
53722
53723
53724
53725
53726
53737
53738
53739
53740
53741
53742
53743
53744
53745
53746
53757
53758
53759
53760
53761
53762
53763
53764
53765
53766
53777
53778
53779
53780
53781
53782
53783
53784
53785
53786
53798
53799
53800
53801
53802
53803
53804
53805
53806
53818
53819
53820
53821
53822
53823
53824
53825
53826
53838
53839
53840
53841
53842
53843
53844
53845
53846
53859
53860
53861
53862
53863
53864
53865
53866
53880
53881
53882
53883
53884
53885
53886
53900
53901
53902
53903
53904
53905
53906
53921
53922
53923
53924
53925
53926
53941
53942
53943
53944
53945
53946
53961
53962
53963
53964
53965
53966
53983
53984
53985
53986
54004
54005
54006
54025
54026
66514
66515
66516
66517
66518
66519
66532
66533
66534
66535
66536
66537
66538
66539
66540
66541
66542
66543
66544
66545
66546
66547
66548
66549
66551
66552
66553
66554
66555
66556
66557
66558
66559
66560
66561
66562
66563
66564
66565
66566
66567
66568
66569
66570
66571
66572
66573
66574
66576
66577
66578
66579
66580
66581
66582
66583
66584
66585
66586
66587
66588
66589
66590
66591
66592
66593
66594
66595
66596
66597
66598
66599
66601
66602
66603
66604
66605
66606
66607
66608
66609
66610
66611
66612
66613
66614
66615
66616
66617
66618
66619
66620
66621
66622
66623
66624
66625
66626
66627
66628
66629
66630
66631
66632
66633
66634
66635
66636
66637
66638
66639
66640
66641
66642
66643
66644
66645
66646
66647
66648
66649
66650
66651
66652
66653
66654
66655
66656
66657
66658
66659
66660
66661
66662
66663
66664
66665
66666
66667
66668
66669
66670
66671
66672
66673
66674
66675
66676
66677
66678
66679
66680
66681
66682
66683
66684
66685
66686
66687
66688
66689
66690
66691
66692
66693
66694
66695
66696
66697
66698
66701
66702
66703
66704
66705
66706
66707
66708
66709
66710
66711
66712
66713
66714
66715
66716
66717
66718
66719
66720
66721
66722
66723
66726
66727
66728
66729
66730
66731
66732
66733
66734
66735
66736
66737
66738
66739
66740
66741
66742
66743
66744
66745
66746
66747
66748
66752
66753
66754
66755
66756
66757
66758
66759
66760
66761
66762
66763
66764
66765
66766
66767
66768
66769
66770
66771
66772
66773
66777
66778
66779
66780
66781
66782
66783
66784
66785
66786
66787
66788
66789
66790
66791
66792
66793
66794
66795
66796
66797
66798
66803
66804
66805
66806
66807
66808
66809
66810
66811
66812
66813
66814
66815
66816
66817
66818
66819
66820
66821
66822
66823
66828
66829
66830
66831
66832
66833
66834
66835
66836
66837
66838
66839
66840
66841
66842
66843
66844
66845
66846
66847
66848
66853
66854
66855
66856
66857
66858
66859
66860
66861
66862
66863
66864
66865
66866
66867
66868
66869
66870
66871
66872
66873
66879
66880
66881
66882
66883
66884
66885
66886
66887
66888
66889
66890
66891
66892
66893
66894
66895
66896
66897
66898
66904
66905
66906
66907
66908
66909
66910
66911
66912
66913
66914
66915
66916
66917
66918
66919
66920
66921
66922
66923
66930
66931
66932
66933
66934
66935
66936
66937
66938
66939
66940
66941
66942
66943
66944
66945
66946
66947
66948
66955
66956
66957
66958
66959
66960
66961
66962
66963
66964
66965
66966
66967
66968
66969
66970
66971
66972
66973
66981
66982
66983
66984
66985
66986
66987
66988
66989
66990
66991
66992
66993
66994
66995
66996
66997
66998
67007
67008
67009
67010
67011
67012
67013
67014
67015
67016
67017
67018
67019
67020
67021
67022
67023
67065
67070
67095
67096
67097
67099
67100
67101
67102
67103
67104
67105
67106
67107
67108
67109
67110
67111
67112
67113
67114
67115
67116
67117
67118
67119
67120
67121
67122
67123
67124
67125
67126
67127
67128
67129
67130
67131
67149
67150
67151
67152
67153
67154
67155
67156
67157
67158
67159
67160
67161
67162
67163
67164
67165
67166
67167
67168
67169
67170
67171
67172
67173
67174
67175
67176
67177
67178
67179
67180
67191
67192
67193
67194
67195
67196
67197
67198
67199
67200
67201
67202
67203
67204
67205
67216
67217
67218
67219
67220
67221
67222
67223
67224
67225
67226
67227
67228
67229
67230
67242
67243
67244
67245
67246
67247
67248
67249
67250
67251
67252
67253
67254
67255
67268
67269
67270
67271
67272
67273
67274
67275
67276
67277
67278
67279
67280
67295
67296
67297
67298
67299
67300
67301
67302
67303
67304
67305
67321
67322
67323
67324
67325
67326
67327
67328
67329
67330
67346
67347
67348
67349
67350
67351
67352
67353
67354
67355
67372
67373
67374
67375
67376
67377
67378
67379
67380
67398
67399
67400
67401
67402
67403
67404
67405
67429
67430
67642
67643
67644
67645
67646
67647
67648
67649
67650
67651
67652
67663
68487
68488
68489
68490
68491
68492
68493
68494
68495
68496
68497
68498
68499
68500
68501
68502
68503
68504
68505
68506
68507
68508
68509
68510
68520
68521
68522
68523
68524
68525
68526
68527
68528
68529
68530
68540
68541
68542
68543
68544
68545
68546
68547
68548
68549
68550
68560
68561
68562
68563
68564
68565
68566
68567
68568
68569
68570
68581
68582
68583
68584
68585
68586
68587
68588
68589
68590
68601
68602
68603
68604
68605
68606
68607
68608
68609
68610
68621
68622
68623
68624
68625
68626
68627
68628
68629
68630
68642
68643
68644
68645
68646
68647
68648
68649
68650
68662
68663
68664
68665
68666
68667
68668
68669
68670
68682
68683
68684
68685
68686
68687
68688
68689
68690
68703
68704
68705
68706
68707
68708
68709
68710
68724
68725
68726
68727
68728
68729
68730
68744
68745
68746
68747
68748
68749
68750
68765
68766
68767
68768
68769
68770
68785
68786
68787
68788
68789
68790
68805
68806
68807
68808
68809
68810
68827
68828
68829
68830
68848
68849
68850
68869
68870
81358
81359
81360
81361
81362
81363
81376
81377
81378
81379
81380
81381
81382
81383
81384
81385
81386
81387
81388
81389
81390
81391
81392
81393
81395
81396
81397
81398
81399
81400
81401
81402
81403
81404
81405
81406
81407
81408
81409
81410
81411
81412
81413
81414
81415
81416
81417
81418
81420
81421
81422
81423
81424
81425
81426
81427
81428
81429
81430
81431
81432
81433
81434
81435
81436
81437
81438
81439
81440
81441
81442
81443
81445
81446
81447
81448
81449
81450
81451
81452
81453
81454
81455
81456
81457
81458
81459
81460
81461
81462
81463
81464
81465
81466
81467
81468
81469
81470
81471
81472
81473
81474
81475
81476
81477
81478
81479
81480
81481
81482
81483
81484
81485
81486
81487
81488
81489
81490
81491
81492
81493
81494
81495
81496
81497
81498
81499
81500
81501
81502
81503
81504
81505
81506
81507
81508
81509
81510
81511
81512
81513
81514
81515
81516
81517
81518
81519
81520
81521
81522
81523
81524
81525
81526
81527
81528
81529
81530
81531
81532
81533
81534
81535
81536
81537
81538
81539
81540
81541
81542
81545
81546
81547
81548
81549
81550
81551
81552
81553
81554
81555
81556
81557
81558
81559
81560
81561
81562
81563
81564
81565
81566
81567
81570
81571
81572
81573
81574
81575
81576
81577
81578
81579
81580
81581
81582
81583
81584
81585
81586
81587
81588
81589
81590
81591
81592
81596
81597
81598
81599
81600
81601
81602
81603
81604
81605
81606
81607
81608
81609
81610
81611
81612
81613
81614
81615
81616
81617
81621
81622
81623
81624
81625
81626
81627
81628
81629
81630
81631
81632
81633
81634
81635
81636
81637
81638
81639
81640
81641
81642
81647
81648
81649
81650
81651
81652
81653
81654
81655
81656
81657
81658
81659
81660
81661
81662
81663
81664
81665
81666
81667
81672
81673
81674
81675
81676
81677
81678
81679
81680
81681
81682
81683
81684
81685
81686
81687
81688
81689
81690
81691
81692
81697
81698
81699
81700
81701
81702
81703
81704
81705
81706
81707
81708
81709
81710
81711
81712
81713
81714
81715
81716
81717
81723
81724
81725
81726
81727
81728
81729
81730
81731
81732
81733
81734
81735
81736
81737
81738
81739
81740
81741
81742
81748
81749
81750
81751
81752
81753
81754
81755
81756
81757
81758
81759
81760
81761
81762
81763
81764
81765
81766
81767
81774
81775
81776
81777
81778
81779
81780
81781
81782
81783
81784
81785
81786
81787
81788
81789
81790
81791
81792
81799
81800
81801
81802
81803
81804
81805
81806
81807
81808
81809
81810
81811
81812
81813
81814
81815
81816
81817
81825
81826
81827
81828
81829
81830
81831
81832
81833
81834
81835
81836
81837
81838
81839
81840
81841
81842
81851
81852
81853
81854
81855
81856
81857
81858
81859
81860
81861
81862
81863
81864
81865
81866
81867
81909
81914
81939
81940
81941
81943
81944
81945
81946
81947
81948
81949
81950
81951
81952
81953
81954
81955
81956
81957
81958
81959
81960
81961
81962
81963
81964
81965
81966
81967
81968
81969
81970
81971
81972
81973
81974
81975
81993
81994
81995
81996
81997
81998
81999
82000
82001
82002
82003
82004
82005
82006
82007
82008
82009
82010
82011
82012
82013
82014
82015
82016
82017
82018
82019
82020
82021
82022
82023
82024
82035
82036
82037
82038
82039
82040
82041
82042
82043
82044
82045
82046
82047
82048
82049
82060
82061
82062
82063
82064
82065
82066
82067
82068
82069
82070
82071
82072
82073
82074
82086
82087
82088
82089
82090
82091
82092
82093
82094
82095
82096
82097
82098
82099
82112
82113
82114
82115
82116
82117
82118
82119
82120
82121
82122
82123
82124
82139
82140
82141
82142
82143
82144
82145
82146
82147
82148
82149
82165
82166
82167
82168
82169
82170
82171
82172
82173
82174
82190
82191
82192
82193
82194
82195
82196
82197
82198
82199
82216
82217
82218
82219
82220
82221
82222
82223
82224
82242
82243
82244
82245
82246
82247
82248
82249
82273
82274
82486
82487
82488
82489
82490
82491
82492
82493
82494
82495
82496
82507
83331
83332
83333
83334
83335
83336
83337
83338
83339
83340
83341
83342
83343
83344
83345
83346
83347
83348
83349
83350
83351
83352
83353
83354
83364
83365
83366
83367
83368
83369
83370
83371
83372
83373
83374
83384
83385
83386
83387
83388
83389
83390
83391
83392
83393
83394
83404
83405
83406
83407
83408
83409
83410
83411
83412
83413
83414
83425
83426
83427
83428
83429
83430
83431
83432
83433
83434
83445
83446
83447
83448
83449
83450
83451
83452
83453
83454
83465
83466
83467
83468
83469
83470
83471
83472
83473
83474
83486
83487
83488
83489
83490
83491
83492
83493
83494
83506
83507
83508
83509
83510
83511
83512
83513
83514
83526
83527
83528
83529
83530
83531
83532
83533
83534
83547
83548
83549
83550
83551
83552
83553
83554
83568
83569
83570
83571
83572
83573
83574
83588
83589
83590
83591
83592
83593
83594
83609
83610
83611
83612
83613
83614
83629
83630
83631
83632
83633
83634
83649
83650
83651
83652
83653
83654
83671
83672
83673
83674
83692
83693
83694
83713
83714
96202
96203
96204
96205
96206
96207
96220
96221
96222
96223
96224
96225
96226
96227
96228
96229
96230
96231
96232
96233
96234
96235
96236
96237
96239
96240
96241
96242
96243
96244
96245
96246
96247
96248
96249
96250
96251
96252
96253
96254
96255
96256
96257
96258
96259
96260
96261
96262
96264
96265
96266
96267
96268
96269
96270
96271
96272
96273
96274
96275
96276
96277
96278
96279
96280
96281
96282
96283
96284
96285
96286
96287
96289
96290
96291
96292
96293
96294
96295
96296
96297
96298
96299
96300
96301
96302
96303
96304
96305
96306
96307
96308
96309
96310
96311
96312
96313
96314
96315
96316
96317
96318
96319
96320
96321
96322
96323
96324
96325
96326
96327
96328
96329
96330
96331
96332
96333
96334
96335
96336
96337
96338
96339
96340
96341
96342
96343
96344
96345
96346
96347
96348
96349
96350
96351
96352
96353
96354
96355
96356
96357
96358
96359
96360
96361
96362
96363
96364
96365
96366
96367
96368
96369
96370
96371
96372
96373
96374
96375
96376
96377
96378
96379
96380
96381
96382
96383
96384
96385
96386
96389
96390
96391
96392
96393
96394
96395
96396
96397
96398
96399
96400
96401
96402
96403
96404
96405
96406
96407
96408
96409
96410
96411
96414
96415
96416
96417
96418
96419
96420
96421
96422
96423
96424
96425
96426
96427
96428
96429
96430
96431
96432
96433
96434
96435
96436
96440
96441
96442
96443
96444
96445
96446
96447
96448
96449
96450
96451
96452
96453
96454
96455
96456
96457
96458
96459
96460
96461
96465
96466
96467
96468
96469
96470
96471
96472
96473
96474
96475
96476
96477
96478
96479
96480
96481
96482
96483
96484
96485
96486
96491
96492
96493
96494
96495
96496
96497
96498
96499
96500
96501
96502
96503
96504
96505
96506
96507
96508
96509
96510
96511
96516
96517
96518
96519
96520
96521
96522
96523
96524
96525
96526
96527
96528
96529
96530
96531
96532
96533
96534
96535
96536
96541
96542
96543
96544
96545
96546
96547
96548
96549
96550
96551
96552
96553
96554
96555
96556
96557
96558
96559
96560
96561
96567
96568
96569
96570
96571
96572
96573
96574
96575
96576
96577
96578
96579
96580
96581
96582
96583
96584
96585
96586
96592
96593
96594
96595
96596
96597
96598
96599
96600
96601
96602
96603
96604
96605
96606
96607
96608
96609
96610
96611
96618
96619
96620
96621
96622
96623
96624
96625
96626
96627
96628
96629
96630
96631
96632
96633
96634
96635
96636
96643
96644
96645
96646
96647
96648
96649
96650
96651
96652
96653
96654
96655
96656
96657
96658
96659
96660
96661
96669
96670
96671
96672
96673
96674
96675
96676
96677
96678
96679
96680
96681
96682
96683
96684
96685
96686
96695
96696
96697
96698
96699
96700
96701
96702
96703
96704
96705
96706
96707
96708
96709
96710
96711
96753
96758
96783
96784
96785
96787
96788
96789
96790
96791
96792
96793
96794
96795
96796
96797
96798
96799
96800
96801
96802
96803
96804
96805
96806
96807
96808
96809
96810
96811
96812
96813
96814
96815
96816
96817
96818
96819
96837
96838
96839
96840
96841
96842
96843
96844
96845
96846
96847
96848
96849
96850
96851
96852
96853
96854
96855
96856
96857
96858
96859
96860
96861
96862
96863
96864
96865
96866
96867
96868
96879
96880
96881
96882
96883
96884
96885
96886
96887
96888
96889
96890
96891
96892
96893
96904
96905
96906
96907
96908
96909
96910
96911
96912
96913
96914
96915
96916
96917
96918
96930
96931
96932
96933
96934
96935
96936
96937
96938
96939
96940
96941
96942
96943
96956
96957
96958
96959
96960
96961
96962
96963
96964
96965
96966
96967
96968
96983
96984
96985
96986
96987
96988
96989
96990
96991
96992
96993
97009
97010
97011
97012
97013
97014
97015
97016
97017
97018
97034
97035
97036
97037
97038
97039
97040
97041
97042
97043
97060
97061
97062
97063
97064
97065
97066
97067
97068
97086
97087
97088
97089
97090
97091
97092
97093
97117
97118
97330
97331
97332
97333
97334
97335
97336
97337
97338
97339
97340
97351
98175
98176
98177
98178
98179
98180
98181
98182
98183
98184
98185
98186
98187
98188
98189
98190
98191
98192
98193
98194
98195
98196
98197
98198
98208
98209
98210
98211
98212
98213
98214
98215
98216
98217
98218
98228
98229
98230
98231
98232
98233
98234
98235
98236
98237
98238
98248
98249
98250
98251
98252
98253
98254
98255
98256
98257
98258
98269
98270
98271
98272
98273
98274
98275
98276
98277
98278
98289
98290
98291
98292
98293
98294
98295
98296
98297
98298
98309
98310
98311
98312
98313
98314
98315
98316
98317
98318
98330
98331
98332
98333
98334
98335
98336
98337
98338
98350
98351
98352
98353
98354
98355
98356
98357
98358
98370
98371
98372
98373
98374
98375
98376
98377
98378
98391
98392
98393
98394
98395
98396
98397
98398
98412
98413
98414
98415
98416
98417
98418
98432
98433
98434
98435
98436
98437
98438
98453
98454
98455
98456
98457
98458
98473
98474
98475
98476
98477
98478
98493
98494
98495
98496
98497
98498
98515
98516
98517
98518
98536
98537
98538
98557
98558
111046
111047
111048
111049
111050
111051
111064
111065
111066
111067
111068
111069
111070
111071
111072
111073
111074
111075
111076
111077
111078
111079
111080
111081
111083
111084
111085
111086
111087
111088
111089
111090
111091
111092
111093
111094
111095
111096
111097
111098
111099
111100
111101
111102
111103
111104
111105
111106
111108
111109
111110
111111
111112
111113
111114
111115
111116
111117
111118
111119
111120
111121
111122
111123
111124
111125
111126
111127
111128
111129
111130
111131
111133
111134
111135
111136
111137
111138
111139
111140
111141
111142
111143
111144
111145
111146
111147
111148
111149
111150
111151
111152
111153
111154
111155
111156
111157
111158
111159
111160
111161
111162
111163
111164
111165
111166
111167
111168
111169
111170
111171
111172
111173
111174
111175
111176
111177
111178
111179
111180
111181
111182
111183
111184
111185
111186
111187
111188
111189
111190
111191
111192
111193
111194
111195
111196
111197
111198
111199
111200
111201
111202
111203
111204
111205
111206
111207
111208
111209
111210
111211
111212
111213
111214
111215
111216
111217
111218
111219
111220
111221
111222
111223
111224
111225
111226
111227
111228
111229
111230
111233
111234
111235
111236
111237
111238
111239
111240
111241
111242
111243
111244
111245
111246
111247
111248
111249
111250
111251
111252
111253
111254
111255
111258
111259
111260
111261
111262
111263
111264
111265
111266
111267
111268
111269
111270
111271
111272
111273
111274
111275
111276
111277
111278
111279
111280
111284
111285
111286
111287
111288
111289
111290
111291
111292
111293
111294
111295
111296
111297
111298
111299
111300
111301
111302
111303
111304
111305
111309
111310
111311
111312
111313
111314
111315
111316
111317
111318
111319
111320
111321
111322
111323
111324
111325
111326
111327
111328
111329
111330
111335
111336
111337
111338
111339
111340
111341
111342
111343
111344
111345
111346
111347
111348
111349
111350
111351
111352
111353
111354
111355
111360
111361
111362
111363
111364
111365
111366
111367
111368
111369
111370
111371
111372
111373
111374
111375
111376
111377
111378
111379
111380
111385
111386
111387
111388
111389
111390
111391
111392
111393
111394
111395
111396
111397
111398
111399
111400
111401
111402
111403
111404
111405
111411
111412
111413
111414
111415
111416
111417
111418
111419
111420
111421
111422
111423
111424
111425
111426
111427
111428
111429
111430
111436
111437
111438
111439
111440
111441
111442
111443
111444
111445
111446
111447
111448
111449
111450
111451
111452
111453
111454
111455
111462
111463
111464
111465
111466
111467
111468
111469
111470
111471
111472
111473
111474
111475
111476
111477
111478
111479
111480
111487
111488
111489
111490
111491
111492
111493
111494
111495
111496
111497
111498
111499
111500
111501
111502
111503
111504
111505
111513
111514
111515
111516
111517
111518
111519
111520
111521
111522
111523
111524
111525
111526
111527
111528
111529
111530
111539
111540
111541
111542
111543
111544
111545
111546
111547
111548
111549
111550
111551
111552
111553
111554
111555
111597
111602
111627
111628
111629
111631
111632
111633
111634
111635
111636
111637
111638
111639
111640
111641
111642
111643
111644
111645
111646
111647
111648
111649
111650
111651
111652
111653
111654
111655
111656
111657
111658
111659
111660
111661
111662
111663
111681
111682
111683
111684
111685
111686
111687
111688
111689
111690
111691
111692
111693
111694
111695
111696
111697
111698
111699
111700
111701
111702
111703
111704
111705
111706
111707
111708
111709
111710
111711
111712
111723
111724
111725
111726
111727
111728
111729
111730
111731
111732
111733
111734
111735
111736
111737
111748
111749
111750
111751
111752
111753
111754
111755
111756
111757
111758
111759
111760
111761
111762
111774
111775
111776
111777
111778
111779
111780
111781
111782
111783
111784
111785
111786
111787
111800
111801
111802
111803
111804
111805
111806
111807
111808
111809
111810
111811
111812
111827
111828
111829
111830
111831
111832
111833
111834
111835
111836
111837
111853
111854
111855
111856
111857
111858
111859
111860
111861
111862
111878
111879
111880
111881
111882
111883
111884
111885
111886
111887
111904
111905
111906
111907
111908
111909
111910
111911
111912
111930
111931
111932
111933
111934
111935
111936
111937
111961
111962
112174
112175
112176
112177
112178
112179
112180
112181
112182
112183
112184
112195
113019
113020
113021
113022
113023
113024
113025
113026
113027
113028
113029
113030
113031
113032
113033
113034
113035
113036
113037
113038
113039
113040
113041
113042
113052
113053
113054
113055
113056
113057
113058
113059
113060
113061
113062
113072
113073
113074
113075
113076
113077
113078
113079
113080
113081
113082
113092
113093
113094
113095
113096
113097
113098
113099
113100
113101
113102
113113
113114
113115
113116
113117
113118
113119
113120
113121
113122
113133
113134
113135
113136
113137
113138
113139
113140
113141
113142
113153
113154
113155
113156
113157
113158
113159
113160
113161
113162
113174
113175
113176
113177
113178
113179
113180
113181
113182
113194
113195
113196
113197
113198
113199
113200
113201
113202
113214
113215
113216
113217
113218
113219
113220
113221
113222
113235
113236
113237
113238
113239
113240
113241
113242
113256
113257
113258
113259
113260
113261
113262
113276
113277
113278
113279
113280
113281
113282
113297
113298
113299
113300
113301
113302
113317
113318
113319
113320
113321
113322
113337
113338
113339
113340
113341
113342
113359
113360
113361
113362
113380
113381
113382
113401
113402
125890
125891
125892
125893
125894
125895
125908
125909
125910
125911
125912
125913
125914
125915
125916
125917
125918
125919
125920
125921
125922
125923
125924
125925
125927
125928
125929
125930
125931
125932
125933
125934
125935
125936
125937
125938
125939
125940
125941
125942
125943
125944
125945
125946
125947
125948
125949
125950
125952
125953
125954
125955
125956
125957
125958
125959
125960
125961
125962
125963
125964
125965
125966
125967
125968
125969
125970
125971
125972
125973
125974
125975
125977
125978
125979
125980
125981
125982
125983
125984
125985
125986
125987
125988
125989
125990
125991
125992
125993
125994
125995
125996
125997
125998
125999
126000
126001
126002
126003
126004
126005
126006
126007
126008
126009
126010
126011
126012
126013
126014
126015
126016
126017
126018
126019
126020
126021
126022
126023
126024
126025
126026
126027
126028
126029
126030
126031
126032
126033
126034
126035
126036
126037
126038
126039
126040
126041
126042
126043
126044
126045
126046
126047
126048
126049
126050
126051
126052
126053
126054
126055
126056
126057
126058
126059
126060
126061
126062
126063
126064
126065
126066
126067
126068
126069
126070
126071
126072
126073
126074
126077
126078
126079
126080
126081
126082
126083
126084
126085
126086
126087
126088
126089
126090
126091
126092
126093
126094
126095
126096
126097
126098
126099
126102
126103
126104
126105
126106
126107
126108
126109
126110
126111
126112
126113
126114
126115
126116
126117
126118
126119
126120
126121
126122
126123
126124
126128
126129
126130
126131
126132
126133
126134
126135
126136
126137
126138
126139
126140
126141
126142
126143
126144
126145
126146
126147
126148
126149
126153
126154
126155
126156
126157
126158
126159
126160
126161
126162
126163
126164
126165
126166
126167
126168
126169
126170
126171
126172
126173
126174
126179
126180
126181
126182
126183
126184
126185
126186
126187
126188
126189
126190
126191
126192
126193
126194
126195
126196
126197
126198
126199
126204
126205
126206
126207
126208
126209
126210
126211
126212
126213
126214
126215
126216
126217
126218
126219
126220
126221
126222
126223
126224
126229
126230
126231
126232
126233
126234
126235
126236
126237
126238
126239
126240
126241
126242
126243
126244
126245
126246
126247
126248
126249
126255
126256
126257
126258
126259
126260
126261
126262
126263
126264
126265
126266
126267
126268
126269
126270
126271
126272
126273
126274
126280
126281
126282
126283
126284
126285
126286
126287
126288
126289
126290
126291
126292
126293
126294
126295
126296
126297
126298
126299
126306
126307
126308
126309
126310
126311
126312
126313
126314
126315
126316
126317
126318
126319
126320
126321
126322
126323
126324
126331
126332
126333
126334
126335
126336
126337
126338
126339
126340
126341
126342
126343
126344
126345
126346
126347
126348
126349
126357
126358
126359
126360
126361
126362
126363
126364
126365
126366
126367
126368
126369
126370
126371
126372
126373
126374
126383
126384
126385
126386
126387
126388
126389
126390
126391
126392
126393
126394
126395
126396
126397
126398
126399
126441
126446
126471
126472
126473
126475
126476
126477
126478
126479
126480
126481
126482
126483
126484
126485
126486
126487
126488
126489
126490
126491
126492
126493
126494
126495
126496
126497
126498
126499
126500
126501
126502
126503
126504
126505
126506
126507
126525
126526
126527
126528
126529
126530
126531
126532
126533
126534
126535
126536
126537
126538
126539
126540
126541
126542
126543
126544
126545
126546
126547
126548
126549
126550
126551
126552
126553
126554
126555
126556
126567
126568
126569
126570
126571
126572
126573
126574
126575
126576
126577
126578
126579
126580
126581
126592
126593
126594
126595
126596
126597
126598
126599
126600
126601
126602
126603
126604
126605
126606
126618
126619
126620
126621
126622
126623
126624
126625
126626
126627
126628
126629
126630
126631
126644
126645
126646
126647
126648
126649
126650
126651
126652
126653
126654
126655
126656
126671
126672
126673
126674
126675
126676
126677
126678
126679
126680
126681
126697
126698
126699
126700
126701
126702
126703
126704
126705
126706
126722
126723
126724
126725
126726
126727
126728
126729
126730
126731
126748
126749
126750
126751
126752
126753
126754
126755
126756
126774
126775
126776
126777
126778
126779
126780
126781
126805
126806
127018
127019
127020
127021
127022
127023
127024
127025
127026
127027
127028
127039
127863
127864
127865
127866
127867
127868
127869
127870
127871
127872
127873
127874
127875
127876
127877
127878
127879
127880
127881
127882
127883
127884
127885
127886
127896
127897
127898
127899
127900
127901
127902
127903
127904
127905
127906
127916
127917
127918
127919
127920
127921
127922
127923
127924
127925
127926
127936
127937
127938
127939
127940
127941
127942
127943
127944
127945
127946
127957
127958
127959
127960
127961
127962
127963
127964
127965
127966
127977
127978
127979
127980
127981
127982
127983
127984
127985
127986
127997
127998
127999
128000
128001
128002
128003
128004
128005
128006
128018
128019
128020
128021
128022
128023
128024
128025
128026
128038
128039
128040
128041
128042
128043
128044
128045
128046
128058
128059
128060
128061
128062
128063
128064
128065
128066
128079
128080
128081
128082
128083
128084
128085
128086
128100
128101
128102
128103
128104
128105
128106
128120
128121
128122
128123
128124
128125
128126
128141
128142
128143
128144
128145
128146
128161
128162
128163
128164
128165
128166
128181
128182
128183
128184
128185
128186
128203
128204
128205
128206
128224
128225
128226
128245
128246
140734
140735
140736
140737
140738
140739
140752
140753
140754
140755
140756
140757
140758
140759
140760
140761
140762
140763
140764
140765
140766
140767
140768
140769
140771
140772
140773
140774
140775
140776
140777
140778
140779
140780
140781
140782
140783
140784
140785
140786
140787
140788
140789
140790
140791
140792
140793
140794
140796
140797
140798
140799
140800
140801
140802
140803
140804
140805
140806
140807
140808
140809
140810
140811
140812
140813
140814
140815
140816
140817
140818
140819
140821
140822
140823
140824
140825
140826
140827
140828
140829
140830
140831
140832
140833
140834
140835
140836
140837
140838
140839
140840
140841
140842
140843
140844
140845
140846
140847
140848
140849
140850
140851
140852
140853
140854
140855
140856
140857
140858
140859
140860
140861
140862
140863
140864
140865
140866
140867
140868
140869
140870
140871
140872
140873
140874
140875
140876
140877
140878
140879
140880
140881
140882
140883
140884
140885
140886
140887
140888
140889
140890
140891
140892
140893
140894
140895
140896
140897
140898
140899
140900
140901
140902
140903
140904
140905
140906
140907
140908
140909
140910
140911
140912
140913
140914
140915
140916
140917
140918
140921
140922
140923
140924
140925
140926
140927
140928
140929
140930
140931
140932
140933
140934
140935
140936
140937
140938
140939
140940
140941
140942
140943
140946
140947
140948
140949
140950
140951
140952
140953
140954
140955
140956
140957
140958
140959
140960
140961
140962
140963
140964
140965
140966
140967
140968
140972
140973
140974
140975
140976
140977
140978
140979
140980
140981
140982
140983
140984
140985
140986
140987
140988
140989
140990
140991
140992
140993
140997
140998
140999
141000
141001
141002
141003
141004
141005
141006
141007
141008
141009
141010
141011
141012
141013
141014
141015
141016
141017
141018
141023
141024
141025
141026
141027
141028
141029
141030
141031
141032
141033
141034
141035
141036
141037
141038
141039
141040
141041
141042
141043
141048
141049
141050
141051
141052
141053
141054
141055
141056
141057
141058
141059
141060
141061
141062
141063
141064
141065
141066
141067
141068
141073
141074
141075
141076
141077
141078
141079
141080
141081
141082
141083
141084
141085
141086
141087
141088
141089
141090
141091
141092
141093
141099
141100
141101
141102
141103
141104
141105
141106
141107
141108
141109
141110
141111
141112
141113
141114
141115
141116
141117
141118
141124
141125
141126
141127
141128
141129
141130
141131
141132
141133
141134
141135
141136
141137
141138
141139
141140
141141
141142
141143
141150
141151
141152
141153
141154
141155
141156
141157
141158
141159
141160
141161
141162
141163
141164
141165
141166
141167
141168
141175
141176
141177
141178
141179
141180
141181
141182
141183
141184
141185
141186
141187
141188
141189
141190
141191
141192
141193
141201
141202
141203
141204
141205
141206
141207
141208
141209
141210
141211
141212
141213
141214
141215
141216
141217
141218
141227
141228
141229
141230
141231
141232
141233
141234
141235
141236
141237
141238
141239
141240
141241
141242
141243
141285
141290
141315
141316
141317
141319
141320
141321
141322
141323
141324
141325
141326
141327
141328
141329
141330
141331
141332
141333
141334
141335
141336
141337
141338
141339
141340
141341
141342
141343
141344
141345
141346
141347
141348
141349
141350
141351
141369
141370
141371
141372
141373
141374
141375
141376
141377
141378
141379
141380
141381
141382
141383
141384
141385
141386
141387
141388
141389
141390
141391
141392
141393
141394
141395
141396
141397
141398
141399
141400
141411
141412
141413
141414
141415
141416
141417
141418
141419
141420
141421
141422
141423
141424
141425
141436
141437
141438
141439
141440
141441
141442
141443
141444
141445
141446
141447
141448
141449
141450
141462
141463
141464
141465
141466
141467
141468
141469
141470
141471
141472
141473
141474
141475
141488
141489
141490
141491
141492
141493
141494
141495
141496
141497
141498
141499
141500
141515
141516
141517
141518
141519
141520
141521
141522
141523
141524
141525
141541
141542
141543
141544
141545
141546
141547
141548
141549
141550
141566
141567
141568
141569
141570
141571
141572
141573
141574
141575
141592
141593
141594
141595
141596
141597
141598
141599
141600
141618
141619
141620
141621
141622
141623
141624
141625
141649
141650
141862
141863
141864
141865
141866
141867
141868
141869
141870
141871
141872
141883
142707
142708
142709
142710
142711
142712
142713
142714
142715
142716
142717
142718
142719
142720
142721
142722
142723
142724
142725
142726
142727
142728
142729
142730
142740
142741
142742
142743
142744
142745
142746
142747
142748
142749
142750
142760
142761
142762
142763
142764
142765
142766
142767
142768
142769
142770
142780
142781
142782
142783
142784
142785
142786
142787
142788
142789
142790
142801
142802
142803
142804
142805
142806
142807
142808
142809
142810
142821
142822
142823
142824
142825
142826
142827
142828
142829
142830
142841
142842
142843
142844
142845
142846
142847
142848
142849
142850
142862
142863
142864
142865
142866
142867
142868
142869
142870
142882
142883
142884
142885
142886
142887
142888
142889
142890
142902
142903
142904
142905
142906
142907
142908
142909
142910
142923
142924
142925
142926
142927
142928
142929
142930
142944
142945
142946
142947
142948
142949
142950
142964
142965
142966
142967
142968
142969
142970
142985
142986
142987
142988
142989
142990
143005
143006
143007
143008
143009
143010
143025
143026
143027
143028
143029
143030
143047
143048
143049
143050
143068
143069
143070
143089
143090
155578
155579
155580
155581
155582
155583
155596
155597
155598
155599
155600
155601
155602
155603
155604
155605
155606
155607
155608
155609
155610
155611
155612
155613
155615
155616
155617
155618
155619
155620
155621
155622
155623
155624
155625
155626
155627
155628
155629
155630
155631
155632
155633
155634
155635
155636
155637
155638
155640
155641
155642
155643
155644
155645
155646
155647
155648
155649
155650
155651
155652
155653
155654
155655
155656
155657
155658
155659
155660
155661
155662
155663
155665
155666
155667
155668
155669
155670
155671
155672
155673
155674
155675
155676
155677
155678
155679
155680
155681
155682
155683
155684
155685
155686
155687
155688
155689
155690
155691
155692
155693
155694
155695
155696
155697
155698
155699
155700
155701
155702
155703
155704
155705
155706
155707
155708
155709
155710
155711
155712
155713
155714
155715
155716
155717
155718
155719
155720
155721
155722
155723
155724
155725
155726
155727
155728
155729
155730
155731
155732
155733
155734
155735
155736
155737
155738
155739
155740
155741
155742
155743
155744
155745
155746
155747
155748
155749
155750
155751
155752
155753
155754
155755
155756
155757
155758
155759
155760
155761
155762
155765
155766
155767
155768
155769
155770
155771
155772
155773
155774
155775
155776
155777
155778
155779
155780
155781
155782
155783
155784
155785
155786
155787
155790
155791
155792
155793
155794
155795
155796
155797
155798
155799
155800
155801
155802
155803
155804
155805
155806
155807
155808
155809
155810
155811
155812
155816
155817
155818
155819
155820
155821
155822
155823
155824
155825
155826
155827
155828
155829
155830
155831
155832
155833
155834
155835
155836
155837
155841
155842
155843
155844
155845
155846
155847
155848
155849
155850
155851
155852
155853
155854
155855
155856
155857
155858
155859
155860
155861
155862
155867
155868
155869
155870
155871
155872
155873
155874
155875
155876
155877
155878
155879
155880
155881
155882
155883
155884
155885
155886
155887
155892
155893
155894
155895
155896
155897
155898
155899
155900
155901
155902
155903
155904
155905
155906
155907
155908
155909
155910
155911
155912
155917
155918
155919
155920
155921
155922
155923
155924
155925
155926
155927
155928
155929
155930
155931
155932
155933
155934
155935
155936
155937
155943
155944
155945
155946
155947
155948
155949
155950
155951
155952
155953
155954
155955
155956
155957
155958
155959
155960
155961
155962
155968
155969
155970
155971
155972
155973
155974
155975
155976
155977
155978
155979
155980
155981
155982
155983
155984
155985
155986
155987
155994
155995
155996
155997
155998
155999
156000
156001
156002
156003
156004
156005
156006
156007
156008
156009
156010
156011
156012
156019
156020
156021
156022
156023
156024
156025
156026
156027
156028
156029
156030
156031
156032
156033
156034
156035
156036
156037
156045
156046
156047
156048
156049
156050
156051
156052
156053
156054
156055
156056
156057
156058
156059
156060
156061
156062
156071
156072
156073
156074
156075
156076
156077
156078
156079
156080
156081
156082
156083
156084
156085
156086
156087
156129
156134
156159
156160
156161
156163
156164
156165
156166
156167
156168
156169
156170
156171
156172
156173
156174
156175
156176
156177
156178
156179
156180
156181
156182
156183
156184
156185
156186
156187
156188
156189
156190
156191
156192
156193
156194
156195
156213
156214
156215
156216
156217
156218
156219
156220
156221
156222
156223
156224
156225
156226
156227
156228
156229
156230
156231
156232
156233
156234
156235
156236
156237
156238
156239
156240
156241
156242
156243
156244
156255
156256
156257
156258
156259
156260
156261
156262
156263
156264
156265
156266
156267
156268
156269
156280
156281
156282
156283
156284
156285
156286
156287
156288
156289
156290
156291
156292
156293
156294
156306
156307
156308
156309
156310
156311
156312
156313
156314
156315
156316
156317
156318
156319
156332
156333
156334
156335
156336
156337
156338
156339
156340
156341
156342
156343
156344
156359
156360
156361
156362
156363
156364
156365
156366
156367
156368
156369
156385
156386
156387
156388
156389
156390
156391
156392
156393
156394
156410
156411
156412
156413
156414
156415
156416
156417
156418
156419
156436
156437
156438
156439
156440
156441
156442
156443
156444
156462
156463
156464
156465
156466
156467
156468
156469
156493
156494
156706
156707
156708
156709
156710
156711
156712
156713
156714
156715
156716
156727
157551
157552
157553
157554
157555
157556
157557
157558
157559
157560
157561
157562
157563
157564
157565
157566
157567
157568
157569
157570
157571
157572
157573
157574
157584
157585
157586
157587
157588
157589
157590
157591
157592
157593
157594
157604
157605
157606
157607
157608
157609
157610
157611
157612
157613
157614
157624
157625
157626
157627
157628
157629
157630
157631
157632
157633
157634
157645
157646
157647
157648
157649
157650
157651
157652
157653
157654
157665
157666
157667
157668
157669
157670
157671
157672
157673
157674
157685
157686
157687
157688
157689
157690
157691
157692
157693
157694
157706
157707
157708
157709
157710
157711
157712
157713
157714
157726
157727
157728
157729
157730
157731
157732
157733
157734
157746
157747
157748
157749
157750
157751
157752
157753
157754
157767
157768
157769
157770
157771
157772
157773
157774
157788
157789
157790
157791
157792
157793
157794
157808
157809
157810
157811
157812
157813
157814
157829
157830
157831
157832
157833
157834
157849
157850
157851
157852
157853
157854
157869
157870
157871
157872
157873
157874
157891
157892
157893
157894
157912
157913
157914
157933
157934
)


// ************************************************************************* //
