/*--------------------------------*- C++ -*----------------------------------*\
  =========                 |
  \\      /  F ield         | OpenFOAM: The Open Source CFD Toolbox
   \\    /   O peration     | Website:  https://openfoam.org
    \\  /    A nd           | Version:  8
     \\/     M anipulation  |
\*---------------------------------------------------------------------------*/
/*   Windows 32 and 64 bit porting by blueCAPE: http://www.bluecape.com.pt   *\
|  Based on Windows porting (2.0.x v4) by Symscape: http://www.symscape.com   |
\*---------------------------------------------------------------------------*/
FoamFile
{
    version     2.0;
    format      ascii;
    class       cellSet;
    location    "constant/air/polyMesh/sets";
    object      vegetation;
}
// * * * * * * * * * * * * * * * * * * * * * * * * * * * * * * * * * * * * * //


344
(
1024 
1032 
1033 
1034 
1035 
1036 
1037 
1038 
548 
550 
553 
55 
569 
570 
59 
60 
61 
574 
66 
1607 
1611 
1612 
1105 
1106 
1107 
1108 
1109 
1110 
1111 
1626 
1627 
1115 
1629 
1630 
1118 
1631 
1632 
1122 
1124 
1638 
1126 
1639 
1128 
1130 
1644 
1132 
1133 
1646 
1134 
1135 
1136 
1649 
1137 
1138 
1139 
1652 
1140 
1653 
629 
1141 
630 
1142 
631 
1143 
1144 
1145 
634 
1146 
1149 
1662 
1663 
1151 
1664 
1152 
1153 
1687 
1690 
1691 
1692 
1693 
1694 
159 
160 
161 
162 
163 
164 
165 
168 
170 
1196 
1197 
1198 
1199 
1200 
689 
1201 
690 
1202 
692 
693 
1206 
695 
1208 
187 
189 
190 
191 
192 
704 
705 
1730 
194 
706 
195 
196 
1734 
198 
710 
1224 
200 
1225 
201 
1738 
1226 
202 
1227 
203 
1740 
1228 
204 
1229 
205 
1230 
206 
207 
1232 
1235 
1236 
1749 
1237 
1752 
1753 
1754 
731 
733 
734 
735 
1253 
230 
231 
1256 
1258 
234 
235 
747 
1779 
1275 
1277 
1279 
1281 
1797 
1798 
1801 
1802 
1803 
781 
782 
1807 
783 
1809 
1810 
786 
1818 
1819 
1820 
1821 
1822 
1823 
1824 
1825 
1826 
803 
1828 
805 
1830 
1831 
1833 
809 
1834 
298 
810 
1835 
811 
1836 
813 
1838 
1839 
1840 
1841 
1842 
1843 
1844 
1845 
823 
828 
321 
836 
837 
838 
839 
328 
840 
841 
842 
843 
1868 
844 
845 
1871 
1872 
848 
849 
1874 
850 
1875 
851 
1876 
852 
853 
1878 
854 
1879 
855 
1880 
856 
1881 
1884 
1885 
1886 
358 
1895 
872 
1899 
364 
365 
877 
369 
370 
371 
1909 
1910 
1911 
1912 
1913 
377 
1914 
378 
892 
894 
385 
897 
386 
898 
1923 
899 
1924 
900 
1925 
901 
1926 
902 
1927 
903 
1928 
904 
1929 
905 
1930 
396 
1933 
1934 
398 
1935 
399 
1941 
1944 
1945 
1946 
1947 
1948 
412 
1949 
414 
1958 
936 
1962 
939 
1965 
1966 
942 
1967 
943 
1968 
944 
1969 
1970 
1971 
947 
1972 
1973 
1974 
1975 
1976 
1977 
1978 
962 
963 
964 
966 
967 
968 
976 
465 
977 
978 
469 
981 
470 
982 
983 
984 
985 
986 
987 
988 
989 
491 
495 
500 
504 
1018 
1020 
1023 
)

// ************************************************************************* //
