/*--------------------------------*- C++ -*----------------------------------*\
  =========                 |
  \\      /  F ield         | OpenFOAM: The Open Source CFD Toolbox
   \\    /   O peration     | Website:  https://openfoam.org
    \\  /    A nd           | Version:  8
     \\/     M anipulation  |
\*---------------------------------------------------------------------------*/
/*   Windows 32 and 64 bit porting by blueCAPE: http://www.bluecape.com.pt   *\
|  Based on Windows porting (2.0.x v4) by Symscape: http://www.symscape.com   |
\*---------------------------------------------------------------------------*/
FoamFile
{
    version     2.0;
    format      ascii;
    class       labelList;
    location    "constant/vegetation/polyMesh";
    object      cellProcAddressing;
}
// * * * * * * * * * * * * * * * * * * * * * * * * * * * * * * * * * * * * * //


2221
(
12
62
99
100
101
119
121
122
126
207
213
463
465
578
581
582
583
584
585
612
613
615
617
618
620
621
622
623
801
803
929
930
934
935
1017
1118
1119
1120
1121
1122
1123
1124
1125
1126
1127
1128
1162
1163
1165
1166
1167
1168
1169
1170
1171
1172
1173
1174
1175
1176
1177
1178
1179
1180
1182
1183
1186
1188
1189
1190
1193
1201
1202
1203
1204
1418
1421
1422
1424
1448
1449
1450
1451
1717
1718
1719
1723
1942
1945
1946
1947
1948
1949
1950
2005
2006
2007
2008
2010
2011
2013
2015
2016
2017
2018
2019
2020
2021
2022
2023
2024
2346
2348
2697
2700
2702
2703
2704
2707
2708
2709
2710
2711
2712
2713
2714
2736
2737
2738
2739
2740
2741
2742
2743
2746
2748
2749
2897
2898
2899
2900
2901
2902
2903
3222
3226
3236
3238
3247
3248
3251
3360
3361
3362
3366
3367
3368
3369
3370
3371
3387
3392
3412
3413
3414
3418
3419
3420
3421
3424
3426
3427
3428
3429
3430
3431
3432
3433
3434
3435
3805
3806
3807
3812
4320
4321
4322
4323
4324
4325
4398
4420
4421
4422
4423
4424
4425
4743
4744
4745
4746
4747
4748
4749
4750
4751
5080
5082
5091
5093
5108
5110
5113
5291
5294
7018
7019
7020
7021
7022
7023
7039
7048
7049
7050
7051
7052
7053
7181
7182
7183
10031
10032
10036
10037
10317
10318
10319
10320
10321
10322
10323
10376
10379
10380
10381
10382
10383
10384
10385
10386
15259
15260
15261
15262
15263
15264
15265
16909
16910
16911
16912
16913
16914
16915
16916
16917
16918
16919
16920
16921
16922
16923
16924
16925
16926
16927
16928
16929
16930
16931
16932
16933
16934
16935
16936
17032
17033
17034
17035
17036
17037
17038
17726
18108
18109
18110
18111
18112
18113
18114
18129
18132
18133
18134
18135
18318
18319
18320
18321
18322
18323
18324
18628
18629
18630
18631
18632
18633
18634
18635
18636
18637
18638
18639
18640
18641
18642
18643
18644
18645
18646
18647
18648
18649
18650
18651
18652
18653
18654
18655
18656
18657
18658
18659
18660
18661
18662
18663
18664
18665
18666
18667
18668
18669
18705
18706
18707
18708
18709
18710
18711
18712
18714
18715
18716
18717
18718
18719
18720
18721
18722
18723
18724
18725
18726
18727
18728
18729
18730
18731
18732
18733
18734
18735
18736
18737
18738
18739
18740
18741
18742
18743
18744
18745
18746
18747
18748
18749
18750
18751
18752
18753
18754
18755
18756
18757
18758
18759
18760
18761
18762
18763
18764
18765
18766
18767
18768
18769
18770
18771
18772
18773
18774
18775
18776
18777
18778
18779
18780
18781
18782
18783
18785
18786
18787
18788
18796
18803
18806
18807
18808
18809
18810
18811
18812
18826
18827
18828
18829
18830
18831
19329
19330
19331
19332
19333
19334
19335
19337
19338
19339
19340
19341
19342
19344
19349
19378
19379
19380
19381
19382
19383
19384
19385
19386
19875
19876
19877
19878
19879
19880
19881
20099
20100
20101
20102
20103
20104
20105
20120
20121
20122
20123
20124
20125
20126
20127
20128
20129
20130
20131
20132
20133
20134
20135
20136
20137
20138
20139
20140
20141
20142
20143
20144
20145
20146
20147
20148
20149
20150
20151
20152
20153
20154
20155
20156
20157
20158
20159
20160
20161
20302
20303
20304
20305
20306
20307
20308
20309
20310
20311
20312
20313
20314
20315
20316
20317
20318
20325
20326
20327
20328
20329
20330
20331
20335
20336
20337
20338
20339
20340
20341
20342
20343
20344
20345
20346
20347
20348
20349
20350
20351
20352
20353
20354
20355
20356
20357
20358
20359
20360
20361
20362
20363
20364
20365
20366
20367
20368
20369
20370
20371
20372
20373
20374
21152
21153
21154
21162
21163
21164
21617
21618
21619
21620
21621
21622
21623
21624
21625
21627
21628
21629
21630
21638
21639
21640
21641
21642
21643
21644
21645
21646
21647
21648
21650
21654
21655
21656
21657
21658
21659
21660
21661
21662
21663
21664
21665
21666
21667
21668
21669
21670
21671
21672
21673
21674
21675
21676
21677
21678
21679
21680
21681
21682
21683
21684
21733
21734
21735
21736
21737
21738
21739
21740
21741
21742
21743
21744
21745
21746
21747
21748
21749
21750
21751
21752
21753
21754
21755
21756
21757
21758
21759
21760
21762
21763
21765
21766
21767
21783
21784
21785
21787
21788
22231
22232
22233
22234
22235
22236
22237
22238
22239
22240
22241
22242
22243
22244
22245
22246
22247
22248
22249
22250
22251
22252
22253
22254
22255
22256
22257
22258
22970
22971
22972
22973
22974
22975
22976
22977
22978
22979
22980
22981
22982
22983
22984
22985
22986
22987
22988
22989
22990
23013
23014
23015
23016
23017
23018
23019
23020
23021
23022
23023
23024
23025
23026
23027
23028
23029
23030
23031
23032
23033
23597
23598
23599
24127
24128
24129
24130
24131
24132
24133
24134
24135
24136
24137
24138
24139
24140
24141
24142
24143
24144
24145
24146
24147
24148
24149
24150
24151
24152
24153
24154
24155
24156
24157
24158
24159
24160
24161
24162
24163
24164
24165
24166
24167
24168
24228
24229
24230
24249
24250
24251
24252
24253
24254
24255
24256
24257
24258
24259
24260
24261
24262
24263
24264
24265
24266
24650
24651
24652
24653
24654
24655
24656
24657
24658
24659
24660
24661
24662
24663
24664
24665
24666
24667
24668
24669
24670
24671
24672
24673
28520
28521
28522
28523
28524
28525
28526
28665
28666
28667
28668
28669
28670
28671
28672
28673
28674
28675
28676
28677
28678
28679
28680
28681
28682
28683
28684
28685
28771
28772
28773
28774
28775
28776
28777
29412
29413
29414
29415
29416
29417
29418
29419
29420
29421
29422
29423
29424
29425
29426
29427
29428
29429
29430
29431
29432
29433
29434
29435
29436
29437
29438
29439
29937
29938
29939
29940
29941
29942
29943
29944
29945
29946
29947
29948
29949
29950
29965
29966
29967
29968
29969
29970
29971
29972
29973
29974
29975
29976
29977
29978
29979
29980
29981
29982
29983
29984
29985
29990
29991
29992
29993
29994
29995
29996
29997
29998
29999
30000
30001
30002
30003
30004
30005
30006
30007
30008
30009
30010
30011
30012
30013
30027
30028
30029
30030
30031
30032
30033
30034
30035
30036
30037
30038
30039
30040
30041
30042
30043
30044
30045
30046
30047
30048
30049
30050
30051
30052
30053
30054
30055
30056
30057
30058
30059
30325
30326
30327
30328
30329
30330
30331
30332
30333
30549
30550
30551
30918
30919
30920
30921
30922
30923
30924
30925
30926
30927
30928
30929
30930
30931
30932
30933
30934
30935
30936
30937
30938
30939
30940
30941
30942
30943
30944
30945
30949
30950
30951
30955
30956
30957
30958
30959
30960
30961
30962
30963
30964
30965
30966
31022
31023
31024
31025
31026
31027
31028
31029
31030
31111
31114
31521
31522
31523
31524
31525
31526
31527
31535
31536
31537
31538
31539
31540
31541
31542
31543
31544
31545
31546
31547
31548
31725
31726
31727
31731
31732
31733
31750
31751
31752
31753
31754
31755
31759
31760
31761
31762
31763
31764
31765
31766
31767
31877
31878
31879
31880
31978
31979
31980
31981
31982
31983
31994
31998
31999
32000
32001
32002
32003
32004
32005
32006
32007
32008
32075
32076
32077
32078
32079
32080
32265
32266
32267
32276
32277
32278
32279
32280
32281
32282
32283
32284
32285
32286
32287
32434
32435
32436
32437
32438
32439
32554
32555
32556
32563
32564
32565
32681
32682
32686
32687
32691
32692
32734
32735
32736
32749
32750
32765
32766
32767
32774
32775
32776
32777
32778
32779
32780
32781
32782
32783
32784
32785
32786
32787
32788
32789
32790
32791
32792
32793
32794
32795
32796
32797
33028
33029
33030
33031
33032
33033
33034
33035
33036
33039
33040
33041
33311
33312
33313
33331
33332
33333
33334
33335
33336
33337
33338
33339
33340
33341
33342
33343
33344
33504
33505
33506
33507
33508
33509
33510
33511
33512
33513
33514
33515
33516
33517
33518
33519
33520
33521
33522
33581
33582
33584
33585
33589
33590
33633
33634
34129
34130
34131
34132
34133
34134
34138
34139
34140
34144
34145
34146
34147
34148
34149
34150
34151
34152
34153
34154
34155
34156
34157
34158
34159
34160
34161
34216
34217
34218
34219
34220
34221
34222
34223
34224
34661
34662
34761
34762
34763
34772
34773
34774
34775
34776
34777
34837
34838
34839
34840
34841
34842
34843
34844
34878
34879
34906
34907
34908
34909
34910
34926
34927
34928
34929
34930
34931
34932
34933
34934
34935
34936
34937
34938
34939
34940
34941
34942
34943
34944
34945
35018
35019
35020
35021
35022
35023
35024
35025
35026
35027
35070
35071
35072
35073
35074
35075
35076
35077
35078
35088
35089
35090
35091
35092
35093
35768
35769
35770
35771
35772
35773
36135
36136
36137
36138
36139
36140
36172
36173
36174
36175
36176
36177
36178
36179
36180
36181
36182
36183
36184
36185
36186
36187
36188
36189
36190
36191
36192
36193
36194
36195
36196
36197
36198
36199
36200
36201
36354
36355
36356
36357
36358
36359
36360
36361
36362
36363
36364
36365
36366
36367
36368
36369
36370
36371
36372
36373
36374
36375
36376
36377
36378
36379
36380
36381
36382
36383
36384
36385
36386
36387
36388
36389
36578
36579
36580
36581
36582
36583
36596
36597
36598
36599
36600
36601
36602
36603
36604
36605
36606
36607
36608
36609
36610
36611
36612
36613
36614
36615
36616
36617
36618
36619
36686
36687
36688
36689
36690
36691
36692
36693
36694
36695
36696
36697
36698
36699
36700
36701
36702
36703
36766
36767
36768
36769
36770
36771
36800
36801
36802
36803
36804
36805
36812
36813
36814
36815
36816
36817
36818
36819
36820
36821
36822
36823
36824
36825
36826
36827
36828
36829
36830
36831
36832
36833
36834
36835
36890
36891
36892
36893
36894
36895
36896
36897
36898
36899
36900
36901
36902
36903
36904
36905
36906
36907
38545
38546
38547
38548
38549
38550
38551
38552
38553
38554
38555
38556
38557
38558
38559
38560
38561
38562
38563
38564
38565
38566
38567
38568
38581
38582
38583
38584
38585
38586
38587
38588
38589
38590
38591
38592
38593
38594
38595
38596
38597
38598
38599
38600
38601
38602
38603
38604
38605
38606
38607
38608
38609
38610
38611
38612
38613
38614
38615
38616
38617
38618
38619
38620
38621
38622
38623
38624
38625
38626
38627
38628
38629
38630
38631
38632
38633
38634
38635
38636
38637
38638
38639
38640
38641
38642
38643
38644
38645
38646
38647
38648
38649
38650
38651
38652
38653
38654
38655
38656
38657
38658
38659
38660
38661
38662
38663
38664
38665
38666
38667
38668
38669
38670
38671
38672
38711
38712
38713
38714
38715
38716
38717
38718
38719
38720
38721
38722
38723
38724
38725
38726
38727
38728
38729
38730
38731
38732
38733
38734
38735
38736
38737
38738
38739
38740
38741
38742
38743
38744
38745
38746
38747
38748
38749
38750
38751
38752
38753
38756
38757
39714
39717
39964
39965
39966
39967
39968
39969
39970
39971
39972
39973
39974
39975
39976
39977
39978
39979
39980
39981
39982
39983
39984
39985
39986
39987
39988
39989
39990
39991
39992
39993
39994
39995
39996
39997
39998
39999
40000
40001
40002
40003
40004
40005
40006
40007
40008
40009
40010
40011
40012
40013
40014
40015
40016
40017
40018
40019
40020
40021
40022
40023
40024
40025
40026
40027
40028
40029
40030
40031
40032
40033
40034
40035
40036
40037
40038
40039
40040
40041
40042
40043
40044
40045
40046
40047
40048
40049
40050
40051
40440
40441
40442
40443
40444
40445
40446
40447
40448
40449
40450
40451
40452
40453
40454
40455
40456
40457
40458
40459
40460
40461
40462
40463
40464
40465
40466
40467
40468
40469
40470
40471
40472
40473
40474
40475
40476
40477
40478
40479
40480
40481
40482
40483
40484
40485
40486
40487
40488
40489
40490
40491
40492
40493
40494
40495
40496
40497
40498
40499
40500
40501
40502
40503
40504
40505
40506
40507
40508
40509
40510
40511
40512
40513
40514
40515
40516
40517
40518
40519
40520
40521
40522
40523
40524
40525
40526
40527
41306
41307
41313
41314
41315
41316
41352
41353
41354
41355
41356
41357
41377
41380
41414
41415
41416
41417
41428
41429
41430
41431
41432
41433
41434
41435
41436
41437
41438
41439
41440
41441
41442
41443
41500
41501
41502
41503
41504
41505
41506
41507
41564
41565
41566
41567
41568
41569
41573
41574
41575
41963
41964
41965
41966
41967
41968
41969
41970
41971
41972
41973
41974
41975
41976
41977
41978
41979
41980
41981
41982
41983
41984
41985
41986
42011
42012
42013
42014
42015
42016
42017
42018
42019
42020
42021
42022
42023
42024
42025
42026
42027
42028
42029
42030
42031
42032
42033
42034
42035
42036
42037
42038
42039
42040
42041
42042
42043
42044
42045
42046
42065
42066
42067
42068
42069
42070
42071
42072
42073
42074
42075
42076
42077
42078
42079
42080
42081
42082
42083
42084
42085
42086
42087
42088
42089
42090
42091
42092
42093
42094
42095
42096
42097
42098
42099
42100
42101
42102
42103
42104
42105
42106
42107
42108
42109
42110
42111
42112
42116
42117
42118
42125
42126
42127
42128
42129
42130
42131
42132
42133
42134
42135
42136
42137
42138
42139
42140
42141
42142
42143
42144
42145
42146
42147
42148
42584
42585
42586
42952
42953
42954
42981
42982
42983
42984
42985
42986
42987
42988
42989
42990
42991
42992
42993
42994
42995
42996
43287
43288
43289
43290
43291
43292
43293
43294
43295
43296
43297
43298
43317
43318
43319
43320
43321
43322
43323
43324
43460
43461
43462
43463
43464
43465
43466
43467
43468
43469
43470
43471
43472
43473
43474
43475
43476
43477
43478
43479
43480
43481
43482
43483
43484
43485
43486
43487
43488
43489
43490
43491
43492
43493
43494
43495
43496
43497
43498
43499
43500
43501
43502
43503
43504
43505
43506
43507
44023
44024
44025
44032
44033
44034
44035
44036
44037
44038
44039
44040
44041
44042
44043
44104
44105
44106
44107
44108
44109
44110
44111
44112
44146
44147
44148
44235
44236
44237
44241
44242
44243
44244
44245
44246
44247
44248
44249
44250
44251
44252
44280
44281
44282
44283
44284
44285
44286
44287
44288
)


// ************************************************************************* //
