/*--------------------------------*- C++ -*----------------------------------*\
  =========                 |
  \\      /  F ield         | OpenFOAM: The Open Source CFD Toolbox
   \\    /   O peration     | Website:  https://openfoam.org
    \\  /    A nd           | Version:  8
     \\/     M anipulation  |
\*---------------------------------------------------------------------------*/
/*   Windows 32 and 64 bit porting by blueCAPE: http://www.bluecape.com.pt   *\
|  Based on Windows porting (2.0.x v4) by Symscape: http://www.symscape.com   |
\*---------------------------------------------------------------------------*/
FoamFile
{
    version     2.0;
    format      ascii;
    class       labelList;
    location    "constant/vegetation/polyMesh";
    object      pointProcAddressing;
}
// * * * * * * * * * * * * * * * * * * * * * * * * * * * * * * * * * * * * * //


3190
(
19
40
53
79
99
132
136
137
153
176
210
211
212
216
232
274
275
304
327
344
345
346
368
394
401
402
404
435
455
456
482
500
501
502
827
828
829
841
842
843
844
848
907
909
990
992
993
1103
1104
1105
1148
1149
1188
1189
1190
1222
1342
1404
1419
1421
1422
1500
1613
1626
1643
1649
1650
1651
1652
1685
1726
1763
1764
1765
1775
1776
1777
1778
1836
1876
1907
1908
1909
1910
1920
1921
1922
1950
1951
1952
1953
1976
1977
1979
1980
2006
2038
2039
2044
2045
2046
2047
2048
2049
2050
2051
2053
2055
2091
2092
2094
2125
2126
2135
2167
2168
2170
2171
2172
2175
2176
2177
2212
2213
2215
2257
2259
2260
2261
2262
2263
2297
2298
2328
2330
2333
2336
2361
2362
2363
2364
2366
2399
2400
2401
2429
2430
2437
2438
2439
2440
2441
2442
2483
2517
2518
2519
2520
2589
2662
2663
2681
2682
3009
3010
3011
3020
3021
3022
3023
3024
3025
3026
3027
3028
3096
3240
3245
3246
3355
3356
3357
3358
3359
3360
3361
3409
3410
3458
3459
3481
3482
3484
3487
3488
3492
3528
3530
3563
3564
3567
3652
3653
3654
3655
3656
3657
3658
3659
3676
3693
3694
3695
3696
3697
3698
3699
3700
3701
3702
3703
3704
3705
3706
3707
3708
3712
3716
3879
3881
3883
3893
3894
4069
4070
4071
4072
4176
4179
4180
4181
4182
4190
4194
4207
4208
4209
4210
4211
4212
4213
4214
4362
4475
4477
4481
4482
4483
4501
4507
4514
4539
4555
4557
4558
4589
4603
4604
4634
4635
4640
4641
4668
4719
4721
4723
4743
4745
4746
4749
4754
4755
4756
4757
4905
4906
5019
5021
5025
5054
5257
5266
5307
5308
5309
5310
5316
5317
5318
5319
5321
5348
5349
5350
5351
5411
5412
5413
5414
5416
5519
5521
5555
5556
5557
5558
5559
5572
5573
5574
5575
5576
5577
5623
5624
5625
5626
5644
5645
5646
5647
5652
5653
5654
5655
5657
5727
5728
5730
5731
6008
6009
6010
6011
6012
6032
6034
6035
6037
6038
6039
6098
6099
6101
6102
6103
6109
6110
6111
6113
6114
6232
6233
6235
6236
6237
6239
6240
6241
6242
6244
6245
6423
6424
6425
6426
6445
6446
6488
6489
6490
6491
6532
6707
6729
6855
6859
6867
6921
6923
6924
6925
6926
6927
6928
6929
6930
6931
6932
6937
6953
6954
6955
6956
6957
6958
6959
6960
6961
6962
6963
6964
7144
7145
7292
7294
7321
7322
7324
7325
7329
7335
7358
7360
7363
7368
7433
7434
7444
7445
7446
7448
7453
7502
7503
7504
7505
7554
7555
7558
7568
7569
7570
7571
7572
7573
7602
7604
7654
7691
7692
7693
7751
7754
7755
7756
7764
7765
7766
7767
7768
7769
8037
8038
8039
8040
8041
8042
8229
8230
8231
8234
8235
8236
8237
8369
8370
8371
8372
8373
8374
8375
8376
8387
8388
8479
8502
8503
8504
8506
8507
8508
8509
8510
8511
8551
8552
8553
8554
8555
8556
8561
8564
8742
8743
8744
8745
8746
8747
8748
8975
8977
8978
8979
8986
8988
8990
8991
8996
8997
8999
9000
9117
9118
9119
9122
9123
9124
9125
9126
9127
9128
9129
9130
9141
9143
9145
9168
9169
9170
9171
9174
9175
9176
9177
9178
9180
9181
9182
9183
9184
9185
9188
9208
9212
9492
9501
9507
9512
9527
9534
9549
9800
9802
9803
9870
9871
9872
9873
9874
9885
9916
9918
10070
10072
10075
10078
10248
10249
10253
10257
10263
10334
10336
10337
10338
10339
10340
10341
10346
10347
10371
10372
10373
10374
10375
10376
10377
10378
10771
10772
10832
10833
10834
10965
10966
11509
11675
11714
11717
12287
12545
12610
12611
12642
12722
12832
12833
12937
13033
13034
13127
13133
13134
13135
13395
13396
13403
13404
13536
13537
13538
13539
13540
13541
14315
14316
14317
14406
14407
14408
14598
14599
14600
15297
15319
15551
15552
15553
15554
15555
15556
15557
15567
15571
15572
15665
15814
16593
16594
16595
16607
16608
16609
16893
16894
16895
16896
16897
16898
17303
17347
17355
17356
18042
18078
18079
18118
18228
18290
18291
18385
18409
18410
18420
18458
18459
18470
18471
18496
18497
21433
21454
21626
21627
21698
21701
21702
21703
21704
21748
21749
21750
24139
24168
25134
25375
25376
25377
25378
25393
25496
25553
25556
25583
25631
25632
25633
25634
25635
25636
25642
25643
25644
25645
25646
25647
25648
25649
25650
25651
25652
25653
25655
25656
25657
25661
25662
25738
25740
25741
25742
25747
25748
25749
25823
25858
25861
25862
25863
25864
25865
25866
25887
25888
25889
25892
25894
25895
25896
25897
25898
25899
25900
25901
26021
26023
26094
26095
26097
26098
26099
26101
26102
26103
26104
26105
26115
26116
26117
26118
26119
26122
26197
26198
26199
26200
26315
26316
26317
26322
26323
26324
26429
26515
26516
26517
26518
26519
26520
26530
26537
26538
26539
26540
26541
26542
26614
26615
26616
26617
26618
26619
26620
26621
27168
27169
27170
27357
27367
27368
27369
27512
27613
27614
27615
27616
27678
27734
27761
27819
27826
27827
27828
27830
27885
27945
27946
27947
27948
27949
28435
28436
28437
28438
28439
28440
28441
28442
28443
28444
28445
28446
28467
28468
28469
28470
28471
28472
28473
28474
28475
28476
28477
28478
28479
28482
28589
28594
28595
28653
28724
28725
28726
28727
28728
28729
28750
28921
28922
28923
28924
28925
28926
28927
28928
28995
28996
28997
28998
28999
29001
29067
29068
29069
29070
29071
29072
29073
29074
29075
29076
29077
29126
29127
29128
29276
29277
29278
29279
29280
29281
29307
29308
29309
29310
29311
29312
29318
29319
29320
29321
29322
29323
29324
29325
29326
29327
29462
29463
29464
29466
29467
29536
29537
29538
29558
29586
29587
29588
29589
29591
29592
29593
29594
29595
29596
29597
29598
29599
29600
29602
29603
29604
29664
29665
29667
29760
29762
29763
29764
29818
29819
29820
29838
29839
29840
29841
29842
29843
29844
29928
29929
30009
30010
30011
30022
30023
30024
30040
30041
30042
30043
30056
30093
30094
30095
30096
30097
30098
30099
30100
30101
30102
30103
30104
30105
30106
30107
30108
30109
30110
30111
30112
30113
30114
30115
30116
30117
30118
30176
30177
30203
30204
30205
30255
30257
30258
30259
30260
30261
30299
30300
30366
30367
30368
30369
30370
30371
30372
30414
30415
30416
30417
30418
30419
30460
30461
30462
30463
30464
30465
30466
30467
30468
30469
30492
30493
30534
30535
30542
30543
30544
30545
30546
30547
30548
30549
30602
30641
30642
30643
30644
30645
30646
30647
30728
30752
30773
31043
31044
31045
31046
31047
31056
31057
31058
31059
31060
31061
31062
31063
31064
31065
31066
31067
31068
31069
31070
31071
31072
31073
31074
31075
31076
31165
31166
31301
31399
31400
31401
31402
31403
31404
31405
31454
31455
31494
31495
31496
31497
31515
31516
31526
31539
31566
31567
31568
31569
31570
31571
31572
31573
31590
31591
31592
31598
31599
31600
31601
31602
31603
31681
31682
31683
31684
31685
31686
31687
31688
31748
31750
31755
31756
31757
31834
31835
31836
31837
31838
31850
31851
31852
31898
31978
31979
31982
31983
31984
31985
31989
31991
31992
31993
31994
31996
31997
32096
32173
32174
32197
32200
32201
32261
32262
32263
32365
32366
32367
32421
32422
32423
32545
32546
32547
32596
32597
32598
32628
32629
32630
32796
32797
32798
32799
32800
32807
32808
32809
32846
32847
32848
32849
32850
32851
32900
32901
32902
32903
32904
32905
32906
32907
33055
33056
33057
33058
33117
33153
33154
33155
33156
33172
33173
33174
33175
33334
33341
33361
33362
33474
33475
34660
34661
34662
34663
34664
34706
34708
34735
34860
34861
34862
34889
34890
34891
34896
35053
35061
35473
35474
35475
35689
35690
35691
35692
35693
35694
35695
35696
35697
35698
35699
35700
35701
35702
35765
35766
35767
35768
35769
35770
35777
35779
35780
35781
35782
36202
36203
36204
36205
36207
36427
36428
36429
36430
36431
36432
36434
36440
36441
36538
36539
36540
36665
36666
36667
36668
36669
36670
36671
36672
36673
36674
36675
36676
36677
36678
36679
36680
36681
36682
36683
36684
36685
36686
36687
36688
36713
36714
36715
36716
36717
36718
36719
36720
36721
36722
36723
36724
36725
36726
36727
36728
36729
36730
36731
36732
36733
36734
36735
36736
36737
36738
36739
36740
36741
36742
36743
36744
36745
36746
36747
36748
36749
36750
36751
36752
36753
36754
36755
36756
36757
36758
36759
36760
36761
36762
36764
36766
36773
36777
36778
36779
36780
36781
36782
36791
36792
36793
36794
36795
36796
36797
37092
37098
37099
37100
37101
37102
37103
37104
37105
37107
37118
37119
37120
37121
37122
37123
37124
37125
37126
37415
37416
37417
37537
37538
37539
37541
37542
37543
37544
37545
37546
37547
37548
37549
37550
37551
37609
37610
37611
37612
37613
37614
37615
37616
37617
37618
37621
37622
37625
37626
37628
37629
37630
37631
37632
37633
37634
37635
37636
37637
37638
37639
37640
37641
37642
37643
37644
37645
37646
37647
37966
37969
37972
37973
37975
38165
38191
38192
38193
38194
38195
38197
38198
38199
38200
38202
38203
38204
38205
38206
38207
38208
38209
38210
38211
38212
38213
38214
38215
38216
38217
38218
38219
38220
38245
38246
38247
38248
38249
38250
38251
38252
38253
38254
38255
38256
38257
38258
38259
38260
38261
38262
38263
38264
38266
38269
38275
38502
38503
38504
38505
38506
38507
38508
38509
38510
38511
38512
38513
38514
38515
38516
38926
38927
38930
38931
38932
38933
38934
38935
38936
38937
38949
38950
38951
38952
38953
38959
38960
38961
38962
38963
38964
38965
39224
39225
39230
39231
39454
39455
39456
39457
39458
39459
39460
39461
39462
39463
39497
39498
39499
39510
39511
39512
39513
39514
39515
39516
39517
39518
39519
39520
39691
39692
39693
39694
39695
39696
39697
39698
39699
39700
39701
39702
39703
39704
40148
40149
40150
40151
41094
41239
41241
41242
41273
41284
41293
41294
41334
41335
41393
41469
41491
41492
41493
41507
41606
41607
41608
41609
41684
41685
41688
41689
41690
41692
41693
41694
41695
41699
41700
41701
41702
41703
41704
41705
41751
41752
41753
41791
41850
41851
41852
41853
41855
41857
41858
41859
41860
41874
41875
41876
41893
41992
41993
41994
41995
42033
42086
42087
42088
42089
42182
42183
42188
42189
42190
42191
42192
42193
42194
42195
42196
42197
42238
42272
42273
42283
42307
42308
42477
42478
42479
42480
42481
42516
42517
42547
42564
42565
42566
42567
42663
42664
42670
42671
42672
42673
42722
42730
42731
42746
42748
42749
42750
42795
42797
42798
42799
42800
42801
42802
42803
42816
42841
42842
42843
42844
42845
42846
42883
42884
42885
42886
42887
42888
42910
42911
42912
42913
42914
42915
42916
42917
42918
42919
42920
42921
42988
42989
42990
42991
43033
43034
43064
43065
43066
43076
43077
43078
43079
43080
43100
43101
43108
43109
43151
43152
43153
43154
43155
43162
43188
43189
43190
43197
43198
43199
43233
43234
43235
43244
43245
43246
43434
43435
43510
43512
43513
43516
43517
43518
43519
43520
43521
43522
43523
43524
43525
43526
43528
43529
43530
43531
43532
43533
43534
43587
43588
43589
43590
43591
43670
43671
43691
43692
43694
43695
43768
43769
43902
43903
43904
43905
43906
43907
43908
43909
43910
43911
44088
44089
44090
44091
44092
44093
44098
44099
44100
44101
44102
44103
44108
44109
44110
44111
44112
44113
44114
44115
44116
44117
44122
44123
44126
44127
44128
44129
44130
44131
44132
44133
44134
44135
44136
44137
44138
44139
44140
44141
44239
44240
44241
44242
44243
44244
44331
44470
44471
44472
44473
44474
44475
44476
44477
44478
44481
44482
44483
44485
44486
44487
44488
44489
44490
44491
44492
44493
44494
44524
44525
44526
44527
44528
44560
44561
44672
44752
44754
44755
44834
44835
44838
44839
44842
44843
44852
44854
44856
44929
44930
44931
44935
44936
44937
44938
44939
44940
45439
45440
45441
45442
45443
45444
45445
45446
45447
45448
45449
45450
45451
45452
45453
45463
45464
45465
45466
45467
45468
45469
45470
45471
45472
45473
45474
45517
45518
45519
45520
45521
45522
45523
45524
45525
45526
45527
45528
45529
45530
45531
45532
45533
45534
45535
45536
45537
45538
45539
45540
45541
45542
45543
45544
45545
45546
45547
45548
45549
45550
45551
45552
45553
45554
45555
45565
45566
45567
45568
45569
45570
45571
45572
45573
45574
45575
45576
45577
45578
45579
45580
45581
45582
45583
45584
45585
45586
45587
45588
45589
45590
45591
45592
45593
45594
45595
45596
45597
45598
45599
45600
46034
46035
46036
46037
46038
46039
46040
46041
46042
46043
46044
46045
46046
46047
46048
46049
46355
46356
46357
46358
46359
46360
46361
46362
46363
46364
46365
46366
46367
46368
46369
46370
46371
46372
46391
46392
46393
46394
46400
46401
46402
46403
46404
46405
46406
46407
46408
46409
46410
46411
46412
46413
46414
46415
46416
46417
46418
46419
46420
46421
46422
46423
46424
46425
46426
46427
46428
46429
46430
46431
46432
46582
46583
46584
46585
46586
46587
46588
46589
46590
46591
46592
46593
46594
46595
46596
47183
47184
47185
47186
47187
47188
47189
47190
47191
47192
47193
47194
47219
47220
47221
47222
47223
47224
47225
47226
47227
47228
47229
47230
47231
47232
47233
47234
47235
47236
47237
47238
47239
47240
47241
47242
47243
47244
47245
47246
47247
47248
47249
47250
47251
47252
47253
47254
47716
47717
47718
47719
47720
47721
47725
47726
47727
47728
47729
47730
47731
47732
47733
47734
47735
47736
48116
48117
48118
48119
48120
48121
48125
48126
48127
48352
48353
48354
48355
48356
48357
48361
48362
48363
48364
48365
48366
48379
48380
48381
48382
48464
48465
48466
48467
48468
48469
48470
48471
48472
48491
48492
48493
48494
48534
48535
48536
48537
48538
48539
48549
48550
48551
48552
48553
48554
48555
48556
48557
48558
48559
48560
48561
48562
48563
48564
48565
48566
48567
48568
48569
48570
48571
48572
48573
48574
48575
48576
48577
48578
48579
48580
48581
48582
48583
48584
48585
48586
48587
48588
48589
48590
49083
49084
49085
49086
49087
49088
49089
49090
49091
49092
49093
49094
49095
49096
49097
49098
49099
49100
49101
49102
49103
49109
49110
49111
49112
49113
49114
49631
49632
49633
49634
49635
49636
49637
49638
49639
49640
49641
49642
49684
49685
49686
49687
49688
49689
49690
49691
49692
49693
49694
49695
49696
49697
49698
49699
49700
49701
49702
49703
49704
49705
49706
49707
49708
49709
49710
49711
49712
49713
49714
49715
49716
49717
49718
49719
49720
49721
49722
49723
49724
49725
50107
50108
50109
50110
50111
50112
50113
50114
50115
50116
50117
50118
50119
50120
50121
50122
50123
50124
50125
50126
50127
50128
50129
50130
50131
50132
50133
50134
50135
50136
50137
50138
50139
50140
50141
50142
50143
50144
50145
50146
50147
50148
50149
50150
50151
50152
50153
50154
50296
50297
50298
50299
50302
50303
50314
50315
50316
50317
50369
50370
50371
50372
50982
50983
50984
50985
50986
50987
50988
50989
50990
50991
50992
50993
50997
50998
50999
51000
51001
51002
51006
51007
51008
51009
51010
51011
51012
51013
51014
51015
51016
51017
51018
51019
51020
51021
51022
51023
51024
51025
51026
51027
51028
51029
51030
51031
51032
51123
51124
51125
51126
51127
51128
51129
51130
51131
51878
51879
51880
51881
51882
51883
51995
51996
51997
51998
51999
52000
52001
52002
52014
52015
52016
52017
52018
52019
52020
52021
52022
52023
52024
52025
52026
52104
52105
52106
52107
52108
52109
52110
52111
52112
52113
52114
52115
52116
52117
52167
52168
52169
52170
52221
52222
52223
52224
52225
52226
52227
52228
52229
52230
52243
52244
52245
52246
52247
52248
52249
52250
52251
52252
52253
52254
52255
52256
52257
52258
52259
52260
52261
52262
52263
52264
52265
52266
52349
52350
52351
52352
52353
52354
52355
52356
52357
52358
52359
52360
52421
52422
52423
52424
52425
52426
52427
52428
52429
52430
52431
52432
53094
53095
53096
53097
53098
53099
53279
53280
53281
53282
53283
53284
53303
53304
53305
53306
53307
53308
53309
53310
53311
53312
53313
53314
53315
53316
53317
53318
53319
53320
53321
53322
53323
53474
53475
53476
53477
53478
53479
53480
53481
53482
53483
53484
53485
53486
53487
53488
53489
53490
53491
53492
53493
53494
53495
53496
53497
53498
53499
53500
53501
53502
53503
53723
53724
53725
53729
53730
53731
53732
53733
53734
53771
53772
53773
53774
53775
53776
53801
53802
53803
53804
53805
53806
53807
53808
53809
53825
53826
53827
53828
53829
53830
55802
55803
55804
55850
55851
55852
55859
55860
55861
55862
55863
55864
55865
55866
55867
55868
55869
55870
55871
55872
55873
55874
55875
55876
55877
55878
55879
55880
55881
55882
55883
55884
55885
55886
55887
55888
55889
55890
55891
55892
55893
55894
55895
55896
55897
55898
55899
55900
55901
55902
55903
55910
55911
55912
55913
55914
55915
55916
55917
55918
55919
55920
55921
55922
55923
55924
55925
55926
55927
55928
55929
55930
55931
55932
55933
55934
55935
55936
55937
55938
55939
55940
55941
55942
55943
55944
55945
55946
55947
55948
55949
55950
55951
55952
55953
55954
55955
55956
55957
55958
55959
55960
55961
55962
55963
55964
55965
55966
55967
55968
55969
55970
55971
55972
55973
55974
55975
55976
55977
55978
55979
55980
55981
55982
55983
55984
55985
55986
55987
55988
55989
55990
55991
55992
55993
55994
55995
55996
55997
55998
55999
56000
56001
56002
56003
56004
56005
56006
56007
56008
56009
56010
56011
56012
56013
56014
56015
56016
56017
56018
56035
56036
56037
56038
56039
56040
56041
56042
56043
56044
56045
56046
56047
56048
56049
56050
56051
56052
56053
56054
56055
56056
56057
56058
56059
56060
56061
56062
56063
56064
56065
56066
56067
56068
56069
56070
56071
56072
56073
56074
56075
56076
56077
56078
56079
56080
56081
56082
56083
56084
56085
56086
56087
56088
56089
56090
56091
56092
56093
56094
56095
56096
56097
56098
56099
56100
56101
56102
56103
56104
56105
56106
56107
56108
56114
56115
56116
57336
57337
57338
57339
57340
57341
57342
57343
57344
57345
57346
57347
57348
57349
57350
57351
57352
57353
57354
57355
57356
57357
57358
57359
57360
57361
57362
57363
57364
57365
57366
57367
57368
57369
57370
57371
57372
57373
57374
57375
57376
57377
57378
57379
57380
57381
57382
57383
57384
57385
57386
57387
57388
57389
57390
57391
57392
57393
57394
57395
57396
57397
57398
57399
57400
57401
57402
57403
57404
57405
57406
57407
57408
57409
57410
57411
57412
57413
57414
57415
57416
57417
57418
57419
57420
57421
57422
57423
57424
57425
57426
57427
57428
57429
57430
57431
57776
57777
57778
57779
57780
57781
57782
57783
57784
57785
57786
57787
57788
57789
57790
57791
57792
57793
57794
57795
57796
57797
57798
57799
57800
57801
57802
57803
57804
57805
57806
57807
57808
57809
57810
57811
57812
57813
57814
57815
57816
57817
57818
57819
57820
57821
57822
57823
57824
57825
57826
57827
57828
57829
57830
57831
57832
57833
57834
57835
57836
57837
57838
57839
57840
57841
57842
57843
57844
57845
57846
57847
57848
57849
57850
57851
57852
57853
57854
57855
57856
57857
57858
57859
58421
58422
58423
58492
58493
58494
58501
58502
58503
58504
58505
58506
58531
58532
58533
58534
58535
58536
58537
58538
58539
58564
58565
58566
58567
58568
58569
58578
58579
58596
58597
58598
58659
58660
58661
58662
58663
58664
58665
58666
58667
58668
58669
58670
58671
58672
58673
58683
58684
58685
58686
58687
58688
58689
58690
58691
58692
58693
58694
58695
58696
58697
58698
58699
58700
58701
58702
58703
58704
58705
58706
58707
58708
58709
58710
58711
58712
58713
58714
58715
58716
58717
58718
58719
58720
58721
58722
58723
58724
58725
58726
58727
58728
58729
58730
58731
58732
58733
58737
58738
58739
58740
58741
58742
58743
58744
58745
59010
59011
59012
59013
59014
59015
59016
59017
59018
59019
59020
59021
59022
59023
59024
59025
59026
59027
59028
59029
59030
)


// ************************************************************************* //
