/*--------------------------------*- C++ -*----------------------------------*\
  =========                 |
  \\      /  F ield         | OpenFOAM: The Open Source CFD Toolbox
   \\    /   O peration     | Website:  https://openfoam.org
    \\  /    A nd           | Version:  8
     \\/     M anipulation  |
\*---------------------------------------------------------------------------*/
/*   Windows 32 and 64 bit porting by blueCAPE: http://www.bluecape.com.pt   *\
|  Based on Windows porting (2.0.x v4) by Symscape: http://www.symscape.com   |
\*---------------------------------------------------------------------------*/
FoamFile
{
    version     2.0;
    format      ascii;
    class       faceSet;
    location    "constant/air/polyMesh/sets";
    object      layerFaces;
}
// * * * * * * * * * * * * * * * * * * * * * * * * * * * * * * * * * * * * * //


525
(
18434 
16387 
18436 
18439 
17416 
18442 
16395 
18447 
16399 
18449 
17426 
18452 
18454 
17430 
16406 
18457 
18459 
17437 
18462 
16414 
18464 
18467 
17443 
18468 
16420 
18469 
18471 
17447 
16424 
18474 
18475 
18476 
18478 
17454 
16431 
18481 
18482 
18483 
17459 
16436 
18485 
18488 
18490 
17468 
18493 
16445 
18494 
18495 
17472 
18497 
16449 
18500 
18501 
18502 
17479 
18504 
18507 
16459 
18508 
18509 
18510 
18511 
18513 
16465 
17491 
18516 
18517 
16469 
17495 
16476 
17502 
16479 
17505 
16484 
17510 
16487 
17513 
16492 
16498 
17525 
16501 
17528 
16506 
17533 
16509 
17535 
17544 
16521 
17548 
17555 
16531 
17559 
16541 
17566 
17569 
16548 
16556 
17581 
17584 
17589 
16567 
17592 
16570 
17597 
16575 
17600 
16579 
16586 
16589 
16594 
17620 
16597 
17625 
16602 
16604 
17629 
16607 
16611 
17636 
17639 
16618 
16621 
17649 
16626 
17652 
16629 
17657 
16634 
16637 
17662 
17663 
17666 
16642 
16646 
17671 
17675 
16653 
16657 
17682 
16660 
17685 
17690 
17693 
16670 
16672 
17698 
16675 
17701 
16679 
17705 
16686 
17712 
16688 
17715 
16691 
16694 
17725 
16701 
16703 
17728 
16706 
17733 
16709 
16711 
17738 
16714 
17739 
16715 
16716 
16719 
17748 
16724 
16727 
17753 
16732 
17757 
16738 
17764 
16741 
17767 
17770 
16746 
16748 
17773 
16751 
17778 
17779 
16755 
16758 
16763 
17788 
16766 
17791 
17795 
16771 
16773 
16776 
17802 
16779 
17805 
17808 
16784 
17811 
16787 
17816 
16792 
17817 
16794 
16797 
17822 
16799 
17826 
16802 
16804 
16807 
17833 
16811 
16813 
16816 
17842 
16819 
17845 
16824 
17850 
16826 
16829 
17855 
16831 
17858 
16834 
17859 
16836 
17862 
16839 
17866 
16844 
17873 
16853 
16857 
17882 
17885 
16864 
17890 
16869 
17895 
17901 
16878 
17906 
16882 
17910 
16889 
17917 
16894 
17920 
17923 
17926 
16903 
17931 
17932 
16908 
16917 
16921 
17946 
17949 
16928 
17954 
17955 
16933 
17958 
17962 
16942 
17969 
16948 
17977 
17980 
16959 
17985 
17988 
16964 
17991 
17994 
16973 
17999 
18003 
16979 
18010 
18013 
16990 
18018 
16995 
18021 
18026 
18029 
18034 
18037 
18042 
17023 
18049 
17028 
18053 
18060 
17037 
18065 
17042 
18068 
18073 
17051 
18078 
17055 
18081 
18086 
17062 
18090 
17066 
18097 
17073 
17078 
18105 
18107 
18110 
18111 
18112 
18115 
18120 
18123 
17102 
18128 
18130 
17107 
18133 
18135 
18138 
18139 
17116 
18144 
18146 
17124 
18149 
18150 
18151 
17128 
18153 
18156 
18157 
18158 
18159 
17135 
18162 
17139 
18167 
18169 
17146 
18172 
18174 
17151 
18177 
18179 
18182 
17160 
18185 
17165 
18190 
16143 
18192 
18195 
18197 
17174 
16150 
18200 
17177 
18202 
18205 
18206 
17182 
18207 
18210 
17186 
16163 
18215 
17193 
16169 
18218 
17198 
18223 
18225 
18228 
18230 
17207 
16183 
18233 
18236 
17212 
16188 
18241 
18242 
18243 
17221 
16197 
18246 
17225 
16201 
18251 
18253 
18256 
17232 
16208 
18258 
16211 
17236 
18261 
18263 
18266 
17243 
18269 
16222 
17247 
18274 
18275 
16227 
18276 
18278 
17254 
18281 
18282 
17258 
18283 
18286 
16240 
17265 
18291 
17268 
16245 
18294 
17273 
18299 
17276 
18301 
16254 
18304 
17281 
16258 
18308 
17284 
18310 
18313 
17289 
18314 
18315 
16269 
18318 
16274 
18323 
18326 
17302 
17306 
18331 
18333 
16286 
18336 
17313 
18338 
16291 
18341 
17319 
18344 
16300 
18349 
18350 
18351 
18354 
17330 
17334 
18359 
18361 
18364 
17341 
18366 
16318 
17344 
18369 
16322 
18371 
17349 
18374 
18376 
16329 
17354 
18379 
18380 
18381 
16333 
18383 
18386 
18387 
17363 
18388 
18391 
17367 
16346 
18396 
16349 
17374 
18399 
16354 
18404 
16356 
18406 
16359 
18409 
16361 
17386 
18411 
16364 
18414 
17390 
18416 
18419 
18420 
18421 
17397 
16375 
18424 
17403 
18429 
18431 
)

// ************************************************************************* //
