/*--------------------------------*- C++ -*----------------------------------*\
  =========                 |
  \\      /  F ield         | OpenFOAM: The Open Source CFD Toolbox
   \\    /   O peration     | Website:  https://openfoam.org
    \\  /    A nd           | Version:  8
     \\/     M anipulation  |
\*---------------------------------------------------------------------------*/
/*   Windows 32 and 64 bit porting by blueCAPE: http://www.bluecape.com.pt   *\
|  Based on Windows porting (2.0.x v4) by Symscape: http://www.symscape.com   |
\*---------------------------------------------------------------------------*/
FoamFile
{
    version     2.0;
    format      ascii;
    class       faceSet;
    location    "constant/air/polyMesh/sets";
    object      layerFaces;
}
// * * * * * * * * * * * * * * * * * * * * * * * * * * * * * * * * * * * * * //


489
(
6145 
5123 
6148 
5128 
6153 
6155 
5134 
6158 
5138 
6162 
6164 
6167 
6168 
5145 
6169 
5148 
6172 
5151 
6177 
5154 
5159 
5160 
6185 
5163 
6188 
5167 
6193 
6196 
5174 
6201 
5183 
6209 
5186 
6212 
5191 
6217 
5196 
6220 
6225 
5202 
5207 
6231 
5211 
6235 
5218 
6242 
6244 
5221 
6247 
5224 
5227 
6253 
5232 
6256 
5233 
6261 
5238 
6263 
6266 
6269 
5247 
6274 
5252 
6276 
6279 
6281 
6284 
5261 
6286 
5264 
6289 
5269 
5273 
6298 
5280 
5282 
6306 
5285 
6312 
6313 
5290 
6314 
6317 
5299 
6326 
5304 
6332 
6336 
5313 
6337 
6338 
6341 
5318 
6346 
6349 
5327 
6353 
6354 
6355 
6357 
6360 
5337 
5342 
6366 
6368 
6371 
6374 
5351 
5354 
6379 
6382 
5359 
5363 
6387 
6389 
6392 
5370 
6394 
6397 
5374 
6399 
6402 
6403 
6404 
5381 
6407 
5384 
6412 
5389 
6415 
5393 
6420 
6421 
6422 
5400 
6425 
5404 
6430 
6433 
5411 
6438 
5415 
6440 
6443 
6445 
5422 
6448 
5426 
6450 
6453 
6454 
6455 
5433 
6457 
6460 
5437 
6463 
6468 
5444 
6470 
5447 
6473 
6475 
5452 
6478 
5455 
6480 
6483 
6484 
6485 
6488 
5467 
6493 
6495 
5471 
6498 
6499 
6502 
5478 
6508 
6512 
5488 
6514 
5490 
6517 
5493 
6520 
5496 
6525 
5501 
6527 
5503 
6530 
5506 
5508 
6533 
5511 
5513 
6538 
6540 
5516 
5518 
6543 
6544 
6545 
5521 
5522 
6547 
5523 
5525 
6550 
5528 
6553 
5530 
5533 
6558 
6560 
5536 
6563 
6565 
5541 
5542 
5543 
6568 
6570 
5546 
6573 
6574 
6575 
5551 
6577 
5554 
6580 
6582 
5559 
6585 
5561 
6586 
6587 
6588 
5564 
6589 
6590 
5566 
6591 
6593 
5569 
5571 
6596 
6597 
6598 
5574 
5575 
6600 
5576 
6603 
5579 
6604 
6605 
6607 
5584 
6610 
5588 
6613 
4568 
6618 
5595 
6621 
4573 
5598 
6626 
5603 
6628 
4582 
5606 
6631 
6633 
4586 
5611 
6636 
5613 
6638 
5616 
6641 
6642 
5618 
6643 
6645 
5621 
5623 
6648 
6650 
5626 
5628 
6653 
6654 
5631 
5632 
4609 
5633 
4612 
5637 
4617 
5644 
4621 
5647 
4628 
5652 
5656 
4634 
5663 
4642 
5666 
4645 
5671 
5674 
4655 
5679 
5683 
4661 
5690 
5693 
4672 
4680 
5705 
4685 
5709 
5716 
4694 
5720 
4698 
5727 
4705 
5731 
4711 
5738 
4717 
5743 
4721 
4728 
4731 
5755 
5758 
4736 
5763 
4741 
5767 
4750 
5774 
4753 
5778 
4758 
5785 
4762 
5790 
5797 
5803 
5806 
4783 
4791 
5815 
4795 
5819 
4802 
5827 
5829 
4807 
5833 
5837 
4816 
4820 
5844 
5850 
4827 
5853 
4830 
4835 
5859 
4839 
5863 
5873 
4850 
5876 
4855 
5881 
5885 
4864 
5892 
4869 
5895 
5900 
4878 
5903 
4882 
5908 
4889 
5916 
4893 
5919 
4900 
5924 
5927 
4905 
5932 
4914 
5938 
5942 
4924 
5949 
4928 
5952 
5957 
4935 
5960 
4938 
5965 
4943 
5968 
4946 
5973 
5976 
5981 
4958 
4963 
5987 
5991 
4972 
5998 
4976 
6001 
6006 
4983 
4987 
6014 
6017 
4994 
4998 
6022 
6026 
5005 
5008 
6033 
6036 
6041 
5022 
6047 
6050 
5027 
6055 
6057 
5036 
6060 
6062 
6065 
5042 
6068 
5046 
6073 
6075 
5053 
6078 
5056 
6084 
5061 
6088 
5066 
6095 
6097 
5075 
6100 
5078 
6102 
6105 
6109 
5090 
6116 
6118 
5095 
6121 
5099 
6127 
5106 
6130 
6135 
6137 
5115 
6140 
5118 
6142 
)

// ************************************************************************* //
