/*--------------------------------*- C++ -*----------------------------------*\
  =========                 |
  \\      /  F ield         | OpenFOAM: The Open Source CFD Toolbox
   \\    /   O peration     | Website:  https://openfoam.org
    \\  /    A nd           | Version:  8
     \\/     M anipulation  |
\*---------------------------------------------------------------------------*/
/*   Windows 32 and 64 bit porting by blueCAPE: http://www.bluecape.com.pt   *\
|  Based on Windows porting (2.0.x v4) by Symscape: http://www.symscape.com   |
\*---------------------------------------------------------------------------*/
FoamFile
{
    version     2.0;
    format      ascii;
    class       labelList;
    note        "nPoints: 7969 nCells: 6092 nFaces: 20067 nInternalFaces: 18541";
    location    "constant/air/polyMesh";
    object      neighbour;
}
// * * * * * * * * * * * * * * * * * * * * * * * * * * * * * * * * * * * * * //


18541
(
1
697
698
701
1099
1100
1103
1105
1106
1107
1110
1112
5554
5555
5558
5559
4
2424
2425
2426
2431
2432
2433
172
175
2424
2426
2428
2528
2530
2531
2534
2438
2439
2440
8
12
18
713
714
715
11
20
720
721
722
14
21
727
728
729
24
62
2445
2446
2447
16
25
63
196
197
198
26
734
735
736
14
27
741
742
743
17
30
84
31
748
749
750
34
66
219
220
36
67
2452
2453
2454
37
90
91
21
27
2458
2459
2462
23
758
759
760
26
2465
2466
2469
31
2472
2473
2476
32
157
5541
5542
5543
781
782
2952
2953
2956
2958
158
787
788
791
36
159
799
800
803
2479
2480
2483
31
2486
2487
2490
33
816
817
35
820
3076
3077
3080
3081
37
823
5614
5615
5618
5619
2493
2494
2497
171
833
3132
3135
3137
3138
5542
5543
5545
5634
5637
5639
5640
840
841
842
172
846
847
850
855
856
3146
3147
3150
3151
173
860
861
864
307
310
5579
5580
5581
5583
49
155
229
868
869
870
50
317
318
319
52
156
324
326
1868
1869
1873
1874
5746
48
77
875
876
877
57
154
331
332
333
5749
58
78
232
882
883
884
49
155
233
889
890
891
52
156
353
2001
2002
2006
2007
5742
5743
5744
5745
5752
53
82
234
896
897
898
60
83
903
904
905
70
910
911
912
272
917
918
919
373
374
375
73
273
924
925
926
389
2158
2159
2160
2161
2162
2163
2166
2167
5840
75
274
931
932
933
76
938
939
940
57
154
401
402
403
5755
59
84
279
406
407
410
2242
2243
2244
2245
2249
2250
2251
2252
5758
85
285
945
946
947
90
286
424
425
426
88
952
953
954
89
92
287
431
432
433
158
437
438
441
2445
2446
2448
67
159
197
198
199
444
445
448
5547
5549
5551
65
68
160
447
448
449
450
704
5718
5719
5720
163
440
441
442
443
707
5732
5733
5734
172
2500
2501
2504
173
958
959
962
2453
2454
2455
69
174
708
961
962
963
964
177
711
2503
2504
2505
2506
77
451
452
455
911
912
913
74
437
482
483
484
485
2444
2445
2448
2450
80
252
438
459
460
461
253
466
469
925
926
928
2281
2282
2285
2286
81
439
454
455
456
457
458
460
462
463
82
254
966
967
968
479
480
483
938
940
941
486
487
490
876
877
879
85
265
973
974
975
81
86
195
197
199
200
444
517
518
519
520
266
445
501
502
503
446
489
490
491
492
500
502
504
505
267
980
981
982
88
514
515
518
903
905
907
90
407
822
5613
5614
5615
299
987
988
989
533
534
535
536
958
2451
2453
2455
2456
219
300
959
2451
2454
2455
2457
2510
2511
2512
2513
530
531
534
952
954
955
221
301
2507
2508
2511
92
306
425
426
429
5578
5579
5580
92
220
307
221
308
431
433
436
5585
5586
5587
96
181
323
1000
1003
96
119
184
316
317
321
322
120
326
994
995
996
5761
122
186
329
993
996
998
999
1176
1177
1178
104
351
358
538
539
540
112
352
545
546
547
5763
102
113
359
486
558
561
563
564
874
876
879
880
2036
2037
2038
105
487
1005
1006
1007
108
356
552
553
554
5766
109
363
488
537
539
542
543
1004
1007
1009
1010
2064
2065
2066
115
357
364
559
560
561
330
337
566
567
568
514
1012
1013
1014
144
333
573
574
575
5769
109
110
145
340
515
902
905
907
908
1917
1918
1919
335
580
581
582
5772
342
516
565
567
569
571
1011
1014
1016
1017
1931
1932
1933
146
336
343
565
568
570
571
572
575
577
578
1938
1939
1940
117
125
386
393
593
594
598
599
600
601
605
606
2183
2184
2185
387
587
588
589
5775
117
394
451
593
596
597
599
909
911
913
914
2190
2191
2192
126
452
1019
1020
1021
391
398
594
595
596
129
392
601
602
603
5778
130
399
453
1018
1021
1022
1024
2225
2226
2227
122
124
125
202
386
1032
1033
1037
1038
1232
1233
1234
122
124
204
372
373
376
378
389
1026
1027
1028
5780
127
608
609
610
207
390
1025
1027
1029
1031
1260
1261
1262
129
392
1033
1034
1035
5781
131
208
607
610
612
613
130
131
379
621
622
626
627
2127
2128
2129
479
1040
1041
1042
615
616
617
130
131
382
480
937
940
941
943
622
623
624
5843
384
481
1039
1042
1043
1045
385
614
617
619
620
135
628
5782
136
400
636
637
641
642
150
403
630
631
632
5785
404
637
638
639
5788
151
405
408
629
632
634
635
140
141
142
149
430
647
648
651
652
143
521
1047
1048
1049
147
152
648
649
650
5791
148
435
522
1046
1049
1050
1051
153
436
643
645
146
148
409
416
661
662
665
666
530
1054
1055
1056
411
655
656
657
5794
146
148
418
531
951
954
955
956
413
421
654
656
658
659
2274
2275
2276
415
662
663
664
5797
422
532
1053
1056
1057
1058
151
153
409
423
675
676
679
680
412
669
670
671
5800
414
428
668
670
672
673
415
676
677
678
5803
429
1060
1062
682
683
684
5806
222
1065
1066
1067
690
691
2409
2410
2413
2414
5809
171
1071
1072
1075
5541
5543
5544
787
791
792
1079
1081
5669
5672
5673
5674
173
5547
5548
5549
174
2430
5718
5719
5722
700
701
702
703
2431
5725
5728
5729
5730
5735
5736
5737
5738
176
2434
5726
5727
5728
2436
5732
5733
5736
239
246
255
2515
2516
2517
240
697
5555
5556
5557
247
1100
1101
1102
256
698
1107
1108
1109
243
257
699
1114
1115
1116
244
250
1122
1123
2648
2649
2650
3202
3203
3207
3208
251
258
2522
2523
2524
2528
2529
2532
177
846
850
851
1134
1136
1138
1139
2501
2504
2505
861
864
865
1134
1135
1137
5548
5549
5553
176
177
1137
1138
1139
1140
2437
5718
5722
5724
176
177
2439
2441
2531
2532
2533
2534
5726
5727
5731
2443
189
209
682
1142
1143
1144
191
687
754
1149
1150
1151
193
685
689
1156
1157
1158
187
1169
1170
1174
1175
1176
1178
1179
1182
1831
1833
203
313
766
1163
1164
1165
187
719
721
724
725
767
1169
1172
1173
1175
2882
2883
2884
187
204
719
722
723
725
1177
1178
1179
1181
768
1170
1171
1172
207
315
1176
1177
1180
330
337
344
1183
1185
1186
213
331
1191
1192
1193
214
338
773
1198
1199
1200
345
774
1205
1206
1207
341
348
775
1212
1213
1214
334
349
1219
1220
1221
217
336
343
1225
1227
1228
199
200
201
496
500
200
201
497
799
2452
199
200
2453
199
201
501
800
504
498
2456
499
506
801
2325
2326
2327
365
379
1232
1233
1236
366
806
1240
1241
1242
208
733
735
737
739
1261
1262
1263
1265
380
807
1247
1248
1249
369
383
808
1254
1255
1256
370
1260
1261
1264
385
1233
1234
1235
1238
1246
1249
1251
1252
213
401
1268
1269
1270
215
406
813
1275
1276
1277
218
405
408
1267
1270
1272
1273
1274
1277
1278
1280
218
409
416
423
1302
1303
1307
1308
1309
1310
1314
1315
410
1282
1283
1284
417
825
1289
1290
1291
424
826
1296
1297
1298
420
427
827
1303
1304
1305
413
421
1309
1311
1312
414
428
1281
1284
1286
1287
1295
1298
1299
1301
221
846
2501
221
847
848
2507
2511
2512
229
233
2535
2536
2539
227
236
280
2543
2544
2545
228
231
237
1322
1323
2571
2572
2574
3264
3265
3266
3267
230
248
2550
2551
2552
228
231
249
2557
2558
2559
260
282
2564
2565
2566
262
2571
2572
2573
272
2577
2578
2581
276
2585
2586
2587
277
1359
2557
2559
2561
3541
3542
3543
3544
3545
3546
3549
3551
265
285
2591
2592
2595
272
889
891
892
1369
1370
1373
2535
2539
2541
2735
2738
2740
267
274
2598
2599
2602
259
268
275
2606
2607
2608
260
289
1391
1392
1393
2543
2544
2547
2689
2690
2692
2798
2799
2801
262
277
5562
5563
5564
264
271
290
2613
2614
2615
259
268
2620
2621
2622
1071
1412
1413
1414
261
834
1419
1420
3735
3736
3739
3741
269
835
1072
1426
1427
1428
270
1073
1434
1435
3749
3750
3753
3755
263
1441
1442
2695
2696
2697
3763
3764
3767
3769
264
271
837
2627
2628
2629
259
275
2634
2635
2636
1461
1462
1463
276
2641
2642
2643
262
277
1481
2558
2559
2562
3978
3979
3982
3984
3985
3986
3989
3991
263
2648
2649
278
2653
2654
2655
266
1078
1500
1501
1504
273
1508
2742
2745
2746
4108
4110
4111
4114
4122
4123
4127
4128
267
274
2659
2660
2663
268
275
2667
2668
2669
1079
1529
1530
1531
270
1080
1536
1538
4234
4235
4238
4240
278
2674
2675
2676
2681
2682
2683
293
2688
2689
2690
294
4374
4375
4379
4380
4381
4382
4384
4386
4387
4390
4392
1574
1575
2572
2573
2576
4442
4443
4446
4447
2695
2696
297
2700
2701
2702
299
2706
2707
2710
1085
1599
1600
1603
2713
2714
2717
2721
2722
2723
303
1086
1621
1622
1623
1087
1628
1630
4735
4736
4739
4740
304
2728
2729
2730
2734
2735
2738
2741
2742
2745
2748
2749
2752
2756
2757
2758
2763
2764
2765
1677
1678
1679
2770
2771
2772
286
822
1691
5029
5031
5032
5035
282
289
2777
2778
2779
284
291
824
1696
5064
5065
5069
5070
293
2784
2785
2786
295
816
5568
5569
298
818
1703
5099
5100
5103
5105
299
2790
2791
2794
306
1713
1716
5155
5157
5158
5161
301
308
1719
1720
1723
292
302
309
1727
1729
5204
5205
5209
5210
293
2798
2799
2800
297
304
2805
2806
2807
298
311
1748
1749
5330
5331
5334
5336
832
839
1755
1756
1757
2812
2813
2814
834
1769
1770
5407
5408
5411
5412
841
1776
1777
1778
836
843
5572
5573
5574
837
2819
2820
2821
844
1790
1792
5470
5471
5474
5475
2825
2826
2829
305
846
861
862
863
865
1134
1804
1805
1806
1809
848
1803
1804
1807
832
849
1811
1812
1813
835
1135
1818
1819
1820
837
2833
2834
2835
838
851
1136
1810
1813
1815
1816
1817
1820
1821
1823
822
5578
5579
5582
312
847
5586
5587
5588
5591
848
5585
5586
5589
839
849
5593
5594
5595
312
823
842
5599
5602
5603
5605
824
844
5600
5601
5602
845
852
5592
5595
5597
5598
366
1349
1836
1837
1838
325
367
688
1847
1848
1849
329
370
1861
1863
1864
320
321
322
993
321
322
373
320
321
374
994
320
322
997
376
999
327
328
329
1831
1834
327
328
690
5812
388
692
1869
1870
1871
328
329
389
995
996
998
5815
693
1858
1859
1868
1870
1872
1874
1001
1003
5817
390
1861
1864
1866
1868
1871
1872
1873
351
1875
1876
1879
336
410
682
1192
1193
1196
1882
1884
1886
1888
353
683
1882
1885
1887
1888
1892
1893
1894
1895
5867
336
411
574
575
577
1890
1891
1893
1894
2239
2242
2245
5870
355
685
1883
1884
1885
356
1889
1890
1892
5873
413
1225
1227
1230
1876
1877
1878
1880
358
1896
1897
1900
417
1362
1904
1905
1906
360
493
1363
1911
1912
1913
418
494
1917
1918
1921
362
1364
1925
1926
1927
363
495
1931
1932
1935
421
1938
1939
1942
351
358
1945
1947
1948
687
1369
1953
1954
1955
354
367
688
1960
1961
1962
361
368
1370
1967
1968
1969
362
1371
1974
1975
1976
355
689
1981
1982
1983
357
364
371
1987
1989
1990
1994
1995
1998
387
5739
5740
5742
5876
691
2008
2010
2012
2014
2018
2019
2020
2021
5879
388
692
2002
2003
2004
694
2009
2010
2011
2015
2016
2018
5882
391
2022
2023
2026
2029
2030
2033
394
507
2036
2037
2040
508
1376
2044
2045
2046
395
1377
2051
2052
2053
1378
2058
2059
2060
509
2064
2065
2068
398
2071
2072
2075
386
393
2078
2079
2081
1641
2086
2087
2088
388
2093
2094
2095
395
1642
2100
2101
2102
397
1643
2107
2108
2109
390
2113
2115
2116
391
398
2120
2122
2123
376
377
378
607
1025
376
378
376
377
1026
377
378
608
1029
611
1030
613
393
2127
2128
2131
1648
2135
2136
2137
396
465
1649
2142
2143
2144
384
385
466
923
926
928
929
397
1650
2149
2150
2151
399
467
2127
2129
2130
2133
2141
2144
2146
2147
2225
2229
2230
2128
2129
2130
2132
2134
2137
2138
2140
390
2078
2079
2083
2169
2171
2172
2175
2176
2179
2180
2182
2155
2156
2158
5851
2163
2164
2165
390
1027
1028
1031
2178
2180
2181
2182
5854
2113
2116
2119
2162
2164
2166
2168
2169
2170
2173
2176
2177
2178
5856
2183
2184
2187
472
2190
2191
2194
1655
2198
2199
2200
473
1656
2205
2206
2207
1657
2212
2213
2214
2218
2219
2222
474
2225
2226
2229
405
2232
2234
2237
2238
405
410
682
1269
1270
1273
684
2235
2236
2237
2238
5885
405
412
631
632
634
2233
2234
2236
2237
2246
2249
2252
5819
2232
2233
2235
5888
414
408
424
1276
1277
1280
1690
5029
5030
5031
408
425
428
413
414
2253
2256
2257
2259
413
414
1283
1284
1287
2239
2240
2242
5858
2246
2247
2249
5861
1309
1311
1314
2239
2241
2244
2245
2246
2248
2251
2252
2253
2254
2255
5864
422
430
2267
2268
2271
2273
2274
2276
2277
2279
1705
2261
2262
2263
422
523
944
946
949
950
1918
1921
1922
2275
2276
2277
2280
422
432
524
944
947
948
950
1706
2267
2270
2272
2273
5113
5114
5115
434
1707
2268
2269
2270
2274
2275
2278
435
525
427
428
429
430
427
428
1297
1298
1301
1712
5155
5156
5157
428
429
427
429
433
1713
434
1303
1305
1308
1714
5162
5163
5164
436
434
435
436
435
436
2507
434
435
1719
2508
434
436
1720
1721
2268
2270
2273
5183
5184
5185
2509
439
443
439
442
445
459
460
462
1078
5669
5671
5673
440
446
442
443
447
442
443
1081
449
1082
446
450
958
446
449
501
502
504
1085
5683
5685
5687
447
449
450
449
450
962
1088
1089
963
453
457
472
486
2288
2291
2293
453
456
479
1019
1021
1022
454
474
481
456
457
475
482
456
457
490
484
477
492
462
463
464
475
2444
462
464
1500
2446
462
463
502
463
464
476
503
1501
2304
2305
2307
2448
477
505
478
1502
2449
473
1507
2282
2283
2284
467
471
480
468
474
481
2281
2283
2286
2287
470
471
475
482
2444
470
471
1508
2447
478
1509
2281
2284
2285
2287
2449
485
2450
507
2288
2290
2291
1514
2296
2297
2298
475
2226
2229
2231
2288
2289
2292
2293
2295
2297
2300
2301
477
478
511
1515
2303
2304
2305
512
2289
2291
2293
2294
2302
2304
2307
2308
1516
2295
2298
2299
2301
2302
2305
2306
2307
4150
4151
4152
481
484
1040
1042
1043
481
485
482
484
485
484
485
488
492
507
2330
2333
2336
488
491
514
1005
1007
1009
489
509
516
2344
2347
2349
491
492
510
517
491
492
519
512
508
1592
2310
2311
2312
498
515
523
972
974
977
978
1917
1921
1923
2316
2317
2320
2322
509
516
2316
2318
2319
498
510
517
2317
2319
2321
2322
2323
2325
2327
2329
498
527
972
975
976
978
1593
2323
2326
2327
2328
4560
4561
4562
520
528
513
1594
2324
2325
2326
504
505
506
510
504
506
1599
504
505
505
506
511
1600
2353
2354
2357
512
513
1601
2360
2361
2364
2330
2332
2333
1606
2338
2339
2340
2344
2346
2347
512
2345
2347
2349
2350
2358
2360
2363
2364
1607
2352
2353
2354
2331
2333
2335
2336
2351
2353
2356
2357
1608
2359
2360
2361
516
519
1012
1014
1016
516
520
531
517
2316
2319
2322
519
520
519
520
534
535
522
530
1047
1049
1050
532
2509
525
528
531
986
987
991
992
525
529
986
988
990
991
1796
2508
526
532
2509
528
529
533
2451
2510
528
529
986
989
990
992
1797
2452
535
2456
1798
2457
2513
532
536
1054
1056
1057
532
535
533
535
536
535
536
541
542
543
551
558
541
543
552
566
1994
542
543
567
2029
541
542
559
1995
2030
556
562
1996
563
2031
557
569
548
549
550
551
558
874
548
550
587
875
5933
548
549
553
5739
5935
549
550
560
588
5740
555
878
5938
556
562
5741
564
590
880
555
556
557
1004
556
557
580
2015
555
556
2016
5940
555
557
581
1006
5943
1008
5945
2017
584
1010
562
563
564
562
563
2022
2071
562
564
595
2023
563
564
596
2072
2024
2073
597
569
570
571
579
569
570
580
1875
569
571
1896
570
571
1876
1897
584
585
1877
1898
576
577
578
579
902
576
578
655
904
5947
576
577
582
5949
577
578
656
583
906
5952
585
658
908
583
584
585
1011
584
585
1889
583
584
1013
5954
583
585
1890
5956
1015
5959
1017
1891
590
591
592
593
600
909
590
591
910
5891
590
592
595
2155
591
592
602
2156
5893
597
914
604
915
5896
598
605
2157
597
598
599
598
599
2169
2218
597
598
2170
597
599
2219
2171
2220
604
605
606
1018
605
606
622
2176
604
605
2177
5898
604
606
623
1020
5901
1023
5903
2179
626
1024
611
612
613
1032
611
613
611
612
616
1035
612
613
617
1036
619
1038
618
619
620
621
937
618
620
939
618
619
624
619
620
625
942
627
943
625
626
627
1039
626
627
1033
625
626
1041
5844
625
627
1035
1044
1045
1038
638
5961
633
634
635
636
633
635
669
5963
633
634
639
5965
634
635
670
640
5968
642
672
640
641
642
641
642
2232
640
641
5970
640
642
2233
5972
5975
2234
645
646
647
645
646
650
1061
5978
652
1062
653
5979
651
652
653
1046
651
652
662
676
651
653
663
1048
5845
652
653
677
5847
665
1051
679
1052
5849
658
659
660
661
951
658
660
953
5905
658
659
2239
659
660
664
2240
5907
956
666
2241
667
957
5910
665
666
667
1053
665
666
2253
665
667
1055
5912
666
667
2254
5914
1058
2256
1059
5917
672
673
674
675
672
674
5919
672
673
2246
673
674
678
2247
5921
680
2248
681
5924
679
680
681
1060
679
680
2253
679
681
1061
5926
680
681
2255
5928
1062
2257
1063
5931
1143
1144
1147
2365
2366
2369
2370
686
691
2365
2367
2370
2371
5822
686
5825
694
2366
2367
2368
696
5828
1316
2373
2374
2375
692
2384
2385
2386
694
2395
2396
2397
693
696
5831
696
2416
2417
2420
2421
5834
2410
2411
2412
695
2391
2393
2409
2411
2413
2415
2417
2418
2419
696
2402
2404
2416
2419
2421
2422
5837
699
702
1071
5555
5556
5558
699
703
1079
1107
1108
1110
700
1073
1080
1115
1116
1117
5662
5666
5667
5677
5680
5681
702
703
1074
1083
702
703
1076
1084
706
707
708
2430
706
707
2432
710
2435
2436
710
711
2437
710
711
2440
2442
2443
716
717
718
1141
1148
717
718
741
2458
716
717
727
742
1142
716
718
729
1149
2459
730
1145
1152
744
1146
1153
2460
723
724
725
1162
723
724
734
1163
2465
724
725
2466
723
725
735
737
1166
1167
2467
730
731
732
1190
1197
1204
730
731
748
1191
731
732
749
1198
2472
730
732
1205
2473
1194
1208
751
1195
1201
1202
1209
2474
737
738
739
1239
1246
737
738
1240
2479
737
739
738
739
1247
2480
1243
1244
1250
2481
1252
744
745
746
1267
1274
744
746
2486
744
745
748
1268
745
746
750
1275
2487
1271
752
1272
1278
1279
2488
751
752
753
1281
1288
1295
751
752
1282
751
753
1289
2493
752
753
1296
2494
1285
1292
1286
1299
1293
1300
2495
774
1316
2839
2840
2843
777
814
1319
2847
2848
2849
778
1318
1321
2842
2843
2844
2845
2846
2848
2850
2852
1325
1330
2854
2855
2856
762
763
762
782
1326
2860
2862
2864
2865
3285
3286
3287
763
783
1331
2860
2863
2864
2866
2953
2954
2956
3311
3312
3313
784
1328
1335
2861
2862
2863
1329
2853
2855
2857
2858
1336
2853
2856
2857
2859
3345
3346
3348
795
819
1341
2867
2868
2869
797
1343
1345
2872
2873
806
1349
2875
2876
2879
2882
2883
2886
2889
2890
2893
1352
2897
2898
2899
810
1353
2904
2905
2906
811
1351
1357
2911
2912
2913
1358
2918
2919
2920
825
1362
2924
2925
2928
1369
2931
2932
2935
1364
1371
2938
2939
2942
778
779
1365
1372
1390
2941
2942
2943
2944
778
779
829
1391
2475
2476
2477
2478
2847
2848
2850
3112
3113
3115
1374
1394
2934
2935
2936
2937
830
1368
1396
2927
2928
2929
2930
3119
3121
3122
3596
3597
3599
1460
1467
1473
2946
2947
2948
785
1461
2966
2968
2970
2972
785
1468
2959
2961
2963
2964
3891
3892
3893
1474
2953
2954
2955
1470
1477
2960
2961
2962
1465
1472
2945
2947
2949
2950
3916
3917
3919
1466
1479
2967
2968
2969
789
792
1500
2446
789
793
1508
2447
790
1502
1509
2449
792
793
1503
1510
1528
4116
4118
4119
792
793
1529
1505
1532
1513
1534
1556
1563
1569
2974
2975
2976
854
1557
2980
2981
2982
855
1564
2985
1560
1571
2987
2988
857
1562
1568
2991
2992
2993
801
805
860
1593
4561
4564
4565
801
804
1599
5547
1594
1601
2999
3000
3003
3004
4568
4571
4572
1595
1602
1620
3000
3001
3002
804
805
864
1621
5548
1604
1624
2999
3001
3004
3005
5550
866
1598
1626
2999
3002
3003
3005
4596
4597
4599
1641
3006
3007
3010
1648
3013
3014
3017
1643
1650
3020
3021
3024
1644
1651
1669
3028
3029
3030
1670
3035
3036
3037
1646
1673
3042
3043
3044
1654
1675
3049
3050
3051
826
1690
3055
3056
3059
829
1693
3063
3064
3065
831
1692
1695
3070
3071
3072
841
5569
5607
5609
5610
5612
823
842
5608
5610
5611
5612
824
844
5606
5607
5608
854
1699
3077
3078
3079
821
856
5568
858
1701
3076
3079
3081
3082
5093
5094
5096
5570
5613
5614
5616
5622
5624
5625
5626
5620
5621
5622
1705
3083
3084
3087
1712
3090
3091
3094
1707
1714
3097
3098
3101
1708
1715
1733
3105
3106
3107
1734
3112
3113
3114
1710
1737
3119
3120
3121
1717
1738
3126
3127
3128
2423
5627
5628
5629
836
838
2424
2528
3132
3133
3134
2529
5634
5635
5636
2427
3133
3136
3137
3138
5572
5573
5575
5627
5630
5632
5633
5641
5642
5643
2428
2530
5629
5631
5632
5633
5636
5638
5639
5640
2423
5648
5649
5650
843
845
2425
843
1777
1778
1780
5656
5658
5660
5661
845
5657
5659
5660
5661
2427
5572
5574
5576
5648
5651
5653
5654
5655
5656
5657
2429
5650
5652
5653
5654
848
851
848
852
849
1804
1807
1809
5586
5589
5591
851
852
1811
1813
1816
2423
5593
5595
5598
851
852
2426
2428
2429
858
859
1761
1768
1775
3153
3154
3158
3159
5359
5360
5362
1762
3147
3148
3149
859
1769
2985
3153
3156
3157
3159
858
859
1776
1765
1772
3154
3155
3156
1766
1779
3146
3149
3151
3152
5394
5395
5397
1774
1781
862
866
1797
2452
862
865
2454
863
1798
2457
865
866
1799
1817
865
866
1818
1821
1801
1822
5492
5493
5495
871
872
873
1835
1842
1846
871
872
917
1836
2577
871
873
1066
1843
2578
872
873
918
1067
1847
1840
1844
2579
921
1841
1851
1069
1845
1852
878
879
880
1004
878
880
910
5986
879
880
911
878
879
1005
1008
5987
1009
914
885
886
887
1903
1910
1920
885
886
945
1904
2591
885
887
973
1911
2592
886
887
946
974
1921
1908
1914
2593
949
1909
1922
977
1916
1923
892
893
894
1952
1959
1966
892
894
1065
1953
893
894
918
1067
1960
892
893
919
1967
1957
1970
922
1964
1972
1070
1958
1965
899
900
901
2039
2043
2050
900
901
931
980
2040
899
901
981
2044
2598
899
900
932
2051
2599
2047
2054
2600
935
2041
2056
984
2042
2049
906
907
908
1011
906
907
1012
906
908
953
5988
907
908
954
1015
5989
1016
956
913
914
915
1018
914
915
5980
913
914
913
915
1019
1022
1023
5981
920
921
922
2085
2092
2099
920
921
2086
2734
921
922
2093
920
922
2100
2735
2090
2103
2736
2091
2096
2097
2104
927
928
929
2134
2141
927
929
2135
2741
927
928
2142
2742
928
929
2139
2145
2743
2147
2140
934
935
936
2193
2197
2204
935
936
966
2194
934
935
2198
2748
934
936
967
2205
2749
2201
2208
2750
2195
2202
970
2196
2210
941
942
943
1039
941
942
1040
942
943
941
943
1043
1044
948
949
950
2260
948
949
2261
2790
949
950
987
948
950
988
2791
2265
2792
2266
991
955
956
957
1053
955
957
1054
956
957
5982
955
956
1057
1059
5983
960
963
960
964
1134
2501
961
2502
963
964
2503
963
964
1137
1138
2505
969
970
971
2289
2295
2302
970
971
980
2290
969
970
2296
2659
969
971
982
2303
2660
2299
2306
2661
2292
2300
985
2294
2308
976
977
978
2309
976
977
2310
2706
977
978
987
976
978
989
2707
2313
2708
2314
992
983
984
985
2331
2337
2351
984
985
2332
983
984
2338
2713
983
985
2352
2714
2341
2355
2715
2334
2342
2335
2356
990
991
992
991
992
990
991
2825
990
992
2826
2827
997
998
999
1000
997
999
1026
997
998
1001
6003
998
999
1027
1002
1003
1029
1002
1003
1002
1003
6004
1008
1009
1010
1008
1009
1008
1010
1013
6005
1009
1010
1014
6006
1017
1015
1016
1017
1015
1016
1015
1017
6007
1016
1017
6008
1022
1023
1024
1022
1023
1023
1024
1041
5995
1022
1024
1042
5996
1045
1029
1030
1031
1032
1029
1030
1029
1031
1030
1031
1034
5997
1036
1037
1036
1037
1038
1037
1038
2176
1036
1037
2178
5998
1036
1038
2180
1043
1044
1045
1043
1044
1044
1045
5992
1043
1045
1050
1051
1052
1050
1052
1051
1052
1055
5993
1050
1051
1056
1058
5994
1057
1058
1059
1057
1059
1058
1059
5999
1057
1058
6000
1062
1063
1062
1063
6001
6002
1068
1069
1070
2372
2379
2383
1068
1070
2373
2535
1068
1069
2380
2536
1069
1070
2384
2377
2381
2537
2382
2387
2378
2388
1076
1412
1413
1415
5662
5664
5665
5667
1077
1086
1426
1427
1429
2529
5663
5664
5665
5668
5691
5694
5695
1087
5662
5663
5666
1076
1077
1090
5665
5666
5667
5668
5725
1076
1077
2532
5726
5729
1091
2533
5731
1085
5669
5670
5671
1084
1529
1530
1532
5677
5678
5679
5681
1087
5676
5677
5680
1082
1084
5732
1083
1089
5671
5673
5674
5675
5734
1084
1090
5679
5680
5681
5682
5735
5738
5683
5684
5685
1135
5690
5691
5694
5697
5698
5701
1089
1091
1137
5549
5551
5552
5553
5718
1090
5685
5687
5688
5689
5720
1091
5700
5701
5702
5703
5721
1140
5693
5694
5695
5696
5724
1113
1120
1127
3181
3182
3185
3186
3188
3189
3192
3193
3195
3196
3199
3200
1114
1405
1523
3161
3162
3163
1121
1406
1455
3168
3169
3170
1128
1456
1524
3175
3176
3177
1118
1125
1408
3182
3183
3184
1126
1131
1457
3189
3190
3191
1119
1132
1525
3196
3197
3198
1103
1104
1105
1120
1127
1103
1105
1103
1104
1123
1462
1104
1105
1129
1463
1124
1126
1131
1464
3210
3212
3214
3224
3226
3228
3877
3878
3879
1133
1110
1111
1112
1113
1127
1110
1112
1110
1111
1116
1530
1111
1112
1130
1531
1117
1119
1132
1533
3231
3233
3235
1133
1117
1118
1119
5554
1118
1119
1433
1537
3162
3163
3164
3750
3751
3753
4235
4236
4238
1117
1118
1434
5556
1117
1119
1538
5558
1437
3182
3183
3185
5560
1540
3196
3197
3199
1124
1125
3209
3210
3213
3214
5554
1440
1488
3203
3204
3205
1124
1125
1441
5557
1124
1489
3209
3212
3214
3215
5559
1443
3182
3184
3186
3202
3204
3206
3207
5560
1490
3210
3211
3212
1133
3223
3224
3227
3228
3230
3231
3234
3235
1494
1544
3217
3218
3219
1133
1495
2521
2523
2525
2527
3223
3226
3228
3229
4067
4068
4070
1133
1545
2521
2524
2526
2527
3230
3233
3235
3236
1497
3224
3225
3226
1546
3231
3232
3233
1136
1138
1136
1140
1818
1820
1821
2529
5690
5694
5696
1139
2530
1138
1140
1139
1140
2531
2533
1145
1146
1147
1155
1145
1146
1191
1268
1145
1147
1156
1192
1146
1147
1269
1159
1194
1271
1160
1152
1153
1154
1155
1152
1153
1205
2839
1152
1154
1157
1207
2374
1153
1154
2375
2840
1159
1208
2841
1161
2376
1159
1160
1161
1159
1160
1220
2366
1159
1161
1221
2395
1160
1161
2368
2397
1222
2369
2398
1166
1167
1168
1169
1179
1166
1167
1240
2875
1167
1168
1171
1837
2876
1166
1168
1180
1242
1838
1181
1243
1173
2877
1174
1182
1839
1173
1174
1175
1174
1175
1173
1174
1854
2889
1173
1175
2890
2891
1855
1178
1182
1861
1178
1181
1261
1179
1181
1182
1181
1182
1264
1863
1265
1865
1187
1188
1225
1876
1897
1187
1188
1189
1211
1218
1226
1188
1189
1212
1900
1947
1187
1189
1219
1879
1948
1223
1230
1880
1216
1231
1901
1217
1224
1949
1194
1195
1196
1218
1226
1194
1195
1282
1194
1196
1220
1195
1196
1227
1283
1222
1229
1285
1223
1230
1201
1202
1203
1211
1226
1201
1202
1289
2924
1202
1203
1213
1905
2925
1201
1203
1228
1291
1906
1229
1292
1215
2926
1216
1231
1907
1208
1209
1210
1211
1218
1208
1209
2931
1209
1210
1214
1954
2932
1208
1210
1221
1955
1222
1215
2933
1217
1224
1956
1215
1216
1217
1216
1217
1925
1974
1215
1216
1926
2938
1215
1217
1975
2939
2940
1928
1977
1222
1223
1224
1223
1224
1883
1981
1222
1223
1884
1222
1224
1982
1886
1984
1230
1231
1938
1229
1230
1231
1229
1230
1311
1229
1231
1312
1942
1313
1943
1234
1237
1260
2078
1234
1238
2128
1235
1262
1237
1238
1253
1263
1237
1238
1254
2081
2131
1258
1266
2082
1259
2132
1243
1244
1245
1253
1263
1243
1244
3006
1244
1245
1255
2087
3007
1243
1245
1264
2088
1265
1257
3008
1258
1266
2089
1250
1251
1252
1253
1250
1252
3013
1250
1251
1256
2136
3014
1251
1252
2137
1257
3015
1259
2138
1257
1258
1259
1258
1259
2107
2149
1257
1258
2108
3020
1257
1259
2150
3021
3022
2110
2152
1262
1266
2113
1262
1265
1263
1265
1266
1265
1266
2115
2117
1271
1272
1273
1271
1272
1282
1271
1273
1272
1273
1284
1286
1278
1279
1280
1278
1279
1296
3055
1279
1280
3056
1278
1280
1298
1299
3057
1285
1286
1287
1310
1285
1286
1285
1287
1311
1286
1287
1313
1314
1292
1293
1294
1302
1310
1292
1293
3083
1293
1294
1304
2262
3084
1292
1294
1312
2263
1313
1306
3085
1307
1315
2264
1299
1300
1301
1302
1299
1300
3090
1300
1301
1305
3091
1299
1301
1306
3092
1308
1306
1307
1308
1307
1308
2268
1306
1307
2269
3097
1306
1308
3098
3099
2271
1314
1315
2274
1313
1314
1315
1313
1314
1313
1315
2278
2279
1369
3237
3238
3241
1318
1322
1350
1373
2538
2539
2540
2541
3256
3257
3258
3259
1324
1374
3240
3241
3242
3243
3252
3253
3254
3255
1321
1391
1693
2542
2543
2547
2548
2848
2849
2852
5044
5045
5048
1321
1323
1342
1392
2542
2544
2546
2547
3398
3399
3401
1324
1394
1324
1359
3272
3273
3274
3275
5562
1324
1346
3268
3269
3270
3271
3430
3431
3433
5564
3260
3261
3262
3263
5565
1337
3277
3278
3279
1468
3284
3285
3286
1338
1344
1469
3290
3291
1340
1470
3296
3297
3298
3276
3279
3280
3281
3283
3286
3287
3289
1337
3303
3304
3305
1474
3310
3311
3312
1339
1354
1475
3317
3318
3319
1355
3324
3325
3326
1356
3331
3332
3333
1340
1477
3338
3339
3340
3345
3346
3347
3352
3353
1347
1482
3361
3362
3363
1360
1483
3368
3369
3370
1484
3384
3385
3386
1557
1699
3391
3392
3393
1346
1558
3398
3399
3400
1348
1560
3405
3406
3407
1347
1570
3413
3414
1348
1571
3418
3419
1575
3430
3431
3432
1576
3437
3438
3439
1577
3452
3453
3454
1641
3458
3459
3462
1359
1645
2580
2581
2582
2583
3477
3478
3479
3480
3481
3484
3486
3487
1361
1646
3482
3483
3484
3489
3490
3491
1670
3496
3497
3498
1360
1671
3503
3504
3505
3510
3511
3512
3517
3518
3519
1361
1673
3524
3525
3526
3531
3532
3533
1361
1677
3552
3553
3554
3555
1679
3546
3547
3548
1680
3483
3484
3486
3524
3526
3528
3537
3538
3539
3540
3545
3548
3550
3551
1705
3560
3561
3564
1376
1592
3567
3568
3571
1378
3574
3575
3578
1379
1397
3577
3578
3579
3580
3588
3590
3592
3593
3595
3597
3599
3600
1398
1596
1709
3582
3583
3584
1381
1402
1597
3589
3590
3591
1403
1710
3596
3597
3598
1371
1374
1953
1954
1957
2932
2935
2937
3237
3241
3243
1371
1375
1377
1642
1967
1968
1970
3610
3613
3614
4812
4816
4817
1372
1378
1975
1976
1978
2939
2942
2944
3617
3620
3622
1374
1375
1379
5561
1374
1375
1645
5562
5565
1382
1647
5567
1606
3602
3603
3606
1655
3609
3610
3613
3616
3617
3620
1382
1383
3619
3620
3621
3622
3630
3632
3634
3635
1384
1610
1659
3624
3625
3626
1388
1611
3631
3632
3633
1389
1660
3612
3613
3614
3615
3623
3626
3627
3629
1387
1389
1397
3651
3652
3655
3656
5561
1614
1663
3638
3639
3640
1387
1389
1550
1664
2605
2607
2609
2611
4291
4292
4294
5563
1399
1552
1616
3645
3646
3647
1401
1553
3644
3646
3648
3649
4313
4314
4315
5566
1402
1617
3652
3653
3654
1666
3637
3640
3641
3643
5567
1394
1395
1396
1397
5561
1394
1396
1734
5233
5234
5237
1394
1395
1558
5564
1395
1396
1400
1559
1735
3674
3675
3676
4347
4348
4350
5240
5241
5243
5565
1401
1561
5566
1403
1737
5255
5256
5258
1401
1403
3679
3680
3683
3684
1635
1741
3659
3660
3661
1586
1636
3666
3667
3668
1587
1743
3673
3674
3675
1589
3665
3667
3669
3670
3672
3674
3676
3677
4534
4535
4536
1638
3680
3681
3682
1744
3597
3598
3600
3658
3661
3662
3664
3672
3675
3676
3678
5304
5305
5306
1432
1439
1446
3687
3688
3689
1433
1615
3694
3695
3696
1440
1551
3701
3702
3703
1447
1552
1616
3708
3709
3710
1437
1443
3715
3716
3717
1444
1450
1554
3722
3723
3724
1438
1451
1618
3729
3730
3731
1415
1416
1417
1432
1439
5540
1415
1417
5541
1415
1416
1434
5556
1416
1417
1441
5557
1436
5544
1437
1443
5560
1445
5546
1423
1424
1439
1446
3742
3743
3746
3747
3778
3780
3782
5540
1423
1424
3132
5542
1424
1442
1565
3742
3744
3746
3748
4382
4383
4384
1448
1566
3134
3736
3737
3738
1444
1450
1567
3743
3744
3745
1452
3135
3735
3738
3739
3740
5545
1445
5546
1429
1430
1431
1432
1446
3779
3780
3783
5540
1429
1431
5543
5634
1429
1430
1435
1622
1430
1431
1449
1623
3800
3801
3803
5635
1436
5544
1438
1451
1625
3757
3759
3761
3813
3815
3817
4723
4724
4725
1452
5545
5637
1436
1437
3687
3689
3690
3756
3757
3760
3761
1629
3750
3751
3752
1436
1437
5662
1436
1630
3756
3759
3761
3762
5663
5664
3715
3716
3719
3749
3751
3753
3754
1632
3757
3758
3759
1443
1445
3687
3688
3691
3770
3771
3774
3775
1581
3764
3765
3766
1443
1445
1445
1582
3770
3773
3775
3776
4478
4479
4480
3715
3717
3720
3763
3765
3767
3768
1583
3771
3772
3773
3778
3779
3780
1586
1636
3785
3786
3787
1588
3140
3792
3793
3794
1637
3141
3799
3800
3801
1590
3806
3807
3808
1639
3813
3814
3815
3142
3777
3780
3782
3783
3791
3794
3795
3796
3798
3801
3802
3803
1480
1487
1493
3820
3821
3822
1481
1550
1664
3827
3828
3829
1488
1551
3834
3835
3836
1494
1665
3841
3842
3843
1490
1497
3848
3849
3850
1485
1491
1555
3855
3856
3857
1486
1498
1667
3862
3863
3864
1487
1493
3869
3870
3871
1465
1466
1465
1489
3875
3877
3879
3880
1466
1495
3875
3878
3879
3881
4068
4069
4071
1490
1497
3876
3877
3878
1492
3868
3870
3872
3873
4046
4047
4049
1499
2967
2968
2970
3868
3871
3872
3874
4095
4096
4098
1480
1487
3883
3884
3885
3890
3891
3892
1482
1570
3896
3897
1484
3902
3903
3904
1485
1491
1572
3909
3910
3911
1492
3916
3917
3918
1480
1493
3923
3924
3925
3930
3931
3932
1483
1671
3937
3938
3939
1496
1672
3944
3945
3946
1484
3951
3952
3953
1486
1498
1674
3958
3959
3960
1499
3965
3966
3967
3972
3973
3974
1574
1678
3828
3829
3830
3999
4001
4003
4005
4006
4008
4010
4012
1576
3979
3980
3981
1679
3986
3987
3988
3993
3994
3995
1579
4000
4001
4002
1682
4007
4008
4009
4014
4015
4016
1581
4021
4022
4023
2647
2649
2650
4031
4034
4035
4037
4045
4047
4049
4051
4032
4033
4034
1584
4039
4040
4041
4046
4047
4048
4053
4054
4055
1685
4060
4061
4062
4067
4068
4069
1686
4074
4075
4076
4081
4082
4083
1687
4088
4089
4090
4095
4096
4097
1502
1505
5669
1502
1515
1600
4101
4102
4105
4107
4144
4147
4148
1503
1516
4151
4154
4155
1505
1517
1535
4101
4103
4105
4106
4158
4159
4161
1505
1536
1603
4101
4104
4106
4107
5670
1539
5672
1519
1541
1605
4102
4103
4104
1514
1649
4108
4109
4112
1509
1513
1516
4109
4110
4111
4113
4115
4116
4119
4120
4150
4154
4156
1517
1542
4116
4117
4118
1543
1652
4123
4124
4125
1520
1547
1653
4130
4131
4132
1548
4115
4118
4119
4121
4122
4125
4126
4128
1656
4136
4137
4140
1607
4143
4144
4147
4150
4151
4154
1521
4158
4159
4160
1522
1610
1659
4165
4166
4167
1526
1612
4172
4173
4174
1527
1661
4179
4180
4181
1535
1542
4186
4187
4188
1614
1663
4193
4194
4195
1537
1615
4200
4201
4202
1544
1665
4207
4208
4209
1540
1546
4214
4215
4216
1541
1619
4221
4222
4223
1547
1668
4228
4229
4230
1532
1533
1534
1535
1542
4249
4251
4254
1532
1534
1532
1533
1538
1533
1534
1545
1539
1540
1546
4270
4272
4275
1548
1539
1540
4186
4187
4190
4241
4242
4245
4246
1539
1628
4241
4243
4245
4247
5676
1629
4235
4236
4237
1539
1540
5677
5678
4214
4215
4218
4234
4236
4238
4239
1633
4242
4243
4244
4249
4250
4251
1684
4256
4257
4258
1685
4263
4264
4265
1548
2673
2676
2677
2679
4269
4272
4273
4275
4270
4271
4272
1688
4277
4278
4279
4248
4251
4252
4254
4255
4258
4259
4261
1573
1580
1585
4284
4285
4286
1574
4291
4292
4293
1581
4298
4299
4300
1586
4305
4306
4307
1578
1589
4312
4313
4314
1583
1590
4319
4320
4321
1579
1584
4326
4327
4328
1573
1585
4333
4334
4335
1762
4340
4341
4342
1561
1575
2687
2689
2691
2692
3398
3400
3403
4353
4356
4358
4359
1587
1763
4347
4348
4349
1577
4354
4355
4356
1578
1589
4332
4334
4337
4338
4346
4348
4350
4351
4533
4535
4538
1591
1765
4361
4362
4363
1580
1585
4368
4369
4370
1769
4375
4376
4377
1582
4382
4383
1588
1771
4387
4388
4389
1583
1590
4394
4395
4396
1591
1772
4401
4402
4403
1573
1580
4412
4413
4414
1576
4418
4419
1577
4423
4424
1579
1584
4427
4428
4429
4436
4437
4438
1578
4292
4293
4296
4456
4458
4460
4461
5563
1578
3430
3432
3435
4449
4451
4453
4454
5564
4443
4444
4445
4450
4451
4452
4312
4313
4316
4435
4437
4439
4440
5566
4457
4458
4459
4464
4465
4466
4471
4472
4473
4478
4479
4487
4488
4489
4494
4495
4496
4505
4506
4507
4512
4513
4514
1784
4519
4520
4521
1785
4526
4527
4528
4533
4534
4535
4540
4541
4542
1786
4547
4548
4549
1606
4553
4554
4557
1797
4560
4561
4564
1608
4567
4568
4571
1609
1634
4575
4576
4577
1635
1800
4582
4583
4584
1611
1638
4589
4590
4591
1640
1801
4596
4597
4598
1601
1604
5683
1601
1607
4609
4610
4613
4614
4624
4627
4629
1608
4602
4603
4606
4607
4631
4634
4636
1609
1627
4603
4604
4605
1604
1628
4609
4612
4613
4615
5684
1631
4602
4604
4606
4608
5686
1612
1633
4610
4611
4612
4616
4617
4620
4623
4624
4627
4630
4631
4634
1613
4638
4639
4640
1614
4645
4646
4647
1617
4652
4653
4654
1619
4659
4660
4661
1627
1634
4666
4667
4668
4673
4674
4675
1629
4680
4681
4682
1636
4687
4688
4689
1638
4694
4695
4696
1632
1639
4701
4702
4703
1633
4708
4709
4710
1627
1634
4715
4716
4717
1624
1626
1818
5690
1624
1630
4721
4723
4725
4726
5691
1626
1637
1819
4721
4724
4725
4727
4779
4780
4782
1631
4714
4715
4718
4719
5692
1632
1639
4722
4723
4724
1640
1822
4714
4717
4718
4720
4799
4801
4803
4729
4730
4731
1631
4749
4751
4753
4754
5697
4736
4737
4738
1631
4742
4745
4746
4748
5698
4728
4729
4732
4734
5699
4743
4744
4745
4750
4751
4752
4757
4758
4759
1825
4764
4765
4766
4771
4772
4773
1827
4778
4779
4780
4785
4786
4787
4792
4793
4794
1828
4799
4800
4801
4805
4806
4809
1655
4812
4813
4816
1657
4819
4820
4823
1646
1647
1658
1676
3028
3029
3031
4822
4823
4824
4825
4897
4898
4900
1646
1647
1677
2737
2738
2739
2740
1680
3042
3043
3046
3482
3484
3487
4808
4809
4810
4811
1660
1681
4815
4816
4817
4818
4826
4827
4830
1656
4833
4834
4837
1657
4840
4841
4844
1658
1683
4848
4849
4850
1684
4855
4856
4857
1661
1688
4862
4863
4864
1689
4869
4870
4871
4875
4876
4879
4882
4883
4886
4889
4890
4893
1662
4897
4898
4899
1663
4904
4905
4906
1666
4878
4879
4880
4881
4896
4898
4900
4902
4903
4905
4907
4909
1668
4911
4912
4913
1666
1676
1683
4898
4899
4902
4931
4932
4936
4937
4938
4939
4943
4944
4981
4982
4985
4918
4919
4920
1666
1678
2755
2757
2759
2760
3827
3829
3832
4931
4933
4935
4936
1685
4925
4926
4927
1681
4917
4919
4921
4923
1682
1687
4932
4933
4934
1688
4939
4940
4941
1673
1676
1683
3029
3030
3033
4966
4967
4971
4972
4973
4974
4977
4978
4981
4983
4986
4946
4947
4948
1679
4953
4954
4955
1686
4960
4961
4962
1680
3043
3044
3047
3525
3526
3529
4945
4947
4949
4950
4952
4954
4956
4958
1682
1687
4967
4968
4969
1689
4974
4975
4976
1680
1681
1682
1680
1681
5562
1681
1682
5563
1680
1682
3546
3548
3551
3986
3988
3991
4954
4955
4958
5567
4008
4009
4012
4932
4933
4936
4967
4968
4971
4981
4982
4983
4988
4989
4990
4995
4996
4997
5002
5003
5004
5009
5010
5011
5016
5017
5018
5023
5024
5025
1712
5029
5030
5033
1696
1716
5036
5039
5041
5042
5616
1698
1717
5037
5038
5039
1734
5044
5045
5046
1697
1700
1736
5051
5052
5053
1698
1738
5058
5059
5060
1748
5071
5073
5075
5077
5620
1702
1750
5065
5066
5067
1751
5072
5073
5074
1762
5079
5080
5081
1702
1764
5086
5087
5088
1704
1766
5093
5094
5095
1791
5100
5101
5102
1704
1792
5569
5607
1793
5093
5095
5097
5099
5102
5104
5105
5570
5106
5107
5110
1719
1796
5113
5114
5117
1721
5120
5121
5124
1722
1740
5128
5129
5130
1741
1800
5135
5136
5137
1744
5142
5143
5144
1724
1746
1802
5149
5150
5151
5155
5156
5159
1718
1720
5163
5164
5165
5168
5578
1721
5162
5163
5166
1722
1747
5170
5171
5172
1718
1748
5176
5179
5181
5182
5582
1751
5177
5178
5179
1725
1753
5169
5172
5174
5175
5584
1724
1803
5114
5117
5118
5183
5185
5186
5188
1725
5184
5185
5186
5189
5585
5183
5184
5187
1726
5191
5192
5193
1724
1725
1727
1807
5589
1731
1808
5149
5150
5152
5190
5192
5194
5196
5219
5220
5222
1732
5190
5193
5195
5196
5590
1740
1747
5198
5199
5200
1732
1811
5218
5220
5222
5224
5593
1742
1756
1812
5205
5206
5207
1732
1749
1757
5211
5214
5216
5217
5594
1745
1752
1758
5212
5213
5214
1746
1814
5219
5220
5221
1753
5197
5200
5201
5203
5596
1740
1747
5226
5227
5228
5233
5234
5235
1743
1763
5240
5241
5242
1750
1764
5247
5248
5249
1744
5254
5255
5256
1751
5261
5262
5263
1745
1752
1767
5268
5269
5270
5275
5276
5277
1825
5282
5283
5284
1783
1826
5289
5290
5291
1784
5296
5297
5298
5303
5304
5305
1787
5310
5311
5312
1829
5317
5318
5319
5324
5325
5326
1753
5337
5339
5341
5342
5600
1753
1790
5344
5346
5348
5350
5601
1791
5331
5332
5333
5338
5339
5340
1794
5345
5346
5347
5323
5326
5327
5328
5604
1759
1760
1782
1789
5351
5352
5356
5357
5423
5424
5425
5571
1759
1760
5572
5627
5648
1759
1783
5205
5206
5209
5351
5353
5355
5356
5430
5431
5434
5628
1760
1790
5351
5354
5355
5357
5649
1787
1794
5352
5353
5354
1788
5464
5465
5468
5575
5630
1795
5576
5651
1782
1789
5359
5360
5361
5366
5367
5368
1784
5373
5374
5375
1791
5380
5381
5382
1786
5387
5388
5389
1793
5394
5395
5396
1787
1794
5401
5402
5403
1773
1774
1782
5414
5415
5418
5420
5422
5424
5427
5571
1774
4375
4376
4379
5414
5416
5418
5419
1773
1774
3133
5573
1785
3134
5408
5409
5410
1786
5415
5416
5417
1788
3136
5407
5410
5411
5413
5464
5466
5469
5575
5577
1779
1780
1781
1789
5571
1779
1781
5568
1780
1781
5574
1779
1780
1792
5569
1793
5570
1795
5576
5577
5422
5423
5424
3139
5429
5430
5431
5436
5437
5438
3140
5443
5444
5445
5450
5451
5452
5457
5458
5459
3143
5464
5465
5466
1793
1795
5360
5361
5364
5477
5478
5482
5483
1795
5477
5479
5481
5482
5655
5471
5472
5473
1793
1795
5656
5394
5396
5399
5470
5472
5474
5476
5478
5479
5480
5658
1798
1803
2825
2827
2828
2831
5113
5117
5119
5498
5499
5502
5503
1798
2826
2827
2828
2830
4560
4564
4566
5491
5492
5495
5496
1799
1805
1806
1824
5491
5493
5495
5497
5498
5500
5503
5504
1825
5485
5486
5487
1828
5492
5493
5494
1808
1829
5499
5500
5501
1805
1808
2508
1805
1809
2511
1806
2513
1808
1809
1810
1808
1809
1811
1814
5499
5500
5503
1816
1814
1815
1816
1824
1814
1816
1814
1815
1826
5205
5207
5210
5514
5515
5518
5628
1815
1816
5629
1829
5220
5221
5224
5534
5536
5539
1830
5631
1821
1822
1823
1824
1821
1822
1822
1823
1827
5521
5522
5525
5635
1821
1823
5636
1828
5527
5529
5532
1830
5638
1830
5526
5527
5531
5532
5533
5534
5538
5539
5506
5507
5508
3139
5513
5514
5515
3141
5520
5521
5522
5527
5528
5529
5534
5535
5536
3144
5512
5515
5516
5518
5519
5522
5523
5525
1833
1834
1861
1833
1834
1853
1857
1862
1855
1865
1859
1866
1839
1840
1841
1853
1862
1840
1841
2086
3458
1839
1840
1854
3459
1839
1841
1863
2088
1855
1865
1856
3460
1867
2091
1844
1845
1853
1857
1844
1845
2380
3465
1856
3466
1860
2382
1850
1851
1852
1857
1862
1851
1852
2093
2384
1850
1852
1858
1870
2385
1850
1851
1864
1871
2094
1859
1866
1872
1867
2096
1860
2387
1855
1856
1855
1856
3469
3470
1859
1860
1859
1860
2391
2392
1865
1866
1865
1866
1867
1865
1867
2115
1866
1867
2116
2118
1872
1873
1874
1873
1874
2163
2410
1872
1874
2411
1872
1873
2164
2166
2413
1877
1881
1889
1994
1877
1880
1878
1891
1880
1881
1882
1894
1880
1881
1883
1998
1886
1887
1895
1999
1886
1887
1888
1886
1887
2009
1886
1888
2366
1887
1888
2010
2367
2012
2370
1891
1895
2015
1891
1893
6056
1894
1893
1895
2018
6059
1894
6062
1895
2021
1898
1902
1931
2029
1898
1901
1938
1899
1933
1940
1901
1902
1924
1934
1941
1901
1902
1925
2033
1928
1943
1930
1936
2034
1907
1908
1909
1924
1941
1908
1909
2261
3560
1907
1908
1926
3561
1907
1909
1942
2263
1928
1943
1929
3562
1944
2266
1914
1915
1916
1924
1934
1914
1916
2310
3567
1914
1915
1927
2045
3568
1915
1916
1935
2046
2311
1929
3569
1930
1936
2048
1937
2314
1919
1923
1932
1919
1922
1939
1920
1933
1940
1922
1923
1934
1941
1922
1923
1944
1937
1928
1929
1930
1928
1930
2058
1928
1929
3574
1929
1930
2059
3575
3576
2062
1933
1936
2064
1933
1937
2316
1934
1936
1937
1936
1937
2068
2318
2069
2320
1940
1943
1940
1944
2275
1941
1943
1944
1943
1944
2278
2280
1950
1951
1987
1995
2030
1949
1950
1951
1973
1980
1988
1949
1951
1974
2033
1949
1950
1981
1998
1977
1984
1985
1991
2000
1979
1992
2035
1956
1957
1958
1973
1980
1957
1958
2373
1956
1957
1975
1956
1958
1982
2374
1977
1984
1978
1986
2378
1963
1964
1965
1980
1988
1964
1965
2093
2384
1963
1965
1983
2003
2386
1963
1964
1989
2004
2095
1985
1991
2005
1993
2097
1986
2388
1970
1971
1972
1973
1988
1970
1972
2100
1970
1971
1976
2052
1971
1972
1990
2053
2102
1978
1979
1992
2055
1993
2104
1977
1978
1979
1977
1979
2058
1977
1978
1978
1979
2060
2063
1984
1985
1986
1984
1985
2009
1984
1986
2395
1985
1986
2011
2396
2013
2399
1991
1992
2022
2071
1991
1992
1993
1991
1993
2026
2122
1992
1993
2075
2123
2027
2076
2124
1996
1999
2015
1996
2000
2022
1997
2017
2024
1999
2000
2008
2020
2025
1999
2000
2009
2012
2021
2013
2027
2005
2006
2007
2008
2025
2006
2007
2163
2410
2005
2007
2011
2412
2005
2006
2026
2165
2013
2027
2028
2167
2014
2414
2012
2013
2014
2012
2013
2012
2014
2417
2013
2014
2418
2420
2017
2021
2017
2019
5739
6074
2020
5741
2019
2021
6077
2020
5743
6080
2021
5744
2024
2027
2024
2028
2170
5740
2025
5741
2027
2028
5744
2027
2028
2173
2174
5745
2031
2034
2064
2031
2035
2071
2032
2066
2073
2034
2035
2057
2067
2074
2034
2035
2058
2062
2069
2063
2076
2038
2042
2065
2330
2038
2041
2072
2190
2039
2066
2073
2041
2042
2067
2074
2041
2042
2194
2332
2077
2195
2070
2334
2047
2048
2049
2057
2067
2047
2049
2338
3602
2047
2048
2059
3603
2048
2049
2068
2339
2061
3604
2062
2069
2070
2342
2054
2055
2056
2057
2074
2054
2056
2198
3609
2054
2055
2060
3610
2055
2056
2075
2200
2061
3611
2063
2076
2077
2202
2061
2062
2063
2062
2063
2061
2062
3616
2061
2063
3617
3618
2066
2069
2066
2070
2344
2067
2069
2070
2069
2070
2346
2348
2073
2076
2073
2077
2219
2074
2076
2077
2076
2077
2222
2223
2082
2083
2113
2083
2084
2120
2183
2082
2083
2084
2106
2114
2121
2082
2084
2107
2187
2110
2117
2119
2125
2112
2126
2188
2089
2090
2091
2106
2114
2090
2091
4805
2089
2090
2108
4806
2089
2091
2115
2110
2117
2111
4807
2118
2096
2097
2098
2114
2121
2096
2097
2096
2098
2116
2164
2097
2098
2122
2165
2118
2124
2119
2125
2168
2103
2104
2105
2106
2121
2103
2104
4812
2103
2105
2109
2199
4813
2104
2105
2123
2200
2111
4814
2124
2112
2126
2203
2110
2111
2112
2110
2112
2212
2110
2111
4819
2111
2112
2213
4820
4821
2216
2117
2119
2117
2118
2119
2117
2118
2118
2119
2125
2126
2169
2218
2124
2125
2126
2124
2125
2173
2124
2126
2222
2175
2224
2129
2133
2184
2129
2132
2130
2132
2133
2148
2132
2133
2149
2187
2152
2154
2189
2138
2139
2140
2148
2139
2140
4826
2138
2139
2150
4827
2138
2140
2152
2153
4828
2145
2146
2147
2148
2145
2147
2282
4833
2145
2146
2151
2206
4834
2146
2147
2207
2283
2153
4835
2154
2209
2286
2152
2153
2154
2152
2154
2212
2152
2153
4840
2153
2154
2214
4841
4842
2217
2157
2161
2170
5740
2157
2159
2177
6012
2160
2171
2179
2159
2161
5742
6015
2160
2181
6018
2161
2172
2182
2174
5745
2166
2167
2168
2172
2166
2167
2166
2168
2167
2168
2173
2174
2175
2171
2175
2171
2174
2172
2174
2175
2174
2175
2179
2180
2179
2181
6021
2180
2181
6024
2182
2182
2182
6026
2185
2188
2218
2185
2189
2225
2186
2220
2227
2188
2189
2211
2221
2228
2188
2189
2212
2216
2224
2217
2230
2192
2195
2219
2192
2196
2226
2288
2193
2220
2227
2195
2196
2221
2228
2195
2196
2290
2223
2231
2292
2201
2202
2203
2211
2221
2201
2202
4875
2201
2203
2213
4876
2202
2203
2222
2215
4877
2223
2216
2224
2208
2209
2210
2211
2228
2208
2210
2296
4882
2208
2209
2214
4883
2209
2210
2229
2297
2215
4884
2217
2230
2231
2300
2215
2216
2217
2216
2217
2215
2216
4889
2215
2217
4890
4891
2220
2224
2220
2223
2221
2223
2224
2223
2224
2227
2230
2227
2231
2228
2230
2231
2230
2231
2234
2238
2234
2236
6083
2237
2236
2238
6086
2237
6089
2238
2241
2245
2241
2243
2254
6029
2244
2256
2243
2245
6032
2244
2258
6035
2245
2259
2248
2252
2248
2250
2255
6038
2251
2257
2250
2252
6041
2251
2258
6044
2252
2259
2256
2257
2256
2258
6047
2257
2258
6050
2259
2259
2259
6053
2264
2265
2266
2267
2277
2265
2266
5106
2264
2265
2269
5107
2264
2266
2278
2271
2279
2272
5108
2280
2271
2272
2273
2271
2273
2271
2272
5120
2272
2273
5121
5122
2276
2279
2276
2280
2277
2279
2280
2279
2280
2285
2286
2287
2285
2286
4108
2286
2287
2297
2285
2287
2298
4109
4110
2301
2292
2293
2292
2293
2294
2292
2294
2332
2293
2294
2333
2335
2299
2300
2301
2299
2300
4136
2300
2301
2299
2301
4137
4138
2306
2307
2308
2306
2308
2352
4143
2307
2308
2353
2306
2307
4144
4145
2356
2313
2314
2315
2317
2323
2313
2314
4553
2314
2315
2318
2339
2313
2315
2324
2340
4554
2328
4555
2320
2321
2329
2343
2320
2322
2320
2321
2322
2320
2321
2346
2321
2322
2347
2350
2327
2328
2329
2328
2329
2359
4567
2327
2329
2360
2327
2328
4568
4569
2363
2334
2336
2344
2334
2335
2336
2345
2334
2335
2335
2336
2348
2349
2341
2342
2343
2345
2358
2341
2342
4616
2342
2343
2346
2341
2343
2359
4617
2362
4618
2348
2350
2363
2348
2349
2348
2349
2350
2348
2350
2349
2350
2355
2356
2357
2358
2355
2356
4623
2356
2357
2355
2357
2361
4624
2362
4625
2364
2362
2363
2364
2362
2363
4630
2363
2364
2362
2364
4631
4632
2369
2370
2371
2369
2370
2370
2371
2417
2369
2371
2419
2421
2376
2377
2378
2394
2405
2377
2378
3237
2376
2378
2395
2376
2377
2406
3238
2398
2407
2408
3239
2399
2381
2382
2390
2405
2381
2382
3244
2408
3245
2392
2387
2388
2389
2390
2394
2387
2388
2387
2389
2391
2411
2388
2389
2396
2412
2392
2399
2393
2400
2415
2392
2393
2401
2392
2393
2404
2398
2399
2400
2401
2398
2399
2399
2400
2418
2398
2400
2402
2419
2403
2404
2422
2403
2404
2405
2403
2404
2407
2407
2408
2407
2408
3248
3249
2413
2414
2415
2416
2413
2414
2413
2415
2414
2415
2418
2420
2422
2420
2421
2422
2420
2421
2420
2422
2421
2422
2427
2428
2429
5627
5629
5633
5648
5650
5654
2427
2428
2427
2429
2428
2429
2434
2435
2436
2437
5719
5722
5723
2434
2436
2435
2436
2434
2435
2438
2441
5727
5728
5730
2442
5733
5736
5737
2441
2442
2443
2441
2442
2441
2443
2442
2443
2448
2449
2450
2448
2450
2448
2449
2449
2450
2455
2456
2457
2456
2457
2455
2456
2455
2457
2460
2464
2486
2460
2463
2473
2839
2461
2841
2463
2464
2842
2846
2463
2464
2476
2490
2847
2477
2844
2850
2491
2851
2467
2470
2479
2875
2467
2471
2882
2468
2877
2884
2470
2471
2878
2885
2903
2470
2471
2483
2904
2484
2880
2907
2888
2909
2474
2478
2493
2924
2474
2477
2931
2475
2926
2933
2477
2478
2927
2934
2477
2478
2497
2936
2498
2929
2481
2484
3006
2481
2485
3013
2482
3008
3015
2484
2485
3009
3016
3034
2484
2485
3035
3011
3038
3019
3040
2488
2491
2488
2492
2494
3055
2489
3057
2491
2492
3058
3062
2491
2492
2497
3063
3066
2499
3060
3067
2495
2498
3083
2495
2499
3090
2496
3085
3092
2498
2499
3086
3093
3111
2498
2499
3112
3088
3115
3095
3116
2502
2506
2502
2505
2503
2505
2506
2505
2506
2509
2512
2509
2513
2510
2512
2513
2512
2513
2518
2519
2520
3160
3167
3174
2518
2520
2620
2668
3161
2518
2519
2621
2635
3168
2519
2520
2636
2669
3175
2623
3165
3172
2637
3173
3179
2670
3166
3180
2525
2526
2527
3216
2525
2526
2653
2675
3217
2525
2527
2654
2526
2527
2676
2656
3221
2677
3222
2530
2534
2530
2533
5634
5636
5640
2531
2533
2534
2533
2534
2537
2541
3237
2537
2540
2578
3244
2538
3239
3245
2540
2541
3240
3246
2540
2541
2581
2582
3247
3243
2546
2547
2548
2547
2548
2777
2546
2547
2565
2546
2548
2566
2778
2567
2780
2553
2554
2555
3309
3316
3323
2554
2555
2641
3310
2553
2554
2586
2642
3317
2553
2555
2587
3324
2588
3321
3328
2644
3314
3322
3315
3329
2560
2561
2562
3356
3360
3367
2560
2561
2571
3357
2560
2562
2573
3361
2561
2562
3368
2575
3358
3365
3359
3372
3366
3373
2567
2568
2569
3390
3397
2568
2569
2688
2784
3391
2567
2568
2689
3398
2567
2569
2785
3401
2691
3395
3403
2787
3396
2574
2575
2576
3425
3429
3436
2574
2575
3426
2574
2576
3430
2575
2576
3437
3427
3433
3428
3440
3435
3442
2579
2583
2734
3458
2579
2582
3465
2580
3460
3466
2582
2583
3461
3467
2582
2583
2738
3468
2739
3464
2588
2589
2590
3495
3502
3509
2589
2590
2763
3496
2588
2589
2764
3503
2588
2590
3510
3506
3513
2766
3500
3508
3501
3515
2593
2597
2790
3560
2593
2596
2706
3567
2594
3562
3569
2596
2597
3563
3570
3581
2596
2597
2710
2794
3582
2711
3573
3586
2795
3566
3587
2600
2603
2713
3602
2600
2604
2748
3609
2601
3604
3611
2603
2604
3605
3612
3623
2603
2604
2717
2752
3624
2718
3608
3628
2753
3615
3629
2609
2610
2611
3637
3644
2610
2611
2721
2756
3638
2609
2611
2681
2757
2609
2610
2683
2723
3645
2684
3649
2724
3642
3650
2759
3643
2616
2617
2618
3658
3665
3672
2617
2618
2728
2805
3659
2616
2617
2700
2729
3666
2616
2618
2701
2807
3673
2703
3670
3677
2731
3663
3671
2808
3664
3678
2623
2624
2625
3693
3700
3707
2623
2625
2722
3694
2623
2624
2682
3701
2624
2625
2683
2723
3708
3697
3704
2685
3706
3712
2725
3699
3713
2630
2631
2632
3784
3791
3798
2631
2632
2700
2729
3785
2630
2631
2702
3792
5642
2630
2632
2730
3799
5643
3795
3802
5644
2704
3789
3797
2732
3790
3804
2637
2638
2639
3826
3833
3840
2638
2639
2681
2757
3827
2637
2638
2682
3834
2637
2639
2758
3841
3837
3844
2686
3831
3839
2760
3832
3846
2644
2645
2646
3929
3936
3943
2644
2646
3930
2644
2645
2764
3937
2645
2646
2765
3944
3934
3940
2767
3942
3948
3935
3949
2650
2651
4020
4027
2650
2651
2695
4021
2650
4024
2698
4026
4030
2656
2657
2658
4059
4066
4073
2656
2657
2771
4060
2656
2658
4067
2657
2658
2772
4074
4063
4070
2773
4065
4078
4072
4079
2661
2665
2749
4136
2661
2664
2714
4143
2662
4138
4145
2664
2665
4139
4146
4164
2664
2665
2717
2752
4165
2719
4149
4169
2754
4142
4170
2670
2671
2672
4192
4199
4206
2671
2672
2721
2756
4193
2670
2671
2722
4200
2670
2672
2758
4207
4203
4210
2726
4197
4205
2761
4198
4212
2677
2678
2679
4255
4262
2678
2679
2770
4256
2677
2678
2771
4263
2677
2679
4266
2774
4260
4268
4261
2684
2685
2686
4290
4297
4304
2684
2686
4291
2685
2686
4298
2684
2685
4305
4294
4308
4301
4309
4295
4302
2691
2692
2693
4339
4346
2691
2693
2812
4340
2691
2692
2692
2693
2813
4347
4344
4350
2815
4345
4352
2697
2698
4470
4477
4482
2697
2698
4471
2697
4478
4474
4480
4475
4484
2703
2704
2705
4511
4518
4525
2703
2704
4512
2703
2705
2820
4519
2704
2705
2821
4526
4515
4522
4516
4529
2823
4524
4531
2708
2711
4553
2708
2712
2826
4560
2709
4555
4562
2711
2712
4556
4563
4581
2711
2712
2829
4582
4558
4585
2830
4566
4587
2715
2718
4616
2715
2719
4623
2716
4618
4625
2718
2719
4619
4626
4644
2718
2719
4645
4621
4648
4628
4649
2724
2725
2726
4672
4679
4686
2724
2726
4673
2725
2726
4680
2724
2725
4687
4676
4690
4683
4691
4677
4684
2731
2732
2733
4763
4770
4777
2731
2733
2833
4764
2731
2732
4771
2732
2733
2835
4778
4767
4774
4775
4781
2837
4769
4783
2736
2739
4805
2736
2740
4812
2737
4807
4814
2739
2740
4808
4815
2739
2740
4811
4817
2743
2747
4826
2743
2746
4833
2744
4828
4835
2746
2747
4829
4836
4854
2746
2747
4855
4838
4858
4832
4860
2750
2753
4875
2750
2754
4882
2751
4877
4884
2753
2754
4878
4885
4903
2753
2754
4904
4880
4907
4887
4908
2759
2760
2761
4917
4924
2759
2761
4918
2759
2760
2760
2761
4925
4921
4928
4922
4929
2766
2767
2768
4945
4952
4959
2766
2768
4946
2766
2767
4953
2767
2768
4960
4950
4956
4957
4963
4951
4965
2773
2774
2775
4987
4994
5001
2774
2775
4988
2773
2774
4995
2773
2775
5002
4998
5005
4991
4999
4993
5007
2780
2781
2782
5043
5050
2780
2782
2798
5044
2780
2781
2785
2781
2782
2786
2800
5051
5048
2788
5055
2802
5049
5056
2787
2788
2789
5078
5085
2787
2789
2812
5079
2787
2788
2788
2789
2814
5086
5083
5089
2816
5084
5091
2792
2795
5106
2792
2796
2825
5113
2793
5108
5115
2795
2796
5109
5116
5134
2795
2796
2829
5135
5112
5138
2831
5119
5140
2801
2802
2803
5232
5239
5246
2801
2802
5233
2801
2803
2813
5240
2802
2803
2814
5247
5237
5243
5238
5250
2817
5245
5252
2808
2809
2810
5281
5288
5295
2808
2810
2833
5282
2809
2810
2819
2834
5289
2808
2809
2820
5296
5285
5299
2824
5293
5301
2838
5287
5294
2815
2816
2817
5365
5372
5379
2815
2816
5366
2815
2817
5373
2816
2817
5380
5370
5376
5371
5383
5377
5384
2822
2823
2824
5428
5435
5442
2822
2824
5429
5641
2823
2824
5436
2822
2823
5443
5642
5432
5446
5645
5439
5447
5433
5440
2827
2831
2827
2830
2828
2830
2831
5484
2830
2831
5485
5488
5489
2836
2837
2838
5505
5512
5519
2837
2838
5506
2836
2838
5513
5641
2836
2837
5520
5643
5516
5523
5646
5509
5524
5510
5517
2841
2844
2931
2841
2845
3238
2842
2844
2845
2844
2845
2935
3241
2936
3242
2850
2851
2852
2850
2851
3063
2850
2852
2851
2852
3064
3066
2857
2858
2859
2860
2858
2859
2861
3278
3304
2857
2858
3279
2857
2859
3305
2865
3280
2866
3306
2864
2865
2866
2865
2866
3296
3338
2864
2865
2961
3297
2864
2866
2962
3339
2963
3299
3341
2870
2980
3077
2871
2873
2981
3392
2870
2871
3078
3393
3080
2874
3394
2874
3405
3418
2874
2988
3406
3408
2877
2880
3006
2877
2881
2889
3459
2878
2891
2880
2881
2892
2910
2880
2881
2911
3010
3462
2914
3011
2894
2915
3463
2884
2888
2884
2887
2890
2885
2891
2887
2888
2892
2917
2887
2888
2918
2895
2921
2923
2891
2894
3469
2891
2895
2892
2894
2895
2896
2894
2895
2897
2900
3472
2901
2900
2901
2902
2910
2917
2900
2901
2900
2902
2912
3474
3490
2901
2902
2919
3491
2915
3475
2921
2916
2922
3492
2907
2908
2909
2910
2917
2907
2909
3035
2907
2908
2913
3036
3497
2908
2909
2920
3498
2914
3038
2916
2922
3499
2923
2914
2915
2916
2914
2915
3042
3482
2915
2916
3483
3524
2914
2916
3044
3525
3045
3485
3527
2921
2922
2923
2921
2923
2921
2922
3531
2922
2923
3532
3534
2926
2929
3083
2926
2930
2938
3561
2927
2940
2929
2930
2941
2929
2930
3087
3564
3088
2943
3565
2933
2936
2933
2937
2939
2934
2940
2936
2937
2941
2936
2937
2944
2940
2943
3574
2940
2944
2941
2943
2944
2943
2944
3578
3579
2949
2950
2951
2959
2966
2950
2951
2960
3883
3923
2949
2950
3870
3885
2949
2951
2967
3871
3925
2970
3872
2964
3886
2965
2971
3926
2956
2957
2958
2959
2966
2956
2958
2956
2957
2962
3931
2957
2958
2969
3932
2963
2965
2971
3933
2972
2963
2964
2965
2964
2965
3902
3951
2963
2964
3903
2963
2965
3952
3905
3954
2970
2971
2972
2970
2971
3965
2970
2972
2971
2972
3966
3968
2977
2978
2979
2990
2977
2979
2987
4333
4412
2977
2978
2991
4335
4369
2978
2979
2997
4370
4414
2989
2995
4336
2996
2998
4371
4415
2983
3147
2984
2988
4341
2983
2984
2992
3148
4342
2994
3150
2989
2995
4343
2986
2993
4376
2996
2998
4378
2989
4354
4423
2989
4355
4357
2994
2995
2996
2995
2996
4361
4401
2994
2995
3155
4362
2994
2996
3156
4402
3157
4364
4404
2998
4408
4433
4409
3003
3004
3005
3003
3004
4575
4603
3004
3005
4604
4715
3003
3005
4577
4717
4578
4606
4718
3008
3011
3008
3012
3020
4806
3009
3022
3011
3012
3023
3041
3011
3012
3042
4809
3045
3025
3046
4810
3015
3019
3015
3018
3021
4827
3016
3022
3018
3019
3023
3048
3018
3019
3049
4830
3026
3052
4831
3054
3022
3025
4819
3022
3026
4840
3023
3025
3026
3027
3025
3026
3028
4823
4844
3031
4824
3032
4845
3031
3032
3033
3041
3048
3031
3032
4848
3031
3033
3043
3032
3033
3050
4850
3046
3052
4851
3047
3053
3038
3039
3040
3041
3048
3038
3040
3038
3039
3044
4947
3039
3040
3051
4948
3045
3047
3053
4949
3054
3045
3046
3047
3045
3046
3046
3047
3045
3047
3052
3053
3054
3052
3054
4869
3052
3053
4870
4974
3053
3054
4975
4872
4977
3057
3060
3090
3057
3061
5030
3058
3060
3061
3069
3060
3061
3070
3094
5033
3073
3095
3074
5034
3066
3067
3068
3069
3066
3067
3112
3066
3068
5045
3067
3068
3072
3114
5046
3073
3116
3075
5047
3073
3074
3075
3073
3074
3126
5037
3074
3075
5038
5058
3073
3075
3128
5059
3129
5040
5061
3080
3081
3082
3080
3081
3147
3080
3082
5080
3081
3082
3149
5081
3151
5082
3085
3088
3085
3089
3097
5107
3086
3099
3088
3089
3100
3118
3088
3089
3119
5110
3122
3102
3123
5111
3092
3095
3092
3096
3098
5156
3093
3099
3095
3096
3100
3125
3095
3096
3126
5159
3129
3103
3130
5160
3099
3102
5120
3099
3103
5162
3100
3102
3103
3104
3102
3103
3105
5124
5166
3108
5125
3109
5167
3108
3109
3110
3118
3125
3108
3109
5128
5170
3108
3110
3120
5129
5226
3109
3110
3127
5171
5227
3123
5131
3130
5173
3124
3131
5229
3115
3116
3117
3118
3125
3115
3116
3115
3117
3121
5234
3116
3117
3128
5235
3122
3129
3124
3131
5236
3122
3123
3124
3122
3123
5142
3123
3124
5143
5254
3122
3124
5255
5145
5257
3129
3130
3131
3129
3130
5177
3130
3131
5178
5261
3129
3131
5262
5180
5264
3135
3138
3136
3138
3135
3136
3140
3736
3738
3739
5408
5410
5411
5712
5713
5717
3137
3142
3137
3143
3138
3145
5628
5704
5705
5706
5711
5712
5713
3142
3144
3799
3801
3802
5520
5522
5523
5635
5643
5644
5646
5647
3145
5637
5712
5714
5716
5717
3145
5465
5466
5467
5630
5705
5707
5709
5710
5713
5715
5716
5717
3145
5631
5638
5706
5708
5709
5710
5632
5639
3150
3151
3152
3153
3150
3151
3150
3152
3155
5367
3151
3152
5368
3157
3158
5369
3157
3158
3159
3158
3159
5387
5415
3157
3158
5388
3157
3159
5416
5390
5418
3164
3165
3166
3181
3195
3165
3166
3694
4200
3164
3165
3183
3695
3164
3166
3197
4201
3185
3199
3187
3697
3201
4203
3171
3172
3173
3181
3188
3172
3173
3701
3834
3171
3172
3184
3204
3702
3171
3173
3190
3205
3835
3186
3192
3206
3187
3704
3194
3837
3178
3179
3180
3188
3195
3179
3180
3841
4207
3178
3179
3191
3218
3842
3178
3180
3198
3219
4208
3193
3200
3220
3194
3844
3201
4210
3185
3186
3187
3185
3186
3185
3187
3716
3186
3187
3717
3718
3192
3193
3194
3192
3193
3210
3224
3192
3194
3211
3849
3193
3194
3225
3850
3213
3227
3851
3199
3200
3201
3199
3200
3231
3199
3201
4215
3200
3201
3232
4216
3234
4217
3206
3207
3208
3209
3207
3208
3764
4021
3206
3207
3765
3206
3208
3211
4022
3213
3767
3215
4024
3213
3214
3215
3213
3214
3213
3215
4033
3214
3215
4034
4035
3220
3221
3222
3223
3230
3221
3222
4060
4263
3220
3221
3225
4061
3220
3222
3232
4264
3227
3234
3229
4063
3236
4266
3227
3228
3229
3227
3228
3227
3229
4082
3228
3229
4083
4084
3234
3235
3236
3234
3235
3234
3236
4271
3235
3236
4272
4273
3239
3243
3239
3242
3248
3240
3249
3242
3243
3250
3242
3243
3251
3245
3247
3465
3246
3249
3247
3250
3256
3259
3468
3249
3251
3250
3251
3252
3254
3254
3255
3256
3254
3255
3261
3258
3262
3258
3259
3258
3259
3273
3478
3274
3479
3262
3263
3268
3272
3262
3263
3274
3270
3266
3267
3268
3272
3266
3267
3426
3542
3271
3427
3275
3543
3270
3271
3270
3271
3444
3445
3274
3275
3274
3275
3553
3554
3280
3281
3282
3295
3281
3282
3280
3282
3296
3353
3280
3281
3299
3294
3300
3354
3287
3288
3289
3295
3288
3289
3890
3287
3288
3297
3891
3287
3289
3299
3301
3894
3292
3293
3362
3413
3292
3298
3363
3896
3294
3300
3364
3294
3375
3416
3376
3299
3300
3301
3299
3300
3384
3299
3301
3903
3300
3301
3385
3904
3387
3906
3306
3307
3308
3330
3337
3344
3307
3308
3331
3352
3306
3307
3338
3353
3306
3308
3345
3341
3348
3334
3342
3355
3335
3349
3313
3314
3315
3337
3344
3314
3315
3930
3313
3314
3339
3931
3313
3315
3346
3341
3348
3343
3934
3350
3320
3321
3322
3330
3337
3321
3322
3503
3937
3320
3321
3332
3369
3504
3320
3322
3340
3370
3938
3334
3342
3371
3336
3506
3343
3940
3327
3328
3329
3330
3344
3328
3329
3510
3327
3328
3333
3511
3327
3329
3347
3335
3349
3336
3513
3350
3334
3335
3336
3334
3335
3379
3334
3336
3380
3518
3335
3336
3519
3381
3520
3341
3342
3343
3341
3342
3384
3341
3343
3952
3342
3343
3386
3953
3388
3955
3348
3349
3350
3348
3349
3348
3350
3349
3350
3354
3355
3374
3378
3383
3355
3379
3354
3355
3384
3376
3387
3381
3388
3358
3359
3374
3378
3358
3359
3426
3542
3377
3428
3382
3544
3364
3365
3366
3374
3383
3365
3366
3437
3979
3364
3365
3375
3438
3364
3366
3385
3980
3376
3387
3377
3440
3389
3982
3371
3372
3373
3378
3383
3372
3373
3546
3986
3371
3372
3380
3547
3371
3373
3386
3987
3381
3388
3382
3549
3389
3989
3376
3377
3376
3377
3448
3449
3381
3382
3381
3381
3382
3557
3558
3387
3388
3389
3387
3388
3387
3389
3994
3388
3389
3995
3996
3394
3395
3396
3404
3395
3396
4340
5079
3394
3395
3406
4341
3394
3396
5080
3408
3410
4344
5083
3401
3402
3403
3404
3401
3403
3401
3402
3431
3402
3403
3407
3432
3409
3434
3410
3408
3409
3410
3408
3409
3452
3408
3410
4355
3409
3410
3453
4356
3455
4358
3412
3418
3422
3417
3420
3424
3415
3416
3438
3415
3419
3439
4418
3417
3420
3441
3417
3448
3450
3420
3452
3420
3454
4424
3456
3423
3424
3443
3447
3451
3423
3424
3452
3446
3455
3450
3456
3427
3428
3443
3447
3427
3428
3445
3449
3433
3434
3435
3443
3451
3433
3435
3433
3434
3444
3434
3435
3453
3445
3446
3455
3457
3440
3441
3442
3447
3451
3440
3442
4443
3440
3441
3448
3441
3442
3454
4444
3449
3450
3456
3457
4446
3445
3446
3445
3446
3449
3450
3449
3450
3455
3456
3457
3455
3456
3455
3457
4451
3456
3457
4452
4453
3460
3464
4805
3460
3463
3469
3461
3470
3463
3464
3471
3481
3463
3464
3482
4809
3472
3485
3487
4811
3466
3468
3467
3470
3468
3471
3477
3479
3470
3472
3471
3472
3473
3475
3475
3476
3477
3481
3475
3476
3483
3538
3485
3480
3486
3539
3479
3480
3479
3480
3553
3555
3485
3486
3487
3485
3487
3485
3486
3486
3487
3492
3493
3494
3516
3523
3530
3493
3494
3517
3492
3493
3524
3538
3492
3494
3531
3527
3534
3521
3528
3540
3522
3535
3499
3500
3501
3523
3530
3500
3501
4946
3499
3500
3525
4947
3499
3501
3532
3527
3534
3529
4950
3536
3506
3507
3508
3516
3523
3506
3508
4953
3506
3507
3518
3547
3507
3508
3526
3548
4954
3520
3521
3528
3550
3529
4956
3513
3514
3515
3516
3530
3513
3515
3513
3514
3519
3514
3515
3533
3520
3522
3535
3536
3520
3521
3522
3521
3522
3520
3521
3557
3520
3522
3559
3527
3528
3529
3527
3528
3527
3529
3528
3529
3534
3535
3536
3534
3535
3534
3536
3535
3536
3539
3540
3552
3556
3539
3540
3555
3559
3543
3544
3552
3556
3543
3544
3554
3558
3549
3550
3551
3556
3549
3551
3549
3550
3557
3550
3551
3558
3559
3554
3555
3554
3555
3558
3559
3558
3559
3562
3566
5106
3562
3565
3574
3563
3576
3565
3566
3577
3595
3565
3566
3596
5110
3579
3599
3601
5112
3569
3573
4553
3569
3572
3575
3603
3570
3576
3572
3573
3577
3588
3572
3573
3589
3606
4557
3580
3592
3607
3594
4558
3576
3579
3576
3580
3616
3577
3579
3580
3579
3580
3620
3621
3585
3586
3587
3588
3595
3586
3587
4582
5135
3585
3586
3591
3660
4583
3585
3587
3598
3661
5136
3593
3600
3662
3594
4585
3601
5138
3592
3593
3594
3592
3594
3631
4589
3592
3593
3632
3680
3593
3594
3681
4591
3634
3683
4592
3599
3600
3601
3599
3601
5142
3599
3600
3600
3601
5144
5146
3604
3608
4616
3604
3607
3616
3605
3618
3607
3608
3619
3630
3607
3608
3631
4620
3621
3634
3636
4621
3611
3615
4875
3611
3614
3617
3612
3618
3614
3615
3619
3614
3615
4879
3622
4880
3618
3621
3618
3622
3619
3621
3622
3621
3622
3627
3628
3629
3630
3628
3629
4645
4904
3627
3628
3633
3639
4646
3627
3629
3640
4905
3635
3641
3636
4648
4907
3634
3635
3636
3634
3636
4652
3634
3635
3652
3635
3636
3653
4654
3655
4655
3641
3642
3643
3651
3642
3643
4673
4918
3641
3642
3653
4674
3641
3643
4919
3655
3657
4676
4921
3648
3649
3650
3651
3649
3650
4305
4687
3648
3649
3667
4306
3648
3650
3654
3668
4688
3656
3669
4308
3657
4690
3655
3656
3657
3655
3656
3680
3655
3657
4695
3656
3657
3682
4696
3684
4697
3662
3663
3664
3679
3663
3664
4764
5282
3662
3663
3681
4765
3662
3664
5283
3683
3685
4767
5285
3669
3670
3671
3679
3670
3671
4512
4771
3669
3670
4513
3669
3671
3682
4772
3684
4515
3685
4774
3676
3677
3678
3677
3678
4519
5296
3676
3677
4520
3676
3678
5297
4522
5299
3683
3684
3685
3683
3684
3683
3685
4786
3684
3685
4787
4788
3690
3691
3692
3714
3721
3728
3690
3691
3715
3691
3692
3722
3778
3690
3692
3729
3779
3719
3732
3720
3725
3726
3733
3781
3697
3698
3699
3714
3728
3697
3699
4680
3697
3698
3716
3751
3698
3699
3730
3752
4681
3718
3719
3732
3754
3734
4683
3704
3705
3706
3714
3721
3704
3706
4298
3704
3705
3717
3765
3705
3706
3723
3766
4299
3718
3720
3725
3768
3727
4301
3711
3712
3713
3721
3728
3712
3713
4305
4687
3711
3712
3724
3786
4307
3711
3713
3731
3787
4689
3726
3733
3788
3727
4309
3734
4691
3718
3719
3720
3719
3720
3718
3719
3718
3720
3725
3726
3727
3725
3726
3771
3806
3725
3727
3772
4320
3726
3727
3807
4321
3774
3809
4322
3732
3733
3734
3732
3733
3757
3813
3732
3734
3758
4702
3733
3734
3814
4703
3760
3816
4704
3739
3740
3741
3742
3739
3741
4387
3740
3741
3745
3793
4388
3739
3740
3794
3747
3796
3748
4390
3746
3747
3748
3746
3747
3771
3806
3746
3748
3773
4395
3747
3748
3808
4396
3775
3810
4397
3753
3754
3755
3756
3753
3755
4736
3753
3754
3754
3755
3758
4737
3760
3762
4739
3760
3761
3762
3760
3761
3760
3762
4744
3761
3762
4745
4746
3767
3768
3769
3770
3767
3769
4471
3767
3768
3768
3769
3772
4472
3774
3776
4474
3774
3775
3776
3774
3775
3774
3776
4488
3775
3776
4489
4490
3781
3782
3783
3805
3812
3781
3782
3806
3781
3783
3813
3782
3783
3809
3816
3810
3817
3788
3789
3790
3805
3812
3789
3790
4512
4771
3788
3789
3807
4514
3788
3790
3814
4773
3809
3816
3811
4516
3818
4775
3795
3796
3797
3805
3795
3797
4526
5711
3796
3797
3808
4527
3795
3796
5712
5714
3810
3811
4529
3802
3803
3804
3812
3802
3804
4778
3803
3804
3815
4779
3802
3803
3817
3818
4781
3809
3810
3811
3809
3810
3809
3811
4541
3810
3811
4542
4543
3816
3817
3818
3816
3817
3816
3818
4793
3817
3818
4794
4795
3823
3824
3825
3847
3854
3861
3824
3825
3848
4014
4053
3823
3824
3855
3973
4015
3823
3825
3862
3974
4054
3858
3865
3975
3852
3859
4017
3853
3866
4056
3830
3831
3832
3854
3861
3831
3832
4291
3830
3831
3856
4293
3830
3832
3863
3858
3865
3860
4295
3867
3837
3838
3839
3847
3854
3837
3839
4298
3837
3838
3849
4022
3838
3839
3857
4023
4300
3851
3852
3859
4025
3860
4302
3844
3845
3846
3847
3861
3844
3846
4925
3844
3845
3850
4061
3845
3846
3864
4062
4926
3851
3853
3866
4064
3867
4928
3851
3852
3853
3852
3853
4032
4081
3851
3852
4033
3851
3853
4082
4036
4085
3858
3859
3860
3858
3859
4000
4039
3858
3860
4001
4327
3859
3860
4040
4328
4003
4042
4329
3865
3866
3867
3865
3866
4007
4088
3865
3867
4008
4933
3866
3867
4089
4934
4010
4091
4935
3872
3873
3874
3875
3873
3874
3876
4014
4053
3872
3873
4016
3872
3874
4055
3880
4018
3881
4057
3879
3880
3881
3880
3881
4032
4081
3879
3880
4034
3879
3881
4083
4037
4086
3886
3887
3888
3901
3908
3915
3886
3887
3902
3972
3887
3888
3909
3973
4015
3886
3888
3916
4016
3905
3919
3907
3912
3976
3913
3920
4019
3893
3894
3895
3901
3915
3894
3895
3893
3894
3903
3893
3895
3917
3905
3919
3906
3921
3898
3904
3980
3898
3910
3981
4419
3907
3912
3983
3900
3911
4028
4421
3913
3920
4029
3905
3906
3907
3905
3907
3993
3905
3906
3906
3907
3994
3997
3912
3913
3914
3912
3913
4000
4039
3912
3914
4002
4428
3913
3914
4041
4429
4004
4043
4430
3919
3920
3921
3919
3920
4046
3919
3921
3920
3921
4048
4050
3926
3927
3928
3950
3957
3964
3926
3927
3951
3972
3927
3928
3958
3974
4054
3926
3928
3965
4055
3954
3968
3956
3961
3977
3962
3969
4058
3933
3934
3935
3950
3964
3934
3935
3933
3934
3952
3933
3935
3966
3954
3968
3955
3970
3940
3941
3942
3950
3957
3940
3942
4953
3940
3941
3953
3987
3941
3942
3959
3988
4955
3955
3956
3961
3990
3963
4957
3947
3948
3949
3957
3964
3948
3949
4960
3947
3948
3960
4075
4961
3947
3949
3967
4076
3962
3969
4077
3963
4963
3970
3954
3955
3956
3954
3956
3993
3954
3955
3955
3956
3995
3998
3961
3962
3963
3961
3962
4007
4088
3961
3963
4009
4968
3962
3963
4090
4969
4011
4092
4970
3968
3969
3970
3968
3969
4095
3968
3970
3969
3970
4097
4099
3975
3976
3977
3992
3999
4006
3976
3977
3993
3975
3976
4000
3975
3977
4007
4003
4010
3997
4004
3998
4011
3982
3983
3984
3992
3999
3982
3984
4443
3982
3983
3994
3983
3984
4002
4445
3996
3997
4004
4005
4447
3989
3990
3991
3992
4006
3989
3991
3989
3990
3995
3990
3991
4009
3996
3998
4011
4012
3996
3997
3998
3997
3998
3996
3997
3996
3998
4003
4004
4005
4003
4004
4003
4005
4458
4004
4005
4459
4460
4010
4011
4012
4010
4011
4010
4012
4011
4012
4017
4018
4019
4031
4038
4045
4017
4018
4032
4017
4019
4039
4018
4019
4046
4036
4042
4037
4049
4043
4050
4024
4025
4026
4031
4038
4024
4026
4471
4024
4025
4033
4025
4026
4040
4473
4035
4036
4042
4044
4475
4029
4030
4038
4045
4029
4030
4041
4483
4043
4050
4044
4484
4035
4036
4037
4036
4037
4035
4036
4035
4037
4042
4043
4044
4042
4043
4042
4044
4495
4043
4044
4496
4497
4049
4050
4051
4049
4050
4049
4051
4050
4051
4056
4057
4058
4080
4087
4094
4056
4057
4081
4056
4058
4088
4057
4058
4095
4085
4091
4086
4098
4092
4099
4063
4064
4065
4080
4087
4063
4065
4995
4063
4064
4082
4064
4065
4089
4996
4084
4085
4091
4093
4998
4070
4071
4072
4080
4094
4070
4072
4070
4071
4083
4071
4072
4096
4084
4086
4098
4100
4077
4078
4079
4087
4094
4078
4079
5002
4077
4078
4090
5003
4077
4079
4097
4092
4099
4093
5005
4100
4084
4085
4086
4085
4086
4084
4085
4084
4086
4091
4092
4093
4091
4092
4091
4093
5010
4092
4093
5011
5012
4098
4099
4100
4098
4099
4098
4100
4099
4100
4105
4106
4107
4105
4107
4172
4610
4105
4106
4173
4242
4106
4107
4243
4612
4175
4245
4613
4110
4114
4833
4110
4113
4137
4111
4113
4114
4129
4113
4114
4130
4140
4837
4133
4141
4135
4838
4119
4120
4121
4129
4119
4120
4158
4120
4121
4131
4160
4250
4119
4121
4251
4133
4162
4134
4252
4126
4127
4128
4129
4127
4128
4855
4126
4127
4132
4257
4856
4126
4128
4258
4134
4259
4135
4858
4133
4134
4135
4133
4135
4179
4862
4133
4134
4180
4277
4134
4135
4278
4864
4182
4280
4865
4138
4142
4882
4138
4141
4150
4139
4152
4141
4142
4153
4178
4141
4142
4179
4886
4156
4182
4184
4887
4145
4149
4623
4145
4148
4151
4146
4152
4148
4149
4153
4171
4148
4149
4172
4627
4155
4175
4177
4628
4152
4156
4152
4155
4153
4155
4156
4157
4155
4156
4158
4161
4162
4161
4162
4163
4171
4178
4161
4162
4161
4163
4173
4187
4162
4163
4180
4188
4175
4182
4176
4183
4189
4168
4169
4170
4171
4178
4169
4170
4645
4904
4168
4169
4174
4194
4647
4168
4170
4181
4195
4906
4176
4183
4196
4177
4649
4184
4908
4175
4176
4177
4175
4177
4659
4175
4176
4221
4176
4177
4222
4661
4224
4662
4182
4183
4184
4182
4184
4911
4182
4183
4228
4183
4184
4229
4913
4231
4914
4189
4190
4191
4213
4220
4227
4190
4191
4214
4249
4189
4190
4221
4189
4191
4228
4250
4224
4231
4218
4225
4219
4232
4253
4196
4197
4198
4220
4227
4197
4198
4673
4918
4196
4197
4222
4675
4196
4198
4229
4920
4224
4231
4226
4677
4233
4922
4203
4204
4205
4213
4220
4203
4205
4680
4203
4204
4215
4236
4204
4205
4223
4237
4682
4217
4218
4225
4239
4226
4684
4210
4211
4212
4213
4227
4210
4212
4925
4210
4211
4216
4264
4211
4212
4230
4265
4927
4217
4219
4232
4267
4233
4929
4217
4218
4219
4218
4219
4270
4217
4218
4217
4219
4271
4274
4224
4225
4226
4224
4225
4242
4224
4226
4709
4225
4226
4244
4710
4246
4711
4231
4232
4233
4231
4232
4277
4231
4233
4940
4232
4233
4279
4941
4281
4942
4238
4239
4240
4241
4238
4240
4736
4238
4239
4239
4240
4244
4738
4246
4247
4740
4245
4246
4247
4245
4246
4245
4247
4751
4246
4247
4752
4753
4252
4253
4254
4269
4276
4253
4254
4270
4252
4253
4277
4252
4254
4280
4274
4281
4275
4259
4260
4261
4276
4260
4261
4988
4259
4260
4278
4989
4259
4261
4280
4282
4991
4266
4267
4268
4269
4276
4266
4268
4995
4266
4267
4271
4267
4268
4279
4997
4273
4274
4281
4282
4999
4273
4274
4275
4274
4275
4273
4274
4273
4275
4280
4281
4282
4280
4281
4280
4282
5017
4281
4282
5018
5019
4287
4288
4289
4311
4318
4325
4287
4289
4312
4437
4505
4288
4289
4319
4464
4506
4287
4288
4326
4438
4465
4316
4330
4439
4323
4331
4467
4317
4324
4508
4294
4295
4296
4311
4325
4294
4295
4294
4296
4313
4295
4296
4327
4315
4329
4316
4330
4301
4302
4303
4318
4325
4301
4302
4301
4303
4320
4472
4302
4303
4328
4473
4322
4329
4323
4331
4476
4308
4309
4310
4311
4318
4308
4309
4308
4310
4314
4513
4309
4310
4321
4514
4315
4322
4317
4324
4517
4315
4316
4317
4316
4317
4533
4315
4316
4315
4317
4534
4537
4322
4323
4324
4323
4324
4487
4540
4322
4323
4488
4322
4324
4541
4491
4544
4329
4330
4331
4330
4331
4457
4494
4329
4330
4458
4329
4331
4495
4461
4498
4336
4337
4338
4353
4360
4336
4337
4354
4436
4337
4338
4437
4505
4336
4338
4361
4507
4357
4364
4359
4440
4365
4509
4343
4344
4345
4353
4360
4344
4345
5366
4343
4344
4355
4343
4345
4362
5367
4357
4364
4358
4366
5370
4350
4351
4352
4360
4350
4352
5373
4350
4351
4520
4351
4352
4363
4521
5374
4365
4523
4366
5376
4357
4358
4359
4357
4359
4450
4357
4358
4358
4359
4451
4454
4364
4365
4366
4364
4365
4547
4364
4366
5388
4365
4366
4548
5389
4550
5391
4371
4372
4373
4393
4400
4407
4372
4373
4394
4464
4506
4371
4373
4401
4507
4371
4372
4408
4466
4404
4409
4398
4410
4468
4399
4405
4510
4378
4379
4380
4400
4407
4379
4380
4378
4379
4402
4378
4380
4404
4409
4406
4384
4385
4393
4407
4384
4384
4385
4395
4479
4397
4398
4410
4481
4390
4391
4392
4393
4400
4390
4392
5408
4390
4391
4396
4527
4391
4392
4403
4528
5409
4397
4399
4405
4530
4406
5412
4397
4398
4399
4398
4399
4487
4540
4397
4398
4489
4397
4399
4542
4492
4545
4404
4405
4406
4404
4405
4547
4404
4406
5416
4405
4406
4549
5417
4551
5419
4409
4410
4409
4410
4501
4502
4415
4416
4417
4426
4415
4416
4423
4436
4416
4417
4427
4438
4465
4415
4417
4433
4466
4425
4431
4441
4432
4434
4469
4420
4424
4444
4420
4428
4445
4425
4431
4448
4422
4429
4483
4432
4434
4485
4425
4450
4425
4452
4455
4430
4431
4432
4431
4432
4457
4494
4430
4431
4459
4430
4432
4496
4462
4499
4434
4501
4503
4439
4440
4441
4449
4456
4440
4441
4450
4439
4440
4439
4441
4457
4461
4454
4455
4462
4446
4447
4448
4449
4456
4446
4447
4446
4448
4452
4447
4448
4459
4453
4460
4455
4462
4453
4454
4455
4454
4455
4453
4454
4453
4455
4460
4461
4462
4461
4462
4460
4461
4460
4462
4467
4468
4469
4486
4493
4500
4467
4468
4487
4467
4469
4494
4468
4469
4501
4491
4498
4492
4502
4499
4503
4474
4475
4476
4486
4493
4474
4475
4474
4476
4488
4475
4476
4495
4490
4497
4491
4498
4480
4481
4486
4500
4480
4480
4481
4489
4490
4492
4502
4484
4485
4493
4500
4484
4485
4496
4497
4499
4503
4490
4491
4492
4491
4492
4490
4491
4490
4492
4497
4498
4499
4498
4499
4497
4498
4497
4499
4502
4503
4502
4503
4508
4509
4510
4532
4539
4546
4508
4509
4533
4508
4510
4540
4509
4510
4547
4537
4544
4538
4550
4545
4551
4515
4516
4517
4532
4539
4515
4516
4515
4517
4534
4516
4517
4541
4536
4543
4537
4544
4522
4523
4524
4532
4546
4522
4524
5436
4522
4523
4535
4523
4524
4548
5437
4536
4538
4550
4552
5439
4529
4530
4531
4539
4546
4529
4531
5443
4529
4530
4542
4530
4531
4549
5444
4543
4545
4551
4552
5447
4536
4537
4538
4537
4538
4536
4537
4536
4538
4543
4544
4545
4544
4545
4543
4544
4543
4545
4550
4551
4552
4550
4551
4550
4552
5451
4551
4552
5452
5453
4555
4558
4555
4559
4567
4617
4556
4569
4558
4559
4570
4588
4558
4559
4589
4620
4592
4573
4593
4622
4562
4566
4562
4565
4568
4563
4569
4565
4566
4570
4595
4565
4566
4596
4572
4599
4601
4569
4573
4630
4569
4572
4570
4572
4573
4574
4572
4573
4575
4634
4578
4579
4635
4578
4579
4580
4588
4595
4578
4579
4638
4579
4580
4590
4639
4757
4578
4580
4597
4759
4599
4593
4641
4594
4600
4760
4585
4586
4587
4588
4595
4585
4587
5485
4585
4586
4591
4765
4586
4587
4598
4766
5486
4592
4594
4600
4768
4601
5488
4592
4593
4594
4592
4593
4652
4593
4594
4653
4785
4592
4594
4786
4656
4789
4599
4600
4601
4599
4601
5492
4599
4600
4799
4600
4601
4800
5494
4802
5496
4606
4607
4608
4609
4606
4607
4638
4606
4608
4729
4607
4608
4611
4640
4731
4614
4642
4615
4732
4613
4614
4615
4613
4614
4659
4614
4615
4660
4750
4613
4615
4751
4663
4754
4618
4621
4618
4622
4630
4619
4632
4621
4622
4633
4651
4621
4622
4652
4655
4635
4656
4625
4628
4625
4629
4631
4626
4632
4628
4629
4633
4658
4628
4629
4659
4662
4636
4663
4632
4635
4632
4636
4633
4635
4636
4637
4635
4636
4638
4641
4642
4641
4642
4643
4651
4658
4641
4642
4641
4643
4653
4666
4642
4643
4660
4668
4656
4663
4657
4664
4669
4648
4649
4650
4651
4658
4648
4649
4648
4650
4654
4674
4649
4650
4661
4675
4655
4662
4657
4664
4678
4655
4656
4657
4655
4656
4656
4657
4694
4655
4657
4695
4698
4662
4663
4664
4662
4663
4663
4664
4708
4662
4664
4709
4712
4669
4670
4671
4693
4700
4707
4669
4671
4694
4757
4670
4671
4701
4730
4758
4669
4670
4708
4731
4698
4712
4705
4713
4733
4699
4706
4761
4676
4677
4678
4693
4707
4676
4677
4676
4678
4695
4677
4678
4709
4697
4711
4698
4712
4683
4684
4685
4700
4707
4683
4684
4683
4685
4702
4737
4684
4685
4710
4738
4704
4711
4705
4713
4741
4690
4691
4692
4693
4700
4690
4691
4690
4692
4696
4772
4691
4692
4703
4773
4697
4704
4699
4706
4776
4697
4698
4699
4698
4699
4785
4697
4698
4697
4699
4787
4790
4704
4705
4706
4705
4706
4743
4792
4704
4705
4744
4704
4706
4793
4747
4796
4711
4712
4713
4712
4713
4750
4711
4712
4711
4713
4752
4755
4718
4719
4720
4721
4718
4719
4729
4719
4720
4722
4730
4758
4718
4720
4759
4726
4734
4727
4762
4725
4726
4727
4726
4727
4743
4792
4725
4726
4745
4725
4727
4794
4748
4797
4732
4733
4734
4742
4749
4732
4734
4733
4734
4743
4732
4733
4750
4754
4747
4755
4748
4739
4740
4741
4742
4749
4739
4740
4739
4741
4744
4740
4741
4752
4746
4753
4747
4755
4746
4747
4748
4747
4748
4746
4747
4746
4748
4753
4754
4755
4754
4755
4753
4754
4753
4755
4760
4761
4762
4784
4791
4798
4760
4761
4785
4761
4762
4792
4760
4762
4799
4789
4802
4790
4796
4797
4803
4767
4768
4769
4784
4798
4767
4769
5506
4767
4768
4786
4768
4769
4800
5507
4788
4789
4802
4804
5509
4774
4775
4776
4784
4791
4774
4775
4774
4776
4787
4775
4776
4793
4788
4795
4790
4796
4781
4782
4783
4791
4798
4781
4783
5520
4781
4782
4794
4782
4783
4801
5521
4795
4797
4803
4804
5524
4788
4789
4790
4789
4790
4788
4789
4788
4790
4795
4796
4797
4796
4797
4795
4796
4795
4797
4802
4803
4804
4802
4803
4802
4804
5528
4803
4804
5529
5530
4807
4811
4807
4810
4819
4808
4821
4810
4811
4822
4810
4811
4824
4814
4817
4814
4818
4820
4876
4815
4821
4817
4818
4822
4817
4818
4879
4825
4881
4821
4824
4821
4825
4889
4822
4824
4825
4824
4825
4893
4894
4828
4832
4828
4831
4840
4829
4842
4831
4832
4843
4868
4831
4832
4869
4845
4872
4874
4835
4838
4835
4839
4841
4883
4836
4842
4838
4839
4843
4861
4838
4839
4862
4886
4865
4846
4866
4888
4842
4845
4842
4846
4890
4843
4845
4846
4847
4845
4846
4848
4893
4851
4852
4895
4851
4852
4853
4861
4868
4851
4852
4897
4852
4853
4863
4899
4982
4851
4853
4870
4983
4872
4866
4901
4867
4873
4984
4858
4859
4860
4861
4868
4858
4860
4858
4859
4864
4989
4859
4860
4871
4990
4865
4867
4873
4992
4874
4865
4866
4867
4865
4866
4911
4866
4867
4912
5016
4865
4867
5017
4915
5020
4872
4873
4874
4872
4874
4872
4873
5023
4873
4874
5024
5026
4877
4880
4877
4881
4889
4878
4891
4880
4881
4892
4880
4881
4894
4884
4887
4884
4888
4890
4885
4891
4887
4888
4892
4910
4887
4888
4911
4914
4895
4915
4891
4894
4891
4895
4892
4894
4895
4896
4894
4895
4897
4900
4901
4900
4901
4902
4910
4900
4901
4900
4902
4901
4902
4912
4915
4916
4907
4908
4909
4910
4907
4908
4907
4909
4919
4908
4909
4913
4920
4914
4916
4923
4914
4915
4916
4914
4915
4915
4916
4939
4914
4916
4940
4943
4921
4922
4923
4938
4921
4922
4921
4923
4922
4923
4940
4942
4943
4928
4929
4930
4931
4938
4928
4929
4928
4930
4934
4996
4929
4930
4941
4997
4935
4942
4937
4944
5000
4935
4936
4937
4936
4937
5009
4935
4936
4935
4937
5010
5013
4942
4943
4944
4943
4944
5016
4942
4943
4942
4944
5018
5021
4949
4950
4951
4973
4950
4951
4949
4950
4949
4951
4975
4977
4979
4956
4957
4958
4966
4956
4957
4956
4958
4957
4958
4968
4970
4971
4963
4964
4965
4966
4973
4963
4965
4963
4964
4969
5003
4964
4965
4976
5004
4970
4972
4978
5006
4979
4970
4971
4972
4971
4972
5009
4970
4971
4970
4972
5011
5014
4977
4978
4979
4977
4978
5023
4977
4979
4978
4979
5025
5027
4984
4985
4986
5008
5015
5022
4985
4986
5009
4984
4985
5016
4984
4986
5023
5020
5026
5013
5021
5014
5027
4991
4992
4993
5015
5022
4991
4993
4991
4992
5017
4992
4993
5024
5019
5020
5026
5028
4998
4999
5000
5008
5015
4998
4999
4998
5000
5010
4999
5000
5018
5012
5019
5013
5021
5005
5006
5007
5008
5022
5005
5007
5005
5006
5011
5006
5007
5025
5012
5014
5027
5028
5012
5013
5014
5013
5014
5012
5013
5012
5014
5019
5020
5021
5020
5021
5019
5020
5019
5021
5026
5027
5028
5026
5027
5026
5028
5027
5028
5031
5035
5155
5031
5034
5032
5034
5035
5036
5034
5035
5037
5159
5040
5042
5161
5040
5041
5042
5040
5042
5177
5040
5041
5072
5041
5042
5073
5179
5075
5181
5047
5048
5049
5057
5048
5049
5233
5047
5048
5047
5049
5059
5235
5061
5063
5238
5054
5055
5056
5057
5055
5056
5086
5247
5054
5055
5066
5087
5054
5056
5060
5067
5248
5062
5068
5089
5063
5250
5061
5062
5063
5061
5062
5072
5061
5063
5262
5062
5063
5074
5263
5076
5265
5068
5069
5070
5071
5069
5070
5100
5331
5068
5069
5101
5068
5070
5074
5332
5076
5103
5077
5334
5075
5076
5077
5075
5076
5075
5077
5339
5076
5077
5340
5341
5082
5083
5084
5092
5083
5084
5366
5082
5083
5082
5084
5094
5368
5096
5098
5371
5089
5090
5091
5092
5089
5091
5380
5089
5090
5101
5090
5091
5095
5102
5381
5097
5104
5098
5383
5096
5097
5098
5096
5097
5096
5098
5395
5097
5098
5396
5398
5103
5104
5105
5103
5105
5471
5103
5104
5104
5105
5472
5474
5108
5112
5108
5111
5120
5109
5122
5111
5112
5123
5141
5111
5112
5142
5125
5145
5146
5115
5119
5115
5118
5121
5116
5122
5118
5119
5123
5148
5118
5119
5149
5126
5152
5154
5122
5125
5122
5126
5183
5123
5125
5126
5127
5125
5126
5128
5187
5131
5132
5188
5131
5132
5133
5141
5148
5131
5132
5191
5131
5133
5143
5275
5132
5133
5150
5192
5277
5145
5152
5194
5147
5153
5278
5138
5139
5140
5141
5148
5138
5140
5485
5138
5139
5144
5283
5139
5140
5151
5284
5487
5146
5147
5153
5286
5154
5489
5145
5146
5147
5145
5146
5145
5147
5303
5146
5147
5304
5307
5152
5153
5154
5152
5154
5499
5152
5153
5317
5153
5154
5318
5501
5320
5502
5157
5161
5157
5160
5162
5158
5164
5160
5161
5165
5176
5160
5161
5177
5167
5180
5181
5164
5167
5164
5168
5184
5165
5167
5168
5169
5167
5168
5170
5187
5173
5174
5189
5173
5174
5175
5176
5173
5174
5191
5173
5175
5178
5324
5174
5175
5193
5326
5180
5195
5182
5327
5180
5181
5182
5180
5181
5180
5182
5338
5181
5182
5339
5342
5185
5188
5185
5189
5186
5188
5189
5190
5188
5189
5191
5194
5195
5194
5195
5196
5194
5195
5194
5196
5199
5195
5196
5200
5201
5201
5202
5203
5211
5218
5202
5203
5212
5276
5325
5201
5202
5219
5277
5201
5203
5326
5222
5215
5223
5279
5216
5328
5208
5209
5210
5211
5218
5209
5210
5208
5209
5213
5290
5208
5210
5221
5291
5215
5223
5292
5217
5224
5215
5216
5217
5215
5216
5310
5345
5215
5217
5311
5353
5216
5217
5346
5354
5313
5348
5355
5222
5223
5224
5222
5223
5317
5222
5224
5223
5224
5319
5321
5229
5230
5231
5253
5260
5267
5229
5230
5254
5275
5229
5231
5261
5324
5230
5231
5268
5276
5325
5257
5264
5259
5271
5280
5266
5272
5329
5236
5237
5238
5253
5260
5237
5238
5236
5237
5255
5236
5238
5262
5257
5264
5258
5265
5243
5244
5245
5253
5267
5243
5245
5373
5243
5244
5256
5297
5244
5245
5269
5298
5375
5258
5259
5271
5300
5273
5377
5250
5251
5252
5260
5267
5250
5252
5380
5250
5251
5263
5332
5251
5252
5270
5333
5382
5265
5266
5272
5335
5273
5384
5257
5258
5259
5257
5259
5303
5257
5258
5258
5259
5305
5308
5264
5265
5266
5264
5266
5338
5264
5265
5265
5266
5340
5343
5271
5272
5273
5271
5272
5310
5345
5271
5273
5312
5402
5272
5273
5347
5403
5314
5349
5404
5278
5279
5280
5302
5309
5316
5278
5280
5303
5279
5280
5310
5278
5279
5317
5307
5320
5313
5321
5308
5314
5285
5286
5287
5302
5316
5285
5287
5506
5285
5286
5304
5286
5287
5318
5508
5306
5307
5320
5322
5510
5292
5293
5294
5309
5316
5293
5294
5429
5513
5292
5293
5311
5430
5292
5294
5319
5514
5313
5321
5315
5433
5322
5517
5299
5300
5301
5302
5309
5299
5301
5436
5299
5300
5305
5300
5301
5312
5438
5306
5308
5314
5315
5440
5306
5307
5308
5307
5308
5306
5307
5306
5308
5313
5314
5315
5313
5314
5313
5315
5458
5314
5315
5459
5460
5320
5321
5322
5320
5321
5320
5322
5535
5321
5322
5536
5537
5327
5328
5329
5337
5344
5327
5329
5338
5328
5329
5345
5327
5328
5342
5348
5343
5349
5334
5335
5336
5337
5344
5334
5336
5471
5334
5335
5340
5335
5336
5347
5473
5341
5343
5349
5350
5475
5341
5342
5343
5342
5343
5341
5342
5341
5343
5348
5349
5350
5348
5349
5348
5350
5479
5349
5350
5480
5481
5355
5356
5357
5356
5357
5457
5478
5355
5356
5458
5355
5357
5479
5461
5482
5362
5363
5364
5386
5393
5400
5362
5363
5387
5422
5362
5364
5394
5363
5364
5401
5423
5390
5397
5392
5405
5426
5399
5406
5369
5370
5371
5386
5393
5370
5371
5369
5370
5388
5369
5371
5395
5390
5397
5391
5398
5376
5377
5378
5386
5400
5376
5377
5376
5378
5389
5437
5377
5378
5402
5438
5391
5404
5392
5405
5441
5383
5384
5385
5393
5400
5383
5384
5383
5385
5396
5472
5384
5385
5403
5473
5398
5404
5399
5406
5476
5390
5391
5392
5390
5392
5450
5390
5391
5391
5392
5451
5454
5397
5398
5399
5397
5399
5397
5398
5398
5399
5404
5405
5406
5405
5406
5457
5478
5404
5405
5459
5404
5406
5480
5462
5483
5411
5412
5413
5414
5411
5412
5412
5413
5417
5444
5411
5413
5445
5419
5420
5448
5418
5419
5420
5418
5420
5450
5418
5419
5419
5420
5452
5455
5425
5426
5427
5449
5456
5463
5426
5427
5450
5425
5426
5457
5425
5427
5464
5461
5468
5454
5462
5455
5469
5432
5433
5434
5456
5463
5432
5433
5704
5433
5434
5458
5432
5434
5465
5705
5467
5707
5460
5461
5468
5439
5440
5441
5449
5456
5439
5440
5439
5441
5451
5440
5441
5459
5453
5460
5454
5462
5446
5447
5448
5449
5463
5446
5447
5711
5447
5448
5452
5446
5448
5466
5713
5467
5715
5453
5455
5469
5453
5454
5455
5454
5455
5453
5454
5453
5455
5460
5461
5462
5461
5462
5460
5461
5460
5462
5467
5468
5469
5468
5469
5467
5468
5467
5469
5474
5475
5476
5477
5474
5475
5474
5476
5475
5476
5480
5481
5483
5481
5482
5483
5482
5483
5481
5482
5481
5483
5488
5489
5490
5491
5498
5488
5489
5488
5490
5494
5507
5489
5490
5501
5508
5496
5502
5497
5504
5511
5495
5496
5497
5495
5496
5495
5497
5527
5496
5497
5528
5531
5502
5503
5504
5502
5503
5503
5504
5534
5502
5504
5535
5538
5509
5510
5511
5526
5533
5509
5510
5509
5511
5528
5510
5511
5535
5530
5537
5531
5538
5516
5517
5518
5533
5516
5517
5704
5517
5518
5536
5516
5518
5706
5708
5537
5539
5523
5524
5525
5526
5523
5524
5524
5525
5529
5523
5525
5530
5532
5530
5531
5532
5531
5532
5530
5531
5530
5532
5537
5538
5539
5538
5539
5537
5538
5537
5539
5544
5545
5546
5544
5546
5545
5546
5544
5545
5550
5551
5683
5550
5553
5690
5551
5553
5552
5686
5692
5552
5687
5553
5688
5693
5696
5558
5559
5560
5558
5559
5558
5560
5559
5560
5565
5566
5567
5565
5567
5566
5567
5565
5566
5570
5570
5575
5576
5577
5575
5576
5575
5577
5576
5577
5580
5584
5585
5580
5583
5614
5581
5587
5583
5584
5588
5599
5583
5584
5600
5616
5603
5618
5590
5604
5587
5590
5587
5591
5588
5590
5591
5592
5590
5591
5593
5596
5598
5596
5597
5598
5599
5596
5598
5596
5597
5601
5649
5597
5598
5650
5604
5605
5652
5603
5604
5605
5603
5604
5620
5604
5605
5655
5603
5605
5622
5657
5624
5659
5609
5611
5621
5609
5612
5656
5611
5612
5622
5657
5610
5611
5612
5626
5661
5615
5617
5615
5618
5619
5617
5618
5620
5619
5623
5619
5624
5625
5623
5624
5623
5626
5624
5626
5625
5625
5626
5630
5633
5630
5631
5705
5706
5710
5631
5633
5632
5632
5633
5637
5640
5637
5638
5638
5640
5639
5639
5640
5645
5646
5704
5644
5645
5711
5644
5646
5647
5714
5647
5707
5715
5647
5708
5709
5716
5651
5654
5651
5652
5655
5652
5654
5653
5658
5653
5659
5654
5660
5658
5659
5658
5661
5659
5661
5660
5660
5661
5664
5667
5664
5668
5698
5665
5667
5668
5667
5668
5701
5702
5672
5673
5672
5675
5676
5684
5673
5675
5685
5674
5678
5674
5675
5679
5682
5689
5678
5682
5697
5678
5681
5679
5681
5682
5681
5682
5701
5703
5686
5687
5686
5689
5697
5687
5689
5688
5699
5688
5689
5700
5703
5692
5696
5692
5695
5698
5693
5699
5695
5696
5700
5695
5696
5702
5699
5703
5699
5702
5700
5702
5703
5702
5703
5707
5708
5707
5710
5708
5710
5709
5709
5710
5714
5715
5714
5717
5715
5717
5716
5716
5717
5720
5724
5720
5723
5733
5721
5734
5723
5724
5725
5735
5723
5724
5727
5730
5737
5731
5729
5730
5731
5729
5731
5730
5731
5729
5730
5734
5738
5734
5737
5735
5737
5738
5737
5738
5741
5743
6065
5741
5745
5744
5743
5745
6068
5744
6071
5745
5747
5809
5812
5815
5840
5748
5810
5813
5815
5841
5811
5814
5816
5842
5750
5758
5806
5867
5870
5751
5759
5807
5868
5871
5760
5808
5869
5872
5753
5809
5840
5879
6068
6071
5754
5810
5841
5880
6069
6072
5811
5842
5881
6070
6073
5756
5758
5806
5819
5885
5757
5759
5807
5820
5886
5760
5808
5821
5887
5759
6032
6035
6041
6044
5760
6033
6036
6042
6045
6034
6037
6043
6046
5780
5815
5816
6003
5817
5818
6004
5764
5775
5876
5933
5935
5765
5776
5877
5933
5936
5777
5878
5934
5937
5767
5772
5882
5940
5943
5768
5773
5883
5941
5943
5774
5884
5942
5944
5770
5794
5870
5947
5949
5771
5795
5871
5947
5950
5796
5872
5948
5951
5773
5873
5954
5956
5774
5874
5954
5957
5875
5955
5958
5776
5851
5891
5893
5777
5852
5891
5894
5853
5892
5895
5779
5843
5856
5898
5899
5901
5843
5857
5900
5902
5854
5855
5997
5843
5856
5857
5998
5783
5788
5961
5784
5789
5961
5790
5962
5786
5800
5819
5963
5965
5787
5801
5820
5963
5966
5802
5821
5964
5967
5789
5888
5970
5972
5790
5889
5970
5973
5890
5971
5974
5792
5797
5803
5845
5847
5793
5798
5804
5845
5847
5799
5805
5846
5848
5795
5858
5905
5907
5796
5859
5905
5908
5860
5906
5909
5798
5864
5912
5914
5799
5865
5912
5915
5866
5913
5916
5801
5861
5919
5921
5802
5862
5919
5922
5863
5920
5923
5804
5864
5926
5928
5805
5865
5926
5929
5866
5927
5930
5807
5822
5825
5808
5823
5826
5824
5827
5810
5831
5834
5811
5832
5835
5833
5836
5813
5817
5831
5814
5817
5832
5818
5833
5816
5817
5854
6003
5818
5855
6003
5818
6004
6004
5820
5861
5965
6041
6083
6089
5821
5862
5966
6042
6084
6090
5863
5967
6043
6085
6091
5823
5828
5834
5867
5824
5829
5835
5868
5830
5836
5869
5826
5828
5885
5827
5829
5886
5830
5887
5829
5837
5830
5838
5839
5832
5837
5833
5838
5839
5835
5837
5879
5836
5838
5880
5839
5881
5838
5839
5841
5854
6015
6018
5842
5854
6016
6019
5855
6017
6020
5844
5901
5902
5992
5846
5849
5912
5993
5850
5913
5993
5848
5849
5926
5978
5850
5927
5978
5850
5979
5994
5979
5994
5852
5876
6012
6015
5853
5877
6013
6016
5878
6014
6017
5855
5997
6024
6026
6027
5997
6025
6028
5857
6021
6022
6024
6023
6025
5859
5870
6029
6032
5860
5871
6030
6033
5872
6031
6034
5862
6038
6041
5863
6039
6042
6040
6043
5865
6047
6050
5866
6048
6051
6049
6052
5868
5879
6059
6062
5869
5880
6060
6063
5881
6061
6064
5871
5949
6032
6056
6062
5872
5950
6033
6057
6063
5951
6034
6058
6064
5874
5882
6056
6059
5875
5883
6057
6060
5884
6058
6061
5877
6065
6068
5878
6066
6069
6067
6070
5880
6077
6080
5881
6078
6081
6079
6082
5883
6074
6077
5884
6075
6078
6076
6079
5886
6086
6089
5887
6087
6090
6088
6091
5889
6083
6086
5890
6084
6087
6085
6088
5892
5896
5933
5980
5897
5934
5980
5894
5896
5898
6012
5895
5896
5899
6013
5897
5900
6014
5897
5903
5981
5904
5981
5899
5903
6021
5900
5903
6022
5904
6023
5902
5903
5995
5904
5995
5904
5996
5996
5906
5910
5947
5982
5911
5948
5982
5908
5910
5914
6029
5909
5910
5915
6030
5911
5916
6031
5911
5917
5983
5918
5983
5913
5917
5999
5918
5999
5915
5917
6047
5916
5917
6048
5918
6049
5918
6000
6000
5920
5924
5963
5984
5925
5964
5984
5922
5924
5928
6038
5923
5924
5929
6039
5925
5930
6040
5925
5931
5985
5932
5985
5927
5931
6001
5932
6001
5929
5931
6050
5930
5931
6051
5932
6052
5932
6002
6002
5934
5938
5986
5939
5986
5936
5938
5940
6065
5937
5938
5941
6066
5939
5942
6067
5939
5945
5987
5946
5987
5941
5945
6074
5942
5945
6075
5946
6076
5944
5945
5954
6005
5946
5955
6005
5946
6006
6006
5948
5952
5988
5953
5988
5950
5952
5956
5951
5952
5957
5953
5958
5953
5959
5989
5960
5989
5955
5959
6007
5960
6007
5957
5959
6056
5958
5959
6057
5960
6058
5960
6008
6008
5962
5970
6009
5971
6009
5964
5968
5990
5969
5990
5966
5968
5972
5967
5968
5973
5969
5974
5969
5975
5991
5976
5991
5971
5975
6010
5976
6010
5973
5975
6083
5974
5975
6084
5976
6085
5976
6011
6011
5979
5994
5979
6001
5981
5986
5996
5983
5988
6000
5985
5990
6002
5987
6006
5989
6008
5991
6011
5995
5994
5999
5996
5998
6024
6025
6000
6002
6004
6006
6007
6008
6010
6011
6013
6018
6021
6014
6019
6022
6020
6023
6016
6018
6068
6017
6019
6069
6020
6070
6019
6026
6020
6027
6028
6022
6026
6023
6027
6028
6025
6026
6027
6028
6027
6028
6030
6035
6047
6031
6036
6048
6037
6049
6033
6035
6034
6036
6037
6036
6053
6037
6054
6055
6039
6044
6050
6040
6045
6051
6046
6052
6042
6044
6043
6045
6046
6045
6053
6046
6054
6055
6048
6053
6049
6054
6055
6051
6053
6052
6054
6055
6054
6055
6057
6062
6058
6063
6064
6060
6062
6077
6061
6063
6078
6064
6079
6063
6064
6066
6071
6074
6067
6072
6075
6073
6076
6069
6071
6070
6072
6073
6072
6080
6073
6081
6082
6075
6080
6076
6081
6082
6078
6080
6079
6081
6082
6081
6082
6084
6089
6085
6090
6091
6087
6089
6088
6090
6091
6090
6091
)


// ************************************************************************* //
