/*--------------------------------*- C++ -*----------------------------------*\
  =========                 |
  \\      /  F ield         | OpenFOAM: The Open Source CFD Toolbox
   \\    /   O peration     | Website:  https://openfoam.org
    \\  /    A nd           | Version:  8
     \\/     M anipulation  |
\*---------------------------------------------------------------------------*/
/*   Windows 32 and 64 bit porting by blueCAPE: http://www.bluecape.com.pt   *\
|  Based on Windows porting (2.0.x v4) by Symscape: http://www.symscape.com   |
\*---------------------------------------------------------------------------*/
FoamFile
{
    version     2.0;
    format      ascii;
    class       labelList;
    note        "nPoints: 3102 nCells: 2242 nFaces: 7513 nInternalFaces: 6576";
    location    "constant/vegetation/polyMesh";
    object      neighbour;
}
// * * * * * * * * * * * * * * * * * * * * * * * * * * * * * * * * * * * * * //


6576
(
2
39
41
331
332
333
334
3
249
250
251
47
48
359
360
361
362
255
256
5
380
381
382
383
58
59
408
409
410
411
8
10
128
130
703
705
706
708
9
140
141
744
745
747
748
11
65
67
436
437
438
439
75
76
466
467
468
469
11
146
771
774
775
776
83
489
490
491
492
24
54
150
151
15
55
153
154
21
52
911
912
913
22
156
157
20
38
134
159
976
977
978
979
1196
33
40
259
260
261
34
42
137
162
990
991
992
993
1199
23
44
266
267
268
53
57
1001
1002
1006
1007
1011
1012
1013
1014
1202
60
273
274
275
55
61
279
280
283
63
287
288
289
26
171
172
28
73
79
918
919
920
54
74
293
294
297
30
56
77
1025
1026
1027
1028
1029
1030
1034
1035
1205
64
71
925
926
927
36
66
135
180
1046
1047
1048
1049
1208
68
136
184
1060
1061
1062
1063
1211
37
69
72
932
933
934
45
80
300
301
304
46
308
309
310
49
82
1071
1072
1076
1077
1081
1082
1083
1084
1214
51
315
316
317
81
84
1095
1096
1097
1098
1099
1100
1104
1105
1217
85
86
939
940
941
57
127
321
322
325
43
58
345
346
347
348
46
260
261
262
328
329
332
43
48
128
338
339
340
341
49
132
335
336
339
62
133
324
325
326
327
63
266
267
269
342
343
346
145
301
304
305
349
350
353
309
310
311
356
357
360
50
373
374
375
376
50
146
366
367
368
369
148
363
364
367
149
352
353
354
355
315
316
318
370
371
374
60
377
378
381
912
913
914
134
138
217
1113
1116
1118
1119
1220
139
384
385
388
142
391
392
395
136
143
220
1127
1130
1132
1133
1223
138
398
399
402
62
422
423
424
425
62
140
415
416
417
418
274
275
276
405
406
409
142
280
283
285
412
413
416
144
401
402
403
404
287
288
290
419
420
423
73
248
426
427
430
925
927
928
70
83
249
450
451
452
453
84
129
433
434
437
70
75
130
443
444
445
446
77
131
440
441
444
85
252
447
448
451
932
933
935
78
253
429
430
431
432
79
248
454
926
927
929
86
252
455
932
934
936
228
456
457
460
918
919
921
139
294
297
299
463
464
467
78
141
473
474
475
476
78
235
236
237
143
470
471
474
230
459
460
461
462
228
477
919
920
922
145
479
480
483
135
147
223
1141
1144
1146
1147
1226
137
148
226
1155
1158
1160
1161
1229
255
495
496
497
498
147
486
487
490
257
493
496
939
940
942
257
939
941
943
88
195
204
205
199
207
208
92
99
377
500
501
502
91
378
910
913
914
916
379
499
501
503
504
169
210
211
119
163
328
507
508
509
97
329
514
515
516
98
164
330
521
522
523
102
160
342
528
529
530
343
535
536
537
161
344
542
543
544
169
405
549
550
551
103
406
556
557
558
104
170
407
563
564
565
166
419
570
571
572
420
577
578
579
167
421
584
585
586
106
175
213
214
111
238
239
113
177
456
591
592
593
110
457
477
946
947
948
112
179
458
598
599
600
232
478
953
954
955
175
233
242
243
244
176
234
605
606
607
183
426
612
613
614
116
427
454
960
961
962
118
185
428
619
620
621
447
455
967
968
969
125
181
448
626
627
628
182
449
633
634
635
190
356
640
641
642
123
357
647
648
649
124
191
358
654
655
656
187
370
661
662
663
371
668
669
670
188
372
675
676
677
192
493
682
683
684
194
494
689
690
691
134
138
695
696
697
133
146
717
719
720
722
135
147
702
703
704
133
141
711
712
713
715
136
143
709
710
711
137
148
716
717
718
144
697
698
699
701
723
724
1232
726
727
1235
729
730
1238
732
733
1241
735
736
737
385
388
389
742
743
744
144
751
752
754
755
144
758
760
761
762
391
395
396
749
750
751
756
757
758
737
739
740
741
480
483
484
763
764
765
149
778
780
782
783
770
771
772
777
778
779
765
766
768
769
152
171
384
1244
152
204
385
206
386
1245
155
207
391
155
156
392
1246
209
393
1247
158
279
1248
158
210
280
212
281
1249
162
321
723
983
984
985
986
1250
166
322
973
974
977
164
323
980
981
984
335
732
997
998
999
1000
1253
190
336
987
988
991
337
994
995
998
168
216
398
1002
1003
1004
399
1008
1009
1012
170
400
1015
1016
1019
198
412
785
786
787
413
791
792
793
414
798
799
802
173
293
1256
173
213
294
215
295
1257
178
196
463
806
807
808
464
812
813
814
179
465
819
820
823
183
470
1022
1023
1026
219
471
1030
1031
1032
472
1036
1037
1040
184
433
726
1053
1054
1055
1056
1258
192
434
1043
1044
1047
185
435
1050
1051
1054
440
1057
1058
1061
441
729
1067
1068
1069
1070
1261
442
1064
1065
1068
189
201
349
827
828
829
350
833
834
835
191
351
840
841
844
225
363
1072
1073
1074
364
1078
1079
1082
365
1085
1086
1089
486
1092
1093
1096
222
487
1100
1101
1102
488
1106
1107
1110
199
742
847
848
851
219
743
855
856
857
200
221
746
862
863
864
216
749
869
870
871
750
875
876
879
218
753
883
884
885
225
763
890
891
892
764
896
897
900
227
767
904
905
906
206
847
206
208
848
1264
849
1265
209
875
209
876
1266
877
1267
212
791
212
502
792
1268
794
1269
215
812
215
239
813
1270
815
1271
735
1113
1114
1115
220
724
736
1123
1124
1125
1126
1272
221
738
1120
1121
1124
756
1127
1128
1129
730
757
1137
1138
1139
1140
1275
759
1134
1135
1138
770
1141
1142
1143
226
727
772
1151
1152
1153
1154
1278
227
773
1148
1149
1152
777
1155
1156
1157
733
779
1165
1166
1167
1168
1281
781
1162
1163
1166
248
1169
1170
1171
230
231
250
253
1170
1172
1174
1175
254
1171
1173
1174
1175
234
237
457
953
954
956
234
236
242
244
245
464
235
458
465
606
607
608
236
237
459
466
469
462
240
242
240
243
1642
246
1643
245
246
247
604
1516
245
246
246
247
813
1517
245
247
607
814
608
1519
610
816
1520
1176
1177
1178
253
255
1184
1186
1188
1189
253
254
254
256
1185
1187
1188
1189
257
1183
1184
1185
1177
1179
1181
1182
1178
1180
1181
1182
1190
1192
1194
1195
1191
1193
1194
1195
1190
1191
262
263
264
506
513
1322
263
264
308
1325
262
263
309
507
262
264
514
510
517
312
512
1328
519
1331
269
270
271
527
534
1370
269
270
287
528
269
271
535
270
271
289
1373
531
538
291
533
1376
540
1379
276
277
278
548
555
1418
277
278
911
1421
276
277
549
912
276
278
556
552
559
553
915
1423
561
1425
281
284
392
1656
281
285
791
282
794
1658
284
285
784
796
1660
284
285
395
785
397
789
1663
790
797
290
291
292
569
576
1462
290
291
570
290
292
577
291
292
1465
573
580
574
1468
582
1471
295
298
384
1700
295
299
812
296
815
1702
298
299
805
817
1704
298
299
388
806
390
810
1707
811
818
302
306
479
1744
302
305
833
303
837
1745
305
306
826
838
1746
305
306
483
827
831
839
485
832
1748
311
312
313
639
646
1558
312
313
1561
311
312
640
311
313
647
643
650
644
1564
652
1567
318
319
320
660
667
1606
318
319
661
318
320
668
319
320
1608
664
671
666
1609
673
1610
323
327
335
695
323
326
342
399
973
977
979
324
337
344
981
984
986
326
327
338
345
326
327
402
697
347
403
341
698
330
333
336
356
507
508
510
330
334
343
514
515
517
331
337
344
522
523
524
333
334
338
345
333
334
360
340
361
348
337
341
716
337
340
364
987
991
993
338
995
998
1000
340
341
340
341
367
717
368
719
344
347
419
528
529
531
344
348
535
536
538
345
543
544
545
347
348
347
348
423
424
351
355
363
763
827
828
831
351
354
370
833
834
839
352
365
372
841
844
846
354
355
366
373
354
355
765
375
369
766
358
361
364
640
641
643
358
362
371
647
648
650
359
365
372
655
656
657
361
362
366
373
361
362
368
376
365
369
777
1072
1073
1076
365
368
1078
1082
1084
366
1086
1089
1091
368
369
368
369
778
780
372
375
661
662
664
372
376
668
669
671
373
676
677
678
375
376
375
376
379
382
405
500
501
503
379
383
380
382
383
382
383
409
410
386
390
1768
386
389
847
387
849
1770
389
390
850
854
1772
389
390
855
852
858
859
1775
393
396
875
393
397
1812
394
877
1814
396
397
868
878
1816
396
397
869
872
880
873
1819
400
404
412
735
1002
1004
1007
400
403
419
1008
1012
1014
401
414
421
1016
1019
1021
403
404
415
422
403
404
737
424
418
739
407
410
413
549
551
552
407
411
420
556
557
559
408
414
421
564
565
566
410
411
415
422
410
411
417
425
414
418
749
785
787
790
414
417
791
793
797
415
799
802
804
417
418
417
418
751
754
421
424
570
571
573
421
425
577
578
580
422
585
586
587
424
425
424
425
428
432
440
456
612
614
615
428
431
447
960
961
963
1176
429
442
449
620
621
622
431
432
443
450
431
432
460
1177
452
1179
446
461
435
438
441
702
435
439
448
486
1043
1047
1049
436
442
449
1051
1054
1056
438
439
443
450
438
439
490
703
445
705
453
491
442
446
470
1058
1061
1063
442
445
709
443
1065
1068
1070
445
446
445
446
474
711
712
476
449
452
967
968
970
1183
449
453
493
626
627
629
450
634
635
636
452
453
452
453
496
1184
1186
498
455
960
962
964
1176
967
969
971
1183
458
461
470
591
593
594
458
462
946
947
949
1169
459
472
599
600
601
461
462
473
461
462
1170
476
1172
465
468
471
743
806
808
811
465
469
812
814
818
466
472
820
823
825
468
469
473
468
469
744
475
747
472
476
1023
1026
1028
472
475
756
1030
1032
1035
473
1037
1040
1042
475
476
475
476
758
760
478
946
948
950
1169
953
955
957
481
485
1856
481
484
896
482
898
1857
484
485
889
899
1858
484
485
890
893
901
894
1860
488
491
493
1093
1096
1098
488
492
770
1100
1102
1105
489
494
1107
1110
1112
491
492
495
491
492
771
498
774
494
498
682
684
685
495
690
691
692
497
498
497
498
1190
1192
503
504
505
910
503
505
549
912
503
504
504
505
550
1284
914
553
915
1285
510
511
512
520
1334
510
512
640
510
511
522
987
511
512
642
988
1337
524
525
989
1340
644
1343
517
518
519
520
1346
517
519
517
518
523
536
518
519
537
1349
524
526
539
1352
1355
524
525
526
1310
525
526
542
994
1313
524
525
995
524
526
544
996
1316
547
1319
531
532
533
541
1382
531
533
570
531
532
543
973
532
533
572
974
1385
545
546
975
1388
574
1391
538
539
540
541
1394
538
540
538
539
544
539
540
1397
545
547
1400
1403
545
546
547
1358
546
547
980
1361
545
546
981
545
547
982
1364
1367
552
553
554
562
1428
552
553
553
554
792
1431
552
554
564
793
566
1433
567
795
1435
559
560
561
562
1438
559
561
559
560
565
578
560
561
579
1441
566
568
581
1444
1447
566
567
568
1406
567
568
584
798
1409
566
567
799
566
568
586
800
1412
589
1415
573
574
575
583
1474
573
574
573
575
585
1008
574
575
1009
1477
587
1480
588
1010
1483
580
581
582
583
1486
580
582
580
581
586
581
582
1489
587
589
1492
1495
587
588
589
1450
588
589
1015
1453
587
588
1016
587
589
1017
1456
1459
594
595
596
597
917
1504
594
596
612
918
595
596
613
1022
1505
594
595
599
1023
601
921
602
1024
1507
616
923
1509
601
602
603
945
1498
602
603
605
1036
1499
601
602
1037
601
603
606
947
949
1038
1501
609
951
1503
608
609
610
952
1510
609
610
819
1511
608
609
954
608
610
820
956
958
1513
821
1514
615
616
617
618
924
1528
615
616
925
616
617
1057
1529
615
617
620
1058
622
928
930
1531
623
1059
1532
622
623
624
959
1522
623
624
633
1064
1523
622
623
1065
622
624
634
961
963
1066
1525
637
965
1527
629
630
631
632
931
1540
629
631
682
933
629
630
635
1043
630
631
683
1044
1541
636
935
638
1045
1543
686
937
1545
636
637
638
966
1534
637
638
1050
1535
636
637
968
636
638
1051
970
972
1537
1052
1538
643
644
645
653
1570
643
644
643
645
655
1078
644
645
1079
1573
657
1576
658
1080
1579
650
651
652
653
1582
650
652
650
651
656
669
651
652
670
1585
657
659
672
1588
1591
657
658
659
1546
658
659
675
1085
1549
657
658
1086
657
659
677
1087
1552
680
1555
664
665
666
674
1612
664
666
664
665
676
834
665
666
835
1614
678
679
836
1615
1617
671
672
673
674
1618
671
673
671
672
677
672
673
1621
678
680
1624
1627
678
679
680
1594
679
680
840
1597
678
679
841
678
680
842
1600
1603
685
686
687
688
938
1636
685
686
940
686
687
1092
1637
685
687
691
1093
692
942
944
1639
694
1094
1640
692
693
694
1630
693
694
1106
1631
692
693
692
694
1107
1633
1108
1634
698
700
716
723
700
701
710
724
736
698
701
737
699
719
700
701
713
720
714
721
725
715
741
705
707
709
726
705
708
771
707
708
718
727
772
706
712
707
708
713
720
714
721
728
722
776
712
714
729
714
715
730
757
712
715
758
713
714
715
731
762
719
721
732
719
722
778
721
722
733
779
720
721
722
734
783
725
732
1286
725
730
1289
731
734
1894
728
729
1292
728
733
1295
731
734
1897
731
1298
731
1301
1900
734
1304
734
1307
1903
738
739
749
1113
1115
1119
738
741
757
739
741
740
753
759
1120
1124
1126
740
754
741
755
761
762
745
746
750
847
851
852
746
747
756
855
857
858
745
747
748
752
748
753
759
862
863
865
748
760
755
761
753
754
869
871
872
752
753
875
879
880
752
754
755
755
883
884
886
755
759
760
1127
1129
1133
759
762
760
762
761
1134
1138
1140
761
762
766
767
777
890
892
893
767
768
896
900
901
766
768
769
780
769
781
904
905
907
769
782
773
774
1141
1143
1147
774
776
773
776
779
775
781
1148
1152
1154
775
776
782
783
780
781
1155
1157
1161
780
783
781
783
782
782
1162
1166
1168
783
788
789
790
801
1676
789
790
869
788
789
870
1003
1679
788
790
802
1004
803
1005
1682
873
1685
804
794
797
794
795
1666
795
797
799
796
1668
796
800
1670
797
801
1673
804
800
803
1015
1644
800
804
801
1647
803
804
1650
803
804
1019
1020
1653
809
810
811
822
1710
810
811
855
809
810
856
1031
1713
809
811
823
1032
824
1033
1716
859
1719
825
815
818
815
816
1722
816
818
820
817
1724
817
821
1726
818
822
1729
825
821
824
1036
1688
821
825
822
1691
824
825
1694
824
825
1040
1041
1697
830
831
832
843
1750
831
832
890
830
831
844
1073
830
832
891
1074
1753
845
1075
1756
846
894
1759
837
839
836
839
841
836
837
1762
838
842
1763
838
1765
839
843
1766
846
842
845
1085
1732
842
846
843
1735
845
846
1738
845
846
1089
1090
1741
849
852
849
853
876
1778
850
1780
852
853
861
1782
852
853
862
879
865
866
881
1785
858
859
860
861
1788
858
859
859
860
1128
1791
858
860
863
1129
865
1794
867
1131
1797
865
866
867
1800
865
866
884
865
867
1134
866
867
885
1135
1803
888
1806
1136
1809
872
873
874
882
1832
872
873
873
874
1114
1835
872
874
883
1115
886
1838
887
1117
1841
877
880
877
881
1822
878
1824
880
881
882
1826
880
881
884
886
888
1829
886
887
888
1844
886
887
1120
886
888
887
888
1121
1847
1122
1850
1853
893
894
895
903
1868
893
894
894
895
1156
1871
893
895
904
1157
907
1874
908
1159
1877
898
901
898
902
1862
899
1863
901
902
903
1864
901
902
905
907
909
1866
907
908
909
1880
907
908
1162
907
909
908
909
1163
1883
1164
1886
1889
914
915
916
915
916
1892
914
915
914
916
1893
921
922
923
945
921
923
925
921
922
946
922
923
926
949
950
930
928
929
930
959
928
930
929
930
928
929
960
963
964
935
936
937
966
935
936
967
935
937
940
936
937
941
970
971
944
942
943
944
942
943
942
944
943
944
949
950
951
949
950
949
951
954
950
951
955
958
956
957
958
956
957
956
958
957
958
963
964
965
963
964
963
965
968
964
965
969
972
970
971
972
970
971
970
972
971
972
975
979
981
975
978
1009
1918
976
982
1921
978
979
983
1924
978
979
1012
1013
1927
986
982
985
994
1906
982
986
983
1909
985
986
1912
985
986
998
999
1915
989
993
995
989
992
1079
1942
990
996
1945
992
993
997
1948
992
993
1082
1083
1951
1000
996
999
1930
996
1000
997
1933
999
1000
1936
999
1000
1939
1005
1006
1007
1018
1966
1006
1007
1113
1005
1006
1114
1969
1005
1007
1019
1020
1972
1116
1975
1021
1010
1014
1016
1010
1013
1978
1011
1017
1981
1013
1014
1018
1984
1013
1014
1987
1021
1017
1020
1954
1017
1021
1018
1957
1020
1021
1960
1020
1021
1963
1024
1027
1057
2014
1024
1028
1037
1025
1038
2017
1027
1028
1039
2020
1027
1028
1061
1062
2023
1042
1033
1034
1035
1039
2002
1034
1035
1127
1033
1034
1128
2005
1033
1035
1040
1041
2008
1130
2011
1042
1038
1041
1990
1038
1042
1039
1993
1041
1042
1996
1041
1042
1999
1045
1049
1051
1045
1048
1092
2038
1046
1052
2041
1048
1049
1053
2044
1048
1049
1096
1097
2047
1056
1052
1055
1064
2026
1052
1056
1053
2029
1055
1056
2032
1055
1056
1068
1069
2035
1059
1062
2062
1059
1063
1065
1060
1066
2065
1062
1063
1067
2068
1062
1063
2071
1070
1066
1069
2050
1066
1070
1067
2053
1069
1070
2056
1069
1070
2059
1075
1076
1077
1088
2098
1076
1077
1155
1075
1076
1089
1075
1077
1156
2101
1090
2104
1091
1158
2107
1080
1084
1086
1080
1083
2086
1081
1087
2089
1083
1084
1088
2092
1083
1084
2095
1091
1087
1090
2074
1087
1091
1088
2077
1090
1091
2080
1090
1091
2083
1094
1097
2122
1094
1098
1107
1095
1108
2125
1097
1098
1109
2128
1097
1098
2131
1112
1103
1104
1105
1109
2134
1104
1105
1141
1103
1104
1142
2137
1103
1105
1110
1111
2140
1144
2143
1112
1108
1111
2110
1108
1112
1109
2113
1111
1112
2116
1111
1112
2119
1116
1119
1116
1117
2146
1117
1119
1120
1118
2149
1118
1122
2152
1119
1123
2155
1126
1122
1126
1122
1125
1135
2158
1123
2161
1125
1126
2164
1125
1126
1138
1139
2167
1130
1133
1130
1131
2170
1131
1133
1134
1132
2173
1132
1136
2176
1133
1137
2179
1140
1136
1140
1136
1139
2182
1137
2185
1139
1140
2188
1139
1140
2191
1144
1147
1144
1145
2194
1145
1147
1148
1146
2197
1146
1150
2200
1147
1151
2203
1154
1150
1154
1150
1153
1163
2206
1151
2209
1153
1154
2212
1153
1154
1166
1167
2215
1158
1161
1158
1159
2218
1159
1161
1162
1160
2221
1160
1164
2224
1161
1165
2227
1168
1164
1168
1164
1167
2230
1165
2233
1167
1168
2236
1167
1168
2239
1172
1173
1172
1175
1177
1173
1175
1178
1174
1174
1175
1181
1179
1180
1183
1179
1181
1180
1181
1182
1186
1182
1187
1182
1188
1186
1187
1186
1189
1190
1187
1189
1191
1188
1188
1189
1195
1192
1195
1193
1195
1194
1194
1195
1197
1202
1232
1250
1924
1927
1198
1203
1233
1251
1925
1928
1204
1234
1252
1926
1929
1200
1214
1241
1253
1948
1951
1201
1215
1242
1254
1949
1952
1216
1243
1255
1950
1953
1203
1220
1966
1975
1984
1987
1204
1221
1967
1976
1985
1988
1222
1968
1977
1986
1989
1206
1211
1223
2002
2011
2020
2023
1207
1212
1224
2003
2012
2021
2024
1213
1225
2004
2013
2022
2025
1209
1217
1235
1258
2044
2047
1210
1218
1236
1259
2045
2048
1219
1237
1260
2046
2049
1212
1238
1261
2068
2071
1213
1239
1262
2069
2072
1240
1263
2070
2073
1215
1229
2092
2095
2098
2107
1216
1230
2093
2096
2099
2108
1231
2094
2097
2100
2109
1218
1226
2128
2131
2134
2143
1219
1227
2129
2132
2135
2144
1228
2130
2133
2136
2145
1221
1232
1272
2149
2155
1222
1233
1273
2150
2156
1234
1274
2151
2157
1224
1238
1275
2173
2179
1225
1239
1276
2174
2180
1240
1277
2175
2181
1227
1235
1278
2197
2203
1228
1236
1279
2198
2204
1237
1280
2199
2205
1230
1241
1281
2221
2227
1231
1242
1282
2222
2228
1243
1283
2223
2229
1233
1286
1289
1234
1287
1290
1288
1291
1236
1292
1295
1237
1293
1296
1294
1297
1239
1298
1301
1240
1299
1302
1300
1303
1242
1304
1307
1243
1305
1308
1306
1309
1245
1256
1768
1769
1265
1770
1771
1247
1248
1812
1813
1267
1814
1815
1249
1656
1657
1269
1658
1659
1251
1253
1286
1912
1915
1252
1254
1287
1913
1916
1255
1288
1914
1917
1254
1304
1936
1939
1255
1305
1937
1940
1306
1938
1941
1257
1700
1701
1271
1702
1703
1259
1261
1292
2032
2035
1260
1262
1293
2033
2036
1263
1294
2034
2037
1262
1298
2056
2059
1263
1299
2057
2060
1300
2058
2061
1265
1266
1778
1779
1780
1781
1267
1822
1823
1824
1825
1269
1284
1666
1667
1668
1669
1271
1642
1722
1723
1724
1725
1273
1275
1289
2164
2167
1274
1276
1290
2165
2168
1277
1291
2166
2169
1276
1301
2188
2191
1277
1302
2189
2192
1303
2190
2193
1279
1281
1295
2212
2215
1280
1282
1296
2213
2216
1283
1297
2214
2217
1282
1307
2236
2239
1283
1308
2237
2240
1309
2238
2241
1285
1431
1432
1433
1434
1893
1287
1304
1894
1288
1305
1895
1306
1896
1290
1301
1894
1291
1302
1895
1303
1896
1293
1298
1897
1294
1299
1898
1300
1899
1296
1307
1897
1297
1308
1898
1309
1899
1299
1900
1300
1901
1902
1302
1900
1303
1901
1902
1305
1903
1306
1904
1905
1308
1903
1309
1904
1905
1311
1316
1319
1334
1346
1312
1317
1320
1335
1347
1318
1321
1336
1348
1314
1316
1319
1361
1930
1315
1317
1320
1362
1931
1318
1321
1363
1932
1317
1340
1933
1318
1341
1934
1342
1935
1320
1352
1367
1321
1353
1368
1354
1369
1323
1328
1331
1334
1346
1324
1329
1332
1335
1347
1330
1333
1336
1348
1326
1328
1331
1561
1327
1329
1332
1562
1330
1333
1563
1329
1343
1564
1330
1344
1565
1345
1566
1332
1355
1333
1356
1357
1335
1340
1343
1336
1341
1344
1342
1345
1338
1340
1343
1573
1942
1339
1341
1344
1574
1943
1342
1345
1575
1944
1341
1945
1342
1946
1947
1344
1576
1345
1577
1578
1347
1352
1355
1348
1353
1356
1354
1357
1350
1352
1355
1397
1351
1353
1356
1398
1354
1357
1399
1353
1400
1354
1401
1402
1356
1357
1359
1364
1367
1382
1394
1360
1365
1368
1383
1395
1366
1369
1384
1396
1362
1364
1367
1906
1363
1365
1368
1907
1366
1369
1908
1365
1388
1909
1366
1389
1910
1390
1911
1368
1400
1369
1401
1402
1371
1376
1379
1382
1394
1372
1377
1380
1383
1395
1378
1381
1384
1396
1374
1376
1379
1465
1375
1377
1380
1466
1378
1381
1467
1377
1391
1468
1378
1392
1469
1393
1470
1380
1403
1381
1404
1405
1383
1388
1391
1384
1389
1392
1390
1393
1386
1388
1391
1477
1918
1387
1389
1392
1478
1919
1390
1393
1479
1920
1389
1921
1390
1922
1923
1392
1480
1393
1481
1482
1395
1400
1403
1396
1401
1404
1402
1405
1398
1400
1403
1399
1401
1404
1402
1405
1401
1402
1404
1405
1407
1412
1415
1428
1438
1408
1413
1416
1429
1439
1414
1417
1430
1440
1410
1412
1415
1453
1644
1411
1413
1416
1454
1645
1414
1417
1455
1646
1413
1435
1647
1414
1436
1648
1437
1649
1416
1444
1459
1417
1445
1460
1446
1461
1419
1423
1425
1428
1438
1420
1423
1426
1429
1439
1424
1427
1430
1440
1422
1423
1425
1426
1892
1424
1427
1892
1424
1433
1893
1434
1893
1426
1447
1427
1448
1449
1429
1433
1435
1430
1433
1436
1434
1437
1432
1433
1435
1436
1666
1434
1437
1667
1434
1436
1670
1437
1671
1672
1439
1444
1447
1440
1445
1448
1446
1449
1442
1444
1447
1489
1443
1445
1448
1490
1446
1449
1491
1445
1492
1446
1493
1494
1448
1449
1451
1456
1459
1474
1486
1452
1457
1460
1475
1487
1458
1461
1476
1488
1454
1456
1459
1954
1455
1457
1460
1955
1458
1461
1956
1457
1483
1957
1458
1484
1958
1485
1959
1460
1492
1461
1493
1494
1463
1468
1471
1474
1486
1464
1469
1472
1475
1487
1470
1473
1476
1488
1466
1468
1471
1467
1469
1472
1470
1473
1469
1480
1470
1481
1482
1472
1495
1473
1496
1497
1475
1480
1483
1476
1481
1484
1482
1485
1478
1480
1483
1978
1479
1481
1484
1979
1482
1485
1980
1481
1482
1484
1981
1485
1982
1983
1487
1492
1495
1488
1493
1496
1494
1497
1490
1492
1495
1491
1493
1496
1494
1497
1493
1494
1496
1497
1501
1502
1503
1504
1500
1501
1503
1511
1990
1991
1502
1503
1512
1992
1502
1507
1993
1994
1508
1995
1513
1507
1508
1509
1506
1507
1509
1529
2014
2015
1508
1509
1530
2016
1508
2017
2018
2019
1531
1513
1514
1515
1516
1512
1513
1514
1688
1689
1513
1515
1690
1515
1520
1691
1692
1521
1693
1519
1520
1521
1518
1519
1520
1642
1722
1519
1521
1642
1723
1643
1521
1726
1727
1728
1525
1526
1527
1528
1524
1525
1527
1535
2050
2051
1526
1527
1536
2052
1526
1532
2053
2054
1533
2055
1537
1531
1532
1533
1530
1531
1532
2062
2063
1531
1533
2064
1533
2065
2066
2067
1537
1538
1539
1540
1536
1537
1538
2026
2027
1537
1539
2028
1539
1543
2029
2030
1544
2031
1543
1544
1545
1542
1543
1545
1637
2038
2039
1544
1545
1638
2040
1544
2041
2042
2043
1639
1547
1552
1555
1570
1582
1548
1553
1556
1571
1583
1554
1557
1572
1584
1550
1552
1555
1597
2074
1551
1553
1556
1598
2075
1554
1557
1599
2076
1553
1579
2077
1554
1580
2078
1581
2079
1556
1588
1603
1557
1589
1604
1590
1605
1559
1564
1567
1570
1582
1560
1565
1568
1571
1583
1566
1569
1572
1584
1562
1564
1567
1563
1565
1568
1566
1569
1565
1576
1566
1577
1578
1568
1591
1569
1592
1593
1571
1576
1579
1572
1577
1580
1578
1581
1574
1576
1579
2086
1575
1577
1580
2087
1578
1581
2088
1577
1578
1580
2089
1581
2090
2091
1583
1588
1591
1584
1589
1592
1590
1593
1586
1588
1591
1621
1587
1589
1592
1622
1590
1593
1623
1589
1624
1590
1625
1626
1592
1593
1595
1600
1603
1612
1618
1596
1601
1604
1612
1619
1602
1605
1613
1620
1598
1600
1603
1732
1599
1601
1604
1733
1602
1605
1734
1601
1615
1735
1602
1615
1736
1616
1737
1604
1624
1605
1625
1626
1607
1609
1610
1612
1618
1619
1609
1611
1613
1620
1609
1610
1611
1617
1611
1627
1628
1629
1613
1615
1617
1616
1617
1615
1616
1617
1762
1616
1763
1764
1619
1624
1627
1620
1625
1628
1626
1629
1622
1624
1627
1623
1625
1628
1626
1629
1625
1626
1628
1629
1633
1634
1635
1636
1632
1633
1634
2110
2111
1633
1635
2112
1635
1640
2113
2114
1641
2115
1639
1640
1641
1638
1639
1640
2122
2123
1639
1641
2124
1641
2125
2126
2127
1643
1645
1647
1653
1954
1646
1648
1654
1955
1649
1655
1956
1648
1650
1670
1649
1651
1671
1652
1672
1651
1653
1673
1676
1652
1654
1674
1677
1655
1675
1678
1654
1682
1963
1655
1683
1964
1684
1965
1657
1658
1663
1664
1812
1659
1665
1813
1659
1660
1661
1668
1662
1669
1661
1663
1673
1676
1662
1664
1674
1677
1665
1675
1678
1664
1685
1819
1665
1686
1820
1687
1821
1667
1668
1670
1671
1669
1672
1669
1673
1674
1675
1671
1673
1672
1674
1675
1674
1675
1677
1682
1685
1678
1683
1686
1684
1687
1680
1682
1685
1835
1969
1681
1683
1686
1836
1970
1684
1687
1837
1971
1683
1972
1684
1973
1974
1686
1838
1687
1839
1840
1689
1691
1697
1990
1690
1692
1698
1991
1693
1699
1992
1692
1694
1726
1693
1695
1727
1696
1728
1695
1697
1710
1729
1696
1698
1711
1730
1699
1712
1731
1698
1716
1999
1699
1717
2000
1718
2001
1701
1702
1707
1708
1768
1703
1709
1769
1703
1704
1705
1724
1706
1725
1705
1707
1710
1729
1706
1708
1711
1730
1709
1712
1731
1708
1719
1775
1709
1720
1776
1721
1777
1711
1716
1719
1712
1717
1720
1718
1721
1714
1716
1719
1791
2005
1715
1717
1720
1792
2006
1718
1721
1793
2007
1717
2008
1718
2009
2010
1720
1794
1721
1795
1796
1723
1724
1726
1727
1725
1728
1725
1729
1730
1731
1727
1729
1728
1730
1731
1730
1731
1733
1735
1741
2074
1734
1736
1742
2075
1737
1743
2076
1736
1738
1763
1737
1739
1763
1740
1764
1739
1741
1750
1766
1740
1742
1751
1766
1743
1752
1767
1742
1756
2083
1743
1757
2084
1758
2085
1745
1748
1749
1856
1746
1747
1765
1747
1748
1750
1751
1766
1749
1752
1767
1749
1759
1760
1860
1761
1861
1751
1756
1759
1752
1757
1760
1758
1761
1754
1756
1759
1871
2101
1755
1757
1760
1872
2102
1758
1761
1873
2103
1757
2104
1758
2105
2106
1760
1874
1761
1875
1876
1763
1764
1765
1764
1766
1767
1766
1767
1767
1769
1770
1775
1776
1771
1777
1771
1772
1773
1780
1774
1781
1773
1775
1782
1788
1774
1776
1783
1789
1777
1784
1790
1776
1794
1777
1795
1796
1779
1780
1785
1786
1822
1781
1787
1823
1781
1782
1783
1784
1783
1785
1800
1784
1786
1801
1787
1802
1786
1806
1829
1787
1807
1830
1808
1831
1789
1794
1797
1800
1790
1795
1798
1801
1796
1799
1802
1792
1794
1797
2170
1793
1795
1798
2171
1796
1799
2172
1795
1796
1798
1809
2176
1799
1810
2177
1811
2178
1801
1806
1809
1802
1807
1810
1808
1811
1804
1806
1809
1847
2182
1805
1807
1810
1848
2183
1808
1811
1849
2184
1807
1853
1808
1854
1855
1810
2185
1811
2186
2187
1813
1814
1819
1820
1815
1821
1815
1816
1817
1824
1818
1825
1817
1819
1826
1832
1818
1820
1827
1833
1821
1828
1834
1820
1838
1821
1839
1840
1823
1824
1829
1830
1825
1831
1825
1826
1827
1828
1827
1829
1844
1828
1830
1845
1831
1846
1830
1853
1831
1854
1855
1833
1838
1841
1844
1834
1839
1842
1845
1840
1843
1846
1836
1838
1841
2146
1837
1839
1842
2147
1840
1843
2148
1839
1840
1842
1850
2152
1843
1851
2153
1852
2154
1845
1850
1853
1846
1851
1854
1852
1855
1848
1850
1853
2158
1849
1851
1854
2159
1852
1855
2160
1851
2161
1852
2162
2163
1854
1855
1857
1860
1861
1858
1859
1863
1859
1860
1864
1868
1869
1861
1865
1870
1861
1874
1875
1876
1863
1866
1867
1864
1865
1865
1866
1880
1881
1867
1882
1867
1889
1890
1891
1869
1874
1877
1880
1870
1875
1878
1881
1876
1879
1882
1872
1874
1877
2218
1873
1875
1878
2219
1876
1879
2220
1875
1876
1878
1886
2224
1879
1887
2225
1888
2226
1881
1886
1889
1882
1887
1890
1888
1891
1884
1886
1889
2230
1885
1887
1890
2231
1888
1891
2232
1887
2233
1888
2234
2235
1890
1891
1893
1895
1900
1903
1896
1901
1904
1902
1905
1898
1900
1903
1899
1901
1904
1902
1905
1901
1902
1904
1905
1907
1909
1915
1930
1908
1910
1916
1931
1911
1917
1932
1910
1912
1921
1911
1913
1922
1914
1923
1913
1915
1924
1914
1916
1925
1917
1926
1916
1939
1917
1940
1941
1919
1921
1927
1978
1920
1922
1928
1979
1923
1929
1980
1922
1924
1923
1925
1926
1925
1927
1926
1928
1929
1928
1987
1929
1988
1989
1931
1933
1939
1932
1934
1940
1935
1941
1934
1936
1945
1935
1937
1946
1938
1947
1937
1939
1948
1938
1940
1949
1941
1950
1940
1941
1943
1945
1951
2086
1944
1946
1952
2087
1947
1953
2088
1946
1948
1947
1949
1950
1949
1951
1950
1952
1953
1952
2095
1953
2096
2097
1955
1957
1963
1956
1958
1964
1959
1965
1958
1960
1981
1959
1961
1982
1962
1983
1961
1963
1966
1984
1962
1964
1967
1985
1965
1968
1986
1964
1972
1965
1973
1974
1967
1972
1975
1968
1973
1976
1974
1977
1970
1972
1975
2146
1971
1973
1976
2147
1974
1977
2148
1973
1974
1976
2149
1977
2150
2151
1979
1981
1987
1980
1982
1988
1983
1989
1982
1984
1983
1985
1986
1985
1987
1986
1988
1989
1988
1989
1991
1993
1999
1992
1994
2000
1995
2001
1994
1996
2017
1995
1997
2018
1998
2019
1997
1999
2002
2020
1998
2000
2003
2021
2001
2004
2022
2000
2008
2001
2009
2010
2003
2008
2011
2004
2009
2012
2010
2013
2006
2008
2011
2170
2007
2009
2012
2171
2010
2013
2172
2009
2010
2012
2173
2013
2174
2175
2015
2017
2023
2062
2016
2018
2024
2063
2019
2025
2064
2018
2020
2019
2021
2022
2021
2023
2022
2024
2025
2024
2071
2025
2072
2073
2027
2029
2035
2050
2028
2030
2036
2051
2031
2037
2052
2030
2032
2041
2031
2033
2042
2034
2043
2033
2035
2044
2034
2036
2045
2037
2046
2036
2059
2037
2060
2061
2039
2041
2047
2122
2040
2042
2048
2123
2043
2049
2124
2042
2044
2043
2045
2046
2045
2047
2046
2048
2049
2048
2131
2049
2132
2133
2051
2053
2059
2052
2054
2060
2055
2061
2054
2056
2065
2055
2057
2066
2058
2067
2057
2059
2068
2058
2060
2069
2061
2070
2060
2061
2063
2065
2071
2064
2066
2072
2067
2073
2066
2068
2067
2069
2070
2069
2071
2070
2072
2073
2072
2073
2075
2077
2083
2076
2078
2084
2079
2085
2078
2080
2089
2079
2081
2090
2082
2091
2081
2083
2092
2098
2082
2084
2093
2099
2085
2094
2100
2084
2104
2085
2105
2106
2087
2089
2095
2088
2090
2096
2091
2097
2090
2092
2091
2093
2094
2093
2095
2094
2096
2097
2096
2097
2099
2104
2107
2100
2105
2108
2106
2109
2102
2104
2107
2218
2103
2105
2108
2219
2106
2109
2220
2105
2106
2108
2221
2109
2222
2223
2111
2113
2119
2112
2114
2120
2115
2121
2114
2116
2125
2115
2117
2126
2118
2127
2117
2119
2128
2134
2118
2120
2129
2135
2121
2130
2136
2120
2140
2121
2141
2142
2123
2125
2131
2124
2126
2132
2127
2133
2126
2128
2127
2129
2130
2129
2131
2130
2132
2133
2132
2133
2135
2140
2143
2136
2141
2144
2142
2145
2138
2140
2143
2194
2139
2141
2144
2195
2142
2145
2196
2141
2142
2144
2197
2145
2198
2199
2147
2149
2152
2148
2150
2153
2151
2154
2150
2155
2151
2156
2157
2153
2155
2161
2154
2156
2162
2157
2163
2156
2164
2157
2165
2166
2159
2161
2167
2182
2160
2162
2168
2183
2163
2169
2184
2162
2164
2163
2165
2166
2165
2167
2166
2168
2169
2168
2191
2169
2192
2193
2171
2173
2176
2172
2174
2177
2175
2178
2174
2179
2175
2180
2181
2177
2179
2185
2178
2180
2186
2181
2187
2180
2188
2181
2189
2190
2183
2185
2191
2184
2186
2192
2187
2193
2186
2188
2187
2189
2190
2189
2191
2190
2192
2193
2192
2193
2195
2197
2200
2196
2198
2201
2199
2202
2198
2203
2199
2204
2205
2201
2203
2209
2202
2204
2210
2205
2211
2204
2212
2205
2213
2214
2207
2209
2215
2230
2208
2210
2216
2231
2211
2217
2232
2210
2212
2211
2213
2214
2213
2215
2214
2216
2217
2216
2239
2217
2240
2241
2219
2221
2224
2220
2222
2225
2223
2226
2222
2227
2223
2228
2229
2225
2227
2233
2226
2228
2234
2229
2235
2228
2236
2229
2237
2238
2231
2233
2239
2232
2234
2240
2235
2241
2234
2236
2235
2237
2238
2237
2239
2238
2240
2241
2240
2241
)


// ************************************************************************* //
