/*--------------------------------*- C++ -*----------------------------------*\
  =========                 |
  \\      /  F ield         | OpenFOAM: The Open Source CFD Toolbox
   \\    /   O peration     | Website:  https://openfoam.org
    \\  /    A nd           | Version:  8
     \\/     M anipulation  |
\*---------------------------------------------------------------------------*/
/*   Windows 32 and 64 bit porting by blueCAPE: http://www.bluecape.com.pt   *\
|  Based on Windows porting (2.0.x v4) by Symscape: http://www.symscape.com   |
\*---------------------------------------------------------------------------*/
FoamFile
{
    version     2.0;
    format      ascii;
    class       faceSet;
    location    "constant/air/polyMesh/sets";
    object      layerFaces;
}
// * * * * * * * * * * * * * * * * * * * * * * * * * * * * * * * * * * * * * //


517
(
6144 
5123 
6149 
5133 
6158 
6160 
5138 
6163 
6165 
6168 
5147 
6174 
5152 
6180 
6184 
5161 
5166 
6191 
6193 
5170 
6196 
5177 
6202 
5182 
6206 
6209 
6214 
6216 
5195 
6219 
5199 
6223 
5206 
6230 
5210 
6234 
5217 
6241 
6242 
6243 
5221 
6246 
6251 
5228 
6254 
5231 
6259 
5236 
6263 
5240 
6270 
5247 
6272 
5250 
6275 
6276 
6277 
5255 
6280 
5258 
5263 
6289 
5267 
6293 
5274 
5278 
6303 
6306 
5285 
5288 
6312 
5293 
5296 
6321 
6327 
5304 
5308 
6334 
6336 
6339 
6341 
5318 
6344 
5321 
6345 
6346 
6348 
6351 
6353 
5330 
6356 
6357 
6358 
5336 
6360 
6363 
6365 
5342 
6368 
6369 
6370 
6371 
5348 
6372 
6374 
5352 
6377 
6378 
6379 
6380 
6381 
5358 
6383 
5362 
6386 
6388 
5366 
6391 
6393 
6396 
5373 
6397 
6398 
6399 
6400 
5377 
6402 
6405 
6406 
6407 
5384 
6408 
6409 
5387 
6413 
5392 
5393 
5394 
6420 
5397 
6422 
6425 
5402 
6427 
6430 
5407 
6432 
6435 
6438 
5416 
5418 
6443 
5421 
6446 
5423 
5426 
6451 
6455 
5431 
6462 
6464 
5440 
6467 
5445 
6470 
6475 
5454 
6479 
5457 
6486 
5462 
6487 
6488 
5465 
6490 
6493 
5470 
6496 
5475 
6501 
6503 
6506 
6508 
5484 
6511 
6512 
6513 
5492 
6517 
6518 
6519 
6521 
5497 
5499 
6524 
5502 
6527 
5505 
6532 
5510 
6535 
6540 
4492 
5518 
5519 
6544 
5521 
4498 
5524 
6551 
5527 
6553 
6556 
5532 
4509 
6559 
5536 
4513 
6564 
5543 
6568 
4520 
5545 
5548 
5549 
4526 
5550 
6575 
6576 
6577 
6579 
5555 
6582 
6585 
4537 
5564 
4541 
6590 
6592 
5568 
6595 
4548 
6597 
5575 
6600 
6601 
6602 
4554 
5578 
6605 
5583 
5585 
6610 
6612 
5588 
4565 
6615 
4568 
5593 
6618 
4573 
6623 
6625 
4578 
5602 
6628 
5605 
6632 
5610 
4587 
5612 
6639 
5615 
6641 
4593 
5617 
6644 
5620 
6646 
5623 
6649 
6651 
4604 
5628 
6654 
5632 
6657 
4610 
6662 
5639 
6664 
5640 
5641 
6667 
5643 
4621 
6670 
5646 
4623 
5649 
4626 
6675 
6677 
5654 
4631 
6680 
5657 
6683 
5662 
5663 
6688 
4640 
5664 
5665 
6690 
5666 
4644 
6693 
6695 
5672 
6698 
6699 
4651 
5677 
6702 
4656 
5680 
5683 
6710 
4665 
4667 
5691 
6716 
5693 
4670 
5696 
6722 
5699 
4676 
5700 
6726 
5703 
6728 
6731 
6732 
6733 
6735 
5711 
5713 
6738 
5716 
6741 
4694 
5719 
6746 
4698 
6748 
6751 
5727 
6753 
5729 
6756 
5732 
6759 
5737 
6764 
6765 
6766 
6768 
6771 
5747 
6773 
6776 
6777 
5757 
5765 
5773 
5781 
5790 
5800 
5807 
5808 
4786 
5812 
5819 
4797 
5822 
4803 
5827 
5831 
4814 
5838 
5841 
4820 
5846 
4830 
5854 
4836 
5860 
5864 
4841 
5871 
4850 
5874 
4854 
5879 
5885 
5889 
4866 
5891 
4870 
5894 
5895 
5896 
5899 
4877 
4880 
5904 
4885 
5909 
4889 
5918 
4896 
5920 
5923 
5925 
5928 
4906 
4908 
5932 
4911 
4914 
5939 
5942 
5947 
4925 
5951 
4929 
5958 
4936 
5961 
4939 
5966 
4944 
4946 
4949 
4950 
5974 
4951 
4955 
5980 
5984 
4962 
4966 
5991 
5994 
4973 
5999 
4976 
6002 
4981 
6007 
4985 
6012 
4992 
4995 
6021 
6023 
5000 
6026 
5004 
6028 
6031 
5011 
6037 
5014 
6041 
5019 
6043 
6046 
5023 
6047 
6048 
5030 
6054 
5032 
5035 
6060 
6064 
5043 
5047 
6071 
6073 
6076 
5054 
5057 
6084 
6088 
6091 
5069 
6096 
6099 
5079 
6104 
6108 
5089 
6115 
6119 
5099 
6126 
6127 
6128 
5107 
6131 
6136 
5115 
6139 
)

// ************************************************************************* //
