/*--------------------------------*- C++ -*----------------------------------*\
  =========                 |
  \\      /  F ield         | OpenFOAM: The Open Source CFD Toolbox
   \\    /   O peration     | Website:  https://openfoam.org
    \\  /    A nd           | Version:  8
     \\/     M anipulation  |
\*---------------------------------------------------------------------------*/
/*   Windows 32 and 64 bit porting by blueCAPE: http://www.bluecape.com.pt   *\
|  Based on Windows porting (2.0.x v4) by Symscape: http://www.symscape.com   |
\*---------------------------------------------------------------------------*/
FoamFile
{
    version     2.0;
    format      ascii;
    class       labelList;
    location    "constant/vegetation/polyMesh";
    object      faceProcAddressing;
}
// * * * * * * * * * * * * * * * * * * * * * * * * * * * * * * * * * * * * * //


7584
(
237
238
239
240
241
242
1294
1295
1296
1297
1303
1304
1305
1306
1307
1333
1334
1335
1341
1342
1343
1344
1682
1683
1684
1685
1686
1687
1688
1689
1690
1691
1692
2196
2197
2198
2199
2200
2201
2202
2203
2204
2205
2206
2207
2208
2209
2210
2211
2212
2213
2214
2215
2222
2223
2224
2225
2247
2249
2250
2251
2253
2334
2335
2336
2338
4075
4076
4078
4079
4081
4082
4084
4086
5091
5092
5093
5094
5095
5096
5097
5098
5099
5100
5101
5102
5103
5104
5105
5106
5107
5109
5110
5111
5112
5113
5114
5116
5117
5118
5119
5121
5122
5123
5124
5128
5129
5130
5131
5133
5135
5136
5137
5138
5143
5144
5145
5146
5147
5148
5149
5150
5151
5152
5153
5154
5155
5156
5157
5158
5159
5160
5162
5163
5164
5165
5166
5167
5168
5169
5172
5173
5174
5175
5176
5177
5178
5179
5183
5184
5185
5186
5187
5188
5189
5190
5191
5192
5193
5194
5195
5196
5197
5198
5199
5200
5201
5203
5204
5206
5207
5208
5209
5210
5211
5212
5213
5214
5215
5216
5217
5218
5219
5220
5221
5222
5223
5225
5226
5228
5229
5230
5231
5232
5233
5235
5236
5237
5239
5240
5241
5244
5245
5246
5247
5248
5249
5250
5251
5252
5253
5254
5256
5257
5258
5259
5260
5261
5262
5263
5264
5265
5266
5267
5268
5269
5270
5272
5273
5274
5278
5279
5280
5281
5282
5283
5881
5882
5883
5884
5885
5886
5887
5888
5889
5890
5891
5892
5893
5894
5895
5896
5898
5899
5900
5901
5916
5918
5919
5920
5922
6101
6102
6103
6104
6105
6106
6107
6108
6109
6110
6111
6112
6113
6114
6115
6116
6117
6118
6119
6120
6121
6122
6123
6124
6125
6127
6128
6129
6130
6131
6132
6133
6134
6136
6137
6139
6140
6141
6142
6143
6144
6145
6146
6147
6148
6149
6150
6151
6152
6153
6154
6155
6156
6157
6158
6160
6161
6162
6163
6164
6165
6166
6168
6169
6170
6171
6870
6871
6872
6873
6878
6879
6880
6881
6887
6888
6889
6891
6895
6896
6897
6898
9244
9245
9246
9247
9248
9249
9250
9251
9252
9253
9254
9255
9256
9257
9258
9259
9260
9261
9262
9263
9264
9265
9266
9267
9268
9269
9270
9271
9272
9273
9274
9275
9276
9277
9278
9280
9281
9282
9283
9284
9286
9287
9288
9289
9290
9291
9292
9294
9295
9296
9298
9301
9302
9303
9304
10663
10664
10665
10666
10667
10668
10669
10670
10671
10672
10673
10674
10675
10676
10677
10678
10679
10680
10681
10682
13281
13282
13283
13284
13285
13287
13288
13289
13290
13291
13303
13304
13305
13306
13307
13308
15285
15286
15287
15288
15289
15290
15291
15292
15293
15294
15295
15296
15297
15298
15299
15300
15301
15303
15304
15305
15306
15307
15308
15309
15310
15311
15312
15313
15314
15315
15316
15317
15318
15319
15320
15321
15322
15323
15324
15325
15326
15327
15328
15329
15330
15331
15332
15333
15334
15335
15336
15337
15338
15339
15340
15341
15342
15343
15344
15345
15346
15348
15349
15350
15352
15353
15354
15356
15357
15358
15359
15360
15361
15362
15363
15364
15365
15366
15367
15368
15369
15371
15372
15373
15374
15375
15376
15377
15378
15379
15380
15381
15382
15383
15384
15385
15386
15387
15388
15389
15390
15391
15392
15393
15394
15395
15396
15397
15398
15400
15401
15402
15403
15404
15405
15406
15407
15408
15409
15410
15411
15412
15413
15414
15415
15416
15417
15418
15419
15420
15421
15422
15423
15424
15425
15426
15427
15428
15429
15430
15431
15432
15433
15434
15435
15436
15437
15438
15439
15440
15441
15442
15443
15444
15445
15446
15447
15448
15449
15450
15451
15453
15454
15455
15456
15457
15458
15459
15460
15461
15462
15463
15464
15465
15466
15467
15468
15469
15470
15471
15472
15473
15474
15475
15476
15477
15478
15479
15480
15481
15482
15483
15484
15485
15486
15487
15488
15489
15490
15491
15492
15493
15494
15495
15497
15498
15499
15501
15502
15503
15504
15505
15506
15507
15508
15509
15510
15511
15512
15513
15514
15515
15516
15517
15518
15519
15520
15521
15522
15523
15524
15525
15526
15527
15528
15529
15530
15531
15532
15533
15535
15536
15537
15539
15540
15541
15542
15543
15544
15545
15546
15547
15548
15549
15550
15551
15552
15553
15554
15555
15556
15557
15558
15559
15560
15561
15562
15564
15565
15566
15567
15568
15569
15570
15571
15572
15573
15574
15575
15576
15577
15578
15579
15580
15582
15583
15584
15586
15587
15588
15589
15590
15591
15592
15593
15594
15595
15596
15597
15598
15600
15601
15602
15603
15604
15605
15606
15607
15608
15609
15610
15611
15612
15613
15615
15616
15617
15619
15620
15622
15623
15624
15625
15626
15627
15628
15629
15630
15631
15632
15633
15634
15636
15637
15638
15639
15640
16727
16728
16729
16730
16731
16732
16733
16734
16735
16736
16737
16738
16739
16740
16741
16742
16743
16744
16814
16815
16816
16817
16818
16819
16820
16821
16822
16823
16824
16825
16826
16827
16828
16829
17545
17546
17547
17552
17553
17554
17555
17578
17579
17580
17581
17602
17603
17605
17606
17654
17656
17657
17736
17737
17738
17739
17740
17741
17742
17743
17752
17753
17754
17755
17756
18374
18375
18376
18377
18378
18379
18382
18398
18399
18400
18401
18402
18403
18404
18405
18406
18407
18408
18409
18410
18411
18412
18413
18414
18415
18416
18417
18418
18419
18420
18421
18422
18423
18424
18425
18426
18427
18428
18429
18430
18431
18432
18433
18434
18435
18436
18437
18454
18455
18456
18457
18458
18459
18460
18461
18462
18463
18464
18465
18466
18467
18468
18469
18470
18471
18472
18473
18474
18475
18476
18477
18478
18479
18484
18485
18486
18487
18488
18489
18490
18491
18492
18493
18494
18495
18496
18497
18498
18519
18522
18523
18524
18525
18526
18527
18528
18529
18530
18531
18532
18533
18534
18535
18537
18538
18546
18547
18548
18555
18557
18558
18560
18561
18562
18563
18564
18565
18566
18567
18568
18569
18570
18571
18572
18573
18574
18575
18576
18577
18578
18579
18580
18581
18582
18583
18584
18585
18586
18587
18588
18589
18590
18591
18592
18594
18595
18596
18614
18616
18617
18634
18635
18636
18637
18638
18639
18640
18641
18642
18643
18644
18645
18653
18654
18656
18657
19267
19268
19269
19270
19271
19272
19273
19274
19275
19276
19277
19278
19279
19280
19281
19282
19283
19284
19286
19287
19288
19289
19290
19291
19292
19814
19815
19816
19817
19818
19819
19820
19821
19822
19823
19824
19825
19826
19827
19828
19829
19830
19831
19832
19833
19834
19835
19836
19837
19838
19839
19840
19841
19842
19843
19844
19845
19846
19847
19848
19849
19850
19851
19852
19853
19854
19855
19856
19857
19858
19859
19860
19861
19862
19863
19864
19865
19866
19867
19868
19869
19870
19871
19872
19873
19874
19875
19876
19877
19878
19879
19880
23550
23551
23552
23553
23554
23555
23556
23557
23558
23559
23560
23561
23562
23563
23564
23565
23566
23567
23568
23569
23570
23571
23572
23573
23574
23575
23576
23577
23578
23579
23580
23581
23582
23583
23584
23585
23586
23587
23588
23589
23590
23591
23592
23593
23594
23595
23596
23597
23598
23599
23600
23601
23602
23603
23604
23605
23606
23607
23608
23609
23610
23611
23612
23613
23614
23615
23616
23617
23618
23619
23620
23621
23622
23623
23624
23625
23626
23627
23628
23629
23630
23631
23632
23633
23634
23635
23636
23637
23638
23639
23640
23641
23642
23643
23644
23645
23646
23647
23648
23649
23650
23651
23652
23653
23654
23655
23656
23657
23658
23659
23660
23661
23662
23663
23664
23665
23666
23668
23669
23670
23672
23673
23674
23675
23676
23677
23678
23679
23680
23681
23682
23683
23684
23685
23686
23687
23688
23689
23690
23691
23692
23693
23694
23695
23696
23697
23698
23699
23700
23701
23702
23703
23704
23705
23706
23707
23708
23709
23710
23711
23712
23713
23714
23715
23716
23717
23718
23719
23720
23721
23722
23723
23724
23725
23726
24563
24564
24565
24566
24567
24568
24569
24570
24571
24572
24573
24574
24575
24576
24577
24578
24579
24580
24581
24582
24583
24584
24585
24586
24587
24589
24590
24591
24593
24594
24595
24596
24597
24598
24599
24600
24601
24602
24604
24605
24606
24607
24608
24609
24611
24612
24698
24699
24700
24701
24702
24703
24704
24705
24706
24707
24708
24709
24710
24711
24712
24713
24714
24715
24716
24717
24718
24719
24720
24721
24722
24723
24724
24725
24726
24727
24728
24729
24730
24731
24732
24733
24734
24735
24736
24737
24738
24739
24740
24741
24742
24743
24744
24745
27598
27599
27600
27601
27602
27603
27604
27605
27606
27607
27608
27609
27610
27611
27612
27613
27614
27615
27616
27617
27618
27619
27620
27621
27622
27623
27624
27625
27626
27627
27628
27629
27630
27631
27632
27633
27634
27635
27636
27637
27638
27639
27640
27641
27642
27643
27644
27645
27646
27647
27648
27649
27650
27651
27652
27653
27654
27655
27656
27657
27658
27659
27660
27661
27662
27663
27664
27665
27666
27667
27668
27669
27670
27671
27672
27673
27674
27675
27676
27677
27678
27679
27680
27681
27682
27683
27684
27685
27686
27687
27688
27689
27690
27691
27692
27693
27694
27695
27696
27697
27698
27699
27700
27701
27702
27703
27704
27705
27706
27707
27708
27709
27710
27711
27712
27713
27714
27715
27716
27717
27718
27719
27720
27721
27722
27723
27724
27725
27726
27727
27728
27729
27730
27731
27732
27733
27734
27735
27736
27737
27738
27739
27740
27741
27742
27743
27744
27745
27746
27747
27748
27749
27750
27751
27752
27753
27754
27755
27756
27757
27758
27759
27760
27761
27762
27763
27764
27765
27766
27767
27768
27769
27770
27771
27772
27773
27774
27775
27776
27777
27778
27779
27780
27781
27782
27783
27784
27785
27786
27787
27788
27789
27790
27791
27792
27793
27794
27795
27796
27797
27798
27799
27800
27801
27802
27803
27804
27805
27806
27807
27808
27809
27810
27811
27812
27813
27814
27815
27816
27817
27818
27819
27820
27821
27822
27823
27824
27825
27826
27827
27828
27829
27830
27831
27832
27833
27834
27835
27836
27837
27838
28518
28519
28520
28521
28522
28523
28524
28525
28526
28527
28528
28529
28530
28531
28532
28533
28534
28535
28536
28537
28538
28539
28540
28541
28542
28543
28544
28545
28546
28547
28548
28549
28550
28551
28552
28553
28554
28555
28556
28557
28558
28559
28560
28561
28562
28563
30185
30186
30188
30189
30190
30191
30192
30193
30194
30195
30196
30198
30199
30200
30201
30202
30203
30204
31718
31719
31720
31721
31722
31723
31724
31725
31726
31727
31728
31729
31730
31731
31732
31733
31734
31735
31736
31737
31738
31739
31740
31741
31742
31743
31744
31745
31746
31747
31748
31749
31750
31751
31752
31753
31754
31755
31756
31757
31758
31759
31760
31761
31762
31763
31764
31765
31766
31767
31768
31769
31770
31771
31772
31773
31774
31775
31776
31777
31778
31779
31780
31781
31782
31783
31784
31785
31786
31787
31788
31789
31790
31791
31792
31793
31794
31795
31796
31797
31798
31799
31800
31801
31802
31803
31804
31805
31806
31807
31808
31809
31810
31811
31812
31813
31814
31815
31816
31817
31818
31819
31820
31821
31822
31823
31824
31825
31826
31827
31828
31829
31830
31831
31832
31833
31834
31835
31836
31837
31838
31839
31840
31841
31842
31843
31844
31845
31846
31847
31848
31849
31850
31851
33600
33601
33602
33622
33623
33636
33638
33639
33640
33641
33642
33643
33644
33645
33646
35051
35052
35053
35054
35055
35056
35057
35058
35059
35060
35061
35062
35063
35064
35065
35066
35067
35068
35069
35070
35071
35072
35073
35074
35075
35076
35077
35078
35079
35080
35081
35082
35083
35084
35085
35086
35087
35088
35089
35090
35091
35092
35093
35094
35095
35096
35097
35098
35099
35100
35101
35102
35103
35104
35105
35106
35107
35108
35109
35110
35111
35112
35113
35114
35115
35116
35117
35118
35119
35120
35121
35122
35123
35124
35125
35126
35127
35128
36544
36545
36546
36547
36548
36549
36550
36551
36552
36553
36554
36555
36556
36557
36558
36559
36560
36561
36562
36563
36564
36565
36566
36567
36568
36569
36570
36571
36572
36573
36574
36575
36576
36577
36578
36579
36580
36581
36582
36583
36584
36585
36586
36587
36588
36589
36590
36591
36592
36593
36594
36595
36596
36597
36598
36599
36600
36601
36602
36603
36604
36605
36606
36607
36608
36609
36610
36611
36612
36613
36614
36615
36616
36617
36618
36619
36620
36621
36622
36623
36624
36625
36626
36627
36628
36629
36630
36631
36632
36633
36634
36635
36636
36637
36638
36639
36640
36641
36642
36643
36644
36645
36646
36647
36648
36649
36650
36651
36652
36653
36654
36655
36656
36657
36658
36659
36660
36661
36662
36663
36664
36665
36666
36667
36668
36669
36670
36671
36672
36673
36674
36675
36676
36677
36678
36679
36680
36681
36682
36683
36684
36685
36686
36687
36688
36689
36690
36691
36692
36693
36694
36695
36696
36697
36698
36699
36700
36701
36702
36703
36704
36705
36706
36707
36708
36709
36710
36711
36712
36713
36714
36715
36716
36717
36718
37691
37692
37693
37694
37695
37696
37697
37698
37699
37700
37701
37702
37703
37704
37705
37706
37707
37708
37709
37710
37711
37712
37713
37714
37715
37716
37717
37718
37719
37720
37721
37722
37723
37724
37725
37726
37727
37728
37729
37730
37731
37732
37733
37734
37735
37736
37737
37738
37739
37740
37741
37742
37743
37744
37745
37746
37747
37748
37749
37750
37751
37752
37753
37754
37755
37756
37757
37758
37759
37760
37761
37762
37763
37764
37765
37766
37767
37768
37769
37770
37771
37772
37773
37774
40282
40283
40284
40288
40289
40290
40295
40296
40297
40310
40315
40316
40317
41048
41049
41051
41052
41053
41054
41055
41057
41058
41143
41144
41145
41146
41147
41148
41149
41150
41152
41153
41162
41163
41164
41165
41166
41167
41168
41169
41170
41171
41172
41173
41174
41175
41176
41177
41178
41179
41180
41181
41182
41183
41184
41185
41186
41198
41199
41201
41202
41203
41204
41205
41206
41207
41208
41210
41212
41219
41220
41221
41222
41223
41224
41253
41254
41255
41256
41257
41258
41269
41270
41271
41272
41273
41274
41275
41276
41277
41278
41279
41280
41281
41282
41283
41284
41285
41286
41287
41288
41289
41290
41291
41292
41293
41294
41295
41296
41297
41310
41312
41313
41318
41319
41320
41321
41322
41323
41324
41325
41326
41327
41328
41329
41330
41331
41332
41333
41334
41335
41336
41337
41338
41339
41340
41341
41342
41343
41344
41359
41360
41361
41362
41363
41430
41431
41432
41433
41434
41435
41436
41437
41438
41439
41440
41441
41442
41443
41444
41445
41446
41447
41448
41449
41450
41451
41452
41500
41501
41502
41503
41504
41505
41510
41511
41512
41513
41514
41515
41516
41517
41518
41519
41520
41521
41522
41523
41525
41527
41528
41537
41538
41539
41540
41541
41542
41543
41544
41545
41546
41547
41548
41549
41550
41551
41552
41553
41554
41614
41615
41616
41617
41618
41619
41620
41621
44038
44039
44040
44041
44042
44043
44044
44045
44046
44047
44048
44049
44050
44051
44052
44053
46041
46042
46043
46044
46045
46046
46047
46048
46049
46050
46051
46052
46053
46054
46055
46056
46057
46058
46059
46060
46061
46062
46063
46064
46065
46066
46067
46068
46069
46070
46071
46072
46073
46074
46075
47507
47508
47509
47510
47511
47512
47513
47514
47515
47516
47517
47518
47519
47520
47521
47522
47523
47524
47525
47526
47527
47528
47529
47530
47531
47532
47533
47534
47535
47536
47537
47538
47539
47540
47541
47542
47543
47544
47545
47546
47547
47548
47549
47550
47551
47552
47553
47554
47555
47556
47557
47558
47559
47560
47561
47562
47563
47564
47565
47566
47567
47568
47569
47570
47571
47572
47573
47574
47575
47576
47577
47578
47579
47580
47581
47582
47583
47584
47585
47586
47587
47588
47589
47590
47591
47592
47593
47594
47595
47596
47597
47598
47599
47600
47601
47602
47603
47604
47605
47606
47607
47608
47609
47610
47611
47612
47613
47614
47615
47616
47617
47618
47619
47620
47621
47622
47623
47624
47625
47626
47627
47628
47629
47630
47631
47632
47633
47634
47635
47636
47637
47638
47639
47640
47641
47642
47643
47644
47645
47646
47647
47648
47649
47650
47651
47652
47653
47654
47655
47656
47657
47658
47659
47660
47661
47662
47663
47664
47665
47666
47667
47668
47669
47670
47671
47672
47673
47674
47675
47676
47677
47678
47679
47680
47681
47682
47683
47684
47685
47686
47687
47688
47689
47690
47691
47692
47693
47694
47695
47696
47697
47698
47699
47700
47701
47702
47703
47704
47705
48798
48799
48800
48801
48802
48803
48804
48813
48815
48816
48817
48818
48830
48831
48832
48833
48834
49882
49883
49884
49885
49886
49887
49888
49889
49890
49891
49892
49893
49894
49895
49896
49897
51123
51124
51125
51126
51127
51129
51130
51140
51141
51146
51147
51148
51152
51153
51619
51620
51621
51622
51623
51624
51625
51627
51628
51629
51630
51631
51632
51633
51634
51635
51636
51637
51645
51646
51647
51648
51649
51725
51726
51727
51728
51729
51730
51731
51732
51733
51734
51735
51736
51737
51738
51739
51740
51741
51742
51743
51744
51745
51746
51747
51748
51749
51750
51751
51752
51753
51754
51755
51756
51757
51758
51759
51760
51761
51762
51763
51764
51765
51766
51767
51768
51769
51770
51771
51772
51773
51774
51775
51776
51777
51778
51779
51780
51781
51782
51783
51784
51785
51786
51787
51788
51789
51790
51791
51792
51793
51794
51795
51796
51797
51798
51799
51800
51801
51802
51803
51804
51805
51806
51807
51808
51809
51810
51811
51812
51813
51814
51815
51816
51817
51818
51819
51820
51821
51822
51823
51824
51826
51827
51828
51829
51834
51835
51836
51837
51838
51839
51840
51841
51842
51843
51844
51845
51846
51847
51872
51873
51874
51875
51876
51878
51879
51880
51881
51882
51883
51884
51885
51886
51888
51996
51997
51998
51999
52029
52030
52031
52032
52033
52034
52035
52036
52037
52038
52039
52040
52041
52042
52043
52044
52045
52046
52047
52048
52049
52050
52051
52052
52053
52054
52055
52056
52057
52058
52059
52060
52061
52062
52063
52064
52065
52066
52067
52068
52069
52074
52075
52077
52078
52081
52082
52125
52126
52127
52128
52129
52130
52131
52132
52133
52134
52135
52136
52137
52138
52139
52140
52141
52143
52144
52145
52147
52148
52150
52151
52224
52226
52227
52230
52231
52232
52233
52234
52235
52236
52237
52238
52239
52266
52267
52268
52269
52270
52271
58560
58561
58562
58563
58564
58566
58567
58568
58569
58570
58571
58572
58679
58680
58681
58682
58683
58684
58685
58715
58716
58717
58718
58719
58720
58721
58722
58723
58724
58725
58726
58727
58728
58729
58730
58731
58732
58733
58734
58735
58736
58737
58738
58739
58740
58741
58742
58743
58744
58745
58746
58747
58748
58749
58750
58751
58752
58753
58754
58755
58756
58757
58758
58759
58760
58761
58762
58763
58764
58766
58767
58768
58769
58770
58773
58774
58775
58776
58777
58778
58779
58780
58781
58783
58784
58786
58788
58789
58812
58814
58815
58816
58817
58818
58832
58833
58834
58837
58838
58839
58840
58841
58843
58844
58845
58846
58847
58848
58850
58853
58907
58908
58909
58910
58911
58912
58913
58914
58915
58916
58917
58918
58919
58920
58921
58922
58923
58924
58925
58926
58927
58928
58929
58930
58931
58932
58933
58934
58935
58936
58937
58938
58939
58940
58941
58942
58943
58944
58945
58946
58947
58948
58949
58950
58951
58952
58953
58954
58955
58956
58957
58959
58960
58961
58962
58963
58964
58965
58974
58975
58976
58978
58979
58980
58981
58982
58988
58989
58992
59027
59029
59031
59032
59033
59034
59039
59040
59054
59055
59056
59060
59061
59062
59063
59064
59065
59066
59067
59068
59069
59070
59071
59072
59073
59074
59075
59076
59077
59078
59079
59080
59081
59082
59083
59084
59085
59086
59087
59088
59089
59090
59091
59092
59093
59094
59095
59096
59097
59098
59099
59100
59101
59102
59103
59104
59105
59106
59107
59108
59109
59110
59111
59112
59113
59114
59115
59116
59117
59118
59119
59291
59292
59293
59294
59295
59296
59297
59298
59299
59300
59301
59302
59303
59304
59305
59306
59307
59309
59311
59312
59313
59314
59321
59322
59339
59340
59381
59382
59383
59384
59385
59386
59387
59388
59389
59390
59391
59392
59393
59394
59395
59396
59397
59398
59399
59400
59401
59402
59403
59404
59405
59406
59407
59408
59409
59410
59411
59412
59413
59414
59415
59416
59417
59418
59419
59420
59421
59422
59424
59425
59430
59431
59432
59434
59436
59437
59438
59439
59440
59441
59443
59448
59449
59450
59452
59454
59455
59468
59469
59470
59471
59472
59473
59474
59475
59476
59483
59484
59485
59486
59487
59489
59490
59491
59492
59497
59498
59499
59538
59539
59540
59541
59542
59543
59544
59545
59546
59547
59548
59549
59550
59551
59552
59553
59554
59555
59556
59557
59558
59559
59560
59561
59562
59563
59564
59565
59566
59567
63170
63171
63172
63173
63174
63175
63176
63177
63178
63179
63180
63181
63182
63183
63184
63185
63186
63187
63188
63189
63190
63191
63192
63193
63604
63606
63607
63609
63613
63616
63617
63618
63619
63620
63621
63622
63623
63624
63625
63626
63627
63640
63641
63642
63643
63644
63645
63646
63647
63648
63649
63650
63651
63652
63925
63926
63927
63928
63929
63930
63931
63932
63933
63934
63935
63936
63937
63938
63939
63940
63941
63942
63943
63944
63945
63946
63947
63948
63949
63950
63951
63952
63953
63954
63955
63956
63957
63958
63959
63960
63962
63963
63964
63965
63967
63968
63969
63987
63988
63989
63990
63991
63992
63993
63994
63995
63996
63997
63998
63999
64000
64001
64002
64003
64004
64005
64006
64007
66230
66231
66232
66233
66234
66235
66236
66237
66238
66239
66240
66241
66242
66243
66827
66828
66829
66830
66831
66832
66833
66834
66835
66836
66837
66838
66839
66840
66841
66842
66843
66844
66845
66846
66847
66848
66849
66850
66851
66853
66854
66855
66857
66858
66859
66861
66862
66876
66877
66878
66879
66880
66881
66882
66883
66884
66885
66887
66888
66889
66891
66892
66893
66894
67254
67255
67256
67257
67259
67260
67261
67262
67263
67264
67265
67266
67267
67268
67269
67270
67271
67272
67273
67274
67276
67277
67278
67279
67280
67281
67282
67284
67286
67287
67288
67289
67290
67291
67292
67293
67294
67295
67296
67297
67298
67299
67300
67301
67302
67303
67304
67305
67306
67307
67308
67309
68006
68007
68008
68009
68010
68011
68012
68013
68014
68015
68016
68017
68018
68019
68020
68021
68022
68023
68024
68025
68026
68027
68028
68029
68030
68031
68032
68033
68034
68035
68036
68037
68038
68039
68040
68041
68042
68043
68044
68045
68046
68047
68048
68049
68050
68051
68052
68053
68054
68055
68056
68057
68058
68059
68060
68061
68062
68063
68064
68065
68066
68067
68068
68069
68070
68071
68072
68073
68074
68075
68076
68077
68078
68079
68080
68081
68082
68083
68084
68085
68086
68087
68088
68089
68090
68091
68092
68115
68117
68118
68119
68144
68145
68146
68173
68174
68175
70627
70628
70630
70631
70635
70636
70637
70639
70640
70649
70650
70655
70659
70660
70661
70662
70705
70706
70707
72230
72231
72232
72233
72234
72235
72236
72237
72238
72240
72241
72242
72243
72244
72245
72246
72247
72248
72250
72251
72252
72254
72255
72256
72258
72259
72260
72261
72262
72263
72264
72265
72266
72267
72268
72271
72272
72273
72275
72276
72278
72279
72280
72281
72282
72283
72284
72285
72286
72287
72288
72289
72290
72291
72292
72293
72294
72295
72296
72297
72298
72299
72300
72301
72302
72303
72304
72305
72306
72307
72308
72309
72310
72311
72312
72313
72314
72315
72316
72317
72318
72319
72320
72321
72322
72323
72324
72325
72326
72328
72329
72330
72331
72332
72333
72334
72335
72336
72337
72338
72339
72341
72342
72344
72345
72346
72347
72349
72350
72351
72352
72353
72354
72355
72356
72357
72358
72360
72361
72362
72363
72364
72365
72366
72367
72368
72369
72370
72371
72372
72373
72374
72375
72376
72377
72378
72379
72380
72381
72382
72383
72384
72385
72386
72387
72390
72391
72392
72393
72394
72395
72396
72397
72398
72400
72402
72403
72404
72405
72406
72407
72408
72409
72410
72411
72412
72413
72414
72415
72416
72417
72418
72419
72420
72421
72423
72424
72425
72426
72427
72430
72431
72433
72434
72435
72436
72437
72439
72440
72441
72442
72445
72446
72447
72448
72449
72450
72451
72452
72453
73158
73159
73160
73161
73162
73163
73164
73166
73167
73168
73169
73170
73171
73172
73173
73175
73176
73177
73179
73180
73181
73182
73183
73184
73185
73186
73187
73188
73189
73190
73191
73192
73193
73194
73195
73196
73197
73198
73199
73200
73201
73202
73203
73204
73205
73206
73207
73208
73209
73210
73211
73212
73213
73214
73215
73216
73217
73218
73219
73220
73222
73223
73225
73226
73237
73383
73384
73385
73386
73387
73388
73389
73390
73391
73392
73393
73394
73395
73396
73397
73398
73399
73400
73401
73402
73403
73404
73405
73406
73407
73408
73409
73410
73411
73412
73413
73414
73415
73416
73417
73418
73419
73420
73421
73422
73423
73424
73425
73426
73427
73428
73429
73430
73431
73432
73433
73434
73435
73436
73437
73438
73439
73440
73441
73442
73443
73444
73445
73446
73447
73448
73449
73450
73451
73452
73453
73454
73456
73457
73458
73459
73460
73461
73462
73464
73466
73467
73468
73469
73470
73471
73472
73473
73474
73476
73477
73478
73479
73480
73481
73482
73483
73486
73487
74115
74118
74119
74120
74121
74128
74129
74130
74131
74132
74151
74152
74153
74156
74161
74162
74163
74164
76755
76756
76757
76758
76759
76760
76761
76762
76763
77764
77765
77766
77767
77768
77769
77770
77771
77772
77773
77774
77775
77776
77777
77778
77779
77780
77781
77782
77783
77784
77785
77786
77787
77788
77789
77790
77791
77792
77793
77794
77795
77796
77797
77798
77799
77800
77801
77802
77803
77804
77805
77806
77807
77808
77809
77810
77811
77812
77813
77814
77815
77816
77817
77818
77819
77820
77821
79437
79438
79439
79440
79441
79442
79443
79444
79445
79446
79447
79448
81124
81125
81126
81127
81128
81131
81132
81133
81134
81135
81136
81139
81140
81141
81142
81143
81144
81147
81148
81149
81150
81153
81154
81155
81156
81157
81158
81160
81161
81162
81163
81164
81165
81166
81167
81168
81169
81170
81171
81172
81173
81174
81176
81177
81178
81179
81180
81181
81182
81183
81184
81185
81188
81189
81190
81191
81192
81193
81194
81195
81196
81199
81200
81201
81202
81203
81204
81205
81206
81209
81210
81211
81212
81213
81214
81216
81218
81219
81220
81221
81222
81224
81225
81226
81227
82785
82786
82787
82788
82789
82790
82791
82792
82793
82794
82795
82796
82797
82798
82799
82800
82801
82802
82803
82804
82805
82806
82807
82808
82809
82810
82811
82812
82813
82814
82815
82816
82817
82818
82819
82820
82821
82826
82913
82914
82915
82916
82917
82918
82920
82921
82922
82924
82925
82926
82927
82928
83945
83946
83947
83948
83949
83950
83951
83952
83953
83954
83955
83956
83957
83958
83959
83960
83961
83962
83963
83964
83965
83966
83967
83968
83969
83970
83971
83972
83986
83987
83988
83990
83991
83993
83994
83995
83998
83999
84000
84001
84002
84003
84004
84005
84006
84007
84008
84009
84010
84011
84012
84013
84014
84015
84016
84017
84018
84019
84020
84021
84022
84023
84024
84025
84054
84056
84076
84077
84078
84079
84080
84081
84082
84083
84084
84649
84650
84651
84652
84653
84654
84655
84656
84657
84658
84659
84660
84661
84662
84663
84664
84665
84666
84668
84669
84670
84671
84672
84673
84674
84675
84677
84678
84936
84937
84938
84939
84940
84941
84942
84943
84944
84945
84946
84947
84948
84949
84950
84951
84952
84953
84954
84955
84956
84957
84958
84959
84960
84961
84962
84963
84964
84965
84966
84967
84968
84969
84970
84971
84972
84973
84974
84975
84976
84977
84978
84979
84980
84981
84982
84983
84984
84985
84986
84987
84988
84989
84990
84991
84992
84993
84994
84995
84996
84997
84998
84999
85000
85001
85002
85003
85004
85005
85006
85007
85008
85009
85010
85011
85012
85013
85014
85015
85016
85017
85018
85019
85020
85021
85022
87404
87405
87406
87407
87408
87409
87410
87411
87412
87413
87414
87415
87416
87417
87418
87419
87420
87421
87422
87423
87424
87425
87426
87427
87428
87429
87430
87431
87432
87433
87434
87435
87436
87437
87438
87439
87440
87441
87442
87443
87444
87445
87446
87447
87448
87449
87450
87451
87452
87453
87454
87455
87456
87457
87458
87459
87460
87461
87462
87463
87464
87465
87466
87467
87468
87469
87470
87471
87472
87473
87474
87475
87476
87477
87478
87479
87480
87481
87482
87483
87484
89711
89712
89713
89714
89715
89716
89717
89718
89719
89720
89721
89722
89723
89724
89725
89726
89727
89728
89729
89730
89731
89732
89733
89734
89735
89736
89737
89738
89739
89740
89741
89742
89743
89744
89745
89746
89747
89748
89749
89750
89751
89752
89753
89754
89755
89756
89757
89758
89759
89760
89761
89762
89763
89764
89765
89766
89767
89768
89769
89770
89771
89772
89773
89774
89775
89776
89777
89778
89779
89780
89781
89782
89783
89784
89785
89786
89787
89788
89789
89790
89791
89792
89793
89794
89795
89796
89797
89798
89799
89800
89801
89802
89803
89804
89805
89806
89807
89808
89809
89810
89811
89812
89813
89814
89815
89816
89817
89818
89819
89820
89821
89822
89823
89824
89825
89826
89827
89828
89829
89830
89831
89832
89833
89834
89835
89836
89837
89838
89839
89840
89841
89842
89843
89844
89845
89846
89847
89848
89849
89850
89851
89852
89853
89854
89855
89856
89857
89858
89859
89860
89861
89862
89863
89864
90659
90660
90661
90662
90663
90664
90665
90666
90667
90668
90669
90670
91288
91289
91290
91291
91292
91293
91294
91295
91296
91616
91617
91618
91619
91620
91621
91622
91623
91624
91625
91626
91627
91628
91629
91630
91631
91632
91633
91634
91635
91636
92736
92738
92740
92743
92748
92750
92812
92813
92814
92815
92816
92817
92818
92819
92820
92821
92822
92823
92824
92825
92826
92827
92828
92829
92830
92831
92832
92839
92840
92841
92843
92844
92854
92855
92856
92857
92858
92859
92860
92861
92862
92863
92864
92865
92866
92867
92868
92869
92870
92871
92872
92873
92874
92893
92894
92895
92896
92897
92898
92899
92900
92901
92911
92912
92913
92914
92915
92916
92917
92918
92919
92921
92922
92923
92924
92925
92932
92934
92935
92936
92937
94153
94154
94155
94156
94157
94158
94159
94160
94161
94797
94798
94799
94800
94801
94802
94803
94804
94805
94806
94807
94808
94809
94810
94811
94812
94813
94814
94815
94816
94817
94818
94819
94820
94821
94822
94823
94842
94843
94844
94845
94846
94847
94848
94849
94850
94851
94852
94853
94854
94855
94856
94857
94858
94859
94860
94861
94862
94863
94864
94865
94866
94867
94868
94900
94901
94906
94907
96731
96732
96733
96734
96735
96736
96737
96738
96739
96740
96741
96742
96743
96744
96745
96746
96747
96748
96884
96885
96886
96887
96888
96889
96890
96891
96892
98326
98327
98328
98329
98330
98331
98332
98333
98334
98335
98336
98337
98399
98400
98401
98402
98403
98404
98405
98406
98407
98408
98409
98410
98411
98412
98413
98414
98415
98416
98417
98418
98419
98420
98421
98422
98423
98433
98434
98435
98436
98437
98438
98439
98440
98441
98442
98443
98444
98445
98446
98447
98448
98449
98450
98451
98452
98453
98454
98455
98456
98457
98519
98520
98522
98523
98524
98525
98526
98527
98528
98529
98530
98531
98534
98535
98536
98537
98538
98539
98540
98541
98542
98543
98544
98545
98546
98603
98604
98605
98606
98607
98608
98609
98610
98611
98612
98613
98614
98615
98616
98617
98618
98619
98620
98621
98622
98623
98624
98625
98626
98627
98628
98629
98630
98631
98632
98633
98634
98635
98636
98637
98638
98639
98640
98641
98642
98643
98644
98645
98646
98647
98648
98649
99708
99709
99710
99711
99712
99713
99714
99715
99716
99717
99718
99719
99720
99721
99722
99723
99724
99725
99726
99727
99728
99729
100120
100121
100122
100123
100124
100125
100126
100127
100128
100129
100130
100131
100132
100133
100134
100135
100136
100137
100138
100139
100140
100141
101558
101559
101561
101562
101563
101564
101565
101566
101567
101569
101571
101572
101573
101574
101576
101577
101578
101579
101580
101582
101584
106062
106063
106064
106065
106066
106067
106068
106069
106070
106071
106072
106073
106074
106075
106076
106077
106078
106079
106080
106081
106082
106083
106084
106085
106086
106087
106088
106089
106543
106544
106545
106546
106547
106548
106549
106550
106551
106552
108494
108495
108496
108497
108498
108499
108500
108501
108502
108503
108504
108505
108506
108507
108508
108509
108510
108511
108512
108513
108514
108515
108516
108517
108518
108519
108520
108521
108522
108523
108524
108525
108526
108527
108528
108529
108530
108531
108532
108533
108534
108535
108536
108537
108538
108539
108540
108541
108542
108543
108544
108545
108546
108547
108548
108549
108550
108551
108552
108553
109841
109842
109843
109844
109845
109846
109847
109848
109849
109850
109851
109852
109853
109854
109855
109856
109857
109858
109859
109860
109861
109862
109863
109864
109865
109866
109867
110260
110262
110263
110264
110265
110267
110268
110269
110902
110903
110904
110905
110906
110907
110908
110909
110910
110911
110912
110913
110914
110915
110916
110917
110918
110919
110920
110921
110922
110923
110924
110925
110926
110927
110928
110929
110930
110931
110932
110933
110934
110935
110936
111294
111295
111296
111297
111298
111299
111300
111301
111302
111303
111345
111346
111347
111348
111349
111350
111351
111352
111353
111354
111696
111697
111698
111699
111700
111701
111702
111703
111704
111705
111706
111707
111708
111709
111710
111711
111712
111713
111714
111715
112253
112254
112255
112256
112257
112258
112259
112260
112363
112364
112365
112366
112367
112368
112369
112370
112621
112622
112623
112624
112625
112626
112627
112628
112629
112630
112631
112632
112633
112634
112635
112636
112637
112638
112639
112640
112641
112642
112643
112644
112645
112646
112647
112648
112649
112650
112651
112652
112653
112654
112655
112656
112657
112658
112659
112660
112661
112662
112663
112664
112665
112666
112667
112668
112669
112670
112671
112672
112673
112674
112813
112814
112815
112816
112817
112818
112819
112820
112821
112822
112823
113030
113159
113160
113164
113165
114231
114234
114493
114494
114495
114496
114497
114498
114499
114500
114750
114751
114752
114753
114754
114755
114756
114757
114758
114759
114760
114761
114762
114763
114764
114765
114766
114767
114768
114769
114770
114771
114772
114773
114774
114815
114816
114817
114818
114819
114820
114821
114822
114823
114824
114825
114826
114827
114828
114884
114885
114886
114887
114888
114889
114890
114891
114892
114893
114894
114895
114896
114897
114898
114899
114900
114901
114902
114903
114904
114905
114906
114907
114908
114909
114910
114911
114912
114913
114914
114915
114916
116337
116338
116339
116340
116341
116342
116343
116344
116345
116346
116347
116348
116349
116350
116351
116352
116353
116354
116355
117714
117715
117716
117717
117718
117719
117720
117721
117722
117723
117724
117725
117726
117727
117728
117729
117730
117731
117732
117733
117734
117735
117736
117737
117738
119112
119113
119114
119115
119116
119117
119118
119119
119120
119121
119122
119123
119124
119125
119126
119127
119128
119129
119130
119189
119190
119191
119192
119193
119194
119195
119196
119197
119198
119199
119200
119201
119202
119223
119224
119225
119227
119228
119229
119230
119232
119233
119234
119236
119237
119239
119240
119241
119243
119244
119246
119247
119268
119269
119270
119271
119272
119273
119274
119275
119276
119277
119278
119279
119280
119281
119282
119283
119284
119285
119286
119287
119288
119289
119290
119291
119292
119293
119294
119295
119296
119297
119298
119299
119300
119301
119302
119303
119304
119305
119306
119307
119308
119309
119310
119311
119312
119313
119314
119315
119316
119317
119318
119319
119320
119321
119322
119323
119324
119325
119326
119327
119328
119329
119330
119331
119332
119333
119367
119368
119369
119370
119371
119372
119373
119374
119375
119376
119377
119379
119380
119381
119383
119384
119385
119386
119587
119588
119589
119590
119601
119602
119603
119604
119605
119606
119607
119608
119609
119610
119611
119612
119613
119614
119615
119617
119618
119619
119621
119622
119624
119625
119626
119628
119629
119630
119631
119633
119634
119635
119637
119638
119639
119640
119641
119642
119643
119644
119645
119646
119647
119648
119649
119650
119651
119652
119653
119654
119655
119656
119657
119658
119659
119660
119661
119662
119663
119664
119665
119666
119667
119668
119669
119670
119671
119672
119673
119674
119675
120132
120133
120134
120135
120136
120137
120138
120139
120140
120141
120142
120143
120144
120145
120146
120147
120148
120149
120150
120151
120152
120153
120154
120155
120156
120190
120191
120192
120193
120194
120195
120196
120197
120199
120200
120201
120202
120203
120204
120205
120206
120207
120208
120209
120210
120211
120212
120213
120558
120559
120560
120561
120562
120563
120564
120565
120566
120567
120568
120569
120570
120571
121038
121039
121040
121041
121042
121043
121044
121045
121046
121047
121048
121049
121050
121051
121052
121053
121054
121055
121056
121057
121058
121059
121060
121061
121062
121064
121065
121066
121067
121068
121069
121070
121071
121072
121073
121074
121075
121076
121077
121078
121119
121120
121121
121122
121123
121124
121125
121126
121127
121128
121129
121130
121131
121132
121133
121134
121135
121136
121137
121138
121139
121140
121141
121266
121267
121268
121269
121270
121271
121272
121273
121361
121362
121363
121364
121365
121366
121367
121368
121369
121370
121371
121669
121670
121671
121672
121673
121674
121675
121676
121677
121678
121679
121680
121681
121682
121683
121684
121685
121686
121687
121688
121689
121690
121691
121692
121693
121694
121695
121696
121697
121698
121699
121700
121701
121702
121703
121704
121705
121706
121707
121708
121709
121710
121711
121712
121713
121714
121715
121716
121717
121718
121719
121720
121721
121722
121723
121724
121725
121726
121727
121728
121729
121730
121731
121732
121733
121734
121735
121736
121737
121738
121739
121740
121741
121742
121743
121744
121745
121746
121747
121748
121749
121750
121751
121752
121753
121754
121755
121756
121757
121758
121759
121760
121761
121762
121763
121764
121800
121801
121802
121803
121804
121805
121806
121807
121808
121810
121811
121812
121814
121815
121817
121818
121819
121821
121822
121823
121825
121826
121828
121829
121867
121868
121869
121870
121871
121872
121873
121874
121875
121876
121877
121878
121879
121880
121881
121882
121883
121884
121885
121886
121887
121888
121889
121890
121891
121892
121893
121894
121895
121896
121897
121898
121899
121900
121901
121902
121903
121904
121905
121906
121907
121908
121909
121910
121911
121912
121913
121914
121915
121916
121917
121918
121919
121920
121921
121922
121923
121924
121925
121926
121927
121928
121929
121930
121931
121932
121933
121934
121935
121936
121937
121938
121939
121940
121941
121942
121946
121947
121948
121949
121950
121951
121952
121953
121954
121955
121956
121957
121958
121959
121960
121961
121962
121963
121964
122714
122715
122716
122717
122718
122719
122720
122721
122722
122723
122724
122725
122726
122727
122728
122729
122730
122731
122732
122733
122734
122735
122793
122794
122795
122796
122797
122798
122799
122800
122801
122802
122803
122804
122805
122806
122807
122808
122809
122811
122812
122814
122816
122817
122818
122819
122820
122821
122823
122826
122827
122828
122829
122830
122831
122832
122833
122834
122835
122836
122837
122838
122839
122840
122841
122842
122843
122844
122845
122846
122847
122848
122849
122850
122851
122852
122853
122854
122855
123471
123472
123473
123474
123475
123476
123477
123478
123479
123480
123481
123482
123483
123484
123485
123486
123487
123488
123489
123490
123491
123492
123493
123494
123495
123496
123497
123498
123499
123500
123501
123502
123503
123504
123505
123506
123507
123508
123509
123510
123511
123512
123513
123514
123515
123516
123517
123518
123519
123520
123521
123522
123523
123524
123525
123526
123527
123528
123529
123530
123531
123559
123560
123561
123562
123563
123564
123565
123568
123569
123570
123571
123572
123573
123574
123575
123576
123577
123578
123579
123580
124641
124642
124643
124644
124645
124646
124648
124649
124651
124653
125728
125729
125730
125731
125732
125733
125734
125735
125736
125737
125738
125739
125740
125741
125742
125743
125744
125745
125746
125747
125748
125749
125750
125751
125752
125753
125754
125755
125756
125757
125758
125759
125760
125761
125762
125763
126136
126140
126141
126142
126143
126144
126145
126260
126264
126265
126266
126267
126268
126269
126949
126951
126952
126953
126954
126955
126957
126958
126959
126960
127409
127410
127411
127412
128158
128159
128160
128161
129649
129650
129651
129652
129653
129654
129655
129656
129657
129658
129659
129660
129661
129664
129665
129666
129667
129668
129669
129670
129671
129672
129673
129674
129675
129676
129677
129678
129679
129680
129681
129682
129683
129684
129685
129686
129687
129688
129689
129690
129691
129692
129695
129696
129697
129698
129699
129700
129701
129702
129703
129704
129705
130504
130505
130506
130507
130508
130509
130510
130603
131144
131294
131295
131296
131297
131298
131300
131303
131304
131305
131306
131307
131477
131478
131479
131480
131481
131482
131483
131484
131485
131486
131487
131488
131489
131490
131491
131492
131493
131494
131495
131496
131497
131515
131516
131517
131518
131519
131520
131521
131522
131524
131536
131537
131538
131539
131540
131541
131542
131543
131544
131545
131546
131547
131548
131549
131550
133003
133004
133005
133006
133007
133008
133009
133010
133011
133012
133013
134238
134239
134240
134241
134242
134243
134244
134245
134246
136593
136627
136628
136631
136632
136705
136706
136707
136731
136732
136733
136734
136802
136803
136890
136891
136892
136924
136925
136929
136930
136942
136946
136947
136949
136962
136963
136981
136982
136983
136984
137001
137002
137139
137175
137176
137219
137220
137221
137249
137250
137251
137350
137351
137352
137412
137413
137414
137418
137419
137420
137421
137422
137423
137562
137563
137564
137565
137566
137567
137619
137620
137621
137622
137623
137624
137625
137626
137627
137628
137629
137630
137731
137732
137733
137734
137735
137736
137873
137875
138155
138156
138157
138158
138159
138160
138183
138201
138202
138203
138204
138205
138206
138247
138248
138249
138286
138287
138288
138289
138290
138291
138298
138299
138303
138304
138305
138306
138307
138308
138333
138334
138335
138695
138746
138812
138813
138814
138884
138885
138886
138960
138961
139199
139644
139645
139690
139918
139919
139920
139921
139922
139923
140057
140058
140059
140151
140289
140290
140291
140292
140387
140392
140427
140428
140502
140514
140544
140545
140546
140547
140548
140549
140562
140584
140605
140607
140769
140771
140806
140837
140838
140844
140853
140854
140855
141045
141046
141246
141247
141445
141446
141456
141461
141462
141466
141467
141468
141469
141470
141471
141475
141477
141479
141509
141512
141513
141514
141515
141516
141517
141574
141575
141576
141577
141581
141583
141584
141637
141687
141688
141690
141691
141698
141699
141700
141701
141713
141723
141755
141756
141757
141758
141759
141760
141761
141762
141763
141768
141769
141770
141776
141777
141778
141779
141780
141781
141782
141783
141784
141786
141787
141788
141882
141883
141884
141892
141893
141894
141895
141896
141897
141898
141899
141900
141901
141902
141903
141993
141994
141995
141996
141997
141998
141999
142000
142007
142008
142009
142011
142012
142013
142204
142205
142414
142415
142416
142417
142418
142420
142421
142422
142496
142498
142515
142517
142616
142618
142619
142621
142717
142719
142832
142834
143090
143091
143092
143094
143095
143096
143097
143098
143099
143101
143102
143103
143247
143248
143274
143285
143286
143444
143445
143486
143487
143488
143489
143529
143530
143531
143532
143533
143534
143539
143540
143541
143545
143546
143547
143548
143549
143550
143820
143821
143822
143823
144070
144071
144072
144478
144479
144480
144481
144482
144483
144595
144683
144692
144695
144697
144699
144700
144701
144702
144703
144710
144936
144937
144938
144939
145056
145057
145058
145059
145060
145061
145062
145063
145064
145065
145066
145067
145068
145069
145070
145071
145072
145073
145074
145075
145076
145390
145391
145392
145412
145413
145418
145419
145420
145421
145422
145423
145424
145428
145429
145436
145439
145440
145441
145442
145443
145444
145445
145446
145447
145448
145449
145450
145451
145452
145454
145461
145462
145463
145464
145465
145466
145467
145468
145481
145482
145490
145491
145492
145493
145494
145495
145497
145498
145499
145504
145505
145506
145507
145508
145509
145510
145511
145512
145513
146017
146018
146021
146023
146024
146025
146319
146320
146321
146327
146657
146662
146663
146664
146665
146666
146667
146668
146669
146670
146674
146681
146683
146685
146692
146695
146696
146697
146698
146699
146700
146723
146725
146726
146727
146730
146731
146733
146734
146735
146737
236
-470
-481
1331
1340
2221
2248
2333
-3165
-3170
-3181
-3182
4077
4080
5108
5132
5170
5171
5180
5202
5205
5224
5227
5238
5242
5243
5271
5275
5276
5277
-5377
5917
5921
6126
6138
6159
6874
6875
6876
6877
6882
6890
6892
6893
6894
6899
9279
9285
9300
-11770
-11776
-11793
15302
15347
15351
15355
15370
15399
15452
15496
15500
15534
15538
15563
15581
15585
15599
15614
15618
15621
15635
-23856
-27916
-27922
-27925
-32094
-32098
-32107
-65792
-65795
-65802
66852
66856
66860
66886
66890
66895
68116
68143
68172
-69374
-69377
-69387
-69420
70632
70633
70634
72239
72249
72253
72257
72269
72270
72274
72277
72327
72340
72343
72348
72359
72388
72389
72399
72401
72422
72428
72429
72432
72438
72443
72444
73455
73463
73465
73475
73484
73485
74116
74117
74122
74127
74133
-74143
-74144
-74145
-74146
74154
74155
74157
74160
74165
-74168
-74169
-74170
-74171
81129
81130
81137
81138
81145
81146
81151
81152
81159
81175
81186
81187
81197
81198
81207
81208
81215
81217
81223
101560
101568
101570
101575
101581
101583
-1291
1332
-1349
2226
2227
2252
2254
2337
2339
5115
5120
5125
5126
5127
5134
5139
5140
5141
5142
5161
5181
5182
5234
5255
9293
9297
9299
18380
18381
18383
18520
18521
18536
18539
18556
18559
-33603
33624
33635
33637
-35407
41046
41047
41050
41056
41059
41151
41154
-41187
-41225
-41238
-41243
41259
41260
41261
41262
-41346
-41347
-41348
-41349
-41350
-41356
-41364
-41367
-41368
-41369
-41370
-41453
-41455
-41461
-41467
-41484
-48806
-48811
-48826
-48827
-48828
-48829
51626
51638
-51642
51644
51650
51651
51652
51653
-51655
-51658
-51686
-51693
-51696
-51698
-51705
51825
51830
51831
51832
51833
51877
51887
51995
52000
52001
52002
52003
-52006
-52009
52070
52071
52072
52073
52076
52079
52080
-52084
-52086
-52087
-52109
-52119
-54549
-54553
58565
58573
-58703
-58707
-58711
-58714
58765
58772
58782
58785
58787
58835
58836
58842
58849
58851
58852
-58883
-58886
58904
-59143
-59147
-59154
-59157
59308
59310
-59316
-59318
-59320
59324
-59328
-59331
-59336
-59337
-59348
-59351
-59356
-59370
-59373
-59376
-59380
-63600
-63603
63605
63608
-63615
63961
63966
63970
68113
68114
-68135
-68136
-68137
68141
68142
-68148
-68149
-68150
-68164
-68165
-68166
68170
68171
68176
83989
83992
-83996
-92732
92737
92739
-92745
92749
92751
4085
5880
5897
13280
17735
-17745
19266
19285
24588
24592
24603
24610
30187
30197
-39821
-39825
-39841
-39847
-39864
-39872
-39892
-39895
-39906
-39915
-39920
-39924
-39939
-49078
-49095
-49109
-49114
-51167
-51170
67258
67275
67283
67285
70629
70638
-70643
70648
-70653
70654
-70657
-70695
73165
73174
73178
73221
73224
73227
-79410
-79420
-79422
-79425
82919
82923
84667
84676
-98315
-98317
-98320
-98325
98521
98532
98533
110261
110266
-111954
-111959
-111963
-111967
-111971
-111974
113029
119226
119231
119235
119238
119242
119245
119616
119620
119623
119627
119632
119636
-121376
-121381
-121385
121809
121813
121816
121820
121824
121827
122810
122813
122815
122822
122824
122825
124647
124650
124652
-127097
-127099
-127100
-127107
-127109
-127110
131299
131301
131302
131523
131525
131526
-99
4083
-4099
5923
-5933
-5943
-5948
6135
6167
13286
17544
17604
-17636
17655
-17785
-17802
18593
-18599
-18600
18615
18618
-18625
-18626
-18627
18655
23667
23671
-33126
-33613
-39989
-39990
-39996
-40004
-40005
-40166
-40169
-40170
-40171
-40183
-40185
-40195
-40200
-40206
-40208
-40229
-40230
-40236
-40243
-40276
40281
40291
40292
40293
40294
-40305
40311
40312
40313
40314
41200
41209
41211
-41299
-41302
-41303
41311
-41314
41506
41507
41508
41509
41524
41526
41529
41536
-41556
-41559
-41564
48805
48814
-51114
-51115
51128
-51131
51142
51143
51144
51145
-51439
-51456
-51458
-51468
-51470
52142
52146
52149
-52159
-52161
-52162
-52175
52225
52228
52229
-52240
-52248
-52250
-52252
-52254
-52263
-52265
-54538
-54551
58771
-58809
58813
58958
-58967
-58970
58977
-58984
-58985
-58987
-58990
-59021
59026
59028
59030
59038
-59046
-59051
-59052
59053
59423
-59426
59429
59433
59435
59442
-59444
59451
59467
-59478
59488
-59494
-66253
-66260
70656
-70702
-70704
73235
73236
-73245
-73249
82822
82823
-82824
82827
84055
84057
84058
-92834
92838
92842
92920
-92927
-92930
92933
-92939
-92941
-94902
-94904
-94908
)


// ************************************************************************* //
