/*--------------------------------*- C++ -*----------------------------------*\
  =========                 |
  \\      /  F ield         | OpenFOAM: The Open Source CFD Toolbox
   \\    /   O peration     | Website:  https://openfoam.org
    \\  /    A nd           | Version:  8
     \\/     M anipulation  |
\*---------------------------------------------------------------------------*/
/*   Windows 32 and 64 bit porting by blueCAPE: http://www.bluecape.com.pt   *\
|  Based on Windows porting (2.0.x v4) by Symscape: http://www.symscape.com   |
\*---------------------------------------------------------------------------*/
FoamFile
{
    version     2.0;
    format      ascii;
    class       regIOobject;
    location    "constant/air/polyMesh";
    object      cellZones;
}
// * * * * * * * * * * * * * * * * * * * * * * * * * * * * * * * * * * * * * //

1
(
vegetation
{
    type cellZone;
cellLabels      List<label> 
2634
(
21
26
33
35
77
81
84
87
88
92
95
119
138
140
141
144
145
148
149
150
151
158
159
160
166
169
170
174
176
177
180
181
183
191
192
193
194
200
201
202
205
206
209
210
212
215
216
220
222
225
230
247
261
287
290
292
297
298
299
300
334
348
349
429
445
477
479
495
498
500
511
512
513
514
526
546
547
550
559
560
561
608
609
610
611
612
613
614
622
623
624
625
626
627
628
636
637
638
639
640
641
642
644
727
728
729
730
731
732
733
734
735
736
737
738
739
740
742
743
744
745
746
747
748
749
750
751
752
753
754
755
756
757
758
759
760
761
762
763
764
765
766
767
768
777
778
780
782
783
784
785
786
787
788
790
791
793
794
795
796
797
798
799
800
809
810
811
813
814
815
816
820
822
823
825
826
827
865
866
867
869
872
873
874
875
876
877
881
883
885
886
887
888
889
890
891
892
893
894
895
896
897
898
899
903
906
908
910
911
913
914
915
916
917
918
919
920
921
922
923
924
925
926
927
928
931
932
933
935
936
937
938
939
940
941
942
943
944
945
946
947
948
949
950
951
952
953
954
955
956
957
958
959
960
962
963
964
965
990
1004
1010
1011
1012
1013
1014
1015
1016
1017
1018
1020
1021
1022
1023
1024
1037
1048
1051
1055
1058
1062
1064
1065
1066
1073
1076
1080
1082
1083
1085
1086
1087
1088
1089
1090
1091
1092
1093
1094
1095
1105
1107
1110
1112
1114
1118
1119
1120
1121
1122
1123
1124
1126
1127
1130
1131
1132
1133
1134
1135
1136
1137
1138
1139
1140
1141
1142
1143
1144
1145
1150
1151
1152
1154
1157
1158
1159
1160
1161
1162
1163
1164
1165
1166
1167
1168
1169
1170
1171
1174
1175
1177
1178
1179
1180
1182
1205
1212
1219
1222
1223
1225
1226
1228
1229
1230
1231
1232
1233
1234
1235
1236
1237
1238
1239
1240
1241
1242
1243
1244
1245
1246
1247
1248
1249
1250
1251
1252
1253
1254
1255
1256
1257
1258
1259
1260
1262
1263
1264
1265
1266
1273
1279
1290
1294
1297
1300
1304
1305
1306
1307
1308
1310
1311
1312
1313
1314
1316
1318
1321
1323
1325
1326
1327
1329
1330
1332
1333
1334
1335
1336
1337
1338
1339
1340
1341
1342
1350
1352
1355
1356
1357
1358
1359
1361
1362
1365
1375
1410
1411
1429
1431
1432
1434
1497
1498
1501
1504
1508
1509
1511
1512
1557
1561
1563
1564
1565
1566
1567
1568
1569
1585
1586
1587
1588
1589
1592
1593
1594
1596
1597
1606
1610
1612
1613
1614
1617
1618
1619
1620
1621
1622
1623
1624
1625
1626
1627
1628
1629
1630
1631
1632
1633
1634
1635
1636
1637
1638
1639
1640
1642
1643
1645
1646
1648
1653
1677
1704
1707
1709
1710
1711
1712
1714
1716
1717
1718
1719
1720
1721
1722
1728
1773
1774
1775
1776
1777
1778
1779
1789
1792
1808
1809
1810
1811
1812
1813
1814
1815
1816
1819
1836
1837
1840
1862
1885
1886
1887
1888
1889
1890
1891
1895
1896
1898
1899
1900
1902
1904
1905
1920
1921
1923
1924
1926
1927
1928
1930
1931
1932
1948
1949
1950
1951
1952
1953
1954
1955
1956
1958
1960
1961
1962
1963
1965
1966
1967
1990
1991
1992
1993
1994
1995
1996
1997
1998
1999
2000
2001
2002
2003
2004
2005
2006
2007
2008
2009
2010
2011
2012
2013
2014
2015
2016
2017
2018
2019
2020
2021
2022
2023
2024
2025
2026
2034
2035
2036
2038
2039
2048
2049
2051
2052
2053
2055
2056
2057
2058
2059
2060
2061
2069
2070
2071
2072
2073
2074
2075
2076
2077
2078
2079
2080
2081
2082
2090
2091
2092
2093
2094
2095
2096
2111
2112
2113
2114
2115
2116
2117
2118
2119
2120
2121
2122
2123
2124
2125
2126
2127
2128
2129
2130
2131
2147
2153
2154
2155
2156
2157
2158
2159
2174
2175
2176
2177
2178
2179
2180
2186
2188
2189
2190
2191
2192
2193
2194
2195
2196
2197
2198
2199
2200
2201
2209
2211
2213
2214
2216
2217
2218
2219
2220
2221
2222
2230
2231
2232
2233
2234
2235
2236
2251
2252
2253
2254
2255
2256
2257
2265
2266
2267
2268
2269
2270
2271
2287
2290
2291
2294
2295
2296
2298
2300
2301
2302
2303
2304
2305
2306
2307
2308
2309
2310
2311
2312
2313
2314
2315
2316
2317
2318
2319
2320
2342
2343
2344
2345
2346
2347
2348
2349
2350
2351
2352
2353
2354
2355
2368
2370
2371
2372
2373
2374
2375
2376
2384
2385
2386
2388
2389
2391
2392
2395
2396
2397
2398
2399
2400
2401
2402
2403
2404
2405
2406
2407
2408
2409
2410
2411
2412
2413
2414
2415
2416
2417
2418
2420
2421
2422
2423
2424
2425
2426
2427
2429
2430
2431
2432
2433
2434
2435
2436
2437
2438
2439
2440
2441
2442
2443
2444
2445
2446
2483
2485
2535
2536
2539
2540
2541
2542
2561
2564
2567
2568
2569
2571
2573
2574
2575
2576
2577
2578
2579
2580
2581
2582
2583
2584
2585
2586
2587
2588
2589
2590
2591
2592
2593
2643
2644
2645
2646
2647
2648
2649
2650
2651
2652
2653
2654
2655
2656
2657
2658
2659
2660
2661
2662
2663
2664
2665
2666
2667
2668
2669
2670
2671
2672
2673
2674
2675
2676
2677
2678
2679
2680
2681
2682
2683
2684
2688
2691
2701
2702
2703
2705
2707
2708
2709
2712
2713
2714
2715
2716
2718
2719
2721
2722
2723
2724
2725
2726
2727
2733
2758
2759
2760
2765
2766
2767
2786
2787
2788
2789
2794
2796
2799
2800
2801
2802
2803
2804
2805
2806
2807
2808
2809
2810
2811
2812
2813
2814
2815
2816
2817
2818
2819
2820
2821
2822
2824
2825
2827
2828
2829
2830
2831
2832
2833
2834
2835
2836
2838
2839
2848
2849
2850
2851
2852
2853
2854
2855
2856
2857
2859
2861
2866
2869
2870
2871
2872
2873
2874
2875
2876
2877
2878
2879
2880
2881
2882
2883
2884
2885
2886
2887
2888
2889
2890
2891
2892
2893
2894
2895
2896
2897
2898
2899
2900
2901
2902
2903
2904
2905
2906
2907
2908
2909
2910
2914
2916
2946
2947
2948
2951
2952
2953
2955
2957
2958
2960
2961
2962
2963
2964
2965
2966
2974
2975
2976
2977
2978
2979
2980
2981
2982
2983
2984
2985
2986
2987
2990
2991
2992
2997
2998
2999
3024
3025
3026
3027
3029
3031
3032
3034
3037
3038
3039
3041
3043
3044
3045
3046
3047
3048
3049
3050
3058
3059
3060
3062
3063
3065
3066
3067
3069
3071
3072
3073
3074
3075
3076
3077
3078
3079
3084
3086
3088
3089
3091
3092
3093
3094
3095
3096
3097
3098
3099
3100
3101
3102
3103
3104
3105
3106
3107
3108
3109
3110
3111
3112
3113
3114
3115
3116
3117
3118
3119
3120
3121
3122
3123
3124
3125
3126
3127
3128
3129
3130
3131
3132
3133
3134
3140
3155
3157
3158
3161
3171
3172
3174
3184
3185
3186
3187
3188
3189
3190
3191
3192
3193
3194
3195
3196
3197
3198
3199
3200
3201
3202
3203
3204
3205
3206
3207
3208
3209
3210
3211
3212
3213
3214
3215
3216
3217
3218
3219
3220
3221
3222
3223
3224
3225
3226
3227
3228
3229
3230
3231
3232
3233
3234
3235
3236
3237
3238
3239
3240
3241
3242
3243
3244
3245
3246
3247
3248
3249
3250
3251
3252
3253
3254
3255
3256
3257
3258
3259
3260
3261
3262
3263
3264
3265
3266
3267
3269
3271
3274
3297
3299
3301
3318
3319
3322
3333
3334
3335
3346
3347
3349
3353
3355
3357
3366
3367
3368
3369
3370
3371
3372
3373
3374
3375
3376
3377
3378
3379
3380
3381
3382
3383
3384
3385
3386
3387
3388
3389
3390
3391
3392
3393
3394
3395
3396
3397
3398
3399
3400
3401
3402
3403
3404
3405
3406
3407
3408
3409
3410
3411
3412
3413
3414
3415
3416
3417
3418
3419
3420
3421
3422
3423
3424
3425
3426
3427
3428
3429
3430
3431
3432
3433
3434
3435
3436
3437
3438
3439
3440
3441
3442
3444
3446
3447
3448
3451
3463
3467
3469
3471
3477
3478
3479
3480
3481
3482
3483
3484
3486
3487
3489
3502
3503
3504
3505
3506
3507
3508
3509
3510
3511
3513
3520
3521
3522
3523
3524
3525
3526
3527
3528
3529
3530
3531
3532
3533
3534
3535
3536
3537
3538
3539
3540
3541
3542
3543
3544
3545
3546
3547
3548
3549
3551
3552
3553
3554
3555
3556
3557
3558
3559
3560
3561
3562
3563
3564
3565
3566
3567
3568
3569
3570
3571
3572
3573
3574
3575
3576
3577
3578
3579
3580
3581
3582
3583
3584
3585
3586
3587
3588
3589
3590
3591
3592
3593
3594
3595
3596
3597
3598
3599
3600
3601
3602
3603
3604
3605
3606
3607
3608
3609
3610
3611
3612
3619
3620
3621
3622
3623
3624
3625
3626
3627
3628
3629
3630
3631
3632
3633
3634
3635
3636
3637
3638
3639
3640
3642
3643
3644
3645
3646
3647
3653
3654
3656
3657
3659
3660
3684
3739
3740
3741
3742
3743
3744
3761
3768
3773
3777
3778
3779
3780
3781
3782
3783
3784
3785
3786
3787
3788
3789
3790
3791
3792
3793
3794
3795
3796
3797
3798
3799
3800
3801
3802
3803
3804
3805
3806
3807
3808
3809
3810
3811
3812
3813
3814
3815
3819
3820
3821
3901
3915
3936
3950
3962
3966
3969
3970
3971
3972
3973
3974
3975
3976
3977
3978
3980
3982
3983
3984
3985
3987
3989
3990
3991
3992
3993
3994
3995
3996
3997
3998
3999
4000
4001
4002
4003
4040
4041
4053
4054
4056
4057
4058
4059
4066
4069
4072
4073
4076
4078
4079
4081
4082
4083
4084
4085
4086
4087
4095
4096
4097
4098
4099
4100
4101
4102
4103
4104
4105
4106
4107
4108
4110
4111
4112
4114
4115
4116
4117
4118
4119
4120
4121
4122
4123
4124
4125
4126
4127
4128
4129
4130
4131
4132
4133
4134
4135
4136
4137
4138
4139
4140
4141
4142
4143
4144
4145
4146
4147
4148
4149
4150
4151
4152
4153
4154
4155
4156
4157
4158
4159
4160
4161
4162
4163
4164
4165
4166
4167
4168
4169
4170
4171
4172
4173
4174
4175
4176
4177
4178
4179
4180
4181
4182
4183
4184
4185
4186
4187
4188
4189
4190
4191
4192
4223
4224
4227
4229
4231
4234
4249
4250
4251
4253
4254
4256
4258
4260
4261
4263
4264
4265
4266
4267
4268
4269
4277
4278
4279
4280
4281
4282
4283
4284
4286
4289
4298
4299
4300
4301
4302
4303
4304
4305
4306
4307
4308
4309
4310
4311
4312
4313
4314
4315
4316
4317
4318
4319
4320
4321
4322
4323
4324
4325
4326
4327
4328
4329
4330
4331
4332
4333
4334
4335
4336
4337
4338
4339
4340
4341
4342
4343
4344
4345
4346
4348
4351
4352
4361
4365
4367
4368
4369
4370
4371
4372
4373
4374
4389
4390
4391
4392
4393
4394
4395
4396
4397
4398
4399
4400
4401
4402
4403
4404
4405
4406
4407
4408
4409
4410
4411
4412
4413
4414
4415
4416
4417
4418
4419
4420
4421
4422
4423
4424
4425
4426
4427
4428
4429
4430
4431
4432
4433
4434
4435
4436
4437
4438
4439
4440
4441
4442
4443
4444
4445
4446
4447
4448
4449
4450
4451
4452
4453
4454
4455
4456
4457
4458
4459
4460
4461
4462
4463
4464
4465
4482
4483
4484
4494
4495
4496
4497
4498
4499
4502
4504
4506
4508
4509
4510
4511
4512
4513
4514
4522
4523
4524
4525
4526
4527
4528
4543
4544
4545
4546
4547
4548
4549
4550
4551
4552
4553
4554
4555
4556
4557
4558
4559
4560
4561
4562
4563
4564
4565
4566
4567
4568
4569
4570
4571
4572
4573
4574
4575
4576
4577
4578
4579
4580
4581
4582
4583
4584
4585
4586
4587
4588
4589
4590
4591
4592
4593
4594
4595
4596
4597
4598
4599
4600
4601
4602
4603
4604
4605
4606
4607
4608
4609
4610
4611
4612
4613
4615
4616
4617
4618
4619
4634
4635
4636
4637
4638
4639
4640
4641
4642
4643
4645
4646
4647
4648
4654
4655
4656
4657
4658
4659
4660
4661
4662
4663
4664
4665
4666
4667
4668
4669
4670
4671
4672
4673
4674
4675
4676
4677
4678
4679
4680
4681
4682
4683
4685
4686
4687
4688
4689
4690
4691
4692
4693
4694
4695
4696
4734
4735
4736
4755
4769
4770
4776
4795
4796
4797
4798
4799
4800
4801
4818
4820
4821
4825
4827
4829
4830
4831
4832
4833
4834
4835
4836
4838
4839
4840
4841
4842
4843
4844
4845
4846
4847
4848
4849
4850
4851
4852
4853
4854
4855
4856
4857
4858
4859
4860
4861
4862
4863
4864
4865
4866
4867
4868
4869
4870
4871
4872
4873
4874
4875
4876
4877
4878
4879
4880
4881
4882
4883
4884
4885
4886
4887
4888
4889
4890
4891
4892
4893
4894
4895
4896
4897
4898
4899
4900
4901
4902
4903
4904
4905
4906
4907
4908
4909
4910
4911
4912
4913
4914
4915
4916
4917
4918
4919
4920
4921
4922
4923
4924
4925
4926
4927
4928
4929
4930
4931
4932
4933
4934
4935
4936
4937
4938
4939
4940
4941
4942
4943
4944
4945
4946
4947
4948
4949
4950
4951
4952
4953
4954
4955
4956
4957
4958
4959
4960
4961
4962
4963
4964
4965
4966
4967
4968
4969
4970
4971
4972
4973
4974
4975
4976
4977
4978
4979
4981
4982
4983
4984
4985
4986
4987
4988
4989
4990
4991
4992
4993
4994
4995
4996
4997
4998
4999
5000
5001
5002
5003
5004
5005
5006
5007
5008
5009
5010
5011
5012
5013
5014
5015
5016
5017
5018
5019
5021
5022
5023
5024
5025
5042
5048
5050
5053
5083
5085
5119
5120
5121
5123
5146
5147
5149
5150
5168
5169
5172
5181
5182
5185
5194
5195
5196
5198
5199
5200
5201
5202
5203
5204
5205
5206
5207
5208
5209
5210
5211
5212
5213
5214
5215
5216
5217
5219
5220
5221
5222
5223
5224
5225
5226
5227
5228
5229
5230
5231
5232
5233
5234
5235
5236
5242
5243
5244
5245
5246
5247
5248
5249
5254
5256
5267
5269
5286
5287
5288
5290
5299
5300
5301
5302
5303
5304
5305
5307
5309
5312
5313
5314
5315
5318
5319
5320
5322
5324
5325
5327
5328
5329
5330
5331
5332
5333
5339
5341
5342
5343
5344
5345
5346
5347
5348
5349
5350
5351
5352
5353
5354
5355
5356
5357
5358
5359
5360
5361
5362
5363
5364
5365
5366
5367
5368
5369
5370
5371
5372
5373
5374
5375
5376
5377
5378
5379
5380
5381
5382
5383
5384
5385
5386
5387
5388
5389
5390
5391
5392
5393
5394
5395
5396
5397
5398
5399
5400
5401
5402
5403
5404
5405
5406
5407
5408
5409
5410
5411
5412
5413
5414
5415
5416
5417
5418
5419
5420
5421
5422
5423
5424
5425
5426
5427
5428
5429
5430
5431
5469
5470
5472
5481
5482
5483
5484
5485
5487
5502
5503
5504
5505
5506
5507
5508
5510
5511
5514
5516
5517
5518
5519
5520
5521
5522
5523
5524
5525
5527
5528
5530
5531
5532
5533
5534
5535
5536
5537
5544
5545
5546
5548
5549
5551
5552
5553
5554
5555
5556
5557
5558
5562
5571
5572
5573
5574
5575
5576
5577
5578
5582
5584
5600
5601
5602
5603
5604
5605
5606
5608
5611
5614
5616
5618
5619
5635
5636
5637
5639
5641
5657
5664
5691
5697
5704
5719
5720
5721
5722
5723
5724
5725
5726
5727
5729
5731
5732
5733
5736
5738
5739
5775
5776
5777
5778
5779
5780
5781
5782
5783
5785
5787
5788
5789
5790
5791
5793
5795
5796
5798
5799
5800
5801
5810
5812
5813
5814
5816
5832
5835
5839
5842
5843
5846
5849
5887
5888
5889
5890
5891
5931
5932
5933
5934
5935
5936
5937
5938
5939
5940
5941
5942
5943
5944
)
;
}
)

// ************************************************************************* //
