/*--------------------------------*- C++ -*----------------------------------*\
  =========                 |
  \\      /  F ield         | OpenFOAM: The Open Source CFD Toolbox
   \\    /   O peration     | Website:  https://openfoam.org
    \\  /    A nd           | Version:  8
     \\/     M anipulation  |
\*---------------------------------------------------------------------------*/
/*   Windows 32 and 64 bit porting by blueCAPE: http://www.bluecape.com.pt   *\
|  Based on Windows porting (2.0.x v4) by Symscape: http://www.symscape.com   |
\*---------------------------------------------------------------------------*/
FoamFile
{
    version     2.0;
    format      ascii;
    class       labelList;
    note        "nPoints: 8042 nCells: 6092 nFaces: 20118 nInternalFaces: 18159";
    location    "constant/air/polyMesh";
    object      neighbour;
}
// * * * * * * * * * * * * * * * * * * * * * * * * * * * * * * * * * * * * * //


18159
(
2
4
6
96
97
100
3
9
104
105
106
5
10
110
114
836
837
840
841
13
122
123
124
5
14
128
129
16
132
133
134
10
14
524
527
2468
2470
2471
2473
11
5874
5875
5876
12
15
531
532
533
13
537
538
541
16
2517
2519
2520
2522
2524
2526
2527
2529
2545
2546
2549
2550
552
553
554
17
563
564
565
569
570
573
16
576
577
578
17
5881
5882
5883
584
587
2629
2631
2632
2634
593
594
595
29
76
167
239
241
1468
1469
1472
1474
168
602
603
604
30
253
254
255
77
169
609
610
611
32
78
266
267
268
5945
273
274
275
28
86
281
282
1542
1543
1547
1548
5948
31
190
616
617
618
33
87
191
623
624
625
34
305
306
307
79
312
314
1654
1655
1658
1660
5951
82
203
319
320
1661
1662
1665
1667
2356
2357
2358
326
327
328
204
630
631
632
83
340
341
342
5954
84
205
637
638
639
354
355
356
81
222
644
645
646
41
42
43
103
265
657
658
662
663
41
42
62
106
252
253
257
258
63
268
651
652
653
5957
46
383
384
385
48
270
658
659
660
5958
65
108
271
650
653
655
656
49
109
382
385
387
388
47
49
232
245
671
672
676
677
234
665
666
667
47
49
248
272
274
277
278
390
391
392
236
250
664
666
669
670
1489
1490
1491
237
672
673
674
5959
251
389
392
394
395
53
54
117
302
678
679
683
684
850
851
852
56
397
398
399
58
303
679
680
681
60
120
396
399
401
402
59
60
279
288
692
693
697
698
1535
1536
1537
1570
1571
1572
69
282
686
687
688
5960
404
405
406
59
60
71
291
304
307
309
310
283
693
694
695
5961
73
285
293
685
688
690
691
1598
1599
1600
294
403
406
408
409
65
67
68
121
339
706
707
711
712
65
67
123
325
326
330
331
342
700
701
702
5962
70
411
412
413
126
343
699
701
704
705
72
345
707
708
709
5963
74
127
410
413
415
416
73
74
311
332
720
721
725
726
314
714
715
716
5964
418
419
420
73
74
335
353
356
358
359
316
721
722
723
5965
317
337
713
716
718
719
1689
1690
1691
338
417
420
422
423
80
433
435
5966
82
139
439
442
1794
1795
1798
1799
2062
2063
2064
140
730
731
732
83
450
451
454
5969
86
459
463
1843
1844
1847
1849
5972
466
467
470
5975
174
737
738
739
175
480
484
1906
1907
1910
1911
2223
2224
2225
487
488
491
5978
87
176
744
745
746
501
502
505
5981
509
1976
1977
1980
1981
6077
201
751
752
753
145
149
151
2021
2022
2023
152
771
772
773
147
155
2028
2029
2030
150
157
2035
2036
2037
181
183
192
794
2267
2268
2269
2876
2877
2881
2882
2883
2884
2888
2889
184
803
804
805
182
188
2042
2043
2044
189
193
2049
2050
2051
98
428
523
829
830
833
834
1768
1769
1770
2468
2469
2470
98
101
110
128
433
99
430
101
431
434
441
829
831
834
835
1782
1783
1784
101
114
442
524
829
832
833
835
115
437
443
432
444
525
830
831
832
107
108
109
238
245
107
108
122
239
537
107
109
246
538
108
109
123
242
249
539
1483
1484
1486
2503
2504
2505
126
244
251
112
115
132
466
133
473
544
837
838
839
113
136
468
475
836
838
840
842
1872
1874
1875
115
469
476
483
843
845
848
849
1879
1881
1882
115
484
545
843
846
847
849
2524
2525
2526
471
485
479
486
546
844
845
846
286
288
850
851
854
289
558
858
859
860
287
292
559
865
866
867
294
851
852
853
856
857
860
862
863
125
126
127
318
332
125
126
319
569
126
127
125
127
333
570
322
336
571
1669
1670
1672
1683
1684
1686
2601
2602
2603
323
338
130
132
360
130
134
361
577
137
362
135
136
137
365
372
136
137
363
135
136
366
583
837
838
840
1747
1748
1749
2629
2630
2631
135
137
373
584
369
374
585
364
370
375
210
2055
2056
2059
167
175
2062
2063
2066
169
2069
2070
2073
158
160
170
2077
2078
2079
161
178
211
2238
2239
2241
3275
3276
3280
3281
3282
3283
3287
3288
3289
3290
3294
3295
165
172
179
2084
2085
2086
159
166
212
2091
2092
2093
158
160
922
923
2021
2022
2024
2154
2156
2158
3422
3423
3426
3428
162
214
2098
2099
2100
164
2105
2106
2107
159
166
215
2112
2113
2114
158
170
948
949
950
2022
2023
2025
2196
2198
2200
173
2119
2120
2121
160
170
2126
2127
2128
969
970
971
163
185
976
977
978
171
186
983
984
985
164
2133
2134
2135
165
172
187
2140
2141
2142
173
2147
2148
2149
1012
1013
1014
2077
2079
2080
216
1017
2091
2092
2094
2112
2113
2115
2413
2415
2416
2154
2155
2156
195
217
1027
2322
2323
2325
3829
3830
3833
3835
3836
3837
3840
3842
218
1034
2099
2100
2101
3864
3865
3868
3870
3871
3872
3875
3877
197
1041
1042
1043
2161
2162
2163
198
2168
2169
2170
220
2175
2176
2177
203
1068
2062
2066
2067
2356
2360
2361
4011
4013
4014
4016
4032
4033
4036
4038
2181
2182
2185
2188
2189
2192
2196
2197
2198
207
1097
1098
1099
208
2203
2204
2205
2210
2211
2212
222
2216
2217
2220
203
2223
2224
2227
201
205
2230
2231
2234
194
202
206
1139
1141
2315
2317
2318
4438
4439
4443
4444
195
224
2238
2239
2240
198
208
2245
2246
2247
200
225
2252
2253
2254
194
202
1166
1168
2316
2317
2319
4592
4593
4596
4598
199
2259
2260
2261
194
206
2266
2267
2268
1184
1185
1186
197
1191
1192
1193
207
1198
1199
1200
198
208
2273
2274
2275
199
2280
2281
2282
209
2287
2288
2289
204
2293
2294
2297
201
205
2300
2301
2304
202
206
1242
1243
1244
209
2308
2309
2310
2315
2316
2317
227
2322
2323
2324
228
1276
5068
5069
5072
5074
5075
5076
5079
5081
1283
1284
1285
2329
2330
2331
2336
2337
2338
230
2343
2344
2345
2349
2350
2353
5887
5888
5889
2356
2357
2360
2363
2364
2367
2370
2371
2374
1337
2266
2268
2271
5397
5398
5401
5402
5404
5405
5408
5409
1344
1345
5439
5440
5443
5445
2378
2379
2380
2385
2386
2387
2391
2392
2395
217
224
1369
1371
5586
5587
5590
5592
216
220
2399
2400
2401
221
226
5894
5895
218
2098
2100
2102
5628
5629
5632
5634
216
220
2406
2407
2408
2413
2414
2415
227
1387
1389
5642
5643
5646
5647
1394
1396
5649
5650
5653
5654
229
581
5880
5883
5885
5886
5898
5900
5902
5903
5904
5907
5909
5910
2420
2421
2422
231
582
5905
5906
5907
2426
2427
2430
599
5911
5912
5915
227
1422
1424
2238
2240
2243
5747
5748
5751
5753
230
2434
2435
2436
231
600
1436
1437
1438
1448
1450
2322
2324
2327
5817
5818
5821
5822
1455
1456
5824
5825
5828
5829
590
592
595
597
598
5918
5920
5922
5923
5924
5927
5928
5930
2441
2442
2443
591
5925
5926
5927
235
236
237
259
265
235
237
266
424
5984
236
237
666
667
670
263
269
425
1522
1523
1525
264
1528
1530
1533
270
672
673
676
5987
242
243
244
259
265
242
244
319
1068
260
438
1069
1469
1470
1471
243
244
267
320
439
262
1070
1468
1470
1472
1473
1515
1516
1519
4018
4019
4020
263
269
440
1468
1471
1473
1474
1522
1524
1526
271
323
251
259
1482
1483
1486
1488
1489
1491
1492
1495
251
601
602
605
607
1075
1482
1484
1486
1487
4046
4047
4048
261
1076
1476
1477
1478
251
601
604
606
607
1490
1491
1492
1494
262
1077
1483
1484
1485
264
1489
1490
1493
256
257
258
382
650
257
258
326
256
257
327
651
256
258
383
386
654
330
656
388
1514
1515
1519
1520
1521
1522
1525
1526
1528
1529
1533
1534
446
1082
1501
1502
1503
1083
1508
1509
1510
1084
1515
1516
1517
447
1522
1523
1524
1528
1530
1531
269
270
271
269
270
450
5989
269
271
341
451
270
271
342
652
653
655
5992
452
658
659
662
5994
343
276
277
278
389
664
276
277
665
277
278
276
278
390
393
668
669
395
295
302
1535
1536
1539
296
313
508
1543
1544
1545
283
509
1549
1552
1554
1555
5996
283
285
314
687
688
690
5999
303
693
694
697
1535
1537
1538
1541
6001
300
510
1550
1551
1552
301
317
1536
1537
1538
1540
1542
1545
1546
1547
1647
1649
1651
295
302
1556
1558
1559
299
1225
1564
1565
1566
295
1570
1571
1574
1227
1578
1579
1580
298
334
1228
1585
1586
1587
294
335
615
618
620
621
1599
1600
1601
1604
299
1229
1592
1593
1594
301
337
1598
1599
1602
1571
1572
1573
1575
1577
1580
1581
1583
1605
1607
1608
347
511
1613
1614
1615
512
1234
1620
1621
1622
349
1235
1627
1628
1629
1236
1634
1635
1636
513
1641
1642
1643
352
1647
1649
1650
303
1535
1539
1541
1556
1559
1562
679
680
683
308
309
310
403
685
308
309
354
686
308
310
404
309
310
356
407
689
358
691
409
315
316
317
339
346
1696
1699
1700
315
316
340
459
6003
347
460
1655
1656
1657
316
317
715
716
719
6006
344
351
461
1654
1656
1659
1660
1732
1733
1735
345
721
722
725
6008
352
1654
1657
1658
1659
1738
1740
1743
323
324
339
346
1668
1669
1672
1674
1698
1699
1701
323
1315
1668
1670
1672
1673
323
324
341
480
348
481
1316
1662
1663
1664
350
1317
1669
1670
1671
343
344
351
482
1661
1664
1666
1667
1732
1734
1736
329
330
331
410
699
330
331
329
330
700
329
331
411
414
703
704
416
338
346
1682
1683
1686
1688
1689
1691
1692
1695
1696
1698
1702
338
629
630
633
635
1322
1682
1684
1686
1687
5292
5293
5294
349
1323
1676
1677
1678
338
629
632
634
635
1690
1691
1692
1694
350
1324
1683
1684
1685
352
1689
1690
1693
343
344
345
344
345
487
6010
343
344
488
343
345
701
702
705
6013
489
707
708
711
6015
1696
1698
1699
494
1704
1705
1706
495
1329
1711
1712
1713
1330
1718
1719
1720
1331
1725
1726
1727
496
1732
1733
1734
1738
1740
1741
357
358
359
417
713
357
358
714
357
359
418
358
359
421
717
718
423
363
433
362
373
5892
375
364
466
377
468
369
370
371
378
473
1406
1746
1747
1748
376
474
1753
1754
1755
379
1407
1760
1761
1762
380
1408
1745
1747
1749
1750
1759
1761
1763
1764
5705
5706
5707
377
475
1745
1748
1749
1751
1752
1754
1756
1758
1872
1873
1876
381
1752
1755
1756
1757
1759
1762
1764
1765
374
375
378
374
375
5911
380
5913
377
502
1754
1755
1756
503
380
381
380
381
1761
1762
1764
1414
386
387
388
657
386
388
386
387
391
660
387
388
392
661
394
663
393
394
395
671
393
395
393
394
674
394
395
675
677
400
401
402
678
400
402
400
401
405
681
401
402
406
682
408
684
407
408
409
692
407
409
407
408
695
408
409
696
698
414
415
416
706
414
416
414
415
419
709
415
416
420
710
422
712
421
422
423
720
421
423
421
422
723
422
423
724
726
425
427
450
6017
426
447
452
1823
1825
1827
427
448
453
457
1830
1831
1833
455
458
6020
871
1767
1768
1769
445
872
1774
1775
1776
1766
1768
1770
1772
1780
1782
1784
1786
448
457
1781
1782
1783
449
873
1788
1789
1790
437
466
436
437
453
457
436
437
454
470
6023
455
458
6026
456
471
446
878
1795
1796
1797
440
443
451
480
441
447
452
1794
1796
1799
1800
1824
1825
1828
443
448
453
1801
1803
1805
1807
1831
1832
1835
443
484
879
1801
1804
1805
1806
3142
3143
3144
456
485
449
880
1802
1803
1804
885
1809
1810
1811
886
1816
1817
1818
1823
1824
1825
1830
1831
1832
887
1837
1838
1839
452
455
6029
452
456
488
453
455
456
455
456
491
6032
6035
492
458
1781
1782
1786
6038
461
464
487
6041
494
508
1844
1845
1846
462
489
496
1843
1845
1847
1848
1935
1937
1939
464
490
497
504
1850
1852
1854
1855
1942
1943
1945
464
505
1850
1853
1855
1856
6044
493
506
6047
499
507
1851
1852
1853
468
471
468
472
501
6050
469
503
471
472
490
504
471
472
491
6053
492
493
506
6056
1117
1858
1859
1860
502
1865
1866
1867
503
1872
1873
1874
497
504
1879
1880
1881
498
1118
1886
1887
1888
499
507
1893
1894
1895
500
1119
1900
1901
1902
482
485
488
495
1124
1907
1908
1909
483
489
496
1906
1908
1911
1912
1936
1937
1940
485
490
497
1913
1915
1917
1919
1942
1944
1947
485
1125
1913
1916
1917
1918
4354
4355
4356
492
500
1126
1914
1915
1916
489
493
6059
489
492
490
492
493
492
493
6062
6065
511
1921
1922
1923
1131
1928
1929
1930
1935
1936
1937
1942
1943
1944
514
1132
1949
1950
1951
1956
1957
1958
1133
1963
1964
1965
503
506
6068
503
1866
1867
1869
1969
1970
1974
1975
504
1873
1874
1877
506
1879
1880
1884
1969
1971
1973
1974
506
1969
1972
1973
1975
6071
6074
1970
1971
1972
511
1977
1978
1979
1983
1985
1987
1989
6080
513
1984
1985
1986
1991
1992
1993
1310
1998
1999
2000
2005
2006
2007
1311
2012
2013
764
766
770
2448
2449
2450
517
771
2454
2457
2459
2460
774
2447
2448
2451
2453
2697
2698
769
776
2455
2456
2457
800
802
809
2462
2463
2464
521
522
803
801
806
2461
2463
2465
2466
2919
2920
2922
808
812
2461
2464
2466
2467
2940
2941
2943
2968
2969
2971
576
871
2468
2469
2472
545
879
2476
2477
2478
2481
2489
2490
2493
2494
2524
2528
2529
3143
3146
3147
873
880
2475
2476
2479
874
881
899
2483
2484
2485
548
578
900
2489
2492
2493
2495
2496
2499
2500
2502
2546
2547
2549
3277
3278
3279
549
884
904
2490
2491
2492
579
877
905
2497
2498
2499
534
535
536
1026
1033
1040
3824
3825
3826
3859
3860
3861
534
535
563
1027
5881
535
536
1034
5882
534
536
565
1041
566
1031
1045
1032
1038
3851
3852
3854
3886
3887
3889
5884
1039
1046
542
569
1068
2503
2505
2506
2508
543
1075
2504
2505
2506
2509
4047
4050
4051
1070
1077
2503
2504
2507
1071
1078
1096
2511
2512
2513
542
543
573
1097
574
1074
1101
2510
2512
2514
2516
1081
1102
2510
2513
2515
2516
4089
4090
4092
583
1117
2517
2518
2521
1125
2524
2525
2528
1119
1126
2531
2532
2535
1120
1127
1145
2539
2540
2541
587
1146
2546
2547
2548
1129
1149
2553
2554
2555
588
1123
1151
2560
2561
2562
555
556
557
1183
1190
1197
4712
4714
4715
556
557
1184
555
556
1191
5875
555
557
1198
5876
1194
1201
5877
1188
1196
1189
1203
1227
2566
2567
2570
1225
1229
2573
2574
2577
1226
1230
1248
2581
2582
2583
1233
1251
2588
2589
2590
1268
1275
1282
2595
2596
2597
566
567
593
1269
567
568
594
1276
566
568
1283
1272
1286
2594
2595
2598
2600
596
1274
1280
2594
2596
2598
2599
5055
5056
5058
5090
5091
5093
1281
1288
2594
2597
2599
2600
574
1315
2601
2603
2604
2606
1322
2602
2603
2604
2607
2615
2616
2619
2621
5293
5296
5297
1317
1324
2601
2602
2605
1318
1325
1343
2609
2610
2611
574
1344
2615
2618
2620
2621
1320
1347
2608
2610
2612
2614
5279
5280
5282
5447
5448
5450
1328
1349
2616
2617
2618
1364
2468
2472
2473
2622
2623
2626
2627
5566
5569
5570
580
584
5892
580
587
1369
2622
2625
2626
2628
1366
1372
2623
2624
2625
589
1374
5893
582
590
591
5905
5907
5909
1406
2629
2630
2633
585
589
5911
586
1408
2630
2631
2632
2635
5705
5709
5710
5913
589
1409
1421
2636
2638
2641
2642
5713
5714
5716
5741
5742
5744
5914
589
1422
2546
2548
2550
2636
2639
2640
2642
1411
1425
2637
2638
2639
1426
5916
591
600
5925
5927
5930
596
597
598
1447
1454
596
597
1448
5881
596
598
1455
597
598
5883
1451
1458
1452
5885
1460
600
5912
5915
5917
1436
1437
1441
605
606
607
1475
605
607
2181
605
606
1476
2182
606
607
1479
2183
1480
612
613
614
1496
1500
1507
613
614
730
1497
612
614
732
1501
2188
612
613
1508
2189
1504
1511
2190
1498
1512
735
1499
1506
619
620
621
1577
1584
619
621
1578
2293
619
620
631
1585
2294
620
621
632
1582
1588
2295
634
1590
1583
626
627
628
1612
1619
1626
627
628
637
751
1613
626
628
752
1620
2300
626
627
639
1627
2301
1623
1630
2302
641
1617
1632
755
1618
1625
633
634
635
1675
633
635
2363
633
634
1676
2364
634
635
1679
2365
1680
640
641
642
1703
1710
1717
641
642
744
1704
640
642
745
1711
2370
640
641
1718
2371
1714
1721
2372
1707
1722
748
1709
1716
647
648
649
1745
1752
1759
647
649
737
1746
2426
648
649
738
1753
647
648
1760
2427
1750
1763
2428
1757
1765
741
1751
1758
654
655
656
657
654
656
700
654
655
659
6085
655
656
701
661
662
704
661
662
663
662
663
672
661
662
6086
661
663
674
677
668
669
670
671
668
669
669
670
668
670
673
675
676
675
676
677
676
677
675
676
6087
675
677
682
683
684
683
684
693
682
683
682
684
695
698
689
690
691
692
689
691
714
689
690
694
6083
690
691
716
696
697
718
696
697
698
697
698
696
697
6084
696
698
703
704
705
706
703
704
704
705
703
705
708
6088
710
711
710
711
712
711
712
721
710
711
6089
710
712
723
726
717
718
719
720
717
718
717
719
722
6090
718
719
724
725
724
725
726
725
726
724
725
6091
724
726
728
1774
2056
1771
1777
2057
733
734
735
1808
1815
734
735
733
734
1809
2069
733
735
1816
2070
1812
1819
2071
1813
1820
740
741
742
1857
1864
1885
740
741
1858
2216
741
742
1865
740
742
1886
2217
1862
1889
2218
1863
1868
1870
1891
747
748
749
1920
1927
1948
748
749
751
1921
747
748
1928
2230
747
749
753
1949
2231
1931
1952
2232
1924
1932
756
1926
1954
754
755
756
1990
1997
2011
755
756
1991
754
755
1998
2349
754
756
2012
2350
2001
2014
2351
1994
2002
1995
2015
777
782
786
2644
2645
2646
778
921
962
2651
2652
2653
783
923
949
2020
2022
2024
2025
2664
2667
2669
2670
2671
2673
2675
2677
787
950
964
2658
2659
2660
780
784
924
2665
2666
2667
785
790
951
2672
2673
2674
781
791
965
2679
2680
2681
777
782
2686
2687
2688
780
784
927
2701
2702
2703
782
786
2708
2709
2710
788
2715
2716
2717
785
790
2722
2723
2724
792
2729
2730
2731
777
786
2736
2737
2738
774
2749
2751
2753
2755
774
779
970
2742
2744
2746
2748
2776
2777
2778
789
971
2742
2745
2747
2748
2749
2752
2754
2755
2843
2844
2845
2735
2736
2739
2740
2782
2784
781
791
972
2743
2744
2745
792
2750
2751
2752
2757
2758
2759
933
990
2764
2765
2766
991
2775
2776
2777
935
2786
2787
2788
993
2793
2794
2795
2800
2801
2802
2806
2808
2810
2812
2813
2815
2817
2819
942
2807
2808
2809
2814
2815
2816
2821
2822
2823
956
1004
2828
2829
2830
957
2835
2836
2837
1005
2842
2843
2844
958
2849
2850
2851
1007
2856
2857
2858
2863
2864
2865
813
815
822
2870
2871
2872
1166
1243
2890
2892
2894
2896
2904
2906
2908
2910
816
1167
1178
2877
2878
2879
823
1179
1244
2884
2885
2886
820
1169
2891
2892
2893
821
826
1180
2898
2899
2900
814
827
1245
2905
2906
2907
813
815
2912
2913
2914
819
2919
2920
2921
815
822
2926
2927
2928
806
2939
2941
2943
2945
806
818
1185
2932
2934
2936
2938
3011
3012
3014
824
1186
2932
2935
2937
2938
2939
2942
2944
2945
3053
3054
3055
819
2925
2926
2929
2930
3017
3019
3022
821
826
1187
2933
2934
2935
828
2940
2941
2942
813
822
2947
2948
2949
825
1249
2954
2955
2956
814
827
1250
2961
2962
2963
828
2968
2969
2970
2975
2976
2977
1253
2982
2983
2984
2989
2990
2991
1171
1212
2996
2997
2998
1172
3003
3004
3005
1213
3010
3011
3012
3017
3018
3019
1174
3024
3025
3026
1215
3031
3032
3033
3038
3039
3040
1219
1256
3045
3046
3047
1220
3052
3053
3054
1257
3059
3060
3061
1222
3066
3067
3068
1258
3073
3074
3075
3080
3081
3082
833
834
835
833
834
1788
2475
834
835
1790
1803
833
835
1804
2476
2477
1791
1805
840
841
842
843
840
841
2517
840
842
1859
841
842
844
1860
2518
847
2519
848
1861
847
848
849
847
848
1900
2531
848
849
1901
1915
847
849
1916
2532
2533
1903
1917
852
855
1556
852
856
1571
853
855
856
864
855
856
865
1558
1574
869
1560
870
1575
861
862
863
864
861
863
2566
861
862
867
1579
2567
862
863
1580
868
2568
870
1581
868
869
870
869
870
1564
1592
868
869
1565
2573
868
870
1593
2574
2575
1567
1595
1364
3086
3087
3090
885
3093
3094
3097
887
3100
3101
3104
888
913
3108
3109
3110
914
1365
3115
3116
3117
890
917
3122
3123
3124
919
1366
3129
3130
3131
886
1069
3135
3136
3139
1125
3142
3143
3146
887
3149
3150
3153
888
906
3157
3158
3159
907
1072
1128
3164
3165
3166
891
911
1073
3171
3172
3173
912
1129
3178
3179
3180
3184
3185
3188
1082
3191
3192
3195
3198
3199
3202
892
3206
3207
3208
893
1010
1086
3213
3214
3215
896
1011
3220
3221
3222
898
1087
3227
3228
3229
906
913
3234
3235
3236
896
1012
1090
2076
2077
2080
2082
3214
3215
3216
3261
3263
3265
3267
4152
4153
4155
908
1021
1091
3241
3242
3243
915
1013
1022
3248
3249
3250
917
1015
3221
3222
3224
3233
3234
3237
3239
3247
3249
3251
3252
3395
3397
3399
910
918
1023
3255
3256
3257
911
1093
3262
3263
3264
906
913
3269
3270
3271
1146
1369
3276
3277
3278
909
1028
1147
3283
3284
3285
916
1029
1370
3290
3291
3292
910
918
1030
3297
3298
3299
912
1149
3304
3305
3306
919
1372
3311
3312
3313
3318
3319
3320
1104
1153
3325
3326
3327
1055
1105
3332
3333
3334
1056
1155
3339
3340
3341
1058
3346
3347
3348
1107
3353
3354
3355
1156
3360
3361
3362
3367
3368
3369
1375
3374
3375
3376
1017
1062
3381
3382
3383
1063
1376
3388
3389
3390
1018
3395
3396
3397
1065
3402
3403
3404
1377
3409
3410
3411
932
937
3416
3417
3418
933
1020
3423
3424
3425
925
938
1013
1022
3436
3439
3441
3442
3529
3530
3531
3795
3797
3799
925
1014
3429
3432
3433
3435
935
942
3430
3431
3432
940
3415
3417
3420
3421
936
941
1024
3437
3438
3439
935
942
3444
932
937
3446
3447
3448
934
1035
3453
3454
3455
939
1036
1379
3460
3461
3462
936
941
1037
3467
3468
3469
3478
3479
3480
1048
3485
3486
3487
1049
3496
3497
3498
3503
3504
3505
1051
3510
3511
3512
3521
3522
3523
1017
1062
3528
3529
3530
1064
1380
3535
3536
3537
3520
3521
3524
3525
3527
3529
3531
3532
1066
3542
3543
3544
3548
955
1079
3550
3551
3552
946
959
1080
3557
3558
3559
948
1010
1086
3563
3566
3568
3569
4124
4126
4128
953
1088
3564
3565
3566
951
952
953
954
5932
5933
5936
952
953
1012
1090
4152
4154
4156
951
952
1014
951
953
956
1092
2658
2659
2662
3579
3580
3582
4166
4167
4169
958
2673
2674
2677
3592
3593
3596
1016
959
1094
3565
3566
3568
3599
3601
3603
4181
4182
4183
5932
5933
5934
1111
3571
3572
3573
1112
3578
3579
3580
3585
3586
3587
3592
3593
3594
1114
3599
3600
3601
3606
3607
3608
989
996
1003
3613
3614
3615
990
1020
3620
3621
3622
997
1021
1091
3627
3628
3629
1004
1092
3634
3635
3636
993
1007
3641
3642
3643
994
1000
1025
3648
3649
3650
1001
1008
1095
3655
3656
3657
973
974
989
1003
3661
3662
3666
3667
3676
3678
3680
3732
3734
3736
5873
973
974
5874
973
991
3661
3663
3665
3666
974
1005
3661
3664
3665
3667
3747
3748
3750
993
1007
3662
3663
3664
995
5878
1009
5879
979
980
981
989
996
3677
3678
3681
3704
3706
3708
5873
980
981
1191
5875
979
981
992
1042
979
980
998
1043
1192
994
1000
1044
3697
3699
3701
3718
3720
3722
1002
1194
5877
995
5878
987
988
996
1003
3668
3669
3672
3673
3705
3706
3709
3733
3734
3737
5873
987
988
1198
5876
987
999
1098
1199
3668
3670
3672
3674
988
1006
1099
3668
3671
3673
3674
3754
3755
3756
1001
1008
1100
3669
3670
3671
1002
1201
5877
1009
5879
3676
3677
3678
1048
3683
3684
3685
995
2132
2134
2136
2138
2775
2777
2780
3689
3692
3693
3695
995
1050
2132
2135
2137
2138
3696
3699
3701
3702
3690
3691
3692
1052
3697
3698
3699
3675
3678
3680
3681
3704
3705
3706
1055
1105
3711
3712
3713
1002
1057
1206
2139
2141
2143
2145
3717
3720
3722
3723
1002
1106
1207
2139
2142
2144
2145
3724
3727
3729
3730
4740
4741
4743
1059
3718
3719
3720
1108
3725
3726
3727
1208
3703
3706
3708
3709
3732
3733
3734
1112
3739
3740
3741
3746
3747
3748
1113
3753
3754
3755
3760
3761
3762
1115
3767
3768
3769
3731
3734
3736
3737
3745
3748
3750
3751
3752
3755
3756
3758
1011
1012
3213
3214
3217
1015
3220
3222
3225
1015
1016
1015
1017
3248
3249
3252
1016
1018
1018
3381
3382
3385
3528
3529
3532
3396
3397
3400
1047
1054
1061
3774
3775
3776
1048
3781
3782
3783
1055
3788
3789
3790
1062
3795
3796
3797
1058
1065
3802
3803
3804
1051
1066
3809
3810
3811
1052
1059
3816
3817
3818
1054
1061
3823
3824
3825
1031
1269
1387
3850
3852
3854
3856
1056
1270
3830
3831
3832
1063
1388
3837
3838
3839
1058
1065
3844
3845
3846
1060
1272
3822
3824
3826
3827
3829
3832
3834
3835
1067
1390
3851
3852
3853
1047
1061
3858
3859
3860
1039
1394
3885
3887
3889
3891
1049
3865
3866
3867
1064
1395
3872
3873
3874
1051
1066
3879
3880
3881
1067
1397
3886
3887
3888
1053
3857
3860
3861
3862
3864
3867
3869
3870
1044
1045
1046
1047
1054
3894
3895
3898
3929
3930
3933
1045
1046
1283
1044
1046
1050
1044
1045
1057
1284
1052
1059
3921
3923
3926
3956
3958
3961
1060
1286
1053
3893
3894
3895
3900
3901
3902
3907
3908
3909
1053
2160
2163
2165
2166
3920
3923
3924
3926
3914
3915
3916
3921
3922
3923
3892
3895
3897
3898
3906
3909
3911
3912
3928
3929
3930
3935
3936
3937
1291
3942
3943
3944
1060
1292
2167
2170
2172
2173
3955
3958
3959
3961
5132
5133
5135
3949
3950
3951
3956
3957
3958
1293
3927
3930
3932
3933
3941
3944
3946
3947
5140
5141
5142
3963
3964
3965
3970
3971
3972
1401
3977
3978
3979
1402
3984
3985
3986
3991
3992
3993
3998
3999
4000
1403
4005
4006
4007
1074
1315
4018
4020
4021
4023
1082
4011
4012
4015
1084
4018
4019
4022
1085
1103
4026
4027
4028
1104
1319
4033
4034
4035
1087
1107
4040
4041
4042
1109
1320
4025
4028
4029
4031
4032
4035
4037
4038
4243
4244
4246
5279
5281
5283
4046
4047
4050
1083
4053
4054
4057
1084
4060
4061
4064
1085
1110
4068
4069
4070
1111
4075
4076
4077
1088
1114
4082
4083
4084
1116
4089
4090
4091
4095
4096
4099
4102
4103
4106
4109
4110
4113
1089
4117
4118
4119
1090
4124
4125
4126
1093
4131
4132
4133
1094
4138
4139
4140
1103
1110
4145
4146
4147
4152
4153
4154
1105
4159
4160
4161
1112
4166
4167
4168
1107
4173
4174
4175
1114
4180
4181
4182
1108
1115
4187
4188
4189
1103
1110
4194
4195
4196
1101
1102
1344
1101
1106
1345
4200
4202
4204
4205
1102
1113
4200
4203
4204
4206
4272
4273
4275
1108
1115
4201
4202
4203
1109
1347
4193
4195
4197
4198
4243
4245
4247
5448
5449
5451
1116
4193
4196
4197
4199
4292
4294
4296
4208
4209
4210
1351
4215
4216
4217
4222
4223
4224
1353
2202
2205
2207
2208
4235
4238
4239
4241
4242
4245
4247
4248
5489
5490
5492
4229
4230
4231
4236
4237
4238
1354
4243
4244
4245
4250
4251
4252
4257
4258
4259
4264
4265
4266
4271
4272
4273
4278
4279
4280
4285
4286
4287
4292
4293
4294
1406
4298
4299
4302
1132
4305
4306
4309
1133
4312
4313
4316
1134
1159
4320
4321
4322
1160
1410
4327
4328
4329
1136
1164
4334
4335
4336
1165
1411
4341
4342
4343
1131
1316
4347
4348
4351
4354
4355
4358
1133
4361
4362
4365
1134
1152
4369
4370
4371
1153
1319
4376
4377
4378
1156
4383
4384
4385
1137
1158
1321
4390
4391
4392
1329
4396
4397
4400
1311
4403
4404
4407
4410
4411
4414
1138
4418
4419
4420
1136
1139
1312
1333
2233
2234
2235
2236
4424
4427
4429
4430
5370
5371
5373
1143
1313
4334
4335
4337
4406
4407
4408
4409
4417
4419
4421
4423
1144
1334
4425
4426
4427
1152
1159
4432
4433
4434
1143
1337
4452
4454
4456
4458
5887
1154
1262
1338
4439
4440
4441
1143
1161
1264
4445
4448
4450
4451
4999
5000
5002
5889
1157
1163
1265
4446
4447
4448
1164
4431
4433
4435
4437
5890
1158
1340
4453
4454
4455
1152
1159
4460
4461
4462
1422
4467
4468
4469
1155
1270
4474
4475
4476
1162
1271
1423
4481
4482
4483
1156
4488
4489
4490
1157
1163
1273
4495
4496
4497
1165
1425
4502
4503
4504
4509
4510
4511
1351
4516
4517
4518
1290
1352
4523
4524
4525
1291
4530
4531
4532
4537
4538
4539
1294
4544
4545
4546
1355
4551
4552
4553
4558
4559
4560
1429
4565
4566
4567
1164
1304
2251
2253
2255
2256
4578
4580
4582
4584
5202
5203
5205
1305
1431
4572
4573
4574
1307
4579
4580
4581
4335
4336
4338
4557
4559
4561
4562
4564
4566
4568
4569
1432
4586
4587
4588
4599
4601
4603
4604
5888
1171
1263
4593
4594
4595
1264
4606
4609
4611
4612
4999
5001
5003
5889
1174
4600
4601
4602
1175
1266
4607
4608
4609
1297
4614
4615
4616
4621
4622
4623
1298
4628
4629
4630
4635
4636
4637
1300
4642
4643
4644
1204
1211
1218
4649
4650
4651
1205
1262
1338
4656
4657
4658
1212
1263
4663
4664
4665
1219
1339
4670
4671
4672
1215
1222
4677
4678
4679
1209
1216
1267
4684
4685
4686
1210
1223
1341
4691
4692
4693
1188
1189
1211
1218
4697
4698
4702
4703
4761
4763
4765
4789
4791
4793
1188
1189
1188
1213
4697
4699
4701
4702
1189
1220
4697
4700
4701
4703
4804
4805
4807
1215
1222
4698
4699
4700
1217
1224
1194
1196
1204
1211
4704
4705
4708
4709
4726
4727
4730
4762
4763
4766
1194
1196
1194
1206
1284
4704
4706
4708
4710
1196
1214
1285
4704
4707
4709
4710
1208
1209
1216
1287
4705
4706
4707
1217
1204
1218
4712
4713
4714
1201
1203
1201
1207
1345
4718
4720
4722
4724
4741
4742
4744
1203
1221
1346
4718
4721
4723
4724
4811
4812
4813
5440
5441
5443
1208
4711
4712
4715
4716
1210
1223
1348
4719
4720
4721
1224
4711
4714
4715
4717
4726
4727
4728
1290
1352
4733
4734
4735
1208
1292
2272
2274
2276
2277
4746
4749
4751
4752
5132
5134
5136
1353
4740
4741
4742
4725
4726
4730
4731
4739
4741
4743
4744
1295
4747
4748
4749
1356
4754
4755
4756
4761
4762
4763
1297
4768
4769
4770
1217
2279
2281
2283
2285
3010
3012
3015
4774
4777
4778
4780
1217
1299
2279
2282
2284
2285
4781
4784
4786
4787
4775
4776
4777
1301
4782
4783
4784
4760
4763
4765
4766
4789
4790
4791
1359
4796
4797
4798
4803
4804
4805
1360
4810
4811
4812
4817
4818
4819
1361
4824
4825
4826
4788
4791
4793
4794
4802
4805
4807
4808
4809
4812
4813
4815
1236
4830
4831
4834
1237
1252
2581
2582
2584
4833
4834
4835
4836
4837
4838
4841
1235
1323
4844
4845
4848
1236
4851
4852
4855
1237
1254
4859
4860
4861
1255
1326
4866
4867
4868
1240
1259
1327
4873
4874
4875
1260
4880
4881
4882
1310
4886
4887
4890
1330
4893
4894
4897
4900
4901
4904
1239
1240
1241
4859
4860
4863
4903
4904
4905
4906
1239
1240
1242
1312
1333
2303
2304
2305
2306
5370
5372
5374
1246
1314
4889
4890
4891
4892
1247
1335
4873
4874
4876
4896
4897
4898
4899
5384
5386
5387
1245
1246
1247
1252
1254
5939
5940
5943
1246
1247
1337
5887
1245
1246
5888
1245
1247
1256
1339
2884
2886
2889
4944
4945
4947
5405
5407
5409
1253
1258
2906
2907
2910
4957
4958
4961
5891
1259
1342
4964
4966
4968
5427
5428
5429
1252
1254
4908
4909
4910
1257
4915
4916
4917
1253
1258
4922
4923
4924
1260
4929
4930
4931
1253
4908
4909
4912
2983
2984
2987
4922
4923
4926
5939
5940
5941
1358
4936
4937
4938
1359
4943
4944
4945
4950
4951
4952
4957
4958
4959
1362
4964
4965
4966
4971
4972
4973
1289
1296
1303
4978
4979
4980
1290
4985
4986
4987
1297
4992
4993
4994
1304
4999
5000
5001
1294
1307
5006
5007
5008
1300
1308
5013
5014
5015
1295
1301
5020
5021
5022
1289
1303
5027
5028
5029
1272
1448
2321
2322
2325
2327
5054
5056
5058
5060
1291
5034
5035
5036
1305
1449
5041
5042
5043
1293
5026
5027
5030
5031
5033
5035
5037
5039
5139
5140
5143
1294
1307
5048
5049
5050
1309
1451
5055
5056
5057
1296
1303
5062
5063
5064
1281
1455
5089
5091
5093
5095
1298
5069
5070
5071
1306
1457
5076
5077
5078
1300
1308
5083
5084
5085
1309
1458
5090
5091
5092
1302
5061
5064
5065
5066
5068
5071
5073
5074
1289
1296
5097
5098
5099
1286
1288
1286
1292
5103
5105
5107
5108
5133
5134
5137
1288
1299
5103
5106
5107
5109
1293
5096
5097
5100
5101
5139
5141
5144
1295
1301
5104
5105
5106
1302
5096
5099
5100
5102
5111
5112
5113
5118
5119
5120
5125
5126
5127
5132
5133
5134
5139
5140
5141
5146
5147
5148
5153
5154
5155
5160
5161
5162
5167
5168
5169
5174
5175
5176
1302
2335
2338
2340
2341
5187
5190
5191
5193
5181
5182
5183
5188
5189
5190
5159
5162
5164
5165
5173
5176
5178
5179
5195
5196
5197
5202
5203
5204
1463
5209
5210
5211
1464
5216
5217
5218
5223
5224
5225
5230
5231
5232
1465
5237
5238
5239
1314
1998
2000
2001
2349
2351
2352
2355
4886
4890
4892
5243
5244
5247
1313
1314
2352
2353
2354
2355
5887
5246
5247
5248
5249
5890
5891
2356
2358
2359
2361
5257
5259
5260
5262
5278
5279
5282
5283
1329
5250
5251
5254
1331
5257
5258
5261
1332
1350
5265
5266
5267
1351
5272
5273
5274
1354
5279
5280
5281
1334
1355
5286
5287
5288
5292
5293
5296
1330
5299
5300
5303
1331
5306
5307
5310
1332
1357
5314
5315
5316
1358
5321
5322
5323
1335
1362
5328
5329
5330
1363
5335
5336
5337
5341
5342
5345
5348
5349
5352
5355
5356
5359
1336
5363
5364
5365
1337
5370
5371
5372
1340
5377
5378
5379
1342
5384
5385
5386
1350
1357
5391
5392
5393
5371
5372
5375
5411
5413
5415
5416
5425
5427
5429
5430
1352
5398
5399
5400
1359
5405
5406
5407
1355
5412
5413
5414
1356
1361
5419
5420
5421
1362
5426
5427
5428
1350
1357
5433
5434
5435
5446
5448
5450
5451
5460
5462
5464
5466
1353
5446
5449
5451
5452
5453
5455
5457
5458
5490
5491
5494
1360
5440
5441
5442
1354
5447
5448
5449
1356
1361
5454
5455
5456
1363
5461
5462
5463
5468
5469
5470
5475
5476
5477
5482
5483
5484
5489
5490
5491
5496
5497
5498
5503
5504
5505
5510
5511
5512
5517
5518
5519
5524
5525
5526
5531
5532
5533
5538
5539
5540
5545
5546
5547
5552
5553
5554
5559
5560
5561
5565
5566
5569
1375
5573
5574
5575
1377
5580
5581
5582
1368
1382
5894
1378
1383
5622
5623
5625
5896
1374
1422
3276
3278
3281
5593
5595
5597
5598
1376
1388
5587
5588
5589
1373
1374
1389
1424
5895
1377
5594
5595
5596
1378
1391
5586
5589
5591
5592
5622
5624
5626
5896
1426
5897
5601
5602
5603
1401
5608
5609
5610
5615
5616
5617
1404
5622
5623
5624
1380
1395
5629
5630
5631
1402
5636
5637
5638
1383
1384
1385
1400
5898
5904
1383
1385
5905
1404
5678
5679
5682
5908
1405
5685
5686
5689
5901
5902
5909
1390
1391
1392
1400
5880
5904
1390
1392
1448
5881
1401
5643
5644
5645
1391
1392
1450
5906
1403
3852
3853
3856
5642
5644
5646
5648
5671
5672
5675
5884
1404
5642
5645
5647
5648
5678
5680
5683
5908
1452
5885
5910
1397
1398
1399
1400
5880
5898
1397
1399
5882
1402
5650
5651
5652
1398
1399
5899
1403
3887
3888
3891
5649
5651
5653
5655
5671
5673
5676
5884
1405
5649
5652
5654
5655
5685
5687
5690
5901
5886
5903
5670
5671
5675
5676
5677
5678
5682
5683
5684
5685
5689
5690
5657
5658
5659
5664
5665
5666
5671
5672
5673
5678
5679
5680
5685
5686
5687
5691
5692
5695
5698
5699
5702
1414
5705
5706
5709
1415
1428
5713
5714
5715
1429
5720
5721
5722
1432
5727
5728
5729
1434
5734
5735
5736
1414
1416
5912
1415
5706
5709
5711
5913
1416
1417
5713
5715
5717
5914
1420
5917
1419
1420
1428
1435
5770
5771
5773
1419
1420
1437
1443
1433
1440
1444
5804
5805
5807
1441
1428
1435
5741
5742
5743
1426
4467
4469
4472
5754
5756
5758
5759
1431
1449
5748
5749
5750
1426
1438
1450
5761
5764
5766
5767
1432
5755
5756
5757
1439
5740
5742
5744
5746
1433
1440
1453
5762
5763
5764
5769
5770
5771
5776
5777
5778
1462
5783
5784
5785
1463
5790
5791
5792
5797
5798
5799
1466
5804
5805
5806
5811
5812
5813
1439
1440
1441
5742
5743
5746
5914
1439
1441
5915
1440
1441
5925
1439
1440
5895
5926
5897
5916
5762
5764
5766
5929
5917
1444
1445
1446
1461
5918
5924
1444
1446
5925
1466
5860
5861
5864
5929
1467
5867
5868
5871
5921
5922
5930
1451
1452
1453
1461
5924
1451
1452
1463
5818
5819
5820
1452
1453
5926
1465
5056
5057
5060
5817
5819
5821
5823
5853
5854
5857
5928
1466
5763
5764
5767
5817
5820
5822
5823
5860
5862
5865
5929
1458
1459
1460
1461
5918
1458
1460
1459
1460
5919
1464
5825
5826
5827
1465
5091
5092
5095
5824
5826
5828
5830
5853
5855
5858
1467
5824
5827
5829
5830
5867
5869
5872
5921
5923
5852
5853
5857
5858
5859
5860
5864
5865
5866
5867
5871
5872
5832
5833
5834
5839
5840
5841
5846
5847
5848
5853
5854
5855
5860
5861
5862
5867
5868
5869
1472
1473
1474
1472
1474
1795
4011
1472
1473
1502
4012
1473
1474
1503
1796
4013
1505
1799
1479
1480
1481
1482
1492
1479
1480
4053
1479
1481
1485
1509
4054
1480
1481
1493
1510
1487
4055
1494
1488
1495
1513
1486
1487
1488
1486
1488
1515
1486
1487
4060
1487
1488
1517
4061
4062
1520
1491
1495
1528
1491
1494
1492
1494
1495
1494
1495
1531
1534
1498
1499
1521
1529
1498
1499
1532
1527
1504
1505
1506
1514
1521
1504
1506
1816
4095
1504
1505
1516
4096
1505
1506
1524
1817
1518
4097
1519
1526
1527
1820
1511
1512
1513
1514
1529
1511
1512
4102
1511
1513
1517
4103
1512
1513
1531
1518
4104
1532
1520
1534
1518
1519
1520
1519
1520
1518
1519
4109
1518
1520
4110
4111
1525
1526
1527
1525
1526
1525
1527
1823
1526
1527
1824
1826
1533
1534
1532
1533
1534
1532
1533
1532
1534
1537
1541
1537
1540
1605
1538
1540
1541
1549
1540
1541
1550
1608
1553
1609
1554
1546
1547
1548
1549
1547
1548
1655
1977
1546
1548
1551
1614
1978
1546
1547
1615
1657
1553
1616
1658
1555
1980
1553
1554
1555
1553
1554
1641
1553
1555
1642
1984
1554
1555
1985
1644
1987
1560
1562
1560
1561
1562
1563
1560
1561
1564
1607
1561
1562
1608
1567
1569
1610
1567
1568
1569
1567
1569
1634
1567
1568
4830
1568
1569
1635
4831
4832
1638
1572
1576
1598
1605
1572
1575
1573
1600
1575
1576
1591
1601
1575
1576
1592
1607
1595
1597
1603
1611
1581
1582
1583
1591
1582
1583
4837
1581
1582
1593
4838
1581
1583
1595
1596
4839
1588
1589
1590
1591
1601
1588
1590
1676
4844
1588
1589
1594
1628
4845
1589
1590
1602
1629
1678
1596
4846
1597
1603
1631
1604
1680
1595
1596
1597
1595
1597
1634
1595
1596
4851
1596
1597
1636
4852
4853
1639
1600
1603
1647
1600
1604
1690
1601
1603
1604
1603
1604
1650
1693
1652
1694
1609
1611
1647
1609
1610
1611
1633
1640
1648
1610
1611
1634
1609
1610
1641
1644
1651
1638
1645
1639
1652
1616
1617
1618
1640
1648
1617
1618
1704
1991
1616
1618
1642
1992
1616
1617
1649
1706
1644
1651
1653
1707
1646
1994
1623
1624
1625
1633
1640
1623
1625
1998
4886
1623
1624
1635
4887
1624
1625
1643
1999
1637
4888
1638
1645
1646
2002
1630
1631
1632
1633
1648
1630
1632
1718
4893
1630
1631
1636
4894
1631
1632
1650
1720
1637
4895
1639
1652
1653
1722
1637
1638
1639
1638
1639
1637
1638
4900
1637
1639
4901
4902
1644
1645
1646
1644
1645
1644
1646
2005
1645
1646
2006
2008
1651
1652
1651
1652
1653
1651
1653
1740
1652
1653
1741
1742
1658
1659
1660
1658
1660
1844
1659
1660
1705
1845
1658
1659
1706
1708
1847
1665
1666
1667
1668
1665
1667
1907
5250
1665
1666
1671
1712
5251
1666
1667
1713
1908
1673
5252
1674
1715
1911
1672
1673
1674
1672
1674
1725
1672
1673
5257
1673
1674
1726
5258
5259
1729
1679
1680
1681
1682
1692
1679
1680
5299
1679
1681
1685
1719
5300
1680
1681
1693
1720
1687
5301
1694
1688
1695
1723
1686
1687
1688
1686
1688
1725
1686
1687
5306
1687
1688
1727
5307
5308
1730
1691
1695
1738
1691
1694
1692
1694
1695
1694
1695
1741
1744
1700
1702
1738
1700
1701
1702
1724
1731
1739
1701
1702
1725
1700
1701
1732
1735
1743
1729
1736
1730
1744
1707
1708
1709
1731
1739
1707
1709
1921
1708
1709
1733
1922
1707
1708
1740
1742
1735
1743
1737
1924
1714
1715
1716
1724
1731
1714
1716
1928
5341
1714
1715
1726
5342
1715
1716
1734
1929
1728
5343
1729
1736
1737
1932
1721
1722
1723
1724
1739
1721
1722
5348
1721
1723
1727
5349
1722
1723
1741
1728
5350
1742
1730
1744
1728
1729
1730
1729
1730
1728
1729
5355
1728
1730
5356
5357
1735
1736
1737
1735
1736
1735
1737
1935
1736
1737
1936
1938
1743
1744
1742
1743
1744
1742
1743
1742
1744
1749
1750
1751
1750
1751
1858
5691
1749
1750
5692
1749
1751
1859
5693
1863
1756
1757
1758
1757
1758
1865
1756
1758
1866
1756
1757
1868
1763
1764
1765
1763
1765
5698
1763
1764
5699
1764
1765
5700
1770
1771
1772
1787
1771
1772
3086
1770
1772
1770
1771
1788
3087
1791
1792
3088
1777
1778
1779
1787
1777
1778
3093
1778
1779
1810
1777
1779
1789
1811
3094
1792
3095
1793
1814
1784
1785
1786
1787
1785
1786
1830
1784
1786
1784
1785
1790
1832
1791
1793
1834
1791
1792
1793
1791
1792
3100
1792
1793
1837
3101
1791
1793
1839
3102
1841
1798
1799
1800
1801
1798
1799
3135
1799
1800
1817
1798
1800
1802
1818
3136
1806
3137
1807
1821
1805
1806
1807
1806
1807
1838
3149
1805
1807
1839
1805
1806
3150
3151
1842
1812
1813
1814
1836
1812
1813
3184
1813
1814
1812
1814
1837
3185
1840
3186
1841
1819
1820
1821
1822
1836
1819
1820
3191
1820
1821
1824
1819
1821
1838
3192
1840
3193
1826
1828
1842
1826
1827
1828
1829
1826
1827
1826
1828
1827
1828
1831
1833
1835
1833
1834
1835
1836
1833
1834
1833
1835
1834
1835
1839
1841
1842
1840
1841
1842
1840
1841
3198
1840
1842
3199
1841
1842
3200
1847
1848
1849
1850
1847
1849
1977
1847
1848
1922
1848
1849
1851
1923
1979
1854
1925
1856
1981
1854
1855
1856
1854
1856
1956
1854
1855
1957
1971
1855
1856
1972
1959
1973
1861
1862
1863
1871
1899
1862
1863
4298
1861
1863
1872
1861
1862
1900
4299
1875
1903
1904
4300
1876
1868
1869
1870
1871
1892
1868
1870
1868
1869
1873
1869
1870
1893
1876
1877
1897
1898
1875
1876
1877
1878
1875
1876
1876
1877
1875
1877
1879
1882
1884
1882
1883
1884
1892
1899
1882
1884
1883
1884
1894
1943
1882
1883
1901
1944
1903
1896
1905
1946
1897
1889
1890
1891
1892
1899
1889
1891
4305
1890
1891
1895
1950
1889
1890
1902
1951
4306
1904
4307
1896
1905
1953
1898
1896
1897
1898
1897
1898
1970
1896
1897
1957
1971
1896
1898
1958
1960
1974
1903
1904
1905
1903
1904
4312
1903
1905
1964
1904
1905
1965
4313
4314
1967
1910
1911
1912
1913
1910
1911
4347
1911
1912
1929
1910
1912
1914
1930
4348
1918
4349
1919
1933
1917
1918
1919
1918
1919
1963
4361
1917
1919
1964
1917
1918
4362
4363
1968
1924
1925
1926
1934
1955
1924
1926
1991
1924
1925
1935
1925
1926
1956
1993
1938
1939
1959
1961
1995
1931
1932
1933
1934
1962
1931
1932
4396
1932
1933
1936
1931
1933
1963
4397
1966
4398
1938
1940
1968
1938
1939
1940
1941
1938
1939
1938
1940
1939
1940
1942
1945
1947
1945
1946
1947
1955
1962
1945
1947
1945
1946
1957
1946
1947
1964
1959
1960
1967
1968
1952
1953
1954
1955
1962
1952
1954
2012
4403
1953
1954
1958
1952
1953
1965
4404
1966
4405
1960
1967
1961
2015
1959
1960
1961
1959
1961
2017
1959
1960
1960
1961
2018
1966
1967
1968
1966
1968
4410
1967
1968
1966
1967
4411
4412
1973
1974
1975
1974
1975
1973
1974
1973
1975
1980
1981
1982
1983
1980
1981
1980
1982
1984
1992
1981
1982
1993
1987
1988
1996
1987
1988
1989
1987
1988
2005
1987
1989
1988
1989
2007
2009
1994
1995
1996
2004
2016
1994
1995
1994
1996
2005
1995
1996
2017
2008
2018
2009
2019
2001
2002
2003
2004
2001
2002
2002
2003
2006
2001
2003
2008
2010
2008
2009
2010
2008
2009
2008
2010
2009
2010
2014
2015
2016
2014
2015
5243
2014
5244
5245
2018
2018
2019
2018
2019
2024
2025
2026
2650
2657
2024
2026
2126
2651
2024
2025
2025
2026
2128
2658
2655
2662
2129
2656
2663
2031
2032
2033
2763
2770
2774
2032
2033
2105
2133
2764
2031
2032
2106
2031
2033
2134
2775
2779
2108
2768
2773
2136
2769
2780
2038
2039
2040
2827
2834
2841
2038
2039
2120
2147
2828
2038
2040
2121
2835
2039
2040
2148
2842
2122
2832
2839
2150
2833
2846
2840
2847
2045
2046
2047
2995
3002
3009
2046
2047
2259
2280
2996
2045
2046
2260
3003
2045
2047
2281
3010
3006
3013
2262
3000
3008
2283
3001
3015
2052
2053
2054
3044
3051
3058
2052
2053
2287
2309
3045
2052
2054
2288
3052
2053
2054
2310
3059
2290
3049
3056
2311
3050
3063
3057
3064
2057
2061
2391
3086
2057
2060
3093
2058
3088
3095
2060
2061
3089
3096
3114
2060
2061
2395
3115
3099
3119
2396
3092
3120
2064
2067
3135
2064
2068
2224
3142
2065
3137
3144
2067
2068
3138
3145
3163
2067
2068
2227
3164
3141
3168
2228
3148
3169
2071
2074
3184
2071
2075
2188
3191
2072
3186
3193
2074
2075
3187
3194
3212
2074
2075
2192
3213
3190
3217
2193
3197
3218
2080
2081
2082
3240
3247
2080
2082
2196
2081
2082
2155
2197
3241
2080
2081
2156
3248
3252
2157
3245
3253
2199
3246
2087
2088
2089
3324
3331
3338
2088
2089
2203
2245
3325
2087
2088
2168
2204
3332
2087
2089
2169
2247
3339
2171
3336
3343
2206
3329
3337
2248
3330
3344
2094
2095
2096
3373
3380
3387
2094
2096
2399
3374
2094
2095
2175
3381
2095
2096
2176
2401
3388
3378
3385
2178
3386
3392
2402
3379
3393
2101
2102
2103
3452
3459
2102
2103
2101
2103
3453
2101
2102
3460
3457
3464
3465
3458
2108
2109
2110
3484
3491
3495
2108
2109
2161
3485
2108
2110
2109
2110
2162
3496
3488
3493
2164
3490
3500
3501
2115
2116
2117
3527
3534
2115
2116
2175
3528
2115
2117
2407
2116
2117
2177
2408
3535
3532
2179
3533
3539
2409
3540
2122
2123
2124
3570
3577
3584
2123
2124
2210
3571
2122
2123
2211
3578
2122
2124
3585
3581
3588
2213
3575
3583
3576
3590
2129
2130
2131
3619
3626
3633
2129
2130
2154
3620
2130
2131
2155
2197
3627
2129
2131
2198
3634
3623
3637
2159
3625
3631
2201
3632
3639
2136
2137
2138
3682
2136
2137
2161
3683
2136
2138
2137
2138
2163
3686
2165
3688
2143
2144
2145
3710
2143
2144
2168
2204
3711
2143
2145
2170
2274
2144
2145
2205
2275
2172
3715
2207
3716
2276
2150
2151
2152
3738
3745
3752
2150
2151
2211
3739
2150
2152
3746
2151
2152
2212
3753
3742
3749
2214
3744
3757
3751
3758
2157
2158
2159
3780
3787
3794
2158
2159
3781
2157
2159
3788
2157
2158
3795
3791
3798
3784
3799
3785
3792
2164
2165
2166
3899
3906
2164
2165
3900
2164
2166
3907
2165
2166
3903
3910
3904
3912
2171
2172
2173
3934
3941
2171
2172
3935
2171
2173
2330
3942
2172
2173
2331
3938
3945
3939
2332
3947
2178
2179
2180
3969
3976
3983
2178
2179
3970
2178
2180
2421
3977
2179
2180
2422
3984
3973
3980
3974
3987
2423
3982
3989
2183
2187
4046
2183
2186
4053
2184
4048
4055
2186
2187
4049
4056
4074
2186
2187
4075
4058
4078
4052
4080
2190
2193
4095
2190
2194
4102
2191
4097
4104
2193
2194
4098
4105
4123
2193
2194
4124
4100
4127
4107
4128
2199
2200
2201
4151
4158
4165
2199
2200
4152
2199
2201
4159
2200
2201
4166
4155
4162
4156
4169
4163
4170
2206
2207
2208
4214
4221
2206
2208
2378
4215
2206
2207
4222
2207
2208
2380
4218
4225
4226
2381
4220
2213
2214
2215
4256
4263
4270
2213
2215
4257
2213
2214
4264
2214
2215
4271
4260
4267
4268
4274
4262
4276
2218
2222
2426
4298
2218
2221
4305
2219
4300
4307
2221
2222
4301
4308
4326
2221
2222
2430
4327
4311
4331
2431
4304
4332
2225
2229
2357
4347
2225
2228
4354
2226
4349
4356
2228
2229
4350
4357
4375
2228
2229
2360
4376
4360
4379
2362
4353
4381
2232
2236
2370
4396
2232
2235
2350
4403
2233
4398
4405
2235
2236
4399
4406
2235
2236
2353
2374
2354
4409
2375
4402
2241
2242
2243
4466
4473
4480
2241
2243
4467
2241
2242
2323
4474
2242
2243
2324
4481
4471
4477
2326
4479
4485
4472
4486
2248
2249
2250
4515
4522
4529
2248
2250
2378
4516
2249
2250
2329
2379
4523
2248
2249
2330
4530
4519
4533
2333
4527
4535
2382
4521
4528
2255
2256
2257
4564
4571
2256
2257
2434
4565
2255
2256
2343
2255
2257
2344
2436
4572
2346
4576
4569
2437
4570
4577
2262
2263
2264
4613
4620
4627
2262
2263
2336
4614
2262
2264
4621
2263
2264
2337
4628
4617
4624
2339
4619
4632
4626
4633
2269
2270
2271
4655
4662
4669
2270
2271
2315
4656
2269
2270
2316
4663
2269
2271
4670
4666
4673
2320
4660
4668
4661
4675
2276
2277
2278
4732
4739
2277
2278
2329
2379
4733
2276
2277
2331
2276
2278
2380
4740
4743
2334
4737
2383
4738
4745
2283
2284
2285
4767
2283
2284
2336
4768
2283
2285
2284
2285
2338
4771
2340
4773
2290
2291
2292
4795
4802
4809
2290
2291
2386
4796
2290
2292
4803
2291
2292
2387
4810
4799
4806
2388
4801
4814
4808
4815
2295
2299
4837
2295
2298
2364
4844
2296
4839
4846
2298
2299
4840
4847
4865
2298
2299
2367
4866
2368
4850
4870
4843
4871
2302
2305
2349
4886
2302
2306
2371
4893
2303
4888
4895
2305
2306
4889
4896
2305
2306
2353
2374
2355
4892
2376
4899
2311
2312
2313
4935
4942
4949
2312
2313
2385
4936
2311
2312
2386
4943
2311
2313
4950
4946
4953
2389
4940
4948
4941
4955
2318
2319
2320
4984
4991
4998
2318
2320
4985
2319
2320
4992
2318
2319
4999
4988
5002
4995
5003
4989
4996
2325
2326
2327
5033
5040
2325
2327
2325
2326
5034
2326
2327
5041
5037
5038
5044
5046
2332
2333
2334
5117
5124
5131
2333
2334
5118
2332
2333
5125
2332
2334
5132
5128
5135
5121
5129
5122
5136
2339
2340
2341
5166
5173
2339
2340
5167
2339
2341
5174
2340
2341
5170
5177
5171
5179
2346
2347
2348
5201
5208
5215
2346
2347
5202
2346
2348
2442
5209
2347
2348
2443
5216
5205
5212
5206
5219
2444
5214
5221
2351
2355
2351
2354
5243
2352
5245
2354
2355
5246
2354
2355
5248
2358
2361
2358
2362
5250
2359
5252
2361
2362
5253
5271
2361
2362
5272
5275
5255
5276
2365
2369
5292
2365
2368
5299
2366
5294
5301
2368
2369
5295
5302
5320
2368
2369
5321
5304
5324
5298
5326
2372
2375
5341
2372
2376
5348
2373
5343
5350
2375
2376
5344
5351
5369
2375
2376
5370
5346
5373
5353
5374
2381
2382
2383
5474
5481
5488
2381
2382
5475
2382
2383
5482
2381
2383
5489
5478
5492
5479
5485
5486
5493
2388
2389
2390
5523
5530
5537
2389
2390
5524
2388
2389
5531
2388
2390
5538
5534
5541
5527
5535
5529
5543
2393
2396
5565
2393
2397
2394
5567
2396
2397
5568
5572
2396
2397
5573
5571
5576
5578
2402
2403
2404
5600
5607
2402
2403
2413
5601
2403
2404
2414
2420
2402
2404
2421
5608
5604
5611
2417
5606
2424
5613
2409
2410
2411
5635
2410
2411
2414
2420
2409
2410
2415
2409
2411
2422
5636
5639
2418
2425
5641
2416
2417
2418
2416
2417
2417
2418
2416
2418
2423
2424
2425
5656
5663
2424
2425
2423
2424
5657
2423
2425
5664
5660
5667
5661
5668
2428
2431
5691
2428
2432
5698
2429
5693
5700
2431
2432
5694
5701
5719
2431
2432
5720
5697
5723
5704
5725
2437
2438
2439
5775
5782
5789
2437
2439
5776
2438
2439
2441
5783
2437
2438
2442
5790
5779
5793
2445
5787
5795
5781
5788
2444
2445
2446
5831
5838
5845
2445
2446
5832
2444
2445
5839
2444
2446
5846
5842
5849
5835
5843
5836
5850
2451
2452
2453
2454
2451
2453
2686
2736
2451
2452
2687
2708
2452
2453
2455
2710
2738
2689
2458
2711
2459
2739
2458
2459
2460
2458
2459
2729
2750
2458
2460
2730
2459
2460
2751
2732
2753
2465
2466
2467
2465
2467
2912
2947
2465
2466
2913
2926
2466
2467
2928
2949
2915
2929
2950
2470
2473
2470
2474
2475
3087
2471
2477
2473
2474
2478
2496
2473
2474
2497
3090
2500
2480
2501
3091
2477
2480
3100
2477
2481
3150
2478
2480
2481
2482
2480
2481
2483
3104
3153
2486
3105
2487
3154
2486
2487
2488
2489
2496
2486
2487
3108
3157
2487
2488
2491
3159
3270
2486
2488
2498
3110
3271
2501
3111
2494
3160
2495
2502
3272
2493
2494
2495
2493
2494
2553
3178
2494
2495
3179
3304
2493
2495
2555
3305
2556
3181
3307
2500
2501
2502
2500
2501
2623
3129
2501
2502
3130
3311
2500
2502
2625
3312
2626
3132
3314
2505
2508
4018
2505
2509
4060
2506
2508
2509
2510
2508
2509
2511
4022
4064
2514
4023
2515
4065
2514
2515
2516
2514
2515
4026
4068
2514
2516
4028
4195
2515
2516
4070
4196
4029
4071
4197
2519
2522
2629
2519
2523
2531
4299
2520
2533
2522
2523
2534
2559
2522
2523
2560
2633
4302
2563
2634
2536
2564
4303
2526
2529
2526
2530
2532
4355
2527
2533
2529
2530
2534
2552
2529
2530
2553
4358
2556
2537
2557
4359
2533
2536
4312
2533
2537
4362
2534
2536
2537
2538
2536
2537
2539
4316
4365
2542
4317
2543
4366
2542
2543
2544
2552
2559
2542
2543
4320
4369
2543
2544
2554
4370
4460
2542
2544
2561
4322
4462
2564
4323
2557
4372
2558
2565
4463
2549
2550
2551
2552
2559
2549
2550
2549
2551
2555
4468
2550
2551
2562
4469
2556
2563
2558
2565
4470
2556
2557
2558
2556
2557
4383
2557
2558
4384
4488
2556
2558
4489
4386
4491
2563
2564
2565
2563
2564
2637
4341
2564
2565
4342
4502
2563
2565
2639
4503
2640
4344
4505
2568
2572
2568
2571
2574
4838
2569
2575
2571
2572
2576
2587
2571
2572
2588
4841
2579
2591
4842
2593
2575
2578
4830
2575
2579
4851
2576
2578
2579
2580
2578
2579
2581
4834
4855
2584
4835
2585
4856
2584
2585
2586
2587
2584
2585
4859
2584
2586
4909
2585
2586
2589
4861
4910
2591
4862
2592
4911
2591
2592
2593
2591
2593
4880
2591
2592
4881
4929
2592
2593
4930
4883
4932
2598
2599
2600
2598
2600
5027
5097
2598
2599
5029
5063
2599
2600
5064
5099
5030
5065
5100
2603
2606
5257
2603
2607
5306
2604
2606
2607
2608
2606
2607
2609
5261
5310
2612
5262
2613
5311
2612
2613
2614
2615
2612
2613
5265
5314
2612
2614
5266
5433
2613
2614
2617
5316
5435
5268
2619
5317
2620
5436
2619
2620
2621
2619
2621
5335
2619
2620
5336
5461
2620
2621
5462
5338
5464
2626
2627
2628
2626
2627
5580
2627
2628
5581
5594
2626
2628
5595
5583
5597
2631
2634
2631
2635
5692
2632
2634
2635
2636
2634
2635
2637
5695
2640
2641
5696
2640
2641
2642
2640
2641
5727
2641
2642
5728
5755
2640
2642
5756
5730
5758
2647
2648
2649
2664
2671
2678
2647
2648
2665
2758
2801
2648
2649
2672
2802
2821
2647
2649
2679
2759
2822
2668
2682
2760
2669
2675
2803
2676
2683
2824
2654
2655
2656
2664
2678
2655
2656
3423
3620
2654
2655
2666
2765
3424
2654
2656
2680
2766
3621
2668
2682
2767
2670
3426
2684
3623
2661
2662
2663
2671
2678
2662
2663
3634
2661
2662
2674
2829
2661
2663
2681
2830
3635
2676
2683
2831
2677
2684
3637
2668
2669
2670
2668
2669
2786
2807
2668
2670
2787
3431
2669
2670
2808
3432
2789
2810
3433
2675
2676
2677
2675
2676
2814
2849
2675
2677
2815
2676
2677
2850
2817
2852
2682
2683
2684
2682
2683
2793
2856
2682
2684
2794
3642
2683
2684
2857
3643
2796
2859
3644
2689
2690
2691
2696
2700
2689
2690
2697
2757
2689
2691
2800
2690
2691
2701
2758
2801
2698
2699
2704
2761
2705
2804
2694
2695
2696
2700
2694
2695
2702
2771
3443
2699
2704
2772
2706
2698
2699
2698
2699
2782
2783
2704
2705
2706
2704
2705
2786
2807
2704
2706
2788
3444
2705
2706
2809
2790
2811
2711
2712
2713
2721
2728
2711
2712
2800
2712
2713
2722
2802
2821
2711
2713
2729
2823
2732
2725
2805
2726
2733
2825
2718
2719
2720
2721
2728
2719
2720
2718
2719
2724
2836
2718
2720
2731
2837
2726
2733
2838
2727
2734
2725
2726
2727
2725
2726
2814
2849
2725
2727
2816
2726
2727
2851
2818
2853
2732
2733
2734
2732
2733
2863
2732
2734
2733
2734
2864
2866
2739
2740
2741
2742
2749
2739
2740
2757
2740
2741
2743
2759
2822
2739
2741
2750
2823
2753
2746
2762
2747
2754
2826
2746
2747
2748
2746
2747
2793
2856
2746
2748
2795
3663
2747
2748
2858
3664
2797
2860
3665
2753
2754
2755
2753
2754
2863
2753
2755
2754
2755
2865
2867
2760
2761
2762
2781
2785
2792
2761
2762
2782
2760
2761
2786
2760
2762
2793
2789
2796
2783
2790
2784
2797
2767
2768
2769
2785
2792
2768
2769
3485
3683
2767
2768
2787
3486
2767
2769
2794
3684
2789
2796
2791
3488
2798
3686
2772
2773
2781
2785
2772
2773
2788
3492
2783
2790
2791
3493
2778
2779
2780
2781
2792
2779
2780
2778
2779
2778
2780
2795
2784
2797
2798
2783
2784
2783
2784
2789
2790
2791
2789
2790
2789
2791
3504
2790
2791
3505
3506
2796
2797
2798
2796
2797
2796
2798
3691
2797
2798
3692
3693
2803
2804
2805
2806
2813
2804
2805
2803
2804
2807
2803
2805
2814
2810
2817
2811
2818
2810
2811
2812
2810
2811
2810
2812
3548
2811
2812
2817
2818
2819
2817
2818
2817
2819
2818
2819
2824
2825
2826
2848
2855
2862
2824
2825
2849
2824
2826
2856
2825
2826
2863
2852
2859
2853
2866
2860
2867
2831
2832
2833
2848
2855
2832
2833
3578
3739
2831
2832
2850
3579
2831
2833
2857
3740
2852
2859
2854
3581
2861
3742
2838
2839
2840
2848
2862
2839
2840
3585
2838
2839
2851
3586
2838
2840
2864
2853
2866
2854
3588
2868
2845
2846
2847
2855
2862
2846
2847
3746
2845
2846
2858
3747
2845
2847
2865
2860
2867
2861
3749
2868
2852
2853
2854
2852
2853
2852
2854
3593
2853
2854
3594
3595
2859
2860
2861
2859
2860
2859
2861
3761
2860
2861
3762
3763
2866
2867
2868
2866
2867
2866
2868
2867
2868
2873
2874
2875
2890
2897
2904
2873
2874
2891
2976
2990
2874
2875
2898
2991
3038
2873
2875
2905
2977
3039
2894
2908
2978
2895
2901
2992
2902
2909
3041
2880
2881
2882
2890
2897
2881
2882
4593
4663
2880
2881
2893
2997
4594
2880
2882
2899
2998
4664
2895
2901
2999
2896
4596
2903
4666
2887
2888
2889
2897
2904
2888
2889
4670
2887
2888
2900
3046
4671
2887
2889
2907
3047
2902
2909
3048
2903
4673
2910
2894
2895
2896
2894
2895
3024
2894
2896
4601
2895
2896
3025
4602
3027
4603
2901
2902
2903
2901
2902
3031
3066
2901
2903
3032
4678
2902
2903
3067
4679
3034
3069
4680
2908
2909
2910
2908
2909
2982
3073
2908
2910
2983
2909
2910
3074
2985
3076
2915
2916
2917
2918
2915
2916
2975
2915
2917
2919
2989
2916
2917
2976
2990
2922
2979
2924
2993
2922
2923
2924
2922
2924
3017
2922
2923
2923
2924
3018
3021
2929
2930
2931
2932
2939
2929
2930
2989
2930
2931
2933
2991
3038
2929
2931
2940
3040
2943
2936
2994
2937
2944
3042
2936
2937
2938
2936
2937
3031
3066
2936
2938
3033
4699
2937
2938
3068
4700
3035
3070
4701
2943
2944
2945
2943
2944
3080
2943
2945
2944
2945
3081
3083
2950
2951
2952
2960
2967
2950
2951
2975
2951
2952
2961
2977
3039
2950
2952
2968
3040
2971
2964
2980
2965
2972
3043
2957
2958
2959
2960
2967
2958
2959
4915
2957
2958
2963
3060
4916
2957
2959
2970
3061
2965
2972
3062
2966
4918
2973
2964
2965
2966
2964
2965
2982
3073
2964
2966
2984
4923
2965
2966
3075
4924
2986
3077
4925
2971
2972
2973
2971
2972
3080
2971
2973
2972
2973
3082
3084
2978
2979
2980
2981
2979
2980
2978
2979
2978
2980
2982
2985
2986
2985
2986
2987
2985
2986
2985
2987
2986
2987
2992
2993
2994
3016
3023
3030
2993
2994
3017
2992
2993
3024
2992
2994
3031
3027
3034
3021
3028
3022
3035
2999
3000
3001
3023
3030
3000
3001
4614
4768
2999
3000
3025
4615
2999
3001
3032
4769
3027
3034
3029
4617
3036
4771
3006
3007
3008
3016
3023
3006
3008
4621
3006
3007
3018
3007
3008
3026
4622
3020
3021
3028
3029
4624
3013
3014
3015
3016
3030
3013
3015
3013
3014
3019
3014
3015
3033
3020
3022
3035
3036
3020
3021
3022
3021
3022
3020
3021
3020
3022
3027
3028
3029
3027
3028
3027
3029
4636
3028
3029
4637
4638
3034
3035
3036
3034
3035
3034
3036
4776
3035
3036
4777
4778
3041
3042
3043
3065
3072
3079
3041
3042
3066
3041
3043
3073
3042
3043
3080
3069
3076
3070
3083
3077
3084
3048
3049
3050
3065
3072
3049
3050
4796
4943
3048
3049
3067
4797
3048
3050
3074
4944
3069
3076
3071
4799
3078
4946
3055
3056
3057
3065
3079
3056
3057
4803
3055
3056
3068
4804
3055
3057
3081
3070
3083
3071
4806
3085
3062
3063
3064
3072
3079
3063
3064
4950
3062
3063
3075
4951
3062
3064
3082
3077
3084
3078
4953
3085
3069
3070
3071
3069
3070
3069
3071
4818
3070
3071
4819
4820
3076
3077
3078
3076
3077
3076
3078
4958
3077
3078
4959
4960
3083
3084
3085
3083
3084
3083
3085
3084
3085
3088
3092
5565
3088
3091
3100
3089
3102
3091
3092
3103
3128
3091
3092
3129
5569
3105
3132
3134
5571
3095
3099
3095
3098
3101
3185
3096
3102
3098
3099
3103
3121
3098
3099
3122
3188
3106
3125
3189
3127
3102
3105
3102
3106
3198
3103
3105
3106
3107
3105
3106
3108
3202
3111
3112
3203
3111
3112
3113
3121
3128
3111
3112
3206
3112
3113
3123
3207
3367
3111
3113
3130
3369
3132
3125
3209
3126
3133
3370
3118
3119
3120
3121
3128
3119
3120
5573
3118
3119
3124
3375
3118
3120
3131
3376
5574
3126
3133
3377
3127
3134
5576
3125
3126
3127
3125
3127
3220
3125
3126
3221
3395
3126
3127
3396
3223
3398
3132
3133
3134
3132
3134
5580
3132
3133
3409
3133
3134
3410
5582
3412
5584
3137
3141
4011
3137
3140
3149
3192
3138
3151
3140
3141
3152
3170
3140
3141
3171
3195
4015
3155
3174
3196
3176
4016
3144
3148
4354
3144
3147
3150
3145
3151
3147
3148
3152
3177
3147
3148
3178
4358
3154
3181
3183
4360
3151
3155
3199
3151
3154
3152
3154
3155
3156
3154
3155
3157
3202
3160
3161
3204
3160
3161
3162
3170
3177
3160
3161
3206
3161
3162
3172
3208
3319
3160
3162
3179
3320
3181
3174
3210
3175
3182
3321
3167
3168
3169
3170
3177
3168
3169
4033
4376
3167
3168
3173
3326
4034
3167
3169
3180
3327
4377
3175
3182
3328
3176
4036
3183
4379
3174
3175
3176
3174
3176
3227
4040
3174
3175
3228
3353
3175
3176
3354
4042
3230
3356
4043
3181
3182
3183
3181
3183
4383
3181
3182
3360
3182
3183
3361
4385
3363
4387
3186
3190
3186
3189
3198
3187
3200
3189
3190
3201
3219
3189
3190
3220
3203
3223
3225
3193
3197
4095
3193
3196
3199
3194
3200
3196
3197
3201
3226
3196
3197
3227
4099
3204
3230
3232
4100
3200
3203
3200
3204
3201
3203
3204
3205
3203
3204
3206
3209
3210
3209
3210
3211
3219
3226
3209
3210
3209
3211
3221
3234
3210
3211
3228
3236
3223
3230
3224
3231
3237
3216
3217
3218
3219
3226
3217
3218
4124
3216
3217
3222
3216
3218
3229
4125
3224
3231
3225
3232
4127
3223
3224
3225
3223
3225
3223
3224
3224
3225
3230
3231
3232
3230
3232
4131
3230
3231
3262
3231
3232
3263
4133
3265
4134
3237
3238
3239
3254
3261
3237
3239
3367
3238
3239
3255
3318
3368
3237
3238
3262
3319
3265
3258
3266
3322
3259
3371
3244
3245
3246
3254
3261
3245
3246
3788
4159
3244
3245
3256
3333
3789
3244
3246
3264
3334
4160
3258
3266
3335
3260
3791
3267
4162
3251
3252
3253
3254
3252
3253
3795
3251
3252
3382
3251
3253
3257
3383
3796
3259
3384
3260
3798
3258
3259
3260
3258
3259
3346
3402
3258
3260
3347
3803
3259
3260
3403
3804
3349
3405
3805
3265
3266
3267
3265
3266
3353
3265
3267
4174
3266
3267
3355
4175
3357
4176
3272
3273
3274
3296
3303
3310
3273
3274
3297
3318
3368
3272
3273
3304
3320
3272
3274
3311
3369
3307
3314
3300
3308
3323
3301
3315
3372
3279
3280
3281
3303
3310
3280
3281
4467
3279
3280
3305
4468
3279
3281
3312
3307
3314
3309
4471
3316
3286
3287
3288
3296
3303
3287
3288
3830
4474
3286
3287
3298
3340
3831
3286
3288
3306
3341
4475
3300
3308
3342
3302
3833
3309
4477
3293
3294
3295
3296
3310
3294
3295
3837
5587
3293
3294
3299
3389
3838
3293
3295
3313
3390
5588
3301
3315
3391
3302
3840
3316
5590
3300
3301
3302
3300
3301
3346
3402
3300
3302
3348
3845
3301
3302
3404
3846
3350
3406
3847
3307
3308
3309
3307
3308
3360
3307
3309
4489
3308
3309
3362
4490
3364
4492
3314
3315
3316
3314
3315
3409
3314
3316
5595
3315
3316
3411
5596
3413
5598
3321
3322
3323
3345
3352
3359
3322
3323
3346
3321
3322
3353
3321
3323
3360
3356
3363
3349
3357
3350
3364
3328
3329
3330
3352
3359
3329
3330
4215
4516
3328
3329
3354
4216
3328
3330
3361
4517
3356
3363
3358
4218
3365
4519
3335
3336
3337
3345
3352
3336
3337
3935
4222
3335
3336
3347
3936
3335
3337
3355
4223
3349
3357
3351
3938
3358
4225
3342
3343
3344
3345
3359
3343
3344
3942
4530
3342
3343
3348
3943
3342
3344
3362
4531
3350
3364
3351
3945
3365
4533
3349
3350
3351
3349
3350
3349
3351
3950
3350
3351
3951
3952
3356
3357
3358
3356
3357
3356
3358
4230
3357
3358
4231
4232
3363
3364
3365
3363
3364
3363
3365
4538
3364
3365
4539
4540
3370
3371
3372
3394
3401
3408
3370
3371
3395
3371
3372
3402
3370
3372
3409
3398
3412
3399
3405
3406
3413
3377
3378
3379
3394
3408
3378
3379
5601
3377
3378
3396
3377
3379
3410
5602
3398
3412
3400
3414
5604
3384
3385
3386
3394
3401
3385
3386
3970
3384
3385
3397
3384
3386
3403
3971
3399
3405
3400
3407
3973
3391
3392
3393
3401
3408
3392
3393
3977
5608
3391
3392
3404
3978
3391
3393
3411
5609
3406
3413
3407
3980
3414
5611
3398
3399
3400
3398
3399
3398
3400
3399
3400
3405
3406
3407
3405
3406
3405
3407
3992
3406
3407
3993
3994
3412
3413
3414
3412
3413
3412
3414
5616
3413
3414
5617
5618
3419
3420
3421
3429
3436
3419
3421
3430
3478
3420
3421
3521
3419
3420
3437
3479
3522
3434
3440
3481
3441
3524
3435
3426
3427
3428
3429
3436
3426
3428
3781
3426
3427
3431
3486
3427
3428
3438
3487
3782
3433
3434
3440
3489
3442
3784
3433
3434
3435
3434
3435
3503
3433
3434
3504
3433
3435
3548
3507
3440
3441
3442
3440
3441
3510
3542
3440
3442
3511
3810
3441
3442
3543
3811
3513
3545
3812
3444
3492
3505
3449
3450
3451
3466
3473
3450
3451
3467
3479
3522
3449
3451
3523
3449
3450
3474
3480
3475
3470
3476
3483
3471
3526
3456
3457
3458
3466
3473
3457
3458
3865
3456
3457
3468
3497
3866
3456
3458
3498
3470
3476
3499
3472
3868
3463
3464
3465
3466
3464
3465
3872
5629
3463
3464
3469
3536
3873
3463
3465
3537
5630
3471
3538
3472
3875
5632
3470
3471
3472
3470
3471
3510
3542
3470
3472
3512
3880
3471
3472
3544
3881
3514
3546
3882
3475
3476
3475
3476
3517
3519
3481
3482
3483
3502
3509
3516
3481
3482
3503
3481
3483
3510
3482
3483
3517
3507
3513
3508
3518
3514
3519
3488
3489
3490
3502
3509
3488
3490
3900
3488
3489
3504
3489
3490
3511
3901
3506
3507
3513
3515
3903
3493
3494
3502
3516
3493
3494
3505
3506
3508
3518
3499
3500
3501
3509
3516
3500
3501
3907
3499
3500
3512
3908
3499
3501
3514
3519
3515
3910
3506
3507
3508
3507
3508
3506
3507
3506
3508
3513
3514
3515
3513
3514
3513
3515
3915
3514
3515
3916
3917
3518
3519
3518
3519
3524
3525
3526
3541
3524
3525
3524
3526
3542
3525
3526
3545
3546
3531
3532
3533
3541
3532
3533
3970
3531
3532
3531
3533
3543
3972
3545
3547
3974
3538
3539
3540
3541
3539
3540
3984
5636
3538
3539
3544
3985
3538
3540
5637
3546
3547
3987
5639
3545
3546
3547
3545
3546
3545
3547
3999
3546
3547
4000
4001
3553
3554
3555
3556
3554
3555
4075
3553
3554
3559
3572
4076
3553
3555
3573
3561
3574
3562
4078
3560
3561
3562
3560
3562
3564
4082
3560
3561
3565
3599
3561
3562
3600
4084
3567
3602
4085
3567
3568
3569
3567
3569
4138
3567
3568
3568
3569
4140
4141
3574
3575
3576
3598
3605
3575
3576
4257
3574
3575
3600
4258
3574
3576
3607
3602
3609
3604
4260
3611
3581
3582
3583
3591
3598
3581
3583
4264
3581
3582
3593
3582
3583
3601
4265
3595
3596
3603
3604
4267
3588
3589
3590
3591
3605
3588
3590
3588
3589
3594
3589
3590
3608
3595
3597
3610
3611
3595
3596
3597
5931
3596
3597
5932
3595
3596
3595
3597
5936
5937
3602
3603
3604
5931
3602
3603
5933
3602
3604
4279
3603
3604
4280
5935
5936
4281
3609
3610
3611
5931
3609
3610
5934
3609
3611
3610
3611
5935
5937
3616
3617
3618
3640
3647
3654
3616
3618
3641
3676
3732
3616
3617
3648
3677
3704
3617
3618
3655
3705
3733
3645
3651
3679
3652
3658
3707
3646
3659
3735
3623
3624
3625
3640
3647
3623
3625
3781
3623
3624
3642
3684
3624
3625
3649
3685
3783
3644
3645
3651
3687
3653
3785
3630
3631
3632
3647
3654
3631
3632
3788
4159
3630
3631
3650
3712
3790
3630
3632
3656
3713
4161
3652
3658
3714
3653
3792
3660
4163
3637
3638
3639
3640
3654
3637
3639
4166
3637
3638
3643
3740
3638
3639
3657
3741
4168
3644
3646
3659
3743
3660
4170
3644
3645
3646
3645
3646
3690
3760
3644
3645
3691
3644
3646
3761
3694
3764
3651
3652
3653
3651
3652
3697
3718
3651
3653
3698
3817
3652
3653
3719
3818
3700
3721
3819
3658
3659
3660
3658
3659
3725
3767
3658
3660
3726
4188
3659
3660
3768
4189
3728
3770
4190
3665
3666
3667
3666
3667
3690
3760
3665
3666
3692
3665
3667
3762
3695
3765
3672
3673
3674
3672
3673
3725
3767
3672
3674
3727
4202
3673
3674
3769
4203
3729
3771
4204
3679
3680
3681
3689
3696
3679
3680
3690
3679
3681
3697
3680
3681
3694
3700
3695
3701
3686
3687
3688
3689
3696
3686
3688
3900
3686
3687
3691
3687
3688
3698
3902
3693
3694
3700
3702
3904
3693
3694
3695
3694
3695
3693
3694
3693
3695
3700
3701
3702
3700
3701
3700
3702
3922
3701
3702
3923
3924
3707
3708
3709
3717
3724
3707
3708
3718
3707
3709
3725
3708
3709
3721
3728
3722
3729
3714
3715
3716
3717
3724
3715
3716
3935
4222
3714
3715
3719
3937
3714
3716
3726
4224
3721
3728
3723
3939
3730
4226
3721
3722
3723
3721
3722
3721
3723
3957
3722
3723
3958
3959
3728
3729
3730
3728
3729
3728
3730
4237
3729
3730
4238
4239
3735
3736
3737
3759
3766
3735
3736
3760
3735
3737
3767
3736
3737
3764
3770
3765
3771
3742
3743
3744
3759
3766
3742
3744
4264
3742
3743
3761
3743
3744
3768
4266
3763
3764
3770
3772
4268
3749
3750
3751
3759
3749
3751
3749
3750
3762
3750
3751
3763
3765
3756
3757
3758
3766
3757
3758
4271
3756
3757
3769
4272
3756
3758
3771
3772
4274
3763
3764
3765
3764
3765
3763
3764
3763
3765
3770
3771
3772
3770
3771
3770
3772
4286
3771
3772
4287
4288
3777
3778
3779
3801
3808
3815
3778
3779
3802
3928
3963
3777
3779
3809
3893
3964
3777
3778
3816
3894
3929
3813
3820
3896
3806
3821
3931
3807
3814
3966
3784
3785
3786
3808
3815
3784
3785
3784
3786
3810
3901
3785
3786
3817
3902
3812
3819
3813
3820
3905
3791
3792
3793
3801
3815
3791
3792
3791
3793
3803
3936
3792
3793
3818
3937
3805
3819
3806
3821
3940
3798
3799
3800
3801
3808
3798
3799
3798
3800
3804
3971
3799
3800
3811
3972
3805
3812
3807
3814
3975
3805
3806
3807
3806
3807
3949
3991
3805
3806
3950
3805
3807
3992
3953
3995
3812
3813
3814
3813
3814
3914
3998
3812
3813
3915
3812
3814
3999
3918
4002
3819
3820
3821
3820
3821
3921
3956
3819
3820
3922
3819
3821
3957
3925
3960
3826
3827
3828
3843
3850
3827
3828
3844
3928
3963
3826
3827
3930
3826
3828
3851
3965
3854
3848
3932
3849
3855
3967
3833
3834
3835
3843
3833
3835
5034
3833
3834
3845
3943
3834
3835
3944
5035
3847
3848
3946
5037
3840
3841
3842
3843
3850
3840
3842
5643
3840
3841
3846
3978
3841
3842
3853
3979
5644
3847
3849
3855
3981
3856
5646
3847
3848
3849
3848
3849
3949
3991
3847
3848
3951
3847
3849
3993
3954
3996
3854
3855
3856
3854
3855
4005
3854
3856
3855
3856
4006
4008
3861
3862
3863
3878
3885
3862
3863
3879
3893
3964
3861
3863
3886
3965
3861
3862
3895
3889
3883
3897
3884
3890
3968
3868
3869
3870
3878
3868
3870
3868
3869
3880
3908
3869
3870
3909
3882
3883
3911
3875
3876
3877
3878
3885
3875
3877
5650
3875
3876
3881
3985
3876
3877
3888
3986
5651
3882
3884
3890
3988
3891
5653
3882
3883
3884
3883
3884
3914
3998
3882
3883
3916
3882
3884
4000
3919
4003
3889
3890
3891
3889
3890
4005
3889
3891
3890
3891
4007
4009
3896
3897
3898
3913
3920
3896
3897
3914
3896
3898
3921
3897
3898
3918
3925
3919
3926
3903
3904
3905
3913
3920
3903
3904
3903
3905
3915
3904
3905
3922
3917
3924
3918
3925
3910
3911
3912
3913
3910
3912
3910
3911
3916
3911
3912
3917
3919
3917
3918
3919
3918
3919
3917
3918
3917
3919
3924
3925
3926
3925
3926
3924
3925
3924
3926
3931
3932
3933
3948
3955
3931
3932
3949
3931
3933
3956
3932
3933
3953
3960
3954
3961
3938
3939
3940
3948
3955
3938
3939
3938
3940
3950
3939
3940
3957
3952
3959
3953
3960
3945
3946
3947
3948
3945
3947
5125
3945
3946
3951
3946
3947
5126
3952
3954
5128
3952
3953
3954
3953
3954
3952
3953
3952
3954
3959
3960
3961
3960
3961
3959
3960
3959
3961
3966
3967
3968
3990
3997
4004
3966
3967
3991
3966
3968
3998
3967
3968
4005
3995
4002
3996
4008
4003
4009
3973
3974
3975
3990
3997
3973
3974
3973
3975
3992
3974
3975
3999
3994
4001
3995
4002
3980
3981
3982
3990
4004
3980
3982
5657
3980
3981
3993
3981
3982
4006
5658
3994
3996
4008
4010
5660
3987
3988
3989
3997
4004
3987
3989
5664
3987
3988
4000
3988
3989
4007
5665
4001
4003
4009
4010
5667
3994
3995
3996
3995
3996
3994
3995
3994
3996
4001
4002
4003
4002
4003
4001
4002
4001
4003
4008
4009
4010
4008
4009
4008
4010
5672
4009
4010
5673
5674
4013
4016
4013
4017
4019
4096
4014
4020
4016
4017
4021
4039
4016
4017
4040
4099
4043
4024
4044
4101
4020
4023
4020
4024
4109
4021
4023
4024
4025
4023
4024
4026
4113
4029
4030
4114
4029
4030
4031
4039
4029
4030
4117
4030
4031
4041
4118
4208
4029
4031
4210
4044
4120
4045
4211
4036
4037
4038
4039
4036
4038
5272
4036
4037
4042
4216
4037
4038
4217
5273
4043
4045
4219
5275
4043
4044
4045
4043
4044
4131
4044
4045
4132
4229
4043
4045
4230
4135
4233
4048
4052
4048
4051
4060
4049
4062
4051
4052
4063
4088
4051
4052
4089
4065
4092
4094
4055
4058
4055
4059
4061
4103
4056
4062
4058
4059
4063
4081
4058
4059
4082
4106
4085
4066
4086
4108
4062
4065
4062
4066
4110
4063
4065
4066
4067
4065
4066
4068
4113
4071
4072
4115
4071
4072
4073
4081
4088
4071
4072
4117
4072
4073
4083
4119
4250
4071
4073
4090
4252
4092
4086
4121
4087
4093
4253
4078
4079
4080
4081
4088
4078
4080
4078
4079
4084
4258
4079
4080
4091
4259
4085
4087
4093
4261
4094
4085
4086
4087
4085
4086
4138
4086
4087
4139
4278
4085
4087
4279
4142
4282
4092
4093
4094
4092
4094
4092
4093
4292
4093
4094
4293
4295
4097
4100
4097
4101
4109
4098
4111
4100
4101
4112
4130
4100
4101
4131
4134
4114
4135
4104
4107
4104
4108
4110
4105
4111
4107
4108
4112
4137
4107
4108
4138
4141
4115
4142
4111
4114
4111
4115
4112
4114
4115
4116
4114
4115
4117
4120
4121
4120
4121
4122
4130
4137
4120
4121
4120
4122
4132
4145
4121
4122
4139
4146
4135
4142
4136
4143
4148
4127
4128
4129
4130
4137
4127
4128
4127
4129
4133
4153
4128
4129
4140
4154
4134
4141
4136
4143
4157
4134
4135
4136
4134
4135
4135
4136
4173
4134
4136
4174
4177
4141
4142
4143
4141
4142
4142
4143
4180
4141
4143
4181
4184
4148
4149
4150
4172
4179
4186
4148
4149
4173
4208
4148
4150
4180
4250
4149
4150
4187
4209
4251
4177
4184
4178
4191
4212
4185
4192
4254
4155
4156
4157
4172
4179
4155
4156
4155
4157
4174
4156
4157
4181
4176
4183
4177
4184
4162
4163
4164
4172
4186
4162
4163
4162
4164
4175
4223
4163
4164
4188
4224
4176
4190
4178
4191
4227
4169
4170
4171
4179
4186
4169
4170
4169
4171
4182
4265
4170
4171
4189
4266
4183
4190
4185
4192
4269
4176
4177
4178
4177
4178
4229
4176
4177
4176
4178
4231
4234
4183
4184
4185
4184
4185
4278
4183
4184
4183
4185
4280
4283
4190
4191
4192
4191
4192
4236
4285
4190
4191
4237
4190
4192
4286
4240
4289
4197
4198
4199
4200
4198
4199
4201
4209
4251
4197
4198
4210
4197
4199
4252
4205
4213
4206
4255
4204
4205
4206
4205
4206
4236
4285
4204
4205
4238
4204
4206
4287
4241
4290
4211
4212
4213
4228
4235
4242
4211
4212
4229
4212
4213
4236
4211
4213
4243
4233
4246
4234
4240
4241
4247
4218
4219
4220
4228
4242
4218
4220
5475
4218
4219
4230
4219
4220
4244
5476
4232
4233
4246
4248
5478
4225
4226
4227
4228
4235
4225
4226
4225
4227
4231
4226
4227
4237
4232
4239
4234
4240
4232
4233
4234
4233
4234
4232
4233
4232
4234
4239
4240
4241
4240
4241
4239
4240
4239
4241
4246
4247
4248
4246
4247
4246
4248
5497
4247
4248
5498
5499
4253
4254
4255
4277
4284
4291
4253
4254
4278
4254
4255
4285
4253
4255
4292
4282
4295
4283
4289
4290
4296
4260
4261
4262
4277
4291
4260
4262
4260
4261
4279
4261
4262
4293
4281
4282
4295
4297
4267
4268
4269
4277
4284
4267
4268
4267
4269
4280
4268
4269
4286
4281
4288
4283
4289
4274
4275
4276
4284
4291
4274
4276
4274
4275
4287
4275
4276
4294
4288
4290
4296
4297
4281
4282
4283
4282
4283
4281
4282
4281
4283
4288
4289
4290
4289
4290
4288
4289
4288
4290
4295
4296
4297
4295
4296
4295
4297
4296
4297
4300
4304
5691
4300
4303
4312
4301
4314
4303
4304
4315
4340
4303
4304
4341
5695
4317
4344
4346
5697
4307
4311
4307
4310
4313
4404
4308
4314
4310
4311
4315
4333
4310
4311
4334
4407
4318
4337
4408
4339
4314
4317
4314
4318
4411
4315
4317
4318
4319
4317
4318
4320
4414
4323
4324
4415
4323
4324
4325
4333
4340
4323
4324
4418
4324
4325
4335
4419
4559
4323
4325
4342
4560
4344
4337
4421
4338
4345
4561
4330
4331
4332
4333
4340
4331
4332
5720
4330
4331
4336
4566
4330
4332
4343
4567
5721
4338
4345
4568
4339
4346
5723
4337
4338
4339
4337
4339
4337
4338
4338
4339
4344
4345
4346
4344
4346
5727
4344
4345
4586
4345
4346
4587
5729
4589
5731
4349
4353
5250
4349
4352
4361
4397
4350
4363
4352
4353
4364
4389
4352
4353
4390
4400
5254
4367
4393
4401
4395
5255
4356
4360
4356
4359
4362
4357
4363
4359
4360
4364
4382
4359
4360
4383
4366
4386
4387
4363
4367
4410
4363
4366
4364
4366
4367
4368
4366
4367
4369
4414
4372
4373
4416
4372
4373
4374
4382
4389
4372
4373
4418
4372
4374
4384
4509
4373
4374
4391
4420
4511
4386
4393
4422
4388
4394
4512
4379
4380
4381
4382
4389
4379
4381
5272
4379
4380
4385
4517
4380
4381
4392
4518
5274
4387
4388
4394
4520
4395
5276
4386
4387
4388
4386
4387
4386
4388
4537
4387
4388
4538
4541
4393
4394
4395
4393
4395
4425
5286
4393
4394
4426
4551
4394
4395
4552
5288
4428
4554
5289
4398
4402
5341
4398
4401
4410
4399
4412
4401
4402
4413
4424
4401
4402
4425
5345
4416
4428
4430
5346
4405
4409
5243
4405
4408
4411
4406
4412
4408
4409
4413
4408
4409
5247
4415
5248
4412
4416
4412
4415
4413
4415
4416
4417
4415
4416
4418
4421
4422
4421
4422
4423
4424
4421
4422
4421
4423
4433
4422
4423
4426
4434
4428
4429
4435
4428
4429
4430
4428
4430
5377
4428
4429
4453
4429
4430
4454
5379
4456
5380
4435
4436
4437
4445
4452
4436
4437
4446
4510
4558
4435
4437
4559
4435
4436
4453
4511
4456
4449
4457
4513
4450
4562
4442
4443
4444
4445
4452
4443
4444
4985
5398
4442
4443
4447
4524
4986
4442
4444
4455
4525
5399
4449
4457
4526
4451
4988
4458
5401
4449
4450
4451
4449
4450
4544
4579
4449
4451
4545
5007
4450
4451
4580
5008
4547
4582
5009
4456
4457
4458
4456
4457
4551
4456
4458
5413
4457
4458
4553
5414
4555
5415
4463
4464
4465
4487
4494
4501
4463
4464
4488
4509
4464
4465
4495
4510
4558
4463
4465
4502
4560
4491
4505
4493
4498
4514
4499
4506
4563
4470
4471
4472
4487
4501
4471
4472
4470
4471
4489
4470
4472
4503
4491
4505
4492
4507
4477
4478
4479
4487
4494
4477
4479
5034
4477
4478
4490
4531
4478
4479
4496
4532
5036
4492
4493
4498
4534
4500
5038
4484
4485
4486
4494
4501
4485
4486
5041
5748
4484
4485
4497
4573
5042
4484
4486
4504
4574
5749
4499
4506
4575
4500
5044
4507
5751
4491
4492
4493
4491
4493
4537
4491
4492
4492
4493
4539
4542
4498
4499
4500
4498
4499
4544
4579
4498
4500
4546
5049
4499
4500
4581
5050
4548
4583
5051
4505
4506
4507
4505
4506
4586
4505
4507
5756
4506
4507
4588
5757
4590
5759
4512
4513
4514
4536
4543
4550
4512
4514
4537
4513
4514
4544
4512
4513
4551
4541
4554
4547
4555
4542
4548
4519
4520
4521
4536
4550
4519
4521
5475
4519
4520
4538
4520
4521
4552
5477
4540
4541
4554
4556
5479
4526
4527
4528
4543
4550
4527
4528
5118
5482
4526
4527
4545
5119
4526
4528
4553
5483
4547
4555
4549
5121
4556
5485
4533
4534
4535
4536
4543
4533
4535
5125
4533
4534
4539
4534
4535
4546
5127
4540
4542
4548
4549
5129
4540
4541
4542
4541
4542
4540
4541
4540
4542
4547
4548
4549
4547
4548
4547
4549
5147
4548
4549
5148
5149
4554
4555
4556
4554
4555
4554
4556
5504
4555
4556
5505
5506
4561
4562
4563
4578
4585
4562
4563
4579
4561
4562
4561
4563
4586
4589
4582
4583
4590
4568
4569
4570
4585
4569
4570
5776
4568
4569
4568
4570
4587
5777
4589
4591
5779
4575
4576
4577
4578
4585
4576
4577
5209
5790
4575
4576
4581
5210
4575
4577
4588
5791
4583
4590
4584
5212
4591
5793
4582
4583
4584
4582
4583
4582
4584
5224
4583
4584
5225
5226
4589
4590
4591
4589
4590
4589
4591
5798
4590
4591
5799
5800
4596
4597
4598
4599
4606
4596
4598
4992
4596
4597
4602
4615
4597
4598
4608
4616
4993
4603
4605
4610
4618
4612
4995
4603
4604
4605
4604
4605
4635
4603
4604
4603
4605
4636
4639
4610
4611
4612
4610
4611
4642
4610
4612
4643
5014
4611
4612
5015
4645
5016
4617
4618
4619
4634
4641
4617
4619
5167
4617
4618
4636
4618
4619
4643
5168
4638
4639
4645
4647
5170
4624
4625
4626
4634
4624
4626
4624
4625
4637
4625
4626
4638
4640
4631
4632
4633
4641
4632
4633
5174
4631
4632
4644
5175
4631
4633
4646
4647
5177
4638
4639
4640
4639
4640
4638
4639
4638
4640
4645
4646
4647
4645
4646
4645
4647
5182
4646
4647
5183
5184
4652
4653
4654
4676
4683
4690
4653
4654
4677
4761
4789
4652
4653
4684
4727
4762
4652
4654
4691
4728
4790
4687
4694
4729
4681
4688
4764
4682
4695
4792
4659
4660
4661
4683
4690
4660
4661
4985
5398
4659
4660
4685
4734
4987
4659
4661
4692
4735
5400
4687
4694
4736
4689
4989
4696
5402
4666
4667
4668
4676
4683
4666
4668
4992
4666
4667
4678
4769
4667
4668
4686
4770
4994
4680
4681
4688
4772
4689
4996
4673
4674
4675
4676
4690
4673
4675
5405
4673
4674
4679
4797
4674
4675
4693
4798
5406
4680
4682
4695
4800
4696
5408
4680
4681
4682
4681
4682
4775
4817
4680
4681
4776
4680
4682
4818
4779
4821
4687
4688
4689
4687
4688
4747
4782
4687
4689
4748
5021
4688
4689
4783
5022
4750
4785
5023
4694
4695
4696
4694
4695
4754
4824
4694
4696
4755
5420
4695
4696
4825
5421
4757
4827
5422
4701
4702
4703
4702
4703
4775
4817
4701
4702
4777
4701
4703
4819
4780
4822
4708
4709
4710
4708
4709
4747
4782
4708
4710
4749
5105
4709
4710
4784
5106
4751
4786
5107
4715
4716
4717
4718
4715
4716
4726
4716
4717
4719
4728
4790
4715
4717
4791
4722
4731
4723
4794
4722
4723
4724
4722
4723
4754
4824
4722
4724
4756
5455
4723
4724
4826
5456
4758
4828
5457
4729
4730
4731
4746
4753
4730
4731
4729
4730
4747
4729
4731
4754
4750
4757
4751
4758
4736
4737
4738
4746
4753
4737
4738
5118
5482
4736
4737
4748
5120
4736
4738
4755
5484
4750
4757
4752
5122
4759
5486
4743
4744
4745
4753
4743
4745
5489
4743
4744
4744
4745
4756
5491
4758
4759
5493
4750
4751
4752
4750
4751
4750
4752
5154
4751
4752
5155
5156
4757
4758
4759
4757
4758
4757
4759
5511
4758
4759
5512
5513
4764
4765
4766
4774
4781
4764
4765
4775
4764
4766
4782
4765
4766
4779
4785
4780
4786
4771
4772
4773
4774
4781
4771
4773
5167
4771
4772
4776
4772
4773
4783
5169
4778
4779
4785
4787
5171
4778
4779
4780
4779
4780
4778
4779
4778
4780
4785
4786
4787
4785
4786
4785
4787
5189
4786
4787
5190
5191
4792
4793
4794
4816
4823
4792
4793
4817
4792
4794
4824
4793
4794
4821
4827
4822
4828
4799
4800
4801
4816
4823
4799
4801
5531
4799
4800
4818
4800
4801
4825
5532
4820
4821
4827
4829
5534
4806
4807
4808
4816
4806
4808
4806
4807
4819
4807
4808
4820
4822
4813
4814
4815
4823
4814
4815
5538
4813
4814
4826
5539
4813
4815
4828
4829
5541
4820
4821
4822
4821
4822
4820
4821
4820
4822
4827
4828
4829
4827
4828
4827
4829
5546
4828
4829
5547
5548
4832
4835
4832
4836
4900
4833
4835
4836
4835
4836
4904
4905
4839
4843
4839
4842
4851
4840
4853
4842
4843
4854
4879
4842
4843
4880
4856
4883
4885
4846
4850
5299
4846
4849
4852
4894
4847
4853
4849
4850
4854
4872
4849
4850
4873
4897
5303
4857
4876
4898
4878
5304
4853
4856
4853
4857
4901
4854
4856
4857
4858
4856
4857
4859
4904
4862
4863
4906
4862
4863
4864
4872
4879
4862
4863
4863
4864
4874
5940
4862
4864
4881
5941
4883
4876
4877
4884
5942
4869
4870
4871
4872
4879
4870
4871
5321
4869
4870
4875
4937
5322
4869
4871
4882
4938
4877
4884
4939
4878
5324
4885
4876
4877
4878
4876
4878
5328
4876
4877
4964
4877
4878
4965
5330
4967
5331
4883
4884
4885
4883
4885
4883
4884
4971
4884
4885
4972
4974
4888
4892
4888
4891
4900
4889
4902
4891
4892
4903
4891
4892
4905
4895
4899
5348
4895
4898
4901
4896
4902
4898
4899
4903
4898
4899
5352
4906
5353
4902
4905
4902
4906
4903
4905
4906
4905
4906
4911
4912
4913
4921
4928
4912
4913
4922
5939
4911
4912
4911
4913
4929
5941
4932
4926
4927
4933
5944
4918
4919
4920
4921
4928
4918
4920
4918
4919
4924
4951
4919
4920
4931
4952
4925
4927
4933
4954
4934
4925
4926
4927
4926
4927
4957
4925
4926
4925
4927
4959
4962
4932
4933
4934
4932
4933
4971
4932
4934
4933
4934
4973
4975
4939
4940
4941
4963
4970
4940
4941
5524
4939
4940
4965
5525
4939
4941
4972
4967
4974
4969
5527
4976
4946
4947
4948
4956
4963
4946
4948
5531
4946
4947
4958
4947
4948
4966
5533
4960
4961
4968
4969
5535
4953
4954
4955
4956
4970
4953
4955
4953
4954
4959
4954
4955
4973
4960
4962
4975
4976
4960
4961
4962
5938
4961
4962
5939
4960
4961
4960
4962
5943
5944
4967
4968
4969
5938
4967
4968
5940
4967
4969
5553
4968
4969
5554
5942
5943
5555
4974
4975
4976
5938
4974
4975
5941
4974
4976
4975
4976
5942
5944
4981
4982
4983
5005
5012
5019
4981
4983
5006
5112
5195
4982
4983
5013
5160
5196
4981
4982
5020
5113
5161
5010
5024
5114
5017
5025
5163
5011
5018
5198
4988
4989
4990
5005
5019
4988
4989
4988
4990
5007
5119
4989
4990
5021
5120
5009
5023
5010
5024
5123
4995
4996
4997
5012
5019
4995
4996
4995
4997
5014
5168
4996
4997
5022
5169
5016
5023
5017
5025
5172
5002
5003
5004
5005
5012
5002
5003
5002
5004
5008
5203
5003
5004
5015
5204
5009
5016
5011
5018
5207
5009
5010
5011
5010
5011
5146
5223
5009
5010
5147
5009
5011
5224
5150
5227
5016
5017
5018
5017
5018
5181
5230
5016
5017
5182
5016
5018
5231
5185
5234
5023
5024
5025
5024
5025
5153
5188
5023
5024
5154
5023
5025
5189
5157
5192
5030
5031
5032
5047
5054
5030
5031
5111
5031
5032
5048
5112
5195
5030
5032
5055
5197
5058
5052
5115
5053
5059
5199
5037
5038
5039
5047
5037
5038
5037
5039
5126
5038
5039
5049
5127
5051
5052
5130
5044
5045
5046
5047
5054
5044
5046
5818
5044
5045
5050
5210
5045
5046
5057
5211
5819
5051
5053
5059
5213
5060
5821
5051
5052
5053
5052
5053
5146
5223
5051
5052
5148
5051
5053
5225
5151
5228
5058
5059
5060
5058
5059
5237
5058
5060
5059
5060
5238
5240
5065
5066
5067
5082
5089
5066
5067
5083
5160
5196
5065
5067
5090
5197
5065
5066
5162
5093
5087
5164
5088
5094
5200
5072
5073
5074
5082
5072
5074
5072
5073
5084
5175
5073
5074
5176
5086
5087
5178
5079
5080
5081
5082
5089
5079
5081
5825
5079
5080
5085
5217
5080
5081
5092
5218
5826
5086
5088
5094
5220
5095
5828
5086
5087
5088
5087
5088
5181
5230
5086
5087
5183
5086
5088
5232
5186
5235
5093
5094
5095
5093
5094
5237
5093
5095
5094
5095
5239
5241
5100
5101
5102
5103
5100
5101
5111
5101
5102
5104
5113
5161
5100
5102
5162
5108
5116
5109
5165
5107
5108
5109
5108
5109
5153
5188
5107
5108
5155
5107
5109
5190
5158
5193
5114
5115
5116
5138
5145
5152
5115
5116
5139
5114
5115
5146
5114
5116
5153
5150
5157
5143
5151
5144
5158
5121
5122
5123
5145
5152
5121
5122
5121
5123
5147
5122
5123
5154
5149
5156
5150
5157
5128
5129
5130
5138
5145
5128
5129
5128
5130
5140
5129
5130
5148
5142
5149
5143
5151
5135
5136
5137
5138
5152
5135
5136
5135
5137
5141
5136
5137
5155
5142
5156
5144
5158
5142
5143
5144
5143
5144
5142
5143
5142
5144
5149
5150
5151
5150
5151
5149
5150
5149
5151
5156
5157
5158
5157
5158
5156
5157
5156
5158
5163
5164
5165
5180
5187
5163
5164
5181
5163
5165
5188
5164
5165
5185
5192
5186
5193
5170
5171
5172
5180
5187
5170
5171
5170
5172
5182
5171
5172
5189
5184
5191
5185
5192
5177
5178
5179
5180
5177
5179
5177
5178
5183
5178
5179
5184
5186
5184
5185
5186
5185
5186
5184
5185
5184
5186
5191
5192
5193
5192
5193
5191
5192
5191
5193
5198
5199
5200
5222
5229
5236
5198
5199
5223
5198
5200
5230
5199
5200
5237
5227
5234
5228
5240
5235
5241
5205
5206
5207
5222
5229
5205
5206
5205
5207
5224
5206
5207
5231
5226
5233
5227
5234
5212
5213
5214
5222
5236
5212
5214
5839
5212
5213
5225
5213
5214
5238
5840
5226
5228
5240
5242
5842
5219
5220
5221
5229
5236
5219
5221
5846
5219
5220
5232
5220
5221
5239
5847
5233
5235
5241
5242
5849
5226
5227
5228
5227
5228
5226
5227
5226
5228
5233
5234
5235
5234
5235
5233
5234
5233
5235
5240
5241
5242
5240
5241
5240
5242
5854
5241
5242
5855
5856
5245
5248
5245
5249
5246
5248
5249
5248
5249
5252
5255
5252
5256
5258
5342
5253
5259
5255
5256
5260
5285
5255
5256
5286
5345
5289
5263
5290
5347
5259
5262
5259
5263
5355
5260
5262
5263
5264
5262
5263
5265
5359
5268
5269
5360
5268
5269
5270
5278
5285
5268
5269
5363
5268
5270
5280
5468
5269
5270
5287
5364
5469
5282
5290
5366
5284
5291
5471
5275
5276
5277
5278
5285
5275
5276
5275
5277
5281
5476
5276
5277
5288
5477
5283
5289
5284
5291
5480
5282
5283
5284
5282
5283
5282
5284
5496
5283
5284
5497
5500
5289
5290
5291
5289
5290
5377
5290
5291
5378
5503
5289
5291
5504
5381
5507
5294
5298
5294
5297
5306
5295
5308
5297
5298
5309
5334
5297
5298
5335
5311
5338
5340
5301
5304
5301
5305
5307
5349
5302
5308
5304
5305
5309
5327
5304
5305
5328
5352
5331
5312
5332
5354
5308
5311
5308
5312
5356
5309
5311
5312
5313
5311
5312
5314
5359
5317
5318
5361
5317
5318
5319
5327
5334
5317
5318
5363
5318
5319
5329
5365
5518
5317
5319
5336
5519
5338
5332
5367
5333
5339
5520
5324
5325
5326
5327
5334
5324
5326
5324
5325
5330
5525
5325
5326
5337
5526
5331
5333
5339
5528
5340
5331
5332
5333
5331
5332
5384
5332
5333
5385
5552
5331
5333
5553
5388
5556
5338
5339
5340
5338
5340
5338
5339
5559
5339
5340
5560
5562
5343
5346
5343
5347
5355
5344
5357
5346
5347
5358
5376
5346
5347
5377
5380
5360
5381
5350
5353
5350
5354
5356
5351
5357
5353
5354
5358
5383
5353
5354
5384
5387
5361
5388
5357
5360
5357
5361
5358
5360
5361
5362
5360
5361
5363
5366
5367
5366
5367
5368
5376
5383
5366
5367
5366
5368
5378
5391
5367
5368
5385
5393
5381
5388
5382
5389
5394
5373
5374
5375
5376
5383
5373
5374
5373
5375
5379
5374
5375
5386
5380
5387
5382
5389
5380
5381
5382
5380
5381
5381
5382
5412
5380
5382
5413
5416
5387
5388
5389
5387
5388
5388
5389
5426
5387
5389
5427
5430
5394
5395
5396
5411
5418
5425
5394
5395
5412
5469
5395
5396
5419
5470
5517
5394
5396
5426
5518
5416
5430
5417
5423
5472
5424
5431
5521
5401
5402
5403
5411
5418
5401
5402
5401
5403
5414
5483
5402
5403
5420
5484
5415
5422
5417
5423
5487
5408
5409
5410
5418
5425
5408
5409
5408
5410
5421
5532
5409
5410
5428
5533
5422
5429
5424
5431
5536
5415
5416
5417
5416
5417
5503
5415
5416
5415
5417
5505
5508
5422
5423
5424
5423
5424
5510
5545
5422
5423
5511
5422
5424
5546
5514
5549
5429
5430
5431
5430
5431
5552
5429
5430
5429
5431
5554
5557
5436
5437
5438
5446
5453
5460
5436
5437
5447
5468
5437
5438
5454
5470
5517
5436
5438
5461
5519
5450
5464
5452
5458
5473
5459
5465
5522
5443
5444
5445
5453
5460
5443
5445
5443
5444
5456
5539
5444
5445
5463
5540
5457
5459
5465
5542
5466
5450
5451
5452
5450
5452
5496
5450
5451
5451
5452
5498
5501
5457
5458
5459
5458
5459
5510
5545
5457
5458
5512
5457
5459
5547
5515
5550
5464
5465
5466
5464
5465
5559
5464
5466
5465
5466
5561
5563
5471
5472
5473
5495
5502
5509
5471
5473
5496
5471
5472
5503
5472
5473
5510
5500
5507
5508
5514
5501
5515
5478
5479
5480
5495
5502
5478
5479
5478
5480
5497
5479
5480
5504
5499
5506
5500
5507
5485
5486
5487
5502
5509
5485
5486
5485
5487
5505
5486
5487
5511
5506
5513
5508
5514
5492
5493
5494
5495
5509
5492
5493
5492
5494
5498
5493
5494
5512
5499
5513
5501
5515
5499
5500
5501
5500
5501
5499
5500
5499
5501
5506
5507
5508
5507
5508
5506
5507
5506
5508
5513
5514
5515
5514
5515
5513
5514
5513
5515
5520
5521
5522
5544
5551
5558
5521
5522
5545
5520
5521
5552
5520
5522
5559
5556
5562
5549
5557
5550
5563
5527
5528
5529
5551
5558
5527
5529
5527
5528
5553
5528
5529
5560
5555
5556
5562
5564
5534
5535
5536
5544
5551
5534
5535
5534
5536
5546
5535
5536
5554
5548
5555
5549
5557
5541
5542
5543
5544
5558
5541
5543
5541
5542
5547
5542
5543
5561
5548
5550
5563
5564
5548
5549
5550
5549
5550
5548
5549
5548
5550
5555
5556
5557
5556
5557
5555
5556
5555
5557
5562
5563
5564
5562
5563
5562
5564
5563
5564
5567
5571
5567
5570
5568
5570
5571
5579
5570
5571
5580
5583
5584
5576
5577
5578
5579
5576
5578
5576
5577
5582
5602
5577
5578
5603
5584
5585
5605
5583
5584
5585
5583
5584
5583
5585
5615
5584
5585
5616
5619
5590
5591
5592
5593
5590
5592
5643
5590
5591
5596
5609
5591
5592
5610
5645
5598
5599
5612
5647
5597
5598
5599
5597
5599
5615
5597
5598
5598
5599
5617
5620
5604
5605
5606
5614
5604
5606
5604
5605
5616
5605
5606
5618
5619
5611
5612
5613
5614
5621
5611
5613
5657
5611
5612
5617
5612
5613
5624
5659
5618
5620
5626
5627
5661
5618
5619
5620
5619
5620
5618
5619
5618
5620
5625
5626
5627
5625
5626
5625
5627
5679
5626
5627
5680
5681
5632
5633
5634
5632
5634
5650
5632
5633
5637
5633
5634
5638
5652
5640
5654
5639
5640
5641
5639
5641
5664
5639
5640
5640
5641
5666
5668
5646
5647
5648
5646
5647
5646
5648
5658
5647
5648
5659
5662
5653
5654
5655
5653
5654
5653
5655
5665
5654
5655
5666
5669
5660
5661
5662
5670
5677
5660
5661
5660
5662
5672
5661
5662
5680
5674
5681
5675
5683
5667
5668
5669
5670
5684
5667
5668
5667
5669
5673
5668
5669
5687
5674
5688
5676
5690
5674
5675
5676
5675
5676
5674
5675
5674
5676
5681
5682
5683
5682
5683
5681
5682
5681
5683
5688
5689
5690
5689
5690
5688
5689
5688
5690
5693
5697
5693
5696
5705
5694
5707
5696
5697
5708
5726
5696
5697
5727
5710
5730
5731
5700
5704
5700
5703
5706
5701
5707
5703
5704
5708
5733
5703
5704
5734
5711
5737
5739
5707
5710
5707
5711
5708
5710
5711
5712
5710
5711
5713
5716
5717
5716
5717
5718
5726
5733
5716
5717
5716
5718
5728
5769
5717
5718
5735
5771
5730
5737
5732
5738
5772
5723
5724
5725
5726
5733
5723
5725
5723
5724
5729
5777
5724
5725
5736
5778
5731
5732
5738
5780
5739
5730
5731
5732
5730
5731
5730
5732
5797
5731
5732
5798
5801
5737
5738
5739
5737
5739
5737
5738
5811
5738
5739
5812
5814
5744
5745
5746
5754
5761
5744
5745
5755
5769
5744
5746
5745
5746
5762
5770
5758
5760
5765
5774
5766
5751
5752
5753
5754
5761
5751
5753
5818
5751
5752
5757
5791
5752
5753
5763
5792
5820
5759
5760
5765
5794
5767
5822
5758
5759
5760
5758
5760
5797
5758
5759
5759
5760
5799
5802
5765
5766
5767
5765
5766
5804
5765
5767
5806
5766
5767
5808
5772
5773
5774
5796
5803
5810
5772
5774
5797
5773
5774
5804
5772
5773
5811
5801
5814
5807
5815
5802
5808
5779
5780
5781
5796
5810
5779
5781
5779
5780
5798
5780
5781
5812
5800
5801
5814
5816
5786
5787
5788
5803
5810
5787
5788
5832
5786
5787
5805
5833
5786
5788
5813
5807
5815
5809
5835
5816
5793
5794
5795
5796
5803
5793
5795
5839
5793
5794
5799
5794
5795
5806
5841
5800
5802
5808
5809
5843
5800
5801
5802
5801
5802
5800
5801
5800
5802
5807
5808
5809
5807
5808
5807
5809
5861
5808
5809
5862
5863
5814
5815
5816
5814
5815
5814
5816
5815
5816
5821
5822
5823
5821
5822
5821
5823
5840
5822
5823
5841
5844
5828
5829
5830
5828
5829
5828
5830
5847
5829
5830
5848
5851
5835
5836
5837
5859
5866
5835
5836
5835
5837
5861
5836
5837
5868
5863
5870
5864
5871
5842
5843
5844
5852
5859
5842
5843
5842
5844
5854
5843
5844
5862
5856
5863
5857
5865
5849
5850
5851
5852
5866
5849
5850
5849
5851
5855
5850
5851
5869
5856
5870
5858
5872
5856
5857
5858
5857
5858
5856
5857
5856
5858
5863
5864
5865
5864
5865
5863
5864
5863
5865
5870
5871
5872
5871
5872
5870
5871
5870
5872
5877
5878
5879
5878
5879
5877
5878
5877
5879
5884
5885
5886
5884
5885
5884
5886
5885
5886
5890
5891
5891
5890
5893
5911
5897
5916
5896
5905
5896
5897
5906
5908
5901
5902
5903
5901
5903
5902
5903
5908
5909
5910
5908
5909
5908
5910
5926
5909
5910
5927
5928
5913
5916
5913
5917
5914
5916
5917
5916
5917
5921
5922
5923
5921
5923
5922
5923
5928
5929
5930
5929
5930
5928
5929
5928
5930
5935
5936
5937
5936
5937
5935
5936
5935
5937
5942
5943
5944
5943
5944
5942
5943
5942
5944
5946
5954
5969
5989
5992
5947
5955
5970
5990
5992
5956
5971
5991
5993
5949
5951
5996
5999
6077
5950
5952
5997
5999
6078
5953
5998
6000
6079
5952
5972
6003
6006
5953
5973
6004
6006
5974
6005
6007
5955
5978
6010
6013
5956
5979
6011
6013
5980
6012
6014
5962
5992
5993
6085
5959
5994
5995
6086
5987
5988
6087
5964
5999
6000
6083
6001
6002
6084
6013
6014
6088
5965
6015
6016
6089
6006
6007
6090
6008
6009
6091
5967
5975
6023
5968
5976
6024
5977
6025
5970
5978
6029
6032
5971
5979
6030
6033
5980
6031
6034
5973
6041
6044
6077
5974
6042
6045
6078
6043
6046
6079
5976
6050
6053
5977
6051
6054
6052
6055
5979
6059
6062
5980
6060
6063
6061
6064
5982
6068
6071
5983
6069
6072
6070
6073
5985
5987
5989
6017
5986
5987
5990
6018
5988
5991
6019
5988
5994
6087
5995
6087
5990
5994
6029
5991
5994
6030
5995
6031
5993
5994
6013
6085
5995
6014
6085
5995
6086
6086
5997
6001
6080
5998
6001
6081
6002
6082
6000
6001
6006
6083
6002
6007
6083
6002
6084
6084
6004
6008
6010
6041
6005
6008
6011
6042
6009
6012
6043
6007
6008
6090
6009
6090
6009
6015
6091
6016
6091
6011
6015
6059
6012
6015
6060
6016
6061
6014
6015
6088
6016
6088
6016
6089
6089
6018
6020
6029
6019
6021
6030
6022
6031
6021
6035
6038
6022
6036
6039
6037
6040
6024
6026
6032
6053
6025
6027
6033
6054
6028
6034
6055
6027
6035
6038
6028
6036
6039
6037
6040
6030
6035
6031
6036
6037
6033
6035
6062
6034
6036
6063
6037
6064
6036
6037
6039
6040
6042
6047
6059
6043
6048
6060
6049
6061
6045
6047
6071
6046
6048
6072
6049
6073
6048
6065
6074
6049
6066
6075
6067
6076
6051
6056
6068
6052
6057
6069
6058
6070
6054
6056
6062
6055
6057
6063
6058
6064
6057
6065
6074
6058
6066
6075
6067
6076
6060
6065
6061
6066
6067
6063
6065
6064
6066
6067
6066
6067
6069
6074
6070
6075
6076
6072
6074
6073
6075
6076
6075
6076
6078
6080
6079
6081
6082
6081
6082
6084
6086
6089
6091
)


// ************************************************************************* //
