/*--------------------------------*- C++ -*----------------------------------*\
  =========                 |
  \\      /  F ield         | OpenFOAM: The Open Source CFD Toolbox
   \\    /   O peration     | Website:  https://openfoam.org
    \\  /    A nd           | Version:  8
     \\/     M anipulation  |
\*---------------------------------------------------------------------------*/
/*   Windows 32 and 64 bit porting by blueCAPE: http://www.bluecape.com.pt   *\
|  Based on Windows porting (2.0.x v4) by Symscape: http://www.symscape.com   |
\*---------------------------------------------------------------------------*/
FoamFile
{
    version     2.0;
    format      ascii;
    class       labelList;
    location    "constant/vegetation/polyMesh";
    object      cellProcAddressing;
}
// * * * * * * * * * * * * * * * * * * * * * * * * * * * * * * * * * * * * * //


2217
(
133
137
286
289
636
638
640
641
642
643
646
648
649
650
651
653
662
666
668
1205
1206
1207
1208
1209
1210
1211
1212
1215
1216
1217
1218
1219
1220
1221
1222
1223
1224
1232
1233
1235
1236
1587
1588
1589
1590
2053
2054
2055
2056
2057
2058
2059
2060
2061
2062
2063
2064
2065
2066
2067
2068
2073
2075
2078
2080
2081
2083
2084
2085
2086
2088
2089
2090
2091
2093
2094
2750
2751
2755
2757
2758
2760
2761
2762
2764
2766
2767
2768
2769
2770
2775
2776
2777
2778
2779
2780
2783
2785
2787
2789
2790
2792
2794
2797
2799
2801
2802
2803
2804
2808
3065
3066
3067
3068
3069
3070
3071
3072
3509
3510
3511
3512
3513
3514
3515
3516
3517
3518
3519
3520
3521
3522
3523
3524
3525
3526
3527
3528
4426
4427
4428
4429
4430
4431
4432
4433
4434
4435
4436
4437
4438
4439
4440
4441
4442
4443
4444
4445
4446
4447
4448
4449
4450
4451
4452
4453
4454
4455
4456
4457
4458
4459
4460
4461
4462
4463
4464
4465
4466
4467
4468
4469
4470
4471
4472
4473
4474
4475
4476
4477
4900
4901
4902
4903
4904
4905
4906
4907
4908
4909
4910
4911
5422
5423
5424
5425
5426
5427
5428
5429
5430
5431
5432
5433
5438
5439
5440
5441
5442
5443
5444
5445
5446
5447
5448
5449
5450
5451
5452
5453
5454
5455
5456
5457
5458
5459
5460
5461
5462
5463
5464
5465
6270
6273
6275
6276
6281
6282
6283
6284
6293
6312
6313
6314
6315
6817
6818
6819
6820
6821
6822
6823
6824
6825
6826
6827
6832
6834
6835
6836
6837
6838
6839
6840
7054
7055
7056
7057
7058
7059
7060
7061
7062
7063
7064
7065
7066
7067
7068
7069
7070
7071
7352
7353
7355
7356
7644
7645
7646
7647
7648
7652
7655
7656
7657
7658
7659
7660
7661
7662
7663
7664
7665
7666
7667
7668
7669
7670
7671
7672
7673
7674
7675
7676
7677
7678
7679
7680
7681
7682
7683
7684
7685
7686
7687
7688
7701
7702
7710
7711
7712
7713
7714
7715
7716
7717
7718
7719
7720
7721
7722
7723
7724
7745
7746
7747
7755
7756
7757
7758
7759
7760
7761
7763
7764
7766
7769
7771
7772
7780
7796
7803
7804
7805
7806
8799
8800
8801
8802
8803
8804
8805
8806
8807
8808
8809
8810
8811
8812
8813
8814
8815
8816
8817
8818
8819
8820
8821
8822
8823
8824
8825
8826
8827
8828
8829
8830
9352
9353
9354
9355
9356
9357
9358
9359
9360
9361
9362
9363
9364
9365
9366
9367
9368
9369
9370
9371
9372
9373
9374
9375
9376
9377
9378
9379
9380
9381
9382
9383
9384
9385
9386
9387
9388
9389
9390
9391
9392
9393
9394
9395
9396
9397
9398
9399
9400
9401
9402
9403
9404
9405
10038
10039
10040
10042
10044
10121
10122
10123
10124
10125
10126
10127
10239
10240
10241
10242
10243
10244
10245
10246
10251
10531
10532
10533
10534
10535
10536
10537
10538
10539
10540
10541
10542
10543
10544
10545
10546
10547
10548
10556
10557
10558
10560
10561
10563
10564
10565
10566
10567
10568
10569
10570
10571
10572
10573
10574
10575
10576
10577
10578
10579
10580
10581
10582
10583
10584
10585
10586
10587
10588
10589
10590
10591
10626
12136
12137
12138
12139
12140
12141
12142
12143
12144
12145
12146
12147
12148
12149
12151
12154
12155
12172
12173
12174
12175
12181
12182
12183
12184
12185
12186
12187
12188
12189
12190
12191
12192
12193
12194
12195
12196
12197
12198
12199
12200
12201
12202
12203
12204
12205
12206
12207
12208
12209
12210
12211
12212
12219
12220
12221
12222
12230
12231
12232
12233
12234
12235
12236
12254
12262
12263
12264
12268
12269
12270
12271
12272
12273
12274
12326
12327
12328
12329
12330
12331
12332
12333
12334
12335
12338
12339
12340
12341
12342
12343
12344
12354
12355
12356
12357
12358
12359
12360
12361
12362
12363
12364
12365
12366
12367
12368
12369
12370
12371
12372
12373
12374
12375
12376
12377
12378
12379
12380
12381
12382
12383
12384
12385
12393
12394
12395
12396
12397
12398
12399
12400
12401
12402
12403
12404
12405
12406
12414
12415
12416
12417
12418
12419
12420
12421
12422
12425
12428
12466
12469
12471
12472
12473
12474
12475
12478
12480
14461
14462
14463
14464
14615
14616
14617
14618
14619
14620
14621
14720
14721
14722
14723
14724
14725
14726
14727
14728
14729
14730
14731
14732
14733
14752
14754
14756
15203
15204
15205
15206
15207
15208
15209
15610
15611
15612
15613
15614
15615
15623
15624
15627
15628
15661
15662
15664
15665
16000
16001
16002
16003
16004
16005
16006
16021
16022
16023
16024
16025
16026
16027
17070
17071
17073
17074
17075
17076
17077
17078
17079
17080
17081
17082
17083
17084
17085
17086
17087
17088
17089
17090
17091
17093
17094
17095
17096
17097
17098
17099
17100
17101
17102
17103
17104
17105
17106
17107
17108
17109
17110
17111
17112
17113
17114
17115
17116
17124
17125
17126
17128
17129
17130
17131
17132
17133
17134
17135
17136
17137
17138
17139
17140
17141
17142
17143
17144
17145
17146
17147
17148
17149
17150
17151
17152
17153
17154
17155
17156
17157
17158
17159
17160
17161
17162
17163
17164
17165
17166
17167
17168
17169
17170
17171
17172
17182
17186
17194
17199
17206
17208
17210
17211
17213
17214
17215
17216
17217
17218
17219
17220
17221
17223
17224
17225
17232
17233
17234
17235
17236
17237
17238
17239
17240
17241
17242
17243
17244
17246
17247
17248
17249
17250
17251
17252
17253
17254
17255
17257
17259
17260
17262
17263
17265
17266
18832
18833
18834
18835
18836
18837
18838
18840
18842
18843
18844
18845
18846
18847
18848
18849
18850
18851
18852
18853
18854
18855
18856
18857
18858
18859
18860
18861
18862
18863
18864
18865
18866
18867
18868
18869
18870
18871
18879
18880
18882
18884
19591
19592
19593
19594
19595
19596
19597
19598
19599
19600
19601
19602
19603
19604
19605
19606
19607
19608
19609
19610
19611
19612
19613
19614
19615
19616
19617
19618
20375
20376
20377
20378
20379
20380
20381
20382
20383
20384
20385
20386
20387
20388
20389
20390
20391
20392
20393
20394
20395
20396
20397
20398
20399
20400
20401
20402
20403
20404
20405
20406
20407
20408
20409
20410
20411
20412
20413
20414
20418
20421
20429
20430
20431
20432
20433
20434
20435
20443
20444
20445
20446
20447
20448
20449
20450
20452
20453
20454
20462
20463
20464
20465
20466
20467
20468
20469
20471
20472
20473
20474
20475
20476
20477
20478
20479
20480
20481
20482
20483
20484
20485
20486
20487
20488
20490
20491
20492
20493
20494
20495
20496
20497
20498
20499
20500
20501
20502
20503
20504
20505
20506
20507
20509
20510
20511
20512
20513
20514
20515
20516
20517
20518
21789
21790
21791
21799
21800
21803
21804
21805
21806
21807
21808
21809
21817
21818
21819
21820
21821
21822
21823
21849
21850
21851
21852
21853
21854
21855
21856
21857
21858
21859
21860
21861
21862
21863
21864
21865
21866
21867
21868
21869
21870
21871
21872
21873
21874
21875
21876
21877
21878
21879
21880
21881
21882
21883
21888
21889
21890
21891
21892
21893
21894
21895
21896
21897
21898
21899
21900
21901
21902
21903
21904
21905
21906
21907
21908
21909
21910
21911
21912
21913
21914
21915
21916
21917
21918
21919
21920
21921
21922
21923
21924
21925
21926
21927
22536
22537
22538
22539
22540
22541
22542
22543
23127
23128
23129
23130
23131
23132
23133
23134
23135
23136
23137
23138
23139
23140
23141
23142
23143
23144
23145
23146
23147
23148
23149
23150
23151
23152
23153
23154
23155
23156
23157
23158
23159
23160
23161
23162
23163
23164
23165
23166
23167
23168
23169
23170
23171
23172
23173
23174
23175
23176
23177
23178
23179
23180
23181
23182
23183
23184
23185
23186
23187
23188
23189
23190
24267
24268
24269
24270
24271
24272
24273
24274
24275
24276
24277
24278
24279
24280
24281
24282
24283
24284
24285
24286
24287
24288
24289
24290
24291
24292
24293
24294
24295
24296
24297
24298
24299
24300
24301
24302
24303
24304
24305
24306
24307
24308
24309
24310
24311
24312
24313
24314
24315
24316
24317
24318
24319
24320
24321
24322
24323
24324
25030
25032
25033
25034
25035
25036
25037
25038
25039
25040
25041
25042
25043
25065
25661
25662
25663
25664
25665
25666
25667
25668
25669
25670
25671
25672
25673
25674
26057
26058
26059
26060
26061
26062
26063
26064
26065
26066
26067
26068
26069
26070
26092
26093
26094
26095
26096
26097
26098
26106
26107
26108
26109
26110
26111
26112
26113
26114
26115
26116
26117
26118
26119
26120
26121
26122
26123
26124
26125
26126
26127
26128
26129
26130
26131
26132
26133
26134
26135
26136
26137
26138
26139
26140
26141
26142
26143
26144
26145
26146
26147
26183
26184
26185
26186
26187
26188
26189
26190
26191
26194
26196
26197
26198
26199
26200
26201
26202
26203
26225
26226
26227
26228
26229
26230
26231
27362
27363
27364
27365
27366
27367
27368
27539
27540
27541
27542
27543
27544
27545
27546
27547
27548
27549
27550
27551
27552
27553
27554
27555
27556
27557
27558
27559
27588
27590
27592
27594
28686
28687
28688
28689
28956
28957
28958
28959
29671
29672
29673
29674
29675
29676
29677
29802
29803
29804
29805
29806
29807
29808
29809
29810
29811
29812
29813
29814
29815
30067
30068
30069
30070
30071
30072
30073
30074
30075
30076
30077
30078
30079
30080
30081
30082
30083
30084
30085
30086
30087
30088
30089
30090
30091
30092
30093
30094
30095
30096
30097
30098
30099
30100
30101
30475
30476
30477
30478
30479
30480
30481
30482
30483
30484
30485
30486
30487
30488
30489
30490
30491
30492
30493
30494
30495
32581
32582
32583
32651
32652
32653
32841
32842
32843
33345
33346
33347
33348
33349
33350
33351
33352
33353
33563
33564
33565
33566
33567
33568
33569
33570
33571
33718
33719
33720
33721
33722
33723
33724
33725
33726
33729
33730
33731
33732
33733
33734
33735
33736
33737
33738
33739
33740
33741
33742
34083
34084
34085
34086
34087
34088
34109
34110
34111
34162
34163
34164
34313
34314
34315
34316
34317
34318
34319
34320
34321
34322
34323
34324
34325
34326
34327
34328
34329
34330
34406
34407
34408
34483
34484
34485
34486
34487
34488
34489
34490
34491
34628
34630
34631
34632
34633
34635
34946
34948
34950
34952
35130
35131
35132
35133
35134
35135
35244
35245
35246
35247
35248
35249
35493
35494
35495
35496
35497
35498
35499
35500
35501
35502
35503
35504
35505
35506
35507
35508
35509
35510
35511
35512
35513
35514
35515
35516
36202
36203
36204
36979
36980
36985
36986
36987
36988
36989
36997
36998
37022
37023
37024
37025
37026
37027
37028
37029
37030
37073
37075
37076
37077
37078
37079
37080
37081
37082
37083
37084
37085
37086
37087
37088
37089
37090
37091
37092
37188
37190
37191
37192
37193
37194
37195
37196
37197
37198
37199
37200
37201
37202
37203
37204
37205
37206
37207
37252
37253
37254
37255
37256
37257
37258
37259
37260
37352
37354
37355
37356
37357
37358
37359
37360
37361
37362
37363
37364
37369
37370
37371
37372
37373
37374
37375
37376
37377
37378
37379
37380
37381
37382
37383
37384
37385
37386
37387
37388
37556
37557
37558
37559
37560
37561
37562
37563
37564
37565
37566
37567
37568
37569
37570
37571
37572
37573
37574
37575
37576
37577
37578
37579
37580
37584
37585
37586
37587
37588
37589
37590
37591
37592
37593
37594
37595
37596
37597
37598
37599
37600
37601
37602
37603
37719
37720
37721
37722
37723
37724
37725
37726
37727
37728
37729
37730
37731
37732
37733
37837
37838
37839
37840
37841
37842
37843
37844
37845
37846
37847
37848
37849
37850
37851
37852
37853
37854
37855
37856
37857
37858
37859
37860
37861
37862
37863
37864
37865
37866
37867
37868
37869
37870
37871
37872
37873
37874
37875
37876
37877
37878
37879
37880
37881
37882
37883
37884
37885
37886
38132
38133
38134
38135
38136
38137
38138
38139
38140
38141
38142
38143
38144
38145
38146
38147
38148
38149
38150
38151
38152
38153
38154
38155
38156
38157
38158
38159
38160
38161
38162
38163
38164
38165
38166
38167
38168
38169
38170
38171
38172
38173
38174
38175
38176
38177
38178
38179
38180
38181
38182
38183
38184
38185
38186
38187
38188
38189
38313
38314
38315
38316
38317
38318
38319
38320
38321
38322
38323
38324
38325
38326
38327
38328
38329
38330
38759
38760
38761
38762
38763
38764
38765
38766
38767
38768
38769
38770
38771
38772
38773
38774
38775
38776
38782
38783
38784
38785
38786
38787
38788
38789
38790
38791
38792
38793
38794
38795
38796
38797
38798
38799
38800
38801
38802
38803
38804
38805
38806
38807
38808
38809
38810
38811
38812
38813
38814
38815
38816
39398
39399
39400
39401
39402
39403
39404
39405
39406
39407
39444
39445
39446
39447
39448
39449
39589
39590
39591
39592
39593
39718
39774
39775
39776
39777
39778
39779
39780
39781
39782
39783
39784
39785
39786
39787
39788
39789
39790
39791
39792
39793
39794
39795
39796
39797
39798
39799
39800
39801
39802
39803
39804
39805
39806
39807
40052
40053
40054
40055
40056
40588
40589
40590
40591
40592
40593
40594
40595
40596
40597
40598
40599
40600
40601
40602
40603
40604
41165
41167
41174
41213
41215
41217
41218
41219
41220
41221
41222
41223
41224
41225
41318
41320
41321
41445
41447
41448
41449
41450
41451
41618
41619
41620
41621
41622
41623
41624
41625
41626
41627
41628
41629
41630
41631
41632
41773
41774
41775
41776
41777
41778
41779
41780
41781
42149
42150
42151
42152
42153
42154
42155
42156
42157
42158
42159
42160
42161
42162
42163
42164
42165
42166
42167
42168
42169
42170
42171
42172
42173
42174
42175
42176
42177
42178
42179
42180
42181
42182
42183
42184
42185
42186
42187
42188
42189
42190
42191
42192
42193
42194
42195
42196
42197
42198
42199
42997
42998
42999
43000
43001
43002
43003
43004
43005
43006
43007
43008
43009
43010
43011
43012
43013
43014
43891
43892
43893
43936
43937
43938
)


// ************************************************************************* //
