/*--------------------------------*- C++ -*----------------------------------*\
  =========                 |
  \\      /  F ield         | OpenFOAM: The Open Source CFD Toolbox
   \\    /   O peration     | Website:  https://openfoam.org
    \\  /    A nd           | Version:  8
     \\/     M anipulation  |
\*---------------------------------------------------------------------------*/
/*   Windows 32 and 64 bit porting by blueCAPE: http://www.bluecape.com.pt   *\
|  Based on Windows porting (2.0.x v4) by Symscape: http://www.symscape.com   |
\*---------------------------------------------------------------------------*/
FoamFile
{
    version     2.0;
    format      ascii;
    class       labelList;
    location    "constant/vegetation/polyMesh";
    object      pointProcAddressing;
}
// * * * * * * * * * * * * * * * * * * * * * * * * * * * * * * * * * * * * * //


3189
(
112
138
139
236
286
405
407
486
487
516
565
566
567
568
569
570
695
696
753
849
850
851
852
853
854
855
856
860
862
943
959
961
1003
1004
1005
1006
1084
1085
1117
1118
1119
1120
1121
1181
1229
1233
1234
1235
1241
1350
1351
1428
1429
1430
1431
1432
1433
1434
1435
1436
1437
1438
1439
1442
1444
1445
1446
1448
1570
1594
1595
1654
1655
1656
1657
1659
1707
1783
1784
1785
1786
1787
1788
1789
1790
1911
1912
1972
2056
2140
2273
2274
2339
2445
2550
2552
2553
2691
2692
2693
2694
2695
2696
2697
2698
2699
2700
2701
2702
2703
2705
2706
2707
2708
2709
2710
2711
2712
2713
2714
2854
2895
2896
2897
2898
2899
2900
2901
2902
2924
2925
2926
2927
2928
2930
2932
3039
3040
3041
3188
3189
3190
3191
3223
3224
3340
3373
3374
3375
3376
3377
3378
3448
3449
3453
3497
3504
3505
3582
3584
3588
3719
3720
3721
3722
3723
3724
3725
3726
3727
3728
3729
3731
3732
3733
3734
3739
3741
3742
3743
3744
3747
3748
3749
3989
3990
3991
4227
4228
4229
4230
4231
4232
4233
4234
4235
4237
4239
4240
4241
4243
4244
4245
4246
4247
4248
4516
4517
4530
4566
4642
4643
4644
4646
4648
4650
4651
4694
4695
4769
4770
4771
4772
4773
4919
4920
4921
4922
4923
4924
4925
4926
4927
4928
4990
4991
4992
5077
5078
5079
5081
5082
5083
5084
5085
5086
5087
5255
5289
5290
5322
5323
5324
5325
5386
5426
5427
5428
5433
5487
5526
5658
5659
5660
5662
5663
5664
5665
5771
5807
5808
5809
5841
5905
5906
5923
5924
5942
5944
5946
6040
6041
6042
6043
6044
6045
6199
6204
6263
6264
6265
6266
6389
6390
6391
6392
6393
6430
6431
6500
6577
6578
6579
6580
6581
6585
6743
6744
6745
6746
6747
6748
6749
6750
6822
6823
6824
6825
6826
6985
6986
6987
6988
6989
6990
6991
6992
6994
6995
6996
6997
6998
6999
7000
7001
7002
7003
7004
7005
7277
7278
7279
7280
7336
7337
7419
7420
7421
7422
7423
7424
7496
7541
7611
7700
7701
7776
7777
7778
7779
7780
7781
7782
7783
7784
7908
7909
7911
7957
7966
7967
7968
7969
7970
7971
7972
7991
7992
7995
8198
8199
8200
8201
8202
8215
8349
8350
8351
8352
8353
8410
8566
8567
8568
8571
8572
8573
8574
8575
8576
8577
8578
8579
8582
8583
8584
8585
8586
8587
8591
8592
8593
8595
8598
8599
8600
8601
8610
8611
8613
8616
8617
8618
8619
8850
8851
8856
8857
8858
8859
8860
8861
8862
9236
9237
9238
9239
9240
9241
9242
9243
9244
9245
9246
9247
9248
9249
9250
9251
9254
9255
9256
9257
9259
9261
9262
9263
9264
9265
9266
9267
9268
9763
9764
9921
9922
9923
9924
9925
9926
9927
9928
9929
9930
9931
9932
9933
9934
9935
9936
9937
10171
10172
10173
10174
10175
10176
10405
10406
10407
10408
10409
10410
10412
10413
10416
10417
10419
10420
10421
10422
10423
10424
10425
10426
10427
10428
10429
10430
10431
10432
10786
10787
10794
10799
10806
10811
10821
10846
10848
10853
10933
10934
10935
10936
10970
10971
10972
11015
11062
11063
11064
11065
11066
11067
11068
11069
11071
11072
11073
11074
11078
11079
11080
11082
11085
11243
11244
11245
11246
11247
11332
11333
11334
11335
11336
11337
11338
11339
11340
11479
11495
11510
11511
11512
11513
11514
11575
11576
11581
11582
11613
11628
11633
11651
11673
11724
11726
11727
11728
11729
11730
11846
11847
11848
11849
11850
11967
11968
12020
12021
12022
12023
12024
12025
12026
12027
12028
12029
12030
12031
12032
12033
12034
12036
12154
12155
12156
12157
12158
12159
12160
12202
12203
12204
12205
12206
12207
12240
12349
12350
12430
12431
12432
12433
12434
12437
12438
12439
12551
12552
12553
12590
12591
12592
12593
12594
12613
12614
12615
12616
12617
12675
12676
12677
12678
12679
12710
12838
12839
12840
12866
12874
12875
12876
12877
12878
12879
12962
13042
13043
13044
13045
13046
13047
13048
13049
13050
13051
13052
13053
13136
13137
13198
13199
13200
13202
13206
13207
13208
13209
13210
13215
13216
13217
13218
13219
13224
13225
13421
13422
13423
13424
13425
13426
13551
13552
13553
13554
13555
13556
13557
13558
13559
13560
13561
13562
13563
13564
13765
13786
13787
13789
13794
13795
13796
13797
13798
13799
13869
13870
13871
13872
13910
13911
13932
13948
13951
13952
13953
14040
14041
14042
14043
14044
14045
14169
14170
14275
14276
14277
14278
14279
14280
14325
14326
14327
14328
14409
14410
14411
14412
14465
14466
14467
14468
14491
14492
14493
14608
14609
14610
14611
14612
14613
14692
14693
14694
14695
14696
14697
14836
14837
14838
14839
14844
14847
14848
14849
14850
14857
14858
14863
14866
14875
14876
14877
15057
15063
15064
15065
15340
15341
15342
15343
15344
15345
15346
15347
15348
15349
15350
15351
15353
15354
15356
15357
15358
15360
15361
15362
15363
15364
15365
15366
15367
15368
15369
15573
15574
15575
15576
15577
15578
15579
15580
15581
15582
15583
15584
15585
15586
15590
15591
15821
15822
15823
15824
15825
15826
16026
16027
16028
16029
16030
16031
16032
16033
16034
16035
16036
16037
16039
16040
16041
16042
16043
16044
16045
16046
16047
16048
16049
16050
16051
16053
16054
16057
16058
16059
16060
16065
16066
16067
16069
16070
16071
16072
16073
16074
16075
16076
16077
16078
16079
16080
16088
16089
16090
16091
16092
16093
16098
16102
16103
16104
16105
16645
16646
16647
16648
16649
16650
16651
16652
16653
16654
16655
16656
16657
16658
16929
16930
16931
16932
16933
16934
16935
16936
16937
16938
16939
16940
16941
16942
16943
16944
16945
16946
16947
16948
16949
16950
16951
17246
17275
17276
17304
17317
17334
17335
17378
17379
17380
17381
17383
17384
17385
17386
17387
17388
17389
17395
17636
17637
17638
17639
17643
17645
17646
17647
17648
17649
17651
17653
17659
17661
17670
17671
17672
17674
17675
17676
17677
17678
17680
17681
17683
17684
17685
17691
17692
17693
18052
18053
18054
18059
18060
18061
18124
18125
18126
18127
18131
18157
18158
18159
18160
18175
18183
18229
18230
18231
18232
18233
18234
18236
18237
18278
18279
18292
18293
18304
18305
18306
18307
18308
18314
18315
18316
18317
18386
18387
18434
18508
18553
18562
18563
18564
18565
18566
18567
18745
18746
18753
18754
18755
18756
18927
18928
18929
18930
19072
19100
19141
19142
19224
19225
19226
19227
19228
19234
19235
19236
19237
19238
19239
19240
19247
19248
19249
19250
19272
19705
19706
19707
19709
19710
19711
19713
19714
19715
19716
19717
19718
19719
19720
19721
19722
19723
19724
19725
19727
19728
19729
19733
19734
19735
19745
19746
19750
19751
19752
19753
19754
19755
19756
19757
19758
19759
19760
19762
19763
19764
19772
19773
19775
19777
20184
20185
20186
20187
20188
20189
20275
20276
20277
20278
20279
20377
20378
20379
20380
20381
20382
20383
20384
20385
20386
20387
20388
20389
20390
20391
20392
20394
20465
20466
20467
20468
20469
20473
20474
20475
20477
20571
20572
20598
20599
20600
20601
20656
20657
20658
20722
20723
20724
20725
20731
20732
20733
20734
20737
20738
20739
20754
20755
20756
20757
20758
20759
20760
20761
20762
20763
20764
20765
20766
20767
20768
21178
21179
21180
21181
21182
21183
21188
21252
21253
21254
21261
21262
21263
21456
21461
21462
21463
21464
21529
21530
21531
21533
21630
21631
21632
21633
21634
21636
21637
21638
21639
21640
21643
21644
21857
21858
21859
21860
21862
21863
21864
21865
21866
21867
21868
21869
21870
21871
21872
21873
21874
21876
21880
21881
21882
21883
21884
21887
21888
21889
21890
21891
21893
21894
21896
21897
21898
21899
21900
21901
21902
21903
21904
21905
21906
21907
21910
21911
21912
21930
21941
21943
22905
22906
22907
22908
22909
23056
23057
23058
23059
23060
23061
23062
23063
23064
23065
23066
23067
23068
23069
23070
23071
23075
23077
23079
23080
23084
23085
23086
23087
23088
23089
23090
23091
23092
23093
23094
23095
23096
23097
23098
23099
23100
23101
23102
23103
23104
23106
23117
23119
23123
23124
23125
23128
23135
23136
23137
23138
23139
23142
23143
23147
23155
23174
23175
23176
23177
23182
23183
23184
23185
23186
23187
23188
23189
23190
23191
23192
23193
23194
23195
23196
23198
23199
23200
23201
23202
23203
23204
23207
23208
23209
23210
23225
23226
23228
23238
23239
24142
24156
24157
24178
24201
24217
24218
24222
24303
24304
24305
24306
24408
24409
24422
24431
24482
24540
24541
24542
24543
24544
24577
24578
24582
24583
24584
24650
24654
24745
24760
24761
24854
24855
24856
24885
24903
24904
24905
24906
24907
24908
24909
24920
24921
24922
24923
25120
25121
25122
25123
25124
25125
25126
25186
25188
25194
25243
25246
25399
25400
25401
25402
25403
25404
25405
25407
25408
25409
25410
25411
25412
25413
25415
25417
25419
25420
25421
25422
25423
25424
25425
25426
25427
25428
25663
25664
25665
25666
25667
25668
25670
25782
25783
25784
25785
25902
25903
25904
25905
25906
25907
25908
25910
25912
25913
25915
25916
25917
25918
25919
25920
25921
25922
25923
26123
26124
26125
26127
26132
26133
26134
26135
26136
26138
26139
26140
26141
26142
26143
26144
26244
26245
26340
26341
26342
26343
26344
26345
26346
26347
26348
26349
26350
26351
26352
26543
26544
26545
26546
26547
26548
26549
26550
26551
26552
26681
26682
26686
26772
26773
26829
26830
26834
26836
26837
26838
26839
26840
26841
26847
26848
26849
26853
27018
27045
27046
27047
27052
27215
27425
27427
27521
27597
27634
27635
27636
27637
27638
27639
27766
27768
27831
27841
27956
27973
27975
27976
28078
28079
28080
28081
28082
28083
28084
28085
28086
28088
28089
28090
28091
28092
28093
28236
28237
28238
28239
28317
28318
28319
28320
28321
28483
28484
28485
28486
28487
28488
28489
28490
28491
28492
28497
28634
28635
28637
28638
28659
28660
28661
28662
28664
28706
28755
28756
28757
28758
28759
28760
28761
28762
28896
28897
28941
28942
28943
28944
28945
28946
28947
28948
28949
28950
28951
29049
29051
29058
29150
29151
29152
29153
29331
29332
29333
29334
29335
29336
29337
29338
29339
29340
29341
29342
29343
29344
29345
29346
29347
29348
29350
29351
29352
29353
29354
29359
29360
29361
29362
29363
29509
29510
29512
29524
29525
29526
29527
29605
29606
29607
29608
29609
29610
29611
29612
29613
29614
29615
29616
29617
29618
29619
29620
29621
29714
29845
29846
29847
29848
29849
29850
29851
29852
29853
29854
29856
29857
29858
29859
29860
29861
29862
29863
30013
30014
30016
30017
30048
30051
30263
30382
30383
30384
30385
30386
30387
30448
30451
30550
30551
30552
30553
30555
30684
30687
30688
30689
30691
30778
30779
30780
30781
30782
30783
30784
30785
30786
30787
30788
30789
30791
30792
30793
30794
30795
30796
30797
30798
30799
30800
30801
30802
30803
30804
30805
30806
30941
30942
30943
30944
30945
30946
30947
30948
30964
30965
30966
30967
30969
30970
30971
31083
31084
31085
31229
31230
31231
31232
31233
31234
31235
31236
31283
31284
31285
31418
31419
31420
31421
31480
31481
31482
31490
31491
31492
31604
31608
31710
31764
31765
31853
31854
31859
31861
31862
31863
31922
31923
32012
32013
32014
32015
32016
32017
32018
32019
32020
32021
32202
32203
32204
32205
32206
32207
32208
32209
32210
32211
32354
32368
32369
32431
32432
32433
32434
32436
32438
32439
32440
32441
32490
32491
32492
32493
32513
32514
32515
32599
32600
32602
32686
32760
32761
32762
32764
32810
32921
32922
32923
32924
32925
32988
32989
32990
32991
32992
32993
33022
33023
33024
33025
33026
33027
33086
33087
33088
33089
33090
33091
33092
33093
33119
33223
33224
33225
33228
33231
33232
33233
33234
33342
33343
33385
33451
33452
33453
33454
33455
33456
33530
33531
33532
33533
33534
33535
33542
33543
33661
33662
33687
33688
33691
33692
33718
33719
33736
33826
33827
33829
33830
33831
33832
33833
33834
33866
33867
33868
33869
33870
33913
33914
33924
33925
34009
34010
34102
34103
34125
34126
34127
34146
34147
34301
34302
34303
34336
34337
34362
34367
34368
34427
34428
34456
34457
34559
34667
34668
34759
34908
34909
34910
34914
34915
34916
34917
34918
34919
34941
34942
34943
35162
35163
35164
35165
35166
35168
35177
35178
35179
35180
35181
35796
35797
35798
35799
35800
35801
35802
35803
35804
35805
35806
35807
35808
35809
35810
35811
35812
35813
35814
35815
35816
35817
35818
35819
35820
35821
35822
35823
35824
35825
35829
35830
35831
35832
35833
35834
35835
35836
35837
35838
35839
35840
35841
35842
35843
35844
35845
35846
35849
35850
35851
35852
35856
35858
35859
35860
35865
35867
35868
35869
35874
35876
35877
35878
35879
35880
35881
35882
35883
35884
35885
35886
35888
35889
35891
35893
35894
35895
35896
35897
35898
35899
35900
35901
35902
35903
35905
35906
35907
35908
35909
35911
35912
35913
35915
35916
36450
36457
36462
36466
36563
36575
36798
36799
36800
36801
36802
36803
36804
36805
36806
36807
36808
36809
36810
36811
36812
36813
36814
36815
36816
36817
36818
36824
36825
36826
36828
36829
36835
36837
37249
37250
37251
37252
37253
37254
37255
37256
37650
37651
37652
37653
37654
37655
37656
37657
37658
37659
37660
37661
37662
37663
37664
37667
37668
37674
37676
37677
37678
37679
37680
37681
37685
37686
37687
37688
37689
37691
37692
37693
37694
37695
37696
37697
37698
37699
37701
37702
37703
37704
37705
37706
37708
38279
38280
38281
38282
38285
38286
38288
38291
38293
38294
38295
38296
38300
38301
38302
38303
38304
38309
38310
38311
38312
38313
38314
38315
38316
38317
38318
38319
38320
38321
38322
38323
38324
38325
38326
38327
38328
38329
38332
38333
38334
38335
38336
38337
38338
38339
38340
38341
38687
38688
38689
38690
38691
39009
39010
39011
39012
39013
39014
39015
39016
39017
39018
39019
39020
39021
39022
39023
39024
39025
39026
39027
39028
39029
39030
39031
39032
39033
39521
39522
39523
39524
39525
39526
39527
39528
39529
39530
39531
39532
39533
39534
39535
39536
39537
39538
39539
39540
39541
39542
39543
39544
39545
39546
39547
39851
39852
39853
39854
39855
39864
40117
40118
40119
40120
40121
40122
40123
40303
40304
40305
40306
40307
40310
40313
40314
40315
40316
40317
40318
40319
40320
40321
40322
40323
40324
40325
40326
40327
40328
40329
40330
40343
40348
40349
40350
40351
40354
40355
40364
40791
40792
40793
40861
40862
40863
40864
40865
40866
40867
40875
41181
41203
41251
41252
41253
41254
41296
41297
41311
41312
41341
41342
41361
41384
41494
41536
41643
41663
41664
41707
41708
41709
41710
41711
41777
41778
41779
42108
42118
42119
42286
42309
42310
42328
42592
42625
42626
42779
42786
42804
42823
42945
42946
42951
42952
42953
42954
42955
42956
42998
42999
43000
43001
43002
43087
43092
43093
43094
43985
43986
43987
43988
44033
44038
44039
44040
44041
44042
44043
44145
44146
44147
44148
44149
44150
44151
44152
44153
44154
44155
44156
44157
44297
44298
44299
44300
44301
44302
44303
44304
48152
48153
48154
48155
48156
48157
48158
48159
48160
48161
48162
48163
48274
48275
48276
48277
48278
48279
48280
48281
48282
48283
48284
48285
48679
48680
48681
48682
48683
48684
48685
48686
48687
48688
48689
48690
49726
49727
49728
49729
49730
49731
49732
49733
49734
49735
49736
49737
49738
49739
49740
50263
50264
50265
50266
50267
50268
50269
50270
50271
50272
50273
50274
50275
50276
50277
50443
50444
50445
50446
50447
50448
50449
50450
50451
50452
50453
50454
50455
50456
50457
50458
50459
50460
50466
50467
50468
50469
50470
50471
50472
50473
50474
50475
50476
50477
50478
50479
50480
50481
50482
50483
50484
50485
50486
50487
50488
50489
50490
50491
50492
50493
50494
50495
50496
50497
50498
50499
50500
50501
50502
50503
50504
50505
50506
50507
50508
50509
50510
50511
50512
50513
50514
50515
50516
50517
50884
50885
50886
50887
50888
50889
50890
50891
50892
50893
50894
50895
50896
50897
50898
50899
50900
50901
50902
50903
50904
50905
50906
50907
50936
50937
50938
50939
50940
50941
50942
50943
50944
50945
50946
50947
51033
51034
51035
51036
51037
51038
51039
51040
51041
51042
51043
51044
51236
51237
51238
51239
51240
51241
51242
51243
51244
51245
51246
51247
51248
51249
51250
51251
51252
51253
51254
51255
51256
51257
51258
51259
51260
51261
51262
51263
51264
51265
51266
51267
51268
51269
51270
51271
51272
51273
51274
51415
51416
51417
51418
51419
51420
51531
51532
51533
51534
51535
51536
51537
51538
51539
51540
51541
51542
51543
51544
51545
51813
51814
51815
51816
51817
51818
51819
51820
51821
51822
51823
51824
52463
52464
52465
52466
52467
52468
52469
52470
52471
52610
52611
52612
52613
52614
52615
52616
52617
52618
52619
52620
52621
52622
52623
52624
52625
52626
52627
52810
52811
52812
52813
52814
52815
52816
52817
52818
52819
52820
52821
52822
52823
52824
52825
52826
52827
52828
52829
52830
52831
52832
52833
52834
52835
52836
52837
52838
52839
52840
52841
52842
52843
52844
52845
52846
52847
52848
52849
52850
52851
52852
52853
52854
52855
52856
52857
52858
52859
52860
52861
52862
52863
52864
52865
52866
53324
53325
53326
53327
53328
53329
53330
53331
53332
53333
53334
53335
53938
53939
53940
53941
53942
53943
53944
53945
53952
53953
53954
53955
53956
53957
53958
53959
53960
53961
53962
53971
53972
53973
53977
53978
53979
54016
54017
54018
54019
54020
54021
54022
54023
54024
54025
54026
54027
54028
54029
54030
54031
54032
54033
54034
54035
54036
54110
54111
54112
54113
54114
54115
54116
54117
54118
54119
54120
54121
54122
54123
54124
54125
54126
54127
54128
54129
54130
54131
54132
54133
54134
54135
54136
54137
54138
54139
54140
54141
54142
54165
54166
54167
54168
54169
54170
54171
54172
54173
54177
54178
54179
54359
54360
54361
54362
54367
54368
54369
54370
54371
54372
54373
54374
54375
54376
54377
54378
54379
54380
54381
54382
54383
54384
54385
54386
54387
54388
54389
54390
54391
54392
54393
54394
54395
54396
54397
54398
54399
54400
54401
54402
54403
54404
54405
54406
54407
54408
54409
54410
54499
54500
54501
54502
54503
54504
54505
54506
54507
54508
54509
54510
54511
54512
54513
54671
54672
54675
54676
54677
54678
54679
54680
54681
54682
54683
54684
54685
54686
54687
54699
54700
54701
54702
54703
54704
54705
54706
54707
54708
54709
54710
54711
54712
54713
54714
54715
54716
54717
54718
54719
54720
54721
54722
54723
54724
54725
54726
54727
54728
54729
54730
54731
54732
54733
54734
54735
54736
54737
55028
55029
55030
55031
55032
55033
55034
55035
55036
55037
55038
55039
55040
55041
55042
55043
55044
55045
55046
55047
55048
55049
55050
55051
55052
55053
55054
55055
55056
55057
55058
55059
55060
55061
55062
55063
55064
55065
55066
55067
55068
55072
55073
55074
55075
55076
55077
55078
55079
55080
55081
55082
55083
55084
55085
55086
55087
55088
55089
55090
55091
55092
55201
55202
55203
55204
55205
55206
55207
55208
55209
55210
55211
55212
55213
55214
55215
55309
55310
55311
55312
55313
55314
55315
55316
55317
55318
55319
55320
55321
55322
55323
55324
55325
55326
55327
55328
55329
55330
55331
55332
55333
55334
55335
55336
55337
55338
55339
55340
55341
55342
55343
55344
55458
55459
55460
55520
55521
55522
55523
55524
55525
55526
55527
55528
55529
55530
55531
55532
55533
55534
55535
55536
55537
55538
55539
55540
55541
55542
55543
55544
55545
55546
55547
55548
55549
55550
55551
55552
55553
55554
55555
55556
55557
55558
55641
55642
55643
56117
56118
56119
56122
56123
56124
56125
56126
56127
56128
56129
56130
56131
56132
56133
56134
56135
56136
56137
56138
56139
56140
56141
56744
56745
56746
56747
56748
56749
56750
56805
56806
56807
56808
56809
57008
57009
57205
57206
57207
57208
57209
57210
57887
57888
57889
58406
58407
58408
58409
58410
58411
58599
58600
58601
58746
58747
58748
)


// ************************************************************************* //
