/*--------------------------------*- C++ -*----------------------------------*\
  =========                 |
  \\      /  F ield         | OpenFOAM: The Open Source CFD Toolbox
   \\    /   O peration     | Website:  https://openfoam.org
    \\  /    A nd           | Version:  8
     \\/     M anipulation  |
\*---------------------------------------------------------------------------*/
/*   Windows 32 and 64 bit porting by blueCAPE: http://www.bluecape.com.pt   *\
|  Based on Windows porting (2.0.x v4) by Symscape: http://www.symscape.com   |
\*---------------------------------------------------------------------------*/
FoamFile
{
    version     2.0;
    format      ascii;
    class       labelList;
    location    "constant/tower/polyMesh";
    object      pointProcAddressing;
}
// * * * * * * * * * * * * * * * * * * * * * * * * * * * * * * * * * * * * * //


10186
(
2504
2505
2506
2507
2508
2509
2510
2511
2512
2513
2514
2515
2516
2517
2518
2519
2520
2521
2522
2523
2524
2525
2526
2527
2528
2530
2532
2534
2553
2554
2555
2556
2557
2558
2559
2578
2579
2580
2581
2604
3728
3729
3730
3731
3732
3733
3734
3735
3740
3741
3742
3743
3744
3745
3746
3747
3748
3767
3768
3769
3770
3771
5278
5279
5280
5281
5282
5294
5295
5296
5297
5298
5299
5300
5301
5302
5303
5304
5305
5306
5307
5308
5319
5320
5321
5322
5323
5324
5325
5326
5327
5328
5329
5330
5331
5332
5333
5334
5344
5345
5346
5347
5348
5349
5350
5351
5352
5353
5354
5355
5356
5357
5358
5359
5369
5370
5371
5372
5373
5374
5375
5376
5377
5378
5379
5380
5381
5382
5383
5384
5394
5395
5396
5397
5398
5399
5400
5401
5402
5403
5404
5405
5406
5407
5408
5409
5419
5420
5421
5422
5423
5424
5425
5426
5427
5428
5429
5430
5431
5432
5433
5434
5444
5445
5446
5447
5448
5449
5450
5451
5452
5453
5454
5455
5456
5457
5458
5459
5469
5470
5471
5472
5473
5474
5475
5476
5477
5478
5479
5480
5481
5482
5483
5484
5494
5495
5496
5497
5498
5499
5500
5501
5502
5503
5504
5505
5506
5507
5508
5509
5519
5520
5521
5522
5523
5524
5525
5526
5527
5528
5529
5530
5531
5532
5533
5534
5544
5545
5546
5547
5548
5549
5550
5551
5552
5553
5554
5555
5556
5557
5558
5559
5569
5570
5571
5572
5573
5574
5575
5576
5577
5578
5579
5580
5581
5582
5583
5584
5594
5595
5596
5597
5598
5599
5600
5601
5602
5603
5604
5605
5606
5607
5608
5609
5619
5620
5621
5622
5623
5624
5625
5626
5627
5628
5629
5630
5631
5632
5633
5634
5635
5644
5645
5646
5647
5648
5649
5650
5651
5652
5653
5654
5655
5656
5657
5658
5659
5660
5726
5727
5728
5729
5730
5731
5732
5733
5734
5735
5736
5737
5738
5739
5740
5741
5742
5743
5744
5745
5746
5747
5748
5749
5750
5751
5752
5753
5754
5773
5774
5775
5776
5780
5791
5792
5793
5794
5795
5796
5797
5798
5799
5800
5801
5802
5803
5804
5805
5806
5807
5808
5809
5810
5811
5812
5813
5814
5815
5816
5817
5818
5819
5820
5821
5822
5823
5840
5841
5842
5843
5844
5845
5846
5847
5848
5849
5850
5851
5852
5853
5854
5855
5856
5857
5865
5866
5867
5868
5869
5870
5871
5872
5873
5874
5875
5876
5877
5878
5879
5880
5881
5882
5890
5891
5892
5893
5894
5895
5896
5897
5898
5899
5900
5901
5902
5903
5904
5905
5906
5907
5915
5916
5917
5918
5919
5920
5921
5922
5923
5924
5925
5926
5927
5928
5929
5930
5931
5932
5940
5941
5942
5943
5944
5945
5946
5947
5948
5949
5950
5951
5952
5953
5954
5955
5956
5957
5965
5966
5967
5968
5969
5970
5971
5972
5973
5974
5975
5976
5977
5978
5979
5980
5981
5982
5990
5991
5992
5993
5994
5995
5996
5997
5998
5999
6000
6001
6002
6003
6004
6005
6006
6007
6015
6016
6017
6018
6019
6020
6021
6022
6023
6024
6025
6026
6027
6028
6029
6030
6031
6032
6040
6041
6042
6043
6044
6045
6046
6047
6048
6049
6050
6051
6052
6053
6054
6055
6056
6057
6065
6066
6067
6068
6069
6070
6071
6072
6073
6074
6075
6076
6077
6078
6079
6080
6081
6082
6083
6090
6091
6092
6093
6094
6095
6096
6097
6098
6099
6100
6101
6102
6103
6104
6105
6106
6107
6108
6115
6116
6117
6118
6119
6120
6121
6122
6123
6124
6125
6126
6127
6128
6129
6130
6131
6132
6133
6140
6141
6142
6143
6144
6145
6146
6147
6148
6149
6150
6151
6152
6153
6154
6155
6156
6157
6158
6165
6166
6167
6168
6169
6170
6171
6172
6173
6174
6175
6176
6177
6178
6179
6180
6181
6182
6183
6184
6190
6191
6192
6193
6194
6195
6196
6197
6198
6199
6200
6201
6202
6203
6204
6205
6206
6207
6208
6209
6215
6216
6217
6218
6219
6220
6221
6222
6223
6224
6225
6226
6227
6228
6229
6230
6231
6232
6233
6234
6240
6241
6242
6243
6244
6245
6246
6247
6248
6249
6250
6251
6252
6253
6254
6255
6256
6257
6258
6259
6265
6266
6267
6268
6269
6270
6271
6272
6273
6274
6275
6276
6277
6278
6279
6280
6281
6282
6283
6284
6285
6290
6291
6292
6293
6294
6295
6296
6297
6298
6299
6300
6312
6313
6314
6315
6316
6317
6318
6319
6320
6321
6331
6332
6333
6334
6335
6336
6337
6338
6339
6340
6341
6342
6343
6344
6345
6346
6347
6348
6349
6350
6351
6352
6353
6354
6355
6356
6357
6358
6359
6360
6361
6362
6363
6364
6365
6366
6367
6368
6369
6370
6371
6372
6373
6374
6375
6376
6377
6378
6379
6380
6381
6382
6383
6384
6385
6386
6387
6388
6389
6390
6391
6392
6393
6394
6395
6396
6397
6398
6399
6400
6401
6402
6403
6404
6405
6406
6407
6408
6409
6410
6412
6413
6414
6415
6416
6417
6418
6419
6420
6421
6422
6423
6424
6425
6426
6427
6428
6429
6433
6434
6435
6436
6437
6438
6439
6440
6441
6442
6443
6444
6445
6446
6447
6448
6449
6455
6456
6457
6458
6459
6460
6461
6462
6463
6464
6465
6466
6467
6468
6469
6477
6478
6479
6480
6481
6482
6483
6484
6485
6486
6487
6488
6489
6499
6500
6501
6502
6503
6504
6505
6506
6507
6508
6509
6520
6521
6522
6523
6524
6525
6526
6527
6528
6529
6542
6543
6544
6545
6546
6547
6548
6549
6563
6564
6565
6566
6567
6568
6569
6585
6586
6587
6588
6589
6607
6608
6609
6628
6629
7310
7311
20002
20003
20004
20005
20006
20007
20008
20009
20010
20011
20012
20013
20014
20015
20016
20017
20018
20019
20020
20021
20022
20023
20024
20025
20026
20028
20030
20032
20051
20052
20053
20054
20055
20056
20057
20076
20077
20078
20079
20102
21226
21227
21228
21229
21230
21231
21232
21233
21238
21239
21240
21241
21242
21243
21244
21245
21246
21265
21266
21267
21268
21269
22776
22777
22778
22779
22780
22792
22793
22794
22795
22796
22797
22798
22799
22800
22801
22802
22803
22804
22805
22806
22817
22818
22819
22820
22821
22822
22823
22824
22825
22826
22827
22828
22829
22830
22831
22832
22842
22843
22844
22845
22846
22847
22848
22849
22850
22851
22852
22853
22854
22855
22856
22857
22867
22868
22869
22870
22871
22872
22873
22874
22875
22876
22877
22878
22879
22880
22881
22882
22892
22893
22894
22895
22896
22897
22898
22899
22900
22901
22902
22903
22904
22905
22906
22907
22917
22918
22919
22920
22921
22922
22923
22924
22925
22926
22927
22928
22929
22930
22931
22932
22942
22943
22944
22945
22946
22947
22948
22949
22950
22951
22952
22953
22954
22955
22956
22957
22967
22968
22969
22970
22971
22972
22973
22974
22975
22976
22977
22978
22979
22980
22981
22982
22992
22993
22994
22995
22996
22997
22998
22999
23000
23001
23002
23003
23004
23005
23006
23007
23017
23018
23019
23020
23021
23022
23023
23024
23025
23026
23027
23028
23029
23030
23031
23032
23042
23043
23044
23045
23046
23047
23048
23049
23050
23051
23052
23053
23054
23055
23056
23057
23067
23068
23069
23070
23071
23072
23073
23074
23075
23076
23077
23078
23079
23080
23081
23082
23092
23093
23094
23095
23096
23097
23098
23099
23100
23101
23102
23103
23104
23105
23106
23107
23117
23118
23119
23120
23121
23122
23123
23124
23125
23126
23127
23128
23129
23130
23131
23132
23133
23142
23143
23144
23145
23146
23147
23148
23149
23150
23151
23152
23153
23154
23155
23156
23157
23158
23224
23225
23226
23227
23228
23229
23230
23231
23232
23233
23234
23235
23236
23237
23238
23239
23240
23241
23242
23243
23244
23245
23246
23247
23248
23249
23250
23251
23252
23271
23272
23273
23274
23278
23289
23290
23291
23292
23293
23294
23295
23296
23297
23298
23299
23300
23301
23302
23303
23304
23305
23306
23307
23308
23309
23310
23311
23312
23313
23314
23315
23316
23317
23318
23319
23320
23321
23338
23339
23340
23341
23342
23343
23344
23345
23346
23347
23348
23349
23350
23351
23352
23353
23354
23355
23363
23364
23365
23366
23367
23368
23369
23370
23371
23372
23373
23374
23375
23376
23377
23378
23379
23380
23388
23389
23390
23391
23392
23393
23394
23395
23396
23397
23398
23399
23400
23401
23402
23403
23404
23405
23413
23414
23415
23416
23417
23418
23419
23420
23421
23422
23423
23424
23425
23426
23427
23428
23429
23430
23438
23439
23440
23441
23442
23443
23444
23445
23446
23447
23448
23449
23450
23451
23452
23453
23454
23455
23463
23464
23465
23466
23467
23468
23469
23470
23471
23472
23473
23474
23475
23476
23477
23478
23479
23480
23488
23489
23490
23491
23492
23493
23494
23495
23496
23497
23498
23499
23500
23501
23502
23503
23504
23505
23513
23514
23515
23516
23517
23518
23519
23520
23521
23522
23523
23524
23525
23526
23527
23528
23529
23530
23538
23539
23540
23541
23542
23543
23544
23545
23546
23547
23548
23549
23550
23551
23552
23553
23554
23555
23563
23564
23565
23566
23567
23568
23569
23570
23571
23572
23573
23574
23575
23576
23577
23578
23579
23580
23581
23588
23589
23590
23591
23592
23593
23594
23595
23596
23597
23598
23599
23600
23601
23602
23603
23604
23605
23606
23613
23614
23615
23616
23617
23618
23619
23620
23621
23622
23623
23624
23625
23626
23627
23628
23629
23630
23631
23638
23639
23640
23641
23642
23643
23644
23645
23646
23647
23648
23649
23650
23651
23652
23653
23654
23655
23656
23663
23664
23665
23666
23667
23668
23669
23670
23671
23672
23673
23674
23675
23676
23677
23678
23679
23680
23681
23682
23688
23689
23690
23691
23692
23693
23694
23695
23696
23697
23698
23699
23700
23701
23702
23703
23704
23705
23706
23707
23713
23714
23715
23716
23717
23718
23719
23720
23721
23722
23723
23724
23725
23726
23727
23728
23729
23730
23731
23732
23738
23739
23740
23741
23742
23743
23744
23745
23746
23747
23748
23749
23750
23751
23752
23753
23754
23755
23756
23757
23763
23764
23765
23766
23767
23768
23769
23770
23771
23772
23773
23774
23775
23776
23777
23778
23779
23780
23781
23782
23783
23788
23789
23790
23791
23792
23793
23794
23795
23796
23797
23798
23810
23811
23812
23813
23814
23815
23816
23817
23818
23819
23829
23830
23831
23832
23833
23834
23835
23836
23837
23838
23839
23840
23841
23842
23843
23844
23845
23846
23847
23848
23849
23850
23851
23852
23853
23854
23855
23856
23857
23858
23859
23860
23861
23862
23863
23864
23865
23866
23867
23868
23869
23870
23871
23872
23873
23874
23875
23876
23877
23878
23879
23880
23881
23882
23883
23884
23885
23886
23887
23888
23889
23890
23891
23892
23893
23894
23895
23896
23897
23898
23899
23900
23901
23902
23903
23904
23905
23906
23907
23908
23910
23911
23912
23913
23914
23915
23916
23917
23918
23919
23920
23921
23922
23923
23924
23925
23926
23927
23931
23932
23933
23934
23935
23936
23937
23938
23939
23940
23941
23942
23943
23944
23945
23946
23947
23953
23954
23955
23956
23957
23958
23959
23960
23961
23962
23963
23964
23965
23966
23967
23975
23976
23977
23978
23979
23980
23981
23982
23983
23984
23985
23986
23987
23997
23998
23999
24000
24001
24002
24003
24004
24005
24006
24007
24018
24019
24020
24021
24022
24023
24024
24025
24026
24027
24040
24041
24042
24043
24044
24045
24046
24047
24061
24062
24063
24064
24065
24066
24067
24083
24084
24085
24086
24087
24105
24106
24107
24126
24127
24808
24809
37500
37501
37502
37503
37504
37505
37506
37507
37508
37509
37510
37511
37512
37513
37514
37515
37516
37517
37518
37519
37520
37521
37522
37523
37524
37526
37528
37530
37549
37550
37551
37552
37553
37554
37555
37574
37575
37576
37577
37600
38724
38725
38726
38727
38728
38729
38730
38731
38736
38737
38738
38739
38740
38741
38742
38743
38744
38763
38764
38765
38766
38767
40274
40275
40276
40277
40278
40290
40291
40292
40293
40294
40295
40296
40297
40298
40299
40300
40301
40302
40303
40304
40315
40316
40317
40318
40319
40320
40321
40322
40323
40324
40325
40326
40327
40328
40329
40330
40340
40341
40342
40343
40344
40345
40346
40347
40348
40349
40350
40351
40352
40353
40354
40355
40365
40366
40367
40368
40369
40370
40371
40372
40373
40374
40375
40376
40377
40378
40379
40380
40390
40391
40392
40393
40394
40395
40396
40397
40398
40399
40400
40401
40402
40403
40404
40405
40415
40416
40417
40418
40419
40420
40421
40422
40423
40424
40425
40426
40427
40428
40429
40430
40440
40441
40442
40443
40444
40445
40446
40447
40448
40449
40450
40451
40452
40453
40454
40455
40465
40466
40467
40468
40469
40470
40471
40472
40473
40474
40475
40476
40477
40478
40479
40480
40490
40491
40492
40493
40494
40495
40496
40497
40498
40499
40500
40501
40502
40503
40504
40505
40515
40516
40517
40518
40519
40520
40521
40522
40523
40524
40525
40526
40527
40528
40529
40530
40540
40541
40542
40543
40544
40545
40546
40547
40548
40549
40550
40551
40552
40553
40554
40555
40565
40566
40567
40568
40569
40570
40571
40572
40573
40574
40575
40576
40577
40578
40579
40580
40590
40591
40592
40593
40594
40595
40596
40597
40598
40599
40600
40601
40602
40603
40604
40605
40615
40616
40617
40618
40619
40620
40621
40622
40623
40624
40625
40626
40627
40628
40629
40630
40631
40640
40641
40642
40643
40644
40645
40646
40647
40648
40649
40650
40651
40652
40653
40654
40655
40656
40722
40723
40724
40725
40726
40727
40728
40729
40730
40731
40732
40733
40734
40735
40736
40737
40738
40739
40740
40741
40742
40743
40744
40745
40746
40747
40748
40749
40750
40769
40770
40771
40772
40776
40787
40788
40789
40790
40791
40792
40793
40794
40795
40796
40797
40798
40799
40800
40801
40802
40803
40804
40805
40806
40807
40808
40809
40810
40811
40812
40813
40814
40815
40816
40817
40818
40819
40836
40837
40838
40839
40840
40841
40842
40843
40844
40845
40846
40847
40848
40849
40850
40851
40852
40853
40861
40862
40863
40864
40865
40866
40867
40868
40869
40870
40871
40872
40873
40874
40875
40876
40877
40878
40886
40887
40888
40889
40890
40891
40892
40893
40894
40895
40896
40897
40898
40899
40900
40901
40902
40903
40911
40912
40913
40914
40915
40916
40917
40918
40919
40920
40921
40922
40923
40924
40925
40926
40927
40928
40936
40937
40938
40939
40940
40941
40942
40943
40944
40945
40946
40947
40948
40949
40950
40951
40952
40953
40961
40962
40963
40964
40965
40966
40967
40968
40969
40970
40971
40972
40973
40974
40975
40976
40977
40978
40986
40987
40988
40989
40990
40991
40992
40993
40994
40995
40996
40997
40998
40999
41000
41001
41002
41003
41011
41012
41013
41014
41015
41016
41017
41018
41019
41020
41021
41022
41023
41024
41025
41026
41027
41028
41036
41037
41038
41039
41040
41041
41042
41043
41044
41045
41046
41047
41048
41049
41050
41051
41052
41053
41061
41062
41063
41064
41065
41066
41067
41068
41069
41070
41071
41072
41073
41074
41075
41076
41077
41078
41079
41086
41087
41088
41089
41090
41091
41092
41093
41094
41095
41096
41097
41098
41099
41100
41101
41102
41103
41104
41111
41112
41113
41114
41115
41116
41117
41118
41119
41120
41121
41122
41123
41124
41125
41126
41127
41128
41129
41136
41137
41138
41139
41140
41141
41142
41143
41144
41145
41146
41147
41148
41149
41150
41151
41152
41153
41154
41161
41162
41163
41164
41165
41166
41167
41168
41169
41170
41171
41172
41173
41174
41175
41176
41177
41178
41179
41180
41186
41187
41188
41189
41190
41191
41192
41193
41194
41195
41196
41197
41198
41199
41200
41201
41202
41203
41204
41205
41211
41212
41213
41214
41215
41216
41217
41218
41219
41220
41221
41222
41223
41224
41225
41226
41227
41228
41229
41230
41236
41237
41238
41239
41240
41241
41242
41243
41244
41245
41246
41247
41248
41249
41250
41251
41252
41253
41254
41255
41261
41262
41263
41264
41265
41266
41267
41268
41269
41270
41271
41272
41273
41274
41275
41276
41277
41278
41279
41280
41281
41286
41287
41288
41289
41290
41291
41292
41293
41294
41295
41296
41308
41309
41310
41311
41312
41313
41314
41315
41316
41317
41327
41328
41329
41330
41331
41332
41333
41334
41335
41336
41337
41338
41339
41340
41341
41342
41343
41344
41345
41346
41347
41348
41349
41350
41351
41352
41353
41354
41355
41356
41357
41358
41359
41360
41361
41362
41363
41364
41365
41366
41367
41368
41369
41370
41371
41372
41373
41374
41375
41376
41377
41378
41379
41380
41381
41382
41383
41384
41385
41386
41387
41388
41389
41390
41391
41392
41393
41394
41395
41396
41397
41398
41399
41400
41401
41402
41403
41404
41405
41406
41408
41409
41410
41411
41412
41413
41414
41415
41416
41417
41418
41419
41420
41421
41422
41423
41424
41425
41429
41430
41431
41432
41433
41434
41435
41436
41437
41438
41439
41440
41441
41442
41443
41444
41445
41451
41452
41453
41454
41455
41456
41457
41458
41459
41460
41461
41462
41463
41464
41465
41473
41474
41475
41476
41477
41478
41479
41480
41481
41482
41483
41484
41485
41495
41496
41497
41498
41499
41500
41501
41502
41503
41504
41505
41516
41517
41518
41519
41520
41521
41522
41523
41524
41525
41538
41539
41540
41541
41542
41543
41544
41545
41559
41560
41561
41562
41563
41564
41565
41581
41582
41583
41584
41585
41603
41604
41605
41624
41625
42306
42307
54998
54999
55000
55001
55002
55003
55004
55005
55006
55007
55008
55009
55010
55011
55012
55013
55014
55015
55016
55017
55018
55019
55020
55021
55022
55024
55026
55028
55047
55048
55049
55050
55051
55052
55053
55072
55073
55074
55075
55098
56222
56223
56224
56225
56226
56227
56228
56229
56234
56235
56236
56237
56238
56239
56240
56241
56242
56261
56262
56263
56264
56265
57772
57773
57774
57775
57776
57788
57789
57790
57791
57792
57793
57794
57795
57796
57797
57798
57799
57800
57801
57802
57813
57814
57815
57816
57817
57818
57819
57820
57821
57822
57823
57824
57825
57826
57827
57828
57838
57839
57840
57841
57842
57843
57844
57845
57846
57847
57848
57849
57850
57851
57852
57853
57863
57864
57865
57866
57867
57868
57869
57870
57871
57872
57873
57874
57875
57876
57877
57878
57888
57889
57890
57891
57892
57893
57894
57895
57896
57897
57898
57899
57900
57901
57902
57903
57913
57914
57915
57916
57917
57918
57919
57920
57921
57922
57923
57924
57925
57926
57927
57928
57938
57939
57940
57941
57942
57943
57944
57945
57946
57947
57948
57949
57950
57951
57952
57953
57963
57964
57965
57966
57967
57968
57969
57970
57971
57972
57973
57974
57975
57976
57977
57978
57988
57989
57990
57991
57992
57993
57994
57995
57996
57997
57998
57999
58000
58001
58002
58003
58013
58014
58015
58016
58017
58018
58019
58020
58021
58022
58023
58024
58025
58026
58027
58028
58038
58039
58040
58041
58042
58043
58044
58045
58046
58047
58048
58049
58050
58051
58052
58053
58063
58064
58065
58066
58067
58068
58069
58070
58071
58072
58073
58074
58075
58076
58077
58078
58088
58089
58090
58091
58092
58093
58094
58095
58096
58097
58098
58099
58100
58101
58102
58103
58113
58114
58115
58116
58117
58118
58119
58120
58121
58122
58123
58124
58125
58126
58127
58128
58129
58138
58139
58140
58141
58142
58143
58144
58145
58146
58147
58148
58149
58150
58151
58152
58153
58154
58220
58221
58222
58223
58224
58225
58226
58227
58228
58229
58230
58231
58232
58233
58234
58235
58236
58237
58238
58239
58240
58241
58242
58243
58244
58245
58246
58247
58248
58267
58268
58269
58270
58274
58285
58286
58287
58288
58289
58290
58291
58292
58293
58294
58295
58296
58297
58298
58299
58300
58301
58302
58303
58304
58305
58306
58307
58308
58309
58310
58311
58312
58313
58314
58315
58316
58317
58334
58335
58336
58337
58338
58339
58340
58341
58342
58343
58344
58345
58346
58347
58348
58349
58350
58351
58359
58360
58361
58362
58363
58364
58365
58366
58367
58368
58369
58370
58371
58372
58373
58374
58375
58376
58384
58385
58386
58387
58388
58389
58390
58391
58392
58393
58394
58395
58396
58397
58398
58399
58400
58401
58409
58410
58411
58412
58413
58414
58415
58416
58417
58418
58419
58420
58421
58422
58423
58424
58425
58426
58434
58435
58436
58437
58438
58439
58440
58441
58442
58443
58444
58445
58446
58447
58448
58449
58450
58451
58459
58460
58461
58462
58463
58464
58465
58466
58467
58468
58469
58470
58471
58472
58473
58474
58475
58476
58484
58485
58486
58487
58488
58489
58490
58491
58492
58493
58494
58495
58496
58497
58498
58499
58500
58501
58509
58510
58511
58512
58513
58514
58515
58516
58517
58518
58519
58520
58521
58522
58523
58524
58525
58526
58534
58535
58536
58537
58538
58539
58540
58541
58542
58543
58544
58545
58546
58547
58548
58549
58550
58551
58559
58560
58561
58562
58563
58564
58565
58566
58567
58568
58569
58570
58571
58572
58573
58574
58575
58576
58577
58584
58585
58586
58587
58588
58589
58590
58591
58592
58593
58594
58595
58596
58597
58598
58599
58600
58601
58602
58609
58610
58611
58612
58613
58614
58615
58616
58617
58618
58619
58620
58621
58622
58623
58624
58625
58626
58627
58634
58635
58636
58637
58638
58639
58640
58641
58642
58643
58644
58645
58646
58647
58648
58649
58650
58651
58652
58659
58660
58661
58662
58663
58664
58665
58666
58667
58668
58669
58670
58671
58672
58673
58674
58675
58676
58677
58678
58684
58685
58686
58687
58688
58689
58690
58691
58692
58693
58694
58695
58696
58697
58698
58699
58700
58701
58702
58703
58709
58710
58711
58712
58713
58714
58715
58716
58717
58718
58719
58720
58721
58722
58723
58724
58725
58726
58727
58728
58734
58735
58736
58737
58738
58739
58740
58741
58742
58743
58744
58745
58746
58747
58748
58749
58750
58751
58752
58753
58759
58760
58761
58762
58763
58764
58765
58766
58767
58768
58769
58770
58771
58772
58773
58774
58775
58776
58777
58778
58779
58784
58785
58786
58787
58788
58789
58790
58791
58792
58793
58794
58806
58807
58808
58809
58810
58811
58812
58813
58814
58815
58825
58826
58827
58828
58829
58830
58831
58832
58833
58834
58835
58836
58837
58838
58839
58840
58841
58842
58843
58844
58845
58846
58847
58848
58849
58850
58851
58852
58853
58854
58855
58856
58857
58858
58859
58860
58861
58862
58863
58864
58865
58866
58867
58868
58869
58870
58871
58872
58873
58874
58875
58876
58877
58878
58879
58880
58881
58882
58883
58884
58885
58886
58887
58888
58889
58890
58891
58892
58893
58894
58895
58896
58897
58898
58899
58900
58901
58902
58903
58904
58906
58907
58908
58909
58910
58911
58912
58913
58914
58915
58916
58917
58918
58919
58920
58921
58922
58923
58927
58928
58929
58930
58931
58932
58933
58934
58935
58936
58937
58938
58939
58940
58941
58942
58943
58949
58950
58951
58952
58953
58954
58955
58956
58957
58958
58959
58960
58961
58962
58963
58971
58972
58973
58974
58975
58976
58977
58978
58979
58980
58981
58982
58983
58993
58994
58995
58996
58997
58998
58999
59000
59001
59002
59003
59014
59015
59016
59017
59018
59019
59020
59021
59022
59023
59036
59037
59038
59039
59040
59041
59042
59043
59057
59058
59059
59060
59061
59062
59063
59079
59080
59081
59082
59083
59101
59102
59103
59122
59123
59804
59805
72496
72497
72498
72499
72500
72501
72502
72503
72504
72505
72506
72507
72508
72509
72510
72511
72512
72513
72514
72515
72516
72517
72518
72519
72520
72522
72524
72526
72545
72546
72547
72548
72549
72550
72551
72570
72571
72572
72573
72596
73720
73721
73722
73723
73724
73725
73726
73727
73732
73733
73734
73735
73736
73737
73738
73739
73740
73759
73760
73761
73762
73763
75270
75271
75272
75273
75274
75286
75287
75288
75289
75290
75291
75292
75293
75294
75295
75296
75297
75298
75299
75300
75311
75312
75313
75314
75315
75316
75317
75318
75319
75320
75321
75322
75323
75324
75325
75326
75336
75337
75338
75339
75340
75341
75342
75343
75344
75345
75346
75347
75348
75349
75350
75351
75361
75362
75363
75364
75365
75366
75367
75368
75369
75370
75371
75372
75373
75374
75375
75376
75386
75387
75388
75389
75390
75391
75392
75393
75394
75395
75396
75397
75398
75399
75400
75401
75411
75412
75413
75414
75415
75416
75417
75418
75419
75420
75421
75422
75423
75424
75425
75426
75436
75437
75438
75439
75440
75441
75442
75443
75444
75445
75446
75447
75448
75449
75450
75451
75461
75462
75463
75464
75465
75466
75467
75468
75469
75470
75471
75472
75473
75474
75475
75476
75486
75487
75488
75489
75490
75491
75492
75493
75494
75495
75496
75497
75498
75499
75500
75501
75511
75512
75513
75514
75515
75516
75517
75518
75519
75520
75521
75522
75523
75524
75525
75526
75536
75537
75538
75539
75540
75541
75542
75543
75544
75545
75546
75547
75548
75549
75550
75551
75561
75562
75563
75564
75565
75566
75567
75568
75569
75570
75571
75572
75573
75574
75575
75576
75586
75587
75588
75589
75590
75591
75592
75593
75594
75595
75596
75597
75598
75599
75600
75601
75611
75612
75613
75614
75615
75616
75617
75618
75619
75620
75621
75622
75623
75624
75625
75626
75627
75636
75637
75638
75639
75640
75641
75642
75643
75644
75645
75646
75647
75648
75649
75650
75651
75652
75718
75719
75720
75721
75722
75723
75724
75725
75726
75727
75728
75729
75730
75731
75732
75733
75734
75735
75736
75737
75738
75739
75740
75741
75742
75743
75744
75745
75746
75765
75766
75767
75768
75772
75783
75784
75785
75786
75787
75788
75789
75790
75791
75792
75793
75794
75795
75796
75797
75798
75799
75800
75801
75802
75803
75804
75805
75806
75807
75808
75809
75810
75811
75812
75813
75814
75815
75832
75833
75834
75835
75836
75837
75838
75839
75840
75841
75842
75843
75844
75845
75846
75847
75848
75849
75857
75858
75859
75860
75861
75862
75863
75864
75865
75866
75867
75868
75869
75870
75871
75872
75873
75874
75882
75883
75884
75885
75886
75887
75888
75889
75890
75891
75892
75893
75894
75895
75896
75897
75898
75899
75907
75908
75909
75910
75911
75912
75913
75914
75915
75916
75917
75918
75919
75920
75921
75922
75923
75924
75932
75933
75934
75935
75936
75937
75938
75939
75940
75941
75942
75943
75944
75945
75946
75947
75948
75949
75957
75958
75959
75960
75961
75962
75963
75964
75965
75966
75967
75968
75969
75970
75971
75972
75973
75974
75982
75983
75984
75985
75986
75987
75988
75989
75990
75991
75992
75993
75994
75995
75996
75997
75998
75999
76007
76008
76009
76010
76011
76012
76013
76014
76015
76016
76017
76018
76019
76020
76021
76022
76023
76024
76032
76033
76034
76035
76036
76037
76038
76039
76040
76041
76042
76043
76044
76045
76046
76047
76048
76049
76057
76058
76059
76060
76061
76062
76063
76064
76065
76066
76067
76068
76069
76070
76071
76072
76073
76074
76075
76082
76083
76084
76085
76086
76087
76088
76089
76090
76091
76092
76093
76094
76095
76096
76097
76098
76099
76100
76107
76108
76109
76110
76111
76112
76113
76114
76115
76116
76117
76118
76119
76120
76121
76122
76123
76124
76125
76132
76133
76134
76135
76136
76137
76138
76139
76140
76141
76142
76143
76144
76145
76146
76147
76148
76149
76150
76157
76158
76159
76160
76161
76162
76163
76164
76165
76166
76167
76168
76169
76170
76171
76172
76173
76174
76175
76176
76182
76183
76184
76185
76186
76187
76188
76189
76190
76191
76192
76193
76194
76195
76196
76197
76198
76199
76200
76201
76207
76208
76209
76210
76211
76212
76213
76214
76215
76216
76217
76218
76219
76220
76221
76222
76223
76224
76225
76226
76232
76233
76234
76235
76236
76237
76238
76239
76240
76241
76242
76243
76244
76245
76246
76247
76248
76249
76250
76251
76257
76258
76259
76260
76261
76262
76263
76264
76265
76266
76267
76268
76269
76270
76271
76272
76273
76274
76275
76276
76277
76282
76283
76284
76285
76286
76287
76288
76289
76290
76291
76292
76304
76305
76306
76307
76308
76309
76310
76311
76312
76313
76323
76324
76325
76326
76327
76328
76329
76330
76331
76332
76333
76334
76335
76336
76337
76338
76339
76340
76341
76342
76343
76344
76345
76346
76347
76348
76349
76350
76351
76352
76353
76354
76355
76356
76357
76358
76359
76360
76361
76362
76363
76364
76365
76366
76367
76368
76369
76370
76371
76372
76373
76374
76375
76376
76377
76378
76379
76380
76381
76382
76383
76384
76385
76386
76387
76388
76389
76390
76391
76392
76393
76394
76395
76396
76397
76398
76399
76400
76401
76402
76404
76405
76406
76407
76408
76409
76410
76411
76412
76413
76414
76415
76416
76417
76418
76419
76420
76421
76425
76426
76427
76428
76429
76430
76431
76432
76433
76434
76435
76436
76437
76438
76439
76440
76441
76447
76448
76449
76450
76451
76452
76453
76454
76455
76456
76457
76458
76459
76460
76461
76469
76470
76471
76472
76473
76474
76475
76476
76477
76478
76479
76480
76481
76491
76492
76493
76494
76495
76496
76497
76498
76499
76500
76501
76512
76513
76514
76515
76516
76517
76518
76519
76520
76521
76534
76535
76536
76537
76538
76539
76540
76541
76555
76556
76557
76558
76559
76560
76561
76577
76578
76579
76580
76581
76599
76600
76601
76620
76621
77302
77303
89994
89995
89996
89997
89998
89999
90000
90001
90002
90003
90004
90005
90006
90007
90008
90009
90010
90011
90012
90013
90014
90015
90016
90017
90018
90020
90022
90024
90043
90044
90045
90046
90047
90048
90049
90068
90069
90070
90071
90094
91218
91219
91220
91221
91222
91223
91224
91225
91230
91231
91232
91233
91234
91235
91236
91237
91238
91257
91258
91259
91260
91261
92768
92769
92770
92771
92772
92784
92785
92786
92787
92788
92789
92790
92791
92792
92793
92794
92795
92796
92797
92798
92809
92810
92811
92812
92813
92814
92815
92816
92817
92818
92819
92820
92821
92822
92823
92824
92834
92835
92836
92837
92838
92839
92840
92841
92842
92843
92844
92845
92846
92847
92848
92849
92859
92860
92861
92862
92863
92864
92865
92866
92867
92868
92869
92870
92871
92872
92873
92874
92884
92885
92886
92887
92888
92889
92890
92891
92892
92893
92894
92895
92896
92897
92898
92899
92909
92910
92911
92912
92913
92914
92915
92916
92917
92918
92919
92920
92921
92922
92923
92924
92934
92935
92936
92937
92938
92939
92940
92941
92942
92943
92944
92945
92946
92947
92948
92949
92959
92960
92961
92962
92963
92964
92965
92966
92967
92968
92969
92970
92971
92972
92973
92974
92984
92985
92986
92987
92988
92989
92990
92991
92992
92993
92994
92995
92996
92997
92998
92999
93009
93010
93011
93012
93013
93014
93015
93016
93017
93018
93019
93020
93021
93022
93023
93024
93034
93035
93036
93037
93038
93039
93040
93041
93042
93043
93044
93045
93046
93047
93048
93049
93059
93060
93061
93062
93063
93064
93065
93066
93067
93068
93069
93070
93071
93072
93073
93074
93084
93085
93086
93087
93088
93089
93090
93091
93092
93093
93094
93095
93096
93097
93098
93099
93109
93110
93111
93112
93113
93114
93115
93116
93117
93118
93119
93120
93121
93122
93123
93124
93125
93134
93135
93136
93137
93138
93139
93140
93141
93142
93143
93144
93145
93146
93147
93148
93149
93150
93216
93217
93218
93219
93220
93221
93222
93223
93224
93225
93226
93227
93228
93229
93230
93231
93232
93233
93234
93235
93236
93237
93238
93239
93240
93241
93242
93243
93244
93263
93264
93265
93266
93270
93281
93282
93283
93284
93285
93286
93287
93288
93289
93290
93291
93292
93293
93294
93295
93296
93297
93298
93299
93300
93301
93302
93303
93304
93305
93306
93307
93308
93309
93310
93311
93312
93313
93330
93331
93332
93333
93334
93335
93336
93337
93338
93339
93340
93341
93342
93343
93344
93345
93346
93347
93355
93356
93357
93358
93359
93360
93361
93362
93363
93364
93365
93366
93367
93368
93369
93370
93371
93372
93380
93381
93382
93383
93384
93385
93386
93387
93388
93389
93390
93391
93392
93393
93394
93395
93396
93397
93405
93406
93407
93408
93409
93410
93411
93412
93413
93414
93415
93416
93417
93418
93419
93420
93421
93422
93430
93431
93432
93433
93434
93435
93436
93437
93438
93439
93440
93441
93442
93443
93444
93445
93446
93447
93455
93456
93457
93458
93459
93460
93461
93462
93463
93464
93465
93466
93467
93468
93469
93470
93471
93472
93480
93481
93482
93483
93484
93485
93486
93487
93488
93489
93490
93491
93492
93493
93494
93495
93496
93497
93505
93506
93507
93508
93509
93510
93511
93512
93513
93514
93515
93516
93517
93518
93519
93520
93521
93522
93530
93531
93532
93533
93534
93535
93536
93537
93538
93539
93540
93541
93542
93543
93544
93545
93546
93547
93555
93556
93557
93558
93559
93560
93561
93562
93563
93564
93565
93566
93567
93568
93569
93570
93571
93572
93573
93580
93581
93582
93583
93584
93585
93586
93587
93588
93589
93590
93591
93592
93593
93594
93595
93596
93597
93598
93605
93606
93607
93608
93609
93610
93611
93612
93613
93614
93615
93616
93617
93618
93619
93620
93621
93622
93623
93630
93631
93632
93633
93634
93635
93636
93637
93638
93639
93640
93641
93642
93643
93644
93645
93646
93647
93648
93655
93656
93657
93658
93659
93660
93661
93662
93663
93664
93665
93666
93667
93668
93669
93670
93671
93672
93673
93674
93680
93681
93682
93683
93684
93685
93686
93687
93688
93689
93690
93691
93692
93693
93694
93695
93696
93697
93698
93699
93705
93706
93707
93708
93709
93710
93711
93712
93713
93714
93715
93716
93717
93718
93719
93720
93721
93722
93723
93724
93730
93731
93732
93733
93734
93735
93736
93737
93738
93739
93740
93741
93742
93743
93744
93745
93746
93747
93748
93749
93755
93756
93757
93758
93759
93760
93761
93762
93763
93764
93765
93766
93767
93768
93769
93770
93771
93772
93773
93774
93775
93780
93781
93782
93783
93784
93785
93786
93787
93788
93789
93790
93802
93803
93804
93805
93806
93807
93808
93809
93810
93811
93821
93822
93823
93824
93825
93826
93827
93828
93829
93830
93831
93832
93833
93834
93835
93836
93837
93838
93839
93840
93841
93842
93843
93844
93845
93846
93847
93848
93849
93850
93851
93852
93853
93854
93855
93856
93857
93858
93859
93860
93861
93862
93863
93864
93865
93866
93867
93868
93869
93870
93871
93872
93873
93874
93875
93876
93877
93878
93879
93880
93881
93882
93883
93884
93885
93886
93887
93888
93889
93890
93891
93892
93893
93894
93895
93896
93897
93898
93899
93900
93902
93903
93904
93905
93906
93907
93908
93909
93910
93911
93912
93913
93914
93915
93916
93917
93918
93919
93923
93924
93925
93926
93927
93928
93929
93930
93931
93932
93933
93934
93935
93936
93937
93938
93939
93945
93946
93947
93948
93949
93950
93951
93952
93953
93954
93955
93956
93957
93958
93959
93967
93968
93969
93970
93971
93972
93973
93974
93975
93976
93977
93978
93979
93989
93990
93991
93992
93993
93994
93995
93996
93997
93998
93999
94010
94011
94012
94013
94014
94015
94016
94017
94018
94019
94032
94033
94034
94035
94036
94037
94038
94039
94053
94054
94055
94056
94057
94058
94059
94075
94076
94077
94078
94079
94097
94098
94099
94118
94119
94800
94801
107492
107493
107494
107495
107496
107497
107498
107499
107500
107501
107502
107503
107504
107505
107506
107507
107508
107509
107510
107511
107512
107513
107514
107515
107516
107518
107520
107522
107541
107542
107543
107544
107545
107546
107547
107566
107567
107568
107569
107592
108716
108717
108718
108719
108720
108721
108722
108723
108728
108729
108730
108731
108732
108733
108734
108735
108736
108755
108756
108757
108758
108759
110266
110267
110268
110269
110270
110282
110283
110284
110285
110286
110287
110288
110289
110290
110291
110292
110293
110294
110295
110296
110307
110308
110309
110310
110311
110312
110313
110314
110315
110316
110317
110318
110319
110320
110321
110322
110332
110333
110334
110335
110336
110337
110338
110339
110340
110341
110342
110343
110344
110345
110346
110347
110357
110358
110359
110360
110361
110362
110363
110364
110365
110366
110367
110368
110369
110370
110371
110372
110382
110383
110384
110385
110386
110387
110388
110389
110390
110391
110392
110393
110394
110395
110396
110397
110407
110408
110409
110410
110411
110412
110413
110414
110415
110416
110417
110418
110419
110420
110421
110422
110432
110433
110434
110435
110436
110437
110438
110439
110440
110441
110442
110443
110444
110445
110446
110447
110457
110458
110459
110460
110461
110462
110463
110464
110465
110466
110467
110468
110469
110470
110471
110472
110482
110483
110484
110485
110486
110487
110488
110489
110490
110491
110492
110493
110494
110495
110496
110497
110507
110508
110509
110510
110511
110512
110513
110514
110515
110516
110517
110518
110519
110520
110521
110522
110532
110533
110534
110535
110536
110537
110538
110539
110540
110541
110542
110543
110544
110545
110546
110547
110557
110558
110559
110560
110561
110562
110563
110564
110565
110566
110567
110568
110569
110570
110571
110572
110582
110583
110584
110585
110586
110587
110588
110589
110590
110591
110592
110593
110594
110595
110596
110597
110607
110608
110609
110610
110611
110612
110613
110614
110615
110616
110617
110618
110619
110620
110621
110622
110623
110632
110633
110634
110635
110636
110637
110638
110639
110640
110641
110642
110643
110644
110645
110646
110647
110648
110714
110715
110716
110717
110718
110719
110720
110721
110722
110723
110724
110725
110726
110727
110728
110729
110730
110731
110732
110733
110734
110735
110736
110737
110738
110739
110740
110741
110742
110761
110762
110763
110764
110768
110779
110780
110781
110782
110783
110784
110785
110786
110787
110788
110789
110790
110791
110792
110793
110794
110795
110796
110797
110798
110799
110800
110801
110802
110803
110804
110805
110806
110807
110808
110809
110810
110811
110828
110829
110830
110831
110832
110833
110834
110835
110836
110837
110838
110839
110840
110841
110842
110843
110844
110845
110853
110854
110855
110856
110857
110858
110859
110860
110861
110862
110863
110864
110865
110866
110867
110868
110869
110870
110878
110879
110880
110881
110882
110883
110884
110885
110886
110887
110888
110889
110890
110891
110892
110893
110894
110895
110903
110904
110905
110906
110907
110908
110909
110910
110911
110912
110913
110914
110915
110916
110917
110918
110919
110920
110928
110929
110930
110931
110932
110933
110934
110935
110936
110937
110938
110939
110940
110941
110942
110943
110944
110945
110953
110954
110955
110956
110957
110958
110959
110960
110961
110962
110963
110964
110965
110966
110967
110968
110969
110970
110978
110979
110980
110981
110982
110983
110984
110985
110986
110987
110988
110989
110990
110991
110992
110993
110994
110995
111003
111004
111005
111006
111007
111008
111009
111010
111011
111012
111013
111014
111015
111016
111017
111018
111019
111020
111028
111029
111030
111031
111032
111033
111034
111035
111036
111037
111038
111039
111040
111041
111042
111043
111044
111045
111053
111054
111055
111056
111057
111058
111059
111060
111061
111062
111063
111064
111065
111066
111067
111068
111069
111070
111071
111078
111079
111080
111081
111082
111083
111084
111085
111086
111087
111088
111089
111090
111091
111092
111093
111094
111095
111096
111103
111104
111105
111106
111107
111108
111109
111110
111111
111112
111113
111114
111115
111116
111117
111118
111119
111120
111121
111128
111129
111130
111131
111132
111133
111134
111135
111136
111137
111138
111139
111140
111141
111142
111143
111144
111145
111146
111153
111154
111155
111156
111157
111158
111159
111160
111161
111162
111163
111164
111165
111166
111167
111168
111169
111170
111171
111172
111178
111179
111180
111181
111182
111183
111184
111185
111186
111187
111188
111189
111190
111191
111192
111193
111194
111195
111196
111197
111203
111204
111205
111206
111207
111208
111209
111210
111211
111212
111213
111214
111215
111216
111217
111218
111219
111220
111221
111222
111228
111229
111230
111231
111232
111233
111234
111235
111236
111237
111238
111239
111240
111241
111242
111243
111244
111245
111246
111247
111253
111254
111255
111256
111257
111258
111259
111260
111261
111262
111263
111264
111265
111266
111267
111268
111269
111270
111271
111272
111273
111278
111279
111280
111281
111282
111283
111284
111285
111286
111287
111288
111300
111301
111302
111303
111304
111305
111306
111307
111308
111309
111319
111320
111321
111322
111323
111324
111325
111326
111327
111328
111329
111330
111331
111332
111333
111334
111335
111336
111337
111338
111339
111340
111341
111342
111343
111344
111345
111346
111347
111348
111349
111350
111351
111352
111353
111354
111355
111356
111357
111358
111359
111360
111361
111362
111363
111364
111365
111366
111367
111368
111369
111370
111371
111372
111373
111374
111375
111376
111377
111378
111379
111380
111381
111382
111383
111384
111385
111386
111387
111388
111389
111390
111391
111392
111393
111394
111395
111396
111397
111398
111400
111401
111402
111403
111404
111405
111406
111407
111408
111409
111410
111411
111412
111413
111414
111415
111416
111417
111421
111422
111423
111424
111425
111426
111427
111428
111429
111430
111431
111432
111433
111434
111435
111436
111437
111443
111444
111445
111446
111447
111448
111449
111450
111451
111452
111453
111454
111455
111456
111457
111465
111466
111467
111468
111469
111470
111471
111472
111473
111474
111475
111476
111477
111487
111488
111489
111490
111491
111492
111493
111494
111495
111496
111497
111508
111509
111510
111511
111512
111513
111514
111515
111516
111517
111530
111531
111532
111533
111534
111535
111536
111537
111551
111552
111553
111554
111555
111556
111557
111573
111574
111575
111576
111577
111595
111596
111597
111616
111617
112298
112299
124990
124991
124992
124993
124994
124995
124996
124997
124998
124999
125000
125001
125002
125003
125004
125005
125006
125007
125008
125009
125010
125011
125012
125013
125014
125016
125018
125020
125039
125040
125041
125042
125043
125044
125045
125064
125065
125066
125067
125090
126214
126215
126216
126217
126218
126219
126220
126221
126226
126227
126228
126229
126230
126231
126232
126233
126234
126253
126254
126255
126256
126257
127764
127765
127766
127767
127768
127780
127781
127782
127783
127784
127785
127786
127787
127788
127789
127790
127791
127792
127793
127794
127805
127806
127807
127808
127809
127810
127811
127812
127813
127814
127815
127816
127817
127818
127819
127820
127830
127831
127832
127833
127834
127835
127836
127837
127838
127839
127840
127841
127842
127843
127844
127845
127855
127856
127857
127858
127859
127860
127861
127862
127863
127864
127865
127866
127867
127868
127869
127870
127880
127881
127882
127883
127884
127885
127886
127887
127888
127889
127890
127891
127892
127893
127894
127895
127905
127906
127907
127908
127909
127910
127911
127912
127913
127914
127915
127916
127917
127918
127919
127920
127930
127931
127932
127933
127934
127935
127936
127937
127938
127939
127940
127941
127942
127943
127944
127945
127955
127956
127957
127958
127959
127960
127961
127962
127963
127964
127965
127966
127967
127968
127969
127970
127980
127981
127982
127983
127984
127985
127986
127987
127988
127989
127990
127991
127992
127993
127994
127995
128005
128006
128007
128008
128009
128010
128011
128012
128013
128014
128015
128016
128017
128018
128019
128020
128030
128031
128032
128033
128034
128035
128036
128037
128038
128039
128040
128041
128042
128043
128044
128045
128055
128056
128057
128058
128059
128060
128061
128062
128063
128064
128065
128066
128067
128068
128069
128070
128080
128081
128082
128083
128084
128085
128086
128087
128088
128089
128090
128091
128092
128093
128094
128095
128105
128106
128107
128108
128109
128110
128111
128112
128113
128114
128115
128116
128117
128118
128119
128120
128121
128130
128131
128132
128133
128134
128135
128136
128137
128138
128139
128140
128141
128142
128143
128144
128145
128146
128212
128213
128214
128215
128216
128217
128218
128219
128220
128221
128222
128223
128224
128225
128226
128227
128228
128229
128230
128231
128232
128233
128234
128235
128236
128237
128238
128239
128240
128259
128260
128261
128262
128266
128277
128278
128279
128280
128281
128282
128283
128284
128285
128286
128287
128288
128289
128290
128291
128292
128293
128294
128295
128296
128297
128298
128299
128300
128301
128302
128303
128304
128305
128306
128307
128308
128309
128326
128327
128328
128329
128330
128331
128332
128333
128334
128335
128336
128337
128338
128339
128340
128341
128342
128343
128351
128352
128353
128354
128355
128356
128357
128358
128359
128360
128361
128362
128363
128364
128365
128366
128367
128368
128376
128377
128378
128379
128380
128381
128382
128383
128384
128385
128386
128387
128388
128389
128390
128391
128392
128393
128401
128402
128403
128404
128405
128406
128407
128408
128409
128410
128411
128412
128413
128414
128415
128416
128417
128418
128426
128427
128428
128429
128430
128431
128432
128433
128434
128435
128436
128437
128438
128439
128440
128441
128442
128443
128451
128452
128453
128454
128455
128456
128457
128458
128459
128460
128461
128462
128463
128464
128465
128466
128467
128468
128476
128477
128478
128479
128480
128481
128482
128483
128484
128485
128486
128487
128488
128489
128490
128491
128492
128493
128501
128502
128503
128504
128505
128506
128507
128508
128509
128510
128511
128512
128513
128514
128515
128516
128517
128518
128526
128527
128528
128529
128530
128531
128532
128533
128534
128535
128536
128537
128538
128539
128540
128541
128542
128543
128551
128552
128553
128554
128555
128556
128557
128558
128559
128560
128561
128562
128563
128564
128565
128566
128567
128568
128569
128576
128577
128578
128579
128580
128581
128582
128583
128584
128585
128586
128587
128588
128589
128590
128591
128592
128593
128594
128601
128602
128603
128604
128605
128606
128607
128608
128609
128610
128611
128612
128613
128614
128615
128616
128617
128618
128619
128626
128627
128628
128629
128630
128631
128632
128633
128634
128635
128636
128637
128638
128639
128640
128641
128642
128643
128644
128651
128652
128653
128654
128655
128656
128657
128658
128659
128660
128661
128662
128663
128664
128665
128666
128667
128668
128669
128670
128676
128677
128678
128679
128680
128681
128682
128683
128684
128685
128686
128687
128688
128689
128690
128691
128692
128693
128694
128695
128701
128702
128703
128704
128705
128706
128707
128708
128709
128710
128711
128712
128713
128714
128715
128716
128717
128718
128719
128720
128726
128727
128728
128729
128730
128731
128732
128733
128734
128735
128736
128737
128738
128739
128740
128741
128742
128743
128744
128745
128751
128752
128753
128754
128755
128756
128757
128758
128759
128760
128761
128762
128763
128764
128765
128766
128767
128768
128769
128770
128771
128776
128777
128778
128779
128780
128781
128782
128783
128784
128785
128786
128798
128799
128800
128801
128802
128803
128804
128805
128806
128807
128817
128818
128819
128820
128821
128822
128823
128824
128825
128826
128827
128828
128829
128830
128831
128832
128833
128834
128835
128836
128837
128838
128839
128840
128841
128842
128843
128844
128845
128846
128847
128848
128849
128850
128851
128852
128853
128854
128855
128856
128857
128858
128859
128860
128861
128862
128863
128864
128865
128866
128867
128868
128869
128870
128871
128872
128873
128874
128875
128876
128877
128878
128879
128880
128881
128882
128883
128884
128885
128886
128887
128888
128889
128890
128891
128892
128893
128894
128895
128896
128898
128899
128900
128901
128902
128903
128904
128905
128906
128907
128908
128909
128910
128911
128912
128913
128914
128915
128919
128920
128921
128922
128923
128924
128925
128926
128927
128928
128929
128930
128931
128932
128933
128934
128935
128941
128942
128943
128944
128945
128946
128947
128948
128949
128950
128951
128952
128953
128954
128955
128963
128964
128965
128966
128967
128968
128969
128970
128971
128972
128973
128974
128975
128985
128986
128987
128988
128989
128990
128991
128992
128993
128994
128995
129006
129007
129008
129009
129010
129011
129012
129013
129014
129015
129028
129029
129030
129031
129032
129033
129034
129035
129049
129050
129051
129052
129053
129054
129055
129071
129072
129073
129074
129075
129093
129094
129095
129114
129115
129796
129797
142488
142489
142490
142491
142492
142493
142494
142495
142496
142497
142498
142499
142500
142501
142502
142503
142504
142505
142506
142507
142508
142509
142510
142511
142512
142514
142516
142518
142537
142538
142539
142540
142541
142542
142543
142562
142563
142564
142565
142588
143712
143713
143714
143715
143716
143717
143718
143719
143724
143725
143726
143727
143728
143729
143730
143731
143732
143751
143752
143753
143754
143755
145262
145263
145264
145265
145266
145278
145279
145280
145281
145282
145283
145284
145285
145286
145287
145288
145289
145290
145291
145292
145303
145304
145305
145306
145307
145308
145309
145310
145311
145312
145313
145314
145315
145316
145317
145318
145328
145329
145330
145331
145332
145333
145334
145335
145336
145337
145338
145339
145340
145341
145342
145343
145353
145354
145355
145356
145357
145358
145359
145360
145361
145362
145363
145364
145365
145366
145367
145368
145378
145379
145380
145381
145382
145383
145384
145385
145386
145387
145388
145389
145390
145391
145392
145393
145403
145404
145405
145406
145407
145408
145409
145410
145411
145412
145413
145414
145415
145416
145417
145418
145428
145429
145430
145431
145432
145433
145434
145435
145436
145437
145438
145439
145440
145441
145442
145443
145453
145454
145455
145456
145457
145458
145459
145460
145461
145462
145463
145464
145465
145466
145467
145468
145478
145479
145480
145481
145482
145483
145484
145485
145486
145487
145488
145489
145490
145491
145492
145493
145503
145504
145505
145506
145507
145508
145509
145510
145511
145512
145513
145514
145515
145516
145517
145518
145528
145529
145530
145531
145532
145533
145534
145535
145536
145537
145538
145539
145540
145541
145542
145543
145553
145554
145555
145556
145557
145558
145559
145560
145561
145562
145563
145564
145565
145566
145567
145568
145578
145579
145580
145581
145582
145583
145584
145585
145586
145587
145588
145589
145590
145591
145592
145593
145603
145604
145605
145606
145607
145608
145609
145610
145611
145612
145613
145614
145615
145616
145617
145618
145619
145628
145629
145630
145631
145632
145633
145634
145635
145636
145637
145638
145639
145640
145641
145642
145643
145644
145710
145711
145712
145713
145714
145715
145716
145717
145718
145719
145720
145721
145722
145723
145724
145725
145726
145727
145728
145729
145730
145731
145732
145733
145734
145735
145736
145737
145738
145757
145758
145759
145760
145764
145775
145776
145777
145778
145779
145780
145781
145782
145783
145784
145785
145786
145787
145788
145789
145790
145791
145792
145793
145794
145795
145796
145797
145798
145799
145800
145801
145802
145803
145804
145805
145806
145807
145824
145825
145826
145827
145828
145829
145830
145831
145832
145833
145834
145835
145836
145837
145838
145839
145840
145841
145849
145850
145851
145852
145853
145854
145855
145856
145857
145858
145859
145860
145861
145862
145863
145864
145865
145866
145874
145875
145876
145877
145878
145879
145880
145881
145882
145883
145884
145885
145886
145887
145888
145889
145890
145891
145899
145900
145901
145902
145903
145904
145905
145906
145907
145908
145909
145910
145911
145912
145913
145914
145915
145916
145924
145925
145926
145927
145928
145929
145930
145931
145932
145933
145934
145935
145936
145937
145938
145939
145940
145941
145949
145950
145951
145952
145953
145954
145955
145956
145957
145958
145959
145960
145961
145962
145963
145964
145965
145966
145974
145975
145976
145977
145978
145979
145980
145981
145982
145983
145984
145985
145986
145987
145988
145989
145990
145991
145999
146000
146001
146002
146003
146004
146005
146006
146007
146008
146009
146010
146011
146012
146013
146014
146015
146016
146024
146025
146026
146027
146028
146029
146030
146031
146032
146033
146034
146035
146036
146037
146038
146039
146040
146041
146049
146050
146051
146052
146053
146054
146055
146056
146057
146058
146059
146060
146061
146062
146063
146064
146065
146066
146067
146074
146075
146076
146077
146078
146079
146080
146081
146082
146083
146084
146085
146086
146087
146088
146089
146090
146091
146092
146099
146100
146101
146102
146103
146104
146105
146106
146107
146108
146109
146110
146111
146112
146113
146114
146115
146116
146117
146124
146125
146126
146127
146128
146129
146130
146131
146132
146133
146134
146135
146136
146137
146138
146139
146140
146141
146142
146149
146150
146151
146152
146153
146154
146155
146156
146157
146158
146159
146160
146161
146162
146163
146164
146165
146166
146167
146168
146174
146175
146176
146177
146178
146179
146180
146181
146182
146183
146184
146185
146186
146187
146188
146189
146190
146191
146192
146193
146199
146200
146201
146202
146203
146204
146205
146206
146207
146208
146209
146210
146211
146212
146213
146214
146215
146216
146217
146218
146224
146225
146226
146227
146228
146229
146230
146231
146232
146233
146234
146235
146236
146237
146238
146239
146240
146241
146242
146243
146249
146250
146251
146252
146253
146254
146255
146256
146257
146258
146259
146260
146261
146262
146263
146264
146265
146266
146267
146268
146269
146274
146275
146276
146277
146278
146279
146280
146281
146282
146283
146284
146296
146297
146298
146299
146300
146301
146302
146303
146304
146305
146315
146316
146317
146318
146319
146320
146321
146322
146323
146324
146325
146326
146327
146328
146329
146330
146331
146332
146333
146334
146335
146336
146337
146338
146339
146340
146341
146342
146343
146344
146345
146346
146347
146348
146349
146350
146351
146352
146353
146354
146355
146356
146357
146358
146359
146360
146361
146362
146363
146364
146365
146366
146367
146368
146369
146370
146371
146372
146373
146374
146375
146376
146377
146378
146379
146380
146381
146382
146383
146384
146385
146386
146387
146388
146389
146390
146391
146392
146393
146394
146396
146397
146398
146399
146400
146401
146402
146403
146404
146405
146406
146407
146408
146409
146410
146411
146412
146413
146417
146418
146419
146420
146421
146422
146423
146424
146425
146426
146427
146428
146429
146430
146431
146432
146433
146439
146440
146441
146442
146443
146444
146445
146446
146447
146448
146449
146450
146451
146452
146453
146461
146462
146463
146464
146465
146466
146467
146468
146469
146470
146471
146472
146473
146483
146484
146485
146486
146487
146488
146489
146490
146491
146492
146493
146504
146505
146506
146507
146508
146509
146510
146511
146512
146513
146526
146527
146528
146529
146530
146531
146532
146533
146547
146548
146549
146550
146551
146552
146553
146569
146570
146571
146572
146573
146591
146592
146593
146612
146613
147294
147295
159986
159987
159988
159989
159990
159991
159992
159993
159994
159995
159996
159997
159998
159999
160000
160001
160002
160003
160004
160005
160006
160007
160008
160009
160010
160012
160014
160016
160035
160036
160037
160038
160039
160040
160041
160060
160061
160062
160063
160086
161210
161211
161212
161213
161214
161215
161216
161217
161222
161223
161224
161225
161226
161227
161228
161229
161230
161249
161250
161251
161252
161253
162760
162761
162762
162763
162764
162776
162777
162778
162779
162780
162781
162782
162783
162784
162785
162786
162787
162788
162789
162790
162801
162802
162803
162804
162805
162806
162807
162808
162809
162810
162811
162812
162813
162814
162815
162816
162826
162827
162828
162829
162830
162831
162832
162833
162834
162835
162836
162837
162838
162839
162840
162841
162851
162852
162853
162854
162855
162856
162857
162858
162859
162860
162861
162862
162863
162864
162865
162866
162876
162877
162878
162879
162880
162881
162882
162883
162884
162885
162886
162887
162888
162889
162890
162891
162901
162902
162903
162904
162905
162906
162907
162908
162909
162910
162911
162912
162913
162914
162915
162916
162926
162927
162928
162929
162930
162931
162932
162933
162934
162935
162936
162937
162938
162939
162940
162941
162951
162952
162953
162954
162955
162956
162957
162958
162959
162960
162961
162962
162963
162964
162965
162966
162976
162977
162978
162979
162980
162981
162982
162983
162984
162985
162986
162987
162988
162989
162990
162991
163001
163002
163003
163004
163005
163006
163007
163008
163009
163010
163011
163012
163013
163014
163015
163016
163026
163027
163028
163029
163030
163031
163032
163033
163034
163035
163036
163037
163038
163039
163040
163041
163051
163052
163053
163054
163055
163056
163057
163058
163059
163060
163061
163062
163063
163064
163065
163066
163076
163077
163078
163079
163080
163081
163082
163083
163084
163085
163086
163087
163088
163089
163090
163091
163101
163102
163103
163104
163105
163106
163107
163108
163109
163110
163111
163112
163113
163114
163115
163116
163117
163126
163127
163128
163129
163130
163131
163132
163133
163134
163135
163136
163137
163138
163139
163140
163141
163142
163208
163209
163210
163211
163212
163213
163214
163215
163216
163217
163218
163219
163220
163221
163222
163223
163224
163225
163226
163227
163228
163229
163230
163231
163232
163233
163234
163235
163236
163255
163256
163257
163258
163262
163273
163274
163275
163276
163277
163278
163279
163280
163281
163282
163283
163284
163285
163286
163287
163288
163289
163290
163291
163292
163293
163294
163295
163296
163297
163298
163299
163300
163301
163302
163303
163304
163305
163322
163323
163324
163325
163326
163327
163328
163329
163330
163331
163332
163333
163334
163335
163336
163337
163338
163339
163347
163348
163349
163350
163351
163352
163353
163354
163355
163356
163357
163358
163359
163360
163361
163362
163363
163364
163372
163373
163374
163375
163376
163377
163378
163379
163380
163381
163382
163383
163384
163385
163386
163387
163388
163389
163397
163398
163399
163400
163401
163402
163403
163404
163405
163406
163407
163408
163409
163410
163411
163412
163413
163414
163422
163423
163424
163425
163426
163427
163428
163429
163430
163431
163432
163433
163434
163435
163436
163437
163438
163439
163447
163448
163449
163450
163451
163452
163453
163454
163455
163456
163457
163458
163459
163460
163461
163462
163463
163464
163472
163473
163474
163475
163476
163477
163478
163479
163480
163481
163482
163483
163484
163485
163486
163487
163488
163489
163497
163498
163499
163500
163501
163502
163503
163504
163505
163506
163507
163508
163509
163510
163511
163512
163513
163514
163522
163523
163524
163525
163526
163527
163528
163529
163530
163531
163532
163533
163534
163535
163536
163537
163538
163539
163547
163548
163549
163550
163551
163552
163553
163554
163555
163556
163557
163558
163559
163560
163561
163562
163563
163564
163565
163572
163573
163574
163575
163576
163577
163578
163579
163580
163581
163582
163583
163584
163585
163586
163587
163588
163589
163590
163597
163598
163599
163600
163601
163602
163603
163604
163605
163606
163607
163608
163609
163610
163611
163612
163613
163614
163615
163622
163623
163624
163625
163626
163627
163628
163629
163630
163631
163632
163633
163634
163635
163636
163637
163638
163639
163640
163647
163648
163649
163650
163651
163652
163653
163654
163655
163656
163657
163658
163659
163660
163661
163662
163663
163664
163665
163666
163672
163673
163674
163675
163676
163677
163678
163679
163680
163681
163682
163683
163684
163685
163686
163687
163688
163689
163690
163691
163697
163698
163699
163700
163701
163702
163703
163704
163705
163706
163707
163708
163709
163710
163711
163712
163713
163714
163715
163716
163722
163723
163724
163725
163726
163727
163728
163729
163730
163731
163732
163733
163734
163735
163736
163737
163738
163739
163740
163741
163747
163748
163749
163750
163751
163752
163753
163754
163755
163756
163757
163758
163759
163760
163761
163762
163763
163764
163765
163766
163767
163772
163773
163774
163775
163776
163777
163778
163779
163780
163781
163782
163794
163795
163796
163797
163798
163799
163800
163801
163802
163803
163813
163814
163815
163816
163817
163818
163819
163820
163821
163822
163823
163824
163825
163826
163827
163828
163829
163830
163831
163832
163833
163834
163835
163836
163837
163838
163839
163840
163841
163842
163843
163844
163845
163846
163847
163848
163849
163850
163851
163852
163853
163854
163855
163856
163857
163858
163859
163860
163861
163862
163863
163864
163865
163866
163867
163868
163869
163870
163871
163872
163873
163874
163875
163876
163877
163878
163879
163880
163881
163882
163883
163884
163885
163886
163887
163888
163889
163890
163891
163892
163894
163895
163896
163897
163898
163899
163900
163901
163902
163903
163904
163905
163906
163907
163908
163909
163910
163911
163915
163916
163917
163918
163919
163920
163921
163922
163923
163924
163925
163926
163927
163928
163929
163930
163931
163937
163938
163939
163940
163941
163942
163943
163944
163945
163946
163947
163948
163949
163950
163951
163959
163960
163961
163962
163963
163964
163965
163966
163967
163968
163969
163970
163971
163981
163982
163983
163984
163985
163986
163987
163988
163989
163990
163991
164002
164003
164004
164005
164006
164007
164008
164009
164010
164011
164024
164025
164026
164027
164028
164029
164030
164031
164045
164046
164047
164048
164049
164050
164051
164067
164068
164069
164070
164071
164089
164090
164091
164110
164111
164792
164793
177484
177485
177486
177487
177488
177489
177490
177491
177492
177493
177494
177495
177496
177497
177498
177499
177500
177501
177502
177503
177504
177505
177506
177507
177508
177510
177512
177514
177533
177534
177535
177536
177537
177538
177539
177558
177559
177560
177561
177584
178708
178709
178710
178711
178712
178713
178714
178715
178720
178721
178722
178723
178724
178725
178726
178727
178728
178747
178748
178749
178750
178751
180258
180259
180260
180261
180262
180274
180275
180276
180277
180278
180279
180280
180281
180282
180283
180284
180285
180286
180287
180288
180299
180300
180301
180302
180303
180304
180305
180306
180307
180308
180309
180310
180311
180312
180313
180314
180324
180325
180326
180327
180328
180329
180330
180331
180332
180333
180334
180335
180336
180337
180338
180339
180349
180350
180351
180352
180353
180354
180355
180356
180357
180358
180359
180360
180361
180362
180363
180364
180374
180375
180376
180377
180378
180379
180380
180381
180382
180383
180384
180385
180386
180387
180388
180389
180399
180400
180401
180402
180403
180404
180405
180406
180407
180408
180409
180410
180411
180412
180413
180414
180424
180425
180426
180427
180428
180429
180430
180431
180432
180433
180434
180435
180436
180437
180438
180439
180449
180450
180451
180452
180453
180454
180455
180456
180457
180458
180459
180460
180461
180462
180463
180464
180474
180475
180476
180477
180478
180479
180480
180481
180482
180483
180484
180485
180486
180487
180488
180489
180499
180500
180501
180502
180503
180504
180505
180506
180507
180508
180509
180510
180511
180512
180513
180514
180524
180525
180526
180527
180528
180529
180530
180531
180532
180533
180534
180535
180536
180537
180538
180539
180549
180550
180551
180552
180553
180554
180555
180556
180557
180558
180559
180560
180561
180562
180563
180564
180574
180575
180576
180577
180578
180579
180580
180581
180582
180583
180584
180585
180586
180587
180588
180589
180599
180600
180601
180602
180603
180604
180605
180606
180607
180608
180609
180610
180611
180612
180613
180614
180615
180624
180625
180626
180627
180628
180629
180630
180631
180632
180633
180634
180635
180636
180637
180638
180639
180640
180706
180707
180708
180709
180710
180711
180712
180713
180714
180715
180716
180717
180718
180719
180720
180721
180722
180723
180724
180725
180726
180727
180728
180729
180730
180731
180732
180733
180734
180753
180754
180755
180756
180760
180771
180772
180773
180774
180775
180776
180777
180778
180779
180780
180781
180782
180783
180784
180785
180786
180787
180788
180789
180790
180791
180792
180793
180794
180795
180796
180797
180798
180799
180800
180801
180802
180803
180820
180821
180822
180823
180824
180825
180826
180827
180828
180829
180830
180831
180832
180833
180834
180835
180836
180837
180845
180846
180847
180848
180849
180850
180851
180852
180853
180854
180855
180856
180857
180858
180859
180860
180861
180862
180870
180871
180872
180873
180874
180875
180876
180877
180878
180879
180880
180881
180882
180883
180884
180885
180886
180887
180895
180896
180897
180898
180899
180900
180901
180902
180903
180904
180905
180906
180907
180908
180909
180910
180911
180912
180920
180921
180922
180923
180924
180925
180926
180927
180928
180929
180930
180931
180932
180933
180934
180935
180936
180937
180945
180946
180947
180948
180949
180950
180951
180952
180953
180954
180955
180956
180957
180958
180959
180960
180961
180962
180970
180971
180972
180973
180974
180975
180976
180977
180978
180979
180980
180981
180982
180983
180984
180985
180986
180987
180995
180996
180997
180998
180999
181000
181001
181002
181003
181004
181005
181006
181007
181008
181009
181010
181011
181012
181020
181021
181022
181023
181024
181025
181026
181027
181028
181029
181030
181031
181032
181033
181034
181035
181036
181037
181045
181046
181047
181048
181049
181050
181051
181052
181053
181054
181055
181056
181057
181058
181059
181060
181061
181062
181063
181070
181071
181072
181073
181074
181075
181076
181077
181078
181079
181080
181081
181082
181083
181084
181085
181086
181087
181088
181095
181096
181097
181098
181099
181100
181101
181102
181103
181104
181105
181106
181107
181108
181109
181110
181111
181112
181113
181120
181121
181122
181123
181124
181125
181126
181127
181128
181129
181130
181131
181132
181133
181134
181135
181136
181137
181138
181145
181146
181147
181148
181149
181150
181151
181152
181153
181154
181155
181156
181157
181158
181159
181160
181161
181162
181163
181164
181170
181171
181172
181173
181174
181175
181176
181177
181178
181179
181180
181181
181182
181183
181184
181185
181186
181187
181188
181189
181195
181196
181197
181198
181199
181200
181201
181202
181203
181204
181205
181206
181207
181208
181209
181210
181211
181212
181213
181214
181220
181221
181222
181223
181224
181225
181226
181227
181228
181229
181230
181231
181232
181233
181234
181235
181236
181237
181238
181239
181245
181246
181247
181248
181249
181250
181251
181252
181253
181254
181255
181256
181257
181258
181259
181260
181261
181262
181263
181264
181265
181270
181271
181272
181273
181274
181275
181276
181277
181278
181279
181280
181292
181293
181294
181295
181296
181297
181298
181299
181300
181301
181311
181312
181313
181314
181315
181316
181317
181318
181319
181320
181321
181322
181323
181324
181325
181326
181327
181328
181329
181330
181331
181332
181333
181334
181335
181336
181337
181338
181339
181340
181341
181342
181343
181344
181345
181346
181347
181348
181349
181350
181351
181352
181353
181354
181355
181356
181357
181358
181359
181360
181361
181362
181363
181364
181365
181366
181367
181368
181369
181370
181371
181372
181373
181374
181375
181376
181377
181378
181379
181380
181381
181382
181383
181384
181385
181386
181387
181388
181389
181390
181392
181393
181394
181395
181396
181397
181398
181399
181400
181401
181402
181403
181404
181405
181406
181407
181408
181409
181413
181414
181415
181416
181417
181418
181419
181420
181421
181422
181423
181424
181425
181426
181427
181428
181429
181435
181436
181437
181438
181439
181440
181441
181442
181443
181444
181445
181446
181447
181448
181449
181457
181458
181459
181460
181461
181462
181463
181464
181465
181466
181467
181468
181469
181479
181480
181481
181482
181483
181484
181485
181486
181487
181488
181489
181500
181501
181502
181503
181504
181505
181506
181507
181508
181509
181522
181523
181524
181525
181526
181527
181528
181529
181543
181544
181545
181546
181547
181548
181549
181565
181566
181567
181568
181569
181587
181588
181589
181608
181609
182290
182291
)


// ************************************************************************* //
