/*--------------------------------*- C++ -*----------------------------------*\
  =========                 |
  \\      /  F ield         | OpenFOAM: The Open Source CFD Toolbox
   \\    /   O peration     | Website:  https://openfoam.org
    \\  /    A nd           | Version:  8
     \\/     M anipulation  |
\*---------------------------------------------------------------------------*/
/*   Windows 32 and 64 bit porting by blueCAPE: http://www.bluecape.com.pt   *\
|  Based on Windows porting (2.0.x v4) by Symscape: http://www.symscape.com   |
\*---------------------------------------------------------------------------*/
FoamFile
{
    version     2.0;
    format      ascii;
    class       labelList;
    location    "constant/tower/polyMesh";
    object      cellProcAddressing;
}
// * * * * * * * * * * * * * * * * * * * * * * * * * * * * * * * * * * * * * //


14790
(
5176
5200
5201
5202
5203
5224
5225
5226
5227
5228
5248
5249
5250
5251
5252
5272
5273
5274
5275
5276
5296
5297
5298
5299
5300
5320
5321
5322
5323
5324
5344
5345
5346
5347
5348
5368
5369
5370
5371
5372
5392
5393
5394
5395
5396
5397
5416
5417
5418
5419
5420
5421
5440
5441
5442
5443
5444
5445
5446
5464
5465
5466
5467
5468
5469
5470
5488
5489
5490
5491
5492
5493
5494
5495
5512
5513
5514
5515
5516
5517
5518
5519
5520
5536
5537
5538
5539
5540
5541
5542
5543
5544
5560
5561
5562
5563
5564
5565
5566
5567
5568
5584
5585
5586
5587
5588
5589
5590
5591
5608
5609
5610
5611
5612
5613
5614
5632
5633
5634
5635
5636
5637
5656
5657
5658
5659
5660
5680
5681
5682
5683
5704
5705
5706
5728
5729
5964
5965
5966
5967
5968
5969
5970
5971
5972
5973
5974
5975
5977
6013
6014
6015
6016
6017
6018
6019
6020
6021
6022
6026
6027
6083
6589
6590
6591
6592
6593
6594
6595
6596
7120
7144
7168
7609
7645
7646
7647
7648
7651
7715
8386
8387
8405
8406
8407
8408
8409
8410
8424
8425
8426
8427
8428
8429
8430
8431
8432
8443
8444
8445
8446
8447
8448
8449
8450
8451
8452
8453
8462
8463
8464
8465
8466
8467
8468
8469
8470
8471
8472
8473
8474
8481
8482
8483
8484
8485
8486
8487
8488
8489
8490
8491
8492
8493
8494
8495
8500
8501
8502
8503
8504
8505
8506
8507
8508
8509
8510
8511
8512
8513
8514
8515
8516
8519
8520
8521
8522
8523
8524
8525
8526
8527
8528
8529
8530
8531
8532
8533
8534
8535
8536
8538
8539
8540
8541
8542
8543
8544
8545
8546
8547
8548
8549
8550
8551
8552
8553
8554
8555
8556
8557
8558
8559
8560
8561
8562
8563
8564
8565
8566
8567
8568
8569
8570
8571
8572
8573
8574
8575
8576
8577
8578
8579
8580
8581
8582
8583
8584
8585
8586
8587
8588
8589
8590
8591
8592
8593
8594
8595
8596
8597
8598
8599
8600
8601
8602
8603
8604
8605
8606
8607
8608
8609
8610
8611
8612
8613
8614
8615
8616
8617
8618
8619
8620
8621
8622
8623
8624
8625
8626
8627
8628
8629
8630
8631
8632
8633
8634
8635
8636
8637
8638
8639
8640
8641
8642
8643
8644
8645
8646
8647
8648
8649
8650
8651
8652
8653
8654
8655
8656
8657
8658
8659
8660
8661
8662
8663
8664
8665
8666
8667
8668
8669
8670
8671
8672
8673
8674
8675
8676
8677
8678
8679
8680
8681
8682
8683
8684
8685
8686
8687
8688
8689
8690
8691
8692
8693
8694
8695
8696
8697
8698
8699
8700
8701
8702
8703
8704
8705
8706
8707
8708
8709
8710
8711
8712
8713
8714
8715
8716
8717
8718
8719
8720
8721
8722
8723
8724
8725
8726
8727
8728
8729
8730
8731
8732
8733
8734
8735
8736
8737
8738
8739
8740
8741
8742
8743
8744
8745
8747
8748
8749
8750
8751
8752
8753
8754
8755
8756
8757
8758
8759
8760
8761
8762
8763
8764
8766
8767
8768
8769
8770
8771
8772
8773
8774
8775
8776
8777
8778
8779
8780
8781
8782
8783
8785
8786
8787
8788
8789
8790
8791
8792
8793
8794
8795
8796
8797
8798
8799
8800
8801
8802
8804
8805
8806
8807
8808
8809
8810
8811
8812
8813
8814
8815
8816
8817
8818
8819
8820
8821
8823
8824
8825
8826
8827
8828
8829
8830
8831
8832
8833
8834
8835
8836
8837
8838
8839
8840
8842
8843
8844
8845
8846
8847
8848
8849
8850
8851
8852
8853
8854
8855
8856
8857
8858
8859
8861
8862
8863
8864
8865
8866
8867
8868
8869
8870
8871
8872
8873
8874
8875
8876
8877
8878
8881
8882
8883
8884
8885
8886
8887
8888
8889
8890
8891
8892
8893
8894
8895
8896
8897
8901
8902
8903
8904
8905
8906
8907
8908
8909
8910
8911
8912
8913
8914
8915
8916
8922
8923
8924
8925
8926
8927
8928
8929
8930
8931
8932
8933
8934
8935
8942
8943
8944
8945
8946
8947
8948
8949
8950
8951
8952
8953
8954
8962
8963
8964
8965
8966
8967
8968
8969
8970
8971
8972
8973
8983
8984
8985
8986
8987
8988
8989
8990
8991
8992
8993
9003
9004
9005
9006
9007
9008
9009
9010
9011
9012
9031
9032
9033
9034
9035
9036
9037
9038
9039
9040
9041
9042
9043
9072
9073
9074
9075
9077
9078
9079
9080
9081
9082
9083
9084
9085
9086
9087
9088
9091
9092
9094
9111
9112
9113
9126
9127
9128
9129
9130
9131
9132
9133
9134
9139
9140
20082
20083
20106
20107
20108
20109
20110
20130
20131
20132
20133
20134
20154
20155
20156
20157
20158
20178
20179
20180
20181
20182
20202
20203
20204
20205
20206
20226
20227
20228
20229
20230
20250
20251
20252
20253
20254
20274
20275
20276
20277
20278
20279
20298
20299
20300
20301
20302
20303
20322
20323
20324
20325
20326
20327
20328
20346
20347
20348
20349
20350
20351
20352
20370
20371
20372
20373
20374
20375
20376
20377
20394
20395
20396
20397
20398
20399
20400
20401
20402
20418
20419
20420
20421
20422
20423
20424
20425
20426
20442
20443
20444
20445
20446
20447
20448
20449
20450
20466
20467
20468
20469
20470
20471
20472
20473
20474
20490
20491
20492
20493
20494
20495
20496
20497
20514
20515
20516
20517
20518
20519
20520
20538
20539
20540
20541
20542
20543
20562
20563
20564
20565
20566
20586
20587
20588
20589
20610
20611
20612
20634
20635
20868
20869
20870
20871
20872
20873
20874
20875
20876
20877
20878
20879
20911
20912
20913
20914
20915
20916
20917
20918
20919
20923
20924
21467
21468
21469
21470
21471
21472
21473
21962
21986
22010
22034
22503
22504
22505
22508
23212
23231
23232
23233
23234
23235
23250
23251
23252
23253
23254
23255
23256
23257
23269
23270
23271
23272
23273
23274
23275
23276
23277
23278
23288
23289
23290
23291
23292
23293
23294
23295
23296
23297
23298
23299
23307
23308
23309
23310
23311
23312
23313
23314
23315
23316
23317
23318
23319
23320
23326
23327
23328
23329
23330
23331
23332
23333
23334
23335
23336
23337
23338
23339
23340
23341
23345
23346
23347
23348
23349
23350
23351
23352
23353
23354
23355
23356
23357
23358
23359
23360
23361
23364
23365
23366
23367
23368
23369
23370
23371
23372
23373
23374
23375
23376
23377
23378
23379
23380
23381
23382
23383
23384
23385
23386
23387
23388
23389
23390
23391
23392
23393
23394
23395
23396
23397
23398
23399
23400
23401
23402
23403
23404
23405
23406
23407
23408
23409
23410
23411
23412
23413
23414
23415
23416
23417
23418
23419
23420
23421
23422
23423
23424
23425
23426
23427
23428
23429
23430
23431
23432
23433
23434
23435
23436
23437
23438
23439
23440
23441
23442
23443
23444
23445
23446
23447
23448
23449
23450
23451
23452
23453
23454
23455
23456
23457
23458
23459
23460
23461
23462
23463
23464
23465
23466
23467
23468
23469
23470
23471
23472
23473
23474
23475
23476
23477
23478
23479
23480
23481
23482
23483
23484
23485
23486
23487
23488
23489
23490
23491
23492
23493
23494
23495
23496
23497
23498
23499
23500
23501
23502
23503
23504
23505
23506
23507
23508
23509
23510
23511
23512
23513
23514
23515
23516
23517
23518
23519
23520
23521
23522
23523
23524
23525
23526
23527
23528
23529
23530
23531
23532
23533
23534
23535
23536
23537
23538
23539
23540
23541
23542
23543
23544
23545
23546
23547
23548
23549
23550
23551
23552
23553
23554
23555
23556
23557
23558
23559
23560
23561
23562
23563
23564
23565
23566
23567
23568
23569
23570
23571
23573
23574
23575
23576
23577
23578
23579
23580
23581
23582
23583
23584
23585
23586
23587
23588
23589
23590
23592
23593
23594
23595
23596
23597
23598
23599
23600
23601
23602
23603
23604
23605
23606
23607
23608
23609
23611
23612
23613
23614
23615
23616
23617
23618
23619
23620
23621
23622
23623
23624
23625
23626
23627
23628
23630
23631
23632
23633
23634
23635
23636
23637
23638
23639
23640
23641
23642
23643
23644
23645
23646
23647
23649
23650
23651
23652
23653
23654
23655
23656
23657
23658
23659
23660
23661
23662
23663
23664
23665
23666
23668
23669
23670
23671
23672
23673
23674
23675
23676
23677
23678
23679
23680
23681
23682
23683
23684
23685
23687
23688
23689
23690
23691
23692
23693
23694
23695
23696
23697
23698
23699
23700
23701
23702
23703
23704
23706
23707
23708
23709
23710
23711
23712
23713
23714
23715
23716
23717
23718
23719
23720
23721
23722
23723
23726
23727
23728
23729
23730
23731
23732
23733
23734
23735
23736
23737
23738
23739
23740
23741
23742
23747
23748
23749
23750
23751
23752
23753
23754
23755
23756
23757
23758
23759
23760
23761
23767
23768
23769
23770
23771
23772
23773
23774
23775
23776
23777
23778
23779
23780
23787
23788
23789
23790
23791
23792
23793
23794
23795
23796
23797
23798
23799
23808
23809
23810
23811
23812
23813
23814
23815
23816
23817
23818
23828
23829
23830
23831
23832
23833
23834
23835
23836
23837
23838
23852
23853
23854
23855
23856
23857
23858
23859
23860
23861
23862
23863
23864
23886
23888
23889
23890
23891
23893
23894
23895
23896
23897
23898
23899
23900
23901
23905
23906
23920
23921
23935
23936
23937
23938
23939
23940
23941
23946
34852
34876
34877
34878
34879
34900
34901
34902
34903
34904
34924
34925
34926
34927
34928
34948
34949
34950
34951
34952
34972
34973
34974
34975
34976
34996
34997
34998
34999
35000
35020
35021
35022
35023
35024
35044
35045
35046
35047
35048
35068
35069
35070
35071
35072
35073
35092
35093
35094
35095
35096
35097
35116
35117
35118
35119
35120
35121
35122
35140
35141
35142
35143
35144
35145
35146
35164
35165
35166
35167
35168
35169
35170
35171
35188
35189
35190
35191
35192
35193
35194
35195
35196
35212
35213
35214
35215
35216
35217
35218
35219
35220
35236
35237
35238
35239
35240
35241
35242
35243
35244
35260
35261
35262
35263
35264
35265
35266
35267
35284
35285
35286
35287
35288
35289
35290
35308
35309
35310
35311
35312
35313
35332
35333
35334
35335
35336
35356
35357
35358
35359
35380
35381
35382
35404
35405
35640
35641
35642
35643
35644
35645
35646
35647
35648
35649
35650
35651
35653
35689
35690
35691
35692
35693
35694
35695
35696
35697
35698
35702
35703
35759
36265
36266
36267
36268
36269
36270
36271
36272
36796
36820
36844
37285
37321
37322
37323
37324
37327
37391
38062
38063
38081
38082
38083
38084
38085
38086
38100
38101
38102
38103
38104
38105
38106
38107
38108
38119
38120
38121
38122
38123
38124
38125
38126
38127
38128
38129
38138
38139
38140
38141
38142
38143
38144
38145
38146
38147
38148
38149
38150
38157
38158
38159
38160
38161
38162
38163
38164
38165
38166
38167
38168
38169
38170
38171
38176
38177
38178
38179
38180
38181
38182
38183
38184
38185
38186
38187
38188
38189
38190
38191
38192
38195
38196
38197
38198
38199
38200
38201
38202
38203
38204
38205
38206
38207
38208
38209
38210
38211
38212
38214
38215
38216
38217
38218
38219
38220
38221
38222
38223
38224
38225
38226
38227
38228
38229
38230
38231
38232
38233
38234
38235
38236
38237
38238
38239
38240
38241
38242
38243
38244
38245
38246
38247
38248
38249
38250
38251
38252
38253
38254
38255
38256
38257
38258
38259
38260
38261
38262
38263
38264
38265
38266
38267
38268
38269
38270
38271
38272
38273
38274
38275
38276
38277
38278
38279
38280
38281
38282
38283
38284
38285
38286
38287
38288
38289
38290
38291
38292
38293
38294
38295
38296
38297
38298
38299
38300
38301
38302
38303
38304
38305
38306
38307
38308
38309
38310
38311
38312
38313
38314
38315
38316
38317
38318
38319
38320
38321
38322
38323
38324
38325
38326
38327
38328
38329
38330
38331
38332
38333
38334
38335
38336
38337
38338
38339
38340
38341
38342
38343
38344
38345
38346
38347
38348
38349
38350
38351
38352
38353
38354
38355
38356
38357
38358
38359
38360
38361
38362
38363
38364
38365
38366
38367
38368
38369
38370
38371
38372
38373
38374
38375
38376
38377
38378
38379
38380
38381
38382
38383
38384
38385
38386
38387
38388
38389
38390
38391
38392
38393
38394
38395
38396
38397
38398
38399
38400
38401
38402
38403
38404
38405
38406
38407
38408
38409
38410
38411
38412
38413
38414
38415
38416
38417
38418
38419
38420
38421
38423
38424
38425
38426
38427
38428
38429
38430
38431
38432
38433
38434
38435
38436
38437
38438
38439
38440
38442
38443
38444
38445
38446
38447
38448
38449
38450
38451
38452
38453
38454
38455
38456
38457
38458
38459
38461
38462
38463
38464
38465
38466
38467
38468
38469
38470
38471
38472
38473
38474
38475
38476
38477
38478
38480
38481
38482
38483
38484
38485
38486
38487
38488
38489
38490
38491
38492
38493
38494
38495
38496
38497
38499
38500
38501
38502
38503
38504
38505
38506
38507
38508
38509
38510
38511
38512
38513
38514
38515
38516
38518
38519
38520
38521
38522
38523
38524
38525
38526
38527
38528
38529
38530
38531
38532
38533
38534
38535
38537
38538
38539
38540
38541
38542
38543
38544
38545
38546
38547
38548
38549
38550
38551
38552
38553
38554
38557
38558
38559
38560
38561
38562
38563
38564
38565
38566
38567
38568
38569
38570
38571
38572
38573
38577
38578
38579
38580
38581
38582
38583
38584
38585
38586
38587
38588
38589
38590
38591
38592
38598
38599
38600
38601
38602
38603
38604
38605
38606
38607
38608
38609
38610
38611
38618
38619
38620
38621
38622
38623
38624
38625
38626
38627
38628
38629
38630
38638
38639
38640
38641
38642
38643
38644
38645
38646
38647
38648
38649
38659
38660
38661
38662
38663
38664
38665
38666
38667
38668
38669
38679
38680
38681
38682
38683
38684
38685
38686
38687
38688
38707
38708
38709
38710
38711
38712
38713
38714
38715
38716
38717
38718
38719
38748
38749
38750
38751
38753
38754
38755
38756
38757
38758
38759
38760
38761
38762
38763
38764
38767
38768
38770
38787
38788
38789
38802
38803
38804
38805
38806
38807
38808
38809
38810
38815
38816
49758
49759
49782
49783
49784
49785
49786
49806
49807
49808
49809
49810
49830
49831
49832
49833
49834
49854
49855
49856
49857
49858
49878
49879
49880
49881
49882
49902
49903
49904
49905
49906
49926
49927
49928
49929
49930
49950
49951
49952
49953
49954
49955
49974
49975
49976
49977
49978
49979
49998
49999
50000
50001
50002
50003
50004
50022
50023
50024
50025
50026
50027
50028
50046
50047
50048
50049
50050
50051
50052
50053
50070
50071
50072
50073
50074
50075
50076
50077
50078
50094
50095
50096
50097
50098
50099
50100
50101
50102
50118
50119
50120
50121
50122
50123
50124
50125
50126
50142
50143
50144
50145
50146
50147
50148
50149
50150
50166
50167
50168
50169
50170
50171
50172
50173
50190
50191
50192
50193
50194
50195
50196
50214
50215
50216
50217
50218
50219
50238
50239
50240
50241
50242
50262
50263
50264
50265
50286
50287
50288
50310
50311
50544
50545
50546
50547
50548
50549
50550
50551
50552
50553
50554
50555
50587
50588
50589
50590
50591
50592
50593
50594
50595
50599
50600
51143
51144
51145
51146
51147
51148
51149
51638
51662
51686
51710
52179
52180
52181
52184
52888
52907
52908
52909
52910
52911
52926
52927
52928
52929
52930
52931
52932
52933
52945
52946
52947
52948
52949
52950
52951
52952
52953
52954
52964
52965
52966
52967
52968
52969
52970
52971
52972
52973
52974
52975
52983
52984
52985
52986
52987
52988
52989
52990
52991
52992
52993
52994
52995
52996
53002
53003
53004
53005
53006
53007
53008
53009
53010
53011
53012
53013
53014
53015
53016
53017
53021
53022
53023
53024
53025
53026
53027
53028
53029
53030
53031
53032
53033
53034
53035
53036
53037
53040
53041
53042
53043
53044
53045
53046
53047
53048
53049
53050
53051
53052
53053
53054
53055
53056
53057
53058
53059
53060
53061
53062
53063
53064
53065
53066
53067
53068
53069
53070
53071
53072
53073
53074
53075
53076
53077
53078
53079
53080
53081
53082
53083
53084
53085
53086
53087
53088
53089
53090
53091
53092
53093
53094
53095
53096
53097
53098
53099
53100
53101
53102
53103
53104
53105
53106
53107
53108
53109
53110
53111
53112
53113
53114
53115
53116
53117
53118
53119
53120
53121
53122
53123
53124
53125
53126
53127
53128
53129
53130
53131
53132
53133
53134
53135
53136
53137
53138
53139
53140
53141
53142
53143
53144
53145
53146
53147
53148
53149
53150
53151
53152
53153
53154
53155
53156
53157
53158
53159
53160
53161
53162
53163
53164
53165
53166
53167
53168
53169
53170
53171
53172
53173
53174
53175
53176
53177
53178
53179
53180
53181
53182
53183
53184
53185
53186
53187
53188
53189
53190
53191
53192
53193
53194
53195
53196
53197
53198
53199
53200
53201
53202
53203
53204
53205
53206
53207
53208
53209
53210
53211
53212
53213
53214
53215
53216
53217
53218
53219
53220
53221
53222
53223
53224
53225
53226
53227
53228
53229
53230
53231
53232
53233
53234
53235
53236
53237
53238
53239
53240
53241
53242
53243
53244
53245
53246
53247
53249
53250
53251
53252
53253
53254
53255
53256
53257
53258
53259
53260
53261
53262
53263
53264
53265
53266
53268
53269
53270
53271
53272
53273
53274
53275
53276
53277
53278
53279
53280
53281
53282
53283
53284
53285
53287
53288
53289
53290
53291
53292
53293
53294
53295
53296
53297
53298
53299
53300
53301
53302
53303
53304
53306
53307
53308
53309
53310
53311
53312
53313
53314
53315
53316
53317
53318
53319
53320
53321
53322
53323
53325
53326
53327
53328
53329
53330
53331
53332
53333
53334
53335
53336
53337
53338
53339
53340
53341
53342
53344
53345
53346
53347
53348
53349
53350
53351
53352
53353
53354
53355
53356
53357
53358
53359
53360
53361
53363
53364
53365
53366
53367
53368
53369
53370
53371
53372
53373
53374
53375
53376
53377
53378
53379
53380
53382
53383
53384
53385
53386
53387
53388
53389
53390
53391
53392
53393
53394
53395
53396
53397
53398
53399
53402
53403
53404
53405
53406
53407
53408
53409
53410
53411
53412
53413
53414
53415
53416
53417
53418
53423
53424
53425
53426
53427
53428
53429
53430
53431
53432
53433
53434
53435
53436
53437
53443
53444
53445
53446
53447
53448
53449
53450
53451
53452
53453
53454
53455
53456
53463
53464
53465
53466
53467
53468
53469
53470
53471
53472
53473
53474
53475
53484
53485
53486
53487
53488
53489
53490
53491
53492
53493
53494
53504
53505
53506
53507
53508
53509
53510
53511
53512
53513
53514
53528
53529
53530
53531
53532
53533
53534
53535
53536
53537
53538
53539
53540
53562
53564
53565
53566
53567
53569
53570
53571
53572
53573
53574
53575
53576
53577
53581
53582
53596
53597
53611
53612
53613
53614
53615
53616
53617
53622
64528
64552
64553
64554
64555
64576
64577
64578
64579
64580
64600
64601
64602
64603
64604
64624
64625
64626
64627
64628
64648
64649
64650
64651
64652
64672
64673
64674
64675
64676
64696
64697
64698
64699
64700
64720
64721
64722
64723
64724
64744
64745
64746
64747
64748
64749
64768
64769
64770
64771
64772
64773
64792
64793
64794
64795
64796
64797
64798
64816
64817
64818
64819
64820
64821
64822
64840
64841
64842
64843
64844
64845
64846
64847
64864
64865
64866
64867
64868
64869
64870
64871
64872
64888
64889
64890
64891
64892
64893
64894
64895
64896
64912
64913
64914
64915
64916
64917
64918
64919
64920
64936
64937
64938
64939
64940
64941
64942
64943
64960
64961
64962
64963
64964
64965
64966
64984
64985
64986
64987
64988
64989
65008
65009
65010
65011
65012
65032
65033
65034
65035
65056
65057
65058
65080
65081
65316
65317
65318
65319
65320
65321
65322
65323
65324
65325
65326
65327
65329
65365
65366
65367
65368
65369
65370
65371
65372
65373
65374
65378
65379
65435
65941
65942
65943
65944
65945
65946
65947
65948
66472
66496
66520
66961
66997
66998
66999
67000
67003
67067
67738
67739
67757
67758
67759
67760
67761
67762
67776
67777
67778
67779
67780
67781
67782
67783
67784
67795
67796
67797
67798
67799
67800
67801
67802
67803
67804
67805
67814
67815
67816
67817
67818
67819
67820
67821
67822
67823
67824
67825
67826
67833
67834
67835
67836
67837
67838
67839
67840
67841
67842
67843
67844
67845
67846
67847
67852
67853
67854
67855
67856
67857
67858
67859
67860
67861
67862
67863
67864
67865
67866
67867
67868
67871
67872
67873
67874
67875
67876
67877
67878
67879
67880
67881
67882
67883
67884
67885
67886
67887
67888
67890
67891
67892
67893
67894
67895
67896
67897
67898
67899
67900
67901
67902
67903
67904
67905
67906
67907
67908
67909
67910
67911
67912
67913
67914
67915
67916
67917
67918
67919
67920
67921
67922
67923
67924
67925
67926
67927
67928
67929
67930
67931
67932
67933
67934
67935
67936
67937
67938
67939
67940
67941
67942
67943
67944
67945
67946
67947
67948
67949
67950
67951
67952
67953
67954
67955
67956
67957
67958
67959
67960
67961
67962
67963
67964
67965
67966
67967
67968
67969
67970
67971
67972
67973
67974
67975
67976
67977
67978
67979
67980
67981
67982
67983
67984
67985
67986
67987
67988
67989
67990
67991
67992
67993
67994
67995
67996
67997
67998
67999
68000
68001
68002
68003
68004
68005
68006
68007
68008
68009
68010
68011
68012
68013
68014
68015
68016
68017
68018
68019
68020
68021
68022
68023
68024
68025
68026
68027
68028
68029
68030
68031
68032
68033
68034
68035
68036
68037
68038
68039
68040
68041
68042
68043
68044
68045
68046
68047
68048
68049
68050
68051
68052
68053
68054
68055
68056
68057
68058
68059
68060
68061
68062
68063
68064
68065
68066
68067
68068
68069
68070
68071
68072
68073
68074
68075
68076
68077
68078
68079
68080
68081
68082
68083
68084
68085
68086
68087
68088
68089
68090
68091
68092
68093
68094
68095
68096
68097
68099
68100
68101
68102
68103
68104
68105
68106
68107
68108
68109
68110
68111
68112
68113
68114
68115
68116
68118
68119
68120
68121
68122
68123
68124
68125
68126
68127
68128
68129
68130
68131
68132
68133
68134
68135
68137
68138
68139
68140
68141
68142
68143
68144
68145
68146
68147
68148
68149
68150
68151
68152
68153
68154
68156
68157
68158
68159
68160
68161
68162
68163
68164
68165
68166
68167
68168
68169
68170
68171
68172
68173
68175
68176
68177
68178
68179
68180
68181
68182
68183
68184
68185
68186
68187
68188
68189
68190
68191
68192
68194
68195
68196
68197
68198
68199
68200
68201
68202
68203
68204
68205
68206
68207
68208
68209
68210
68211
68213
68214
68215
68216
68217
68218
68219
68220
68221
68222
68223
68224
68225
68226
68227
68228
68229
68230
68233
68234
68235
68236
68237
68238
68239
68240
68241
68242
68243
68244
68245
68246
68247
68248
68249
68253
68254
68255
68256
68257
68258
68259
68260
68261
68262
68263
68264
68265
68266
68267
68268
68274
68275
68276
68277
68278
68279
68280
68281
68282
68283
68284
68285
68286
68287
68294
68295
68296
68297
68298
68299
68300
68301
68302
68303
68304
68305
68306
68314
68315
68316
68317
68318
68319
68320
68321
68322
68323
68324
68325
68335
68336
68337
68338
68339
68340
68341
68342
68343
68344
68345
68355
68356
68357
68358
68359
68360
68361
68362
68363
68364
68383
68384
68385
68386
68387
68388
68389
68390
68391
68392
68393
68394
68395
68424
68425
68426
68427
68429
68430
68431
68432
68433
68434
68435
68436
68437
68438
68439
68440
68443
68444
68446
68463
68464
68465
68478
68479
68480
68481
68482
68483
68484
68485
68486
68491
68492
79434
79435
79458
79459
79460
79461
79462
79482
79483
79484
79485
79486
79506
79507
79508
79509
79510
79530
79531
79532
79533
79534
79554
79555
79556
79557
79558
79578
79579
79580
79581
79582
79602
79603
79604
79605
79606
79626
79627
79628
79629
79630
79631
79650
79651
79652
79653
79654
79655
79674
79675
79676
79677
79678
79679
79680
79698
79699
79700
79701
79702
79703
79704
79722
79723
79724
79725
79726
79727
79728
79729
79746
79747
79748
79749
79750
79751
79752
79753
79754
79770
79771
79772
79773
79774
79775
79776
79777
79778
79794
79795
79796
79797
79798
79799
79800
79801
79802
79818
79819
79820
79821
79822
79823
79824
79825
79826
79842
79843
79844
79845
79846
79847
79848
79849
79866
79867
79868
79869
79870
79871
79872
79890
79891
79892
79893
79894
79895
79914
79915
79916
79917
79918
79938
79939
79940
79941
79962
79963
79964
79986
79987
80220
80221
80222
80223
80224
80225
80226
80227
80228
80229
80230
80231
80263
80264
80265
80266
80267
80268
80269
80270
80271
80275
80276
80819
80820
80821
80822
80823
80824
80825
81314
81338
81362
81386
81855
81856
81857
81860
82564
82583
82584
82585
82586
82587
82602
82603
82604
82605
82606
82607
82608
82609
82621
82622
82623
82624
82625
82626
82627
82628
82629
82630
82640
82641
82642
82643
82644
82645
82646
82647
82648
82649
82650
82651
82659
82660
82661
82662
82663
82664
82665
82666
82667
82668
82669
82670
82671
82672
82678
82679
82680
82681
82682
82683
82684
82685
82686
82687
82688
82689
82690
82691
82692
82693
82697
82698
82699
82700
82701
82702
82703
82704
82705
82706
82707
82708
82709
82710
82711
82712
82713
82716
82717
82718
82719
82720
82721
82722
82723
82724
82725
82726
82727
82728
82729
82730
82731
82732
82733
82734
82735
82736
82737
82738
82739
82740
82741
82742
82743
82744
82745
82746
82747
82748
82749
82750
82751
82752
82753
82754
82755
82756
82757
82758
82759
82760
82761
82762
82763
82764
82765
82766
82767
82768
82769
82770
82771
82772
82773
82774
82775
82776
82777
82778
82779
82780
82781
82782
82783
82784
82785
82786
82787
82788
82789
82790
82791
82792
82793
82794
82795
82796
82797
82798
82799
82800
82801
82802
82803
82804
82805
82806
82807
82808
82809
82810
82811
82812
82813
82814
82815
82816
82817
82818
82819
82820
82821
82822
82823
82824
82825
82826
82827
82828
82829
82830
82831
82832
82833
82834
82835
82836
82837
82838
82839
82840
82841
82842
82843
82844
82845
82846
82847
82848
82849
82850
82851
82852
82853
82854
82855
82856
82857
82858
82859
82860
82861
82862
82863
82864
82865
82866
82867
82868
82869
82870
82871
82872
82873
82874
82875
82876
82877
82878
82879
82880
82881
82882
82883
82884
82885
82886
82887
82888
82889
82890
82891
82892
82893
82894
82895
82896
82897
82898
82899
82900
82901
82902
82903
82904
82905
82906
82907
82908
82909
82910
82911
82912
82913
82914
82915
82916
82917
82918
82919
82920
82921
82922
82923
82925
82926
82927
82928
82929
82930
82931
82932
82933
82934
82935
82936
82937
82938
82939
82940
82941
82942
82944
82945
82946
82947
82948
82949
82950
82951
82952
82953
82954
82955
82956
82957
82958
82959
82960
82961
82963
82964
82965
82966
82967
82968
82969
82970
82971
82972
82973
82974
82975
82976
82977
82978
82979
82980
82982
82983
82984
82985
82986
82987
82988
82989
82990
82991
82992
82993
82994
82995
82996
82997
82998
82999
83001
83002
83003
83004
83005
83006
83007
83008
83009
83010
83011
83012
83013
83014
83015
83016
83017
83018
83020
83021
83022
83023
83024
83025
83026
83027
83028
83029
83030
83031
83032
83033
83034
83035
83036
83037
83039
83040
83041
83042
83043
83044
83045
83046
83047
83048
83049
83050
83051
83052
83053
83054
83055
83056
83058
83059
83060
83061
83062
83063
83064
83065
83066
83067
83068
83069
83070
83071
83072
83073
83074
83075
83078
83079
83080
83081
83082
83083
83084
83085
83086
83087
83088
83089
83090
83091
83092
83093
83094
83099
83100
83101
83102
83103
83104
83105
83106
83107
83108
83109
83110
83111
83112
83113
83119
83120
83121
83122
83123
83124
83125
83126
83127
83128
83129
83130
83131
83132
83139
83140
83141
83142
83143
83144
83145
83146
83147
83148
83149
83150
83151
83160
83161
83162
83163
83164
83165
83166
83167
83168
83169
83170
83180
83181
83182
83183
83184
83185
83186
83187
83188
83189
83190
83204
83205
83206
83207
83208
83209
83210
83211
83212
83213
83214
83215
83216
83238
83240
83241
83242
83243
83245
83246
83247
83248
83249
83250
83251
83252
83253
83257
83258
83272
83273
83287
83288
83289
83290
83291
83292
83293
83298
94204
94228
94229
94230
94231
94252
94253
94254
94255
94256
94276
94277
94278
94279
94280
94300
94301
94302
94303
94304
94324
94325
94326
94327
94328
94348
94349
94350
94351
94352
94372
94373
94374
94375
94376
94396
94397
94398
94399
94400
94420
94421
94422
94423
94424
94425
94444
94445
94446
94447
94448
94449
94468
94469
94470
94471
94472
94473
94474
94492
94493
94494
94495
94496
94497
94498
94516
94517
94518
94519
94520
94521
94522
94523
94540
94541
94542
94543
94544
94545
94546
94547
94548
94564
94565
94566
94567
94568
94569
94570
94571
94572
94588
94589
94590
94591
94592
94593
94594
94595
94596
94612
94613
94614
94615
94616
94617
94618
94619
94636
94637
94638
94639
94640
94641
94642
94660
94661
94662
94663
94664
94665
94684
94685
94686
94687
94688
94708
94709
94710
94711
94732
94733
94734
94756
94757
94992
94993
94994
94995
94996
94997
94998
94999
95000
95001
95002
95003
95005
95041
95042
95043
95044
95045
95046
95047
95048
95049
95050
95054
95055
95111
95617
95618
95619
95620
95621
95622
95623
95624
96148
96172
96196
96637
96673
96674
96675
96676
96679
96743
97414
97415
97433
97434
97435
97436
97437
97438
97452
97453
97454
97455
97456
97457
97458
97459
97460
97471
97472
97473
97474
97475
97476
97477
97478
97479
97480
97481
97490
97491
97492
97493
97494
97495
97496
97497
97498
97499
97500
97501
97502
97509
97510
97511
97512
97513
97514
97515
97516
97517
97518
97519
97520
97521
97522
97523
97528
97529
97530
97531
97532
97533
97534
97535
97536
97537
97538
97539
97540
97541
97542
97543
97544
97547
97548
97549
97550
97551
97552
97553
97554
97555
97556
97557
97558
97559
97560
97561
97562
97563
97564
97566
97567
97568
97569
97570
97571
97572
97573
97574
97575
97576
97577
97578
97579
97580
97581
97582
97583
97584
97585
97586
97587
97588
97589
97590
97591
97592
97593
97594
97595
97596
97597
97598
97599
97600
97601
97602
97603
97604
97605
97606
97607
97608
97609
97610
97611
97612
97613
97614
97615
97616
97617
97618
97619
97620
97621
97622
97623
97624
97625
97626
97627
97628
97629
97630
97631
97632
97633
97634
97635
97636
97637
97638
97639
97640
97641
97642
97643
97644
97645
97646
97647
97648
97649
97650
97651
97652
97653
97654
97655
97656
97657
97658
97659
97660
97661
97662
97663
97664
97665
97666
97667
97668
97669
97670
97671
97672
97673
97674
97675
97676
97677
97678
97679
97680
97681
97682
97683
97684
97685
97686
97687
97688
97689
97690
97691
97692
97693
97694
97695
97696
97697
97698
97699
97700
97701
97702
97703
97704
97705
97706
97707
97708
97709
97710
97711
97712
97713
97714
97715
97716
97717
97718
97719
97720
97721
97722
97723
97724
97725
97726
97727
97728
97729
97730
97731
97732
97733
97734
97735
97736
97737
97738
97739
97740
97741
97742
97743
97744
97745
97746
97747
97748
97749
97750
97751
97752
97753
97754
97755
97756
97757
97758
97759
97760
97761
97762
97763
97764
97765
97766
97767
97768
97769
97770
97771
97772
97773
97775
97776
97777
97778
97779
97780
97781
97782
97783
97784
97785
97786
97787
97788
97789
97790
97791
97792
97794
97795
97796
97797
97798
97799
97800
97801
97802
97803
97804
97805
97806
97807
97808
97809
97810
97811
97813
97814
97815
97816
97817
97818
97819
97820
97821
97822
97823
97824
97825
97826
97827
97828
97829
97830
97832
97833
97834
97835
97836
97837
97838
97839
97840
97841
97842
97843
97844
97845
97846
97847
97848
97849
97851
97852
97853
97854
97855
97856
97857
97858
97859
97860
97861
97862
97863
97864
97865
97866
97867
97868
97870
97871
97872
97873
97874
97875
97876
97877
97878
97879
97880
97881
97882
97883
97884
97885
97886
97887
97889
97890
97891
97892
97893
97894
97895
97896
97897
97898
97899
97900
97901
97902
97903
97904
97905
97906
97909
97910
97911
97912
97913
97914
97915
97916
97917
97918
97919
97920
97921
97922
97923
97924
97925
97929
97930
97931
97932
97933
97934
97935
97936
97937
97938
97939
97940
97941
97942
97943
97944
97950
97951
97952
97953
97954
97955
97956
97957
97958
97959
97960
97961
97962
97963
97970
97971
97972
97973
97974
97975
97976
97977
97978
97979
97980
97981
97982
97990
97991
97992
97993
97994
97995
97996
97997
97998
97999
98000
98001
98011
98012
98013
98014
98015
98016
98017
98018
98019
98020
98021
98031
98032
98033
98034
98035
98036
98037
98038
98039
98040
98059
98060
98061
98062
98063
98064
98065
98066
98067
98068
98069
98070
98071
98100
98101
98102
98103
98105
98106
98107
98108
98109
98110
98111
98112
98113
98114
98115
98116
98119
98120
98122
98139
98140
98141
98154
98155
98156
98157
98158
98159
98160
98161
98162
98167
98168
109110
109111
109134
109135
109136
109137
109138
109158
109159
109160
109161
109162
109182
109183
109184
109185
109186
109206
109207
109208
109209
109210
109230
109231
109232
109233
109234
109254
109255
109256
109257
109258
109278
109279
109280
109281
109282
109302
109303
109304
109305
109306
109307
109326
109327
109328
109329
109330
109331
109350
109351
109352
109353
109354
109355
109356
109374
109375
109376
109377
109378
109379
109380
109398
109399
109400
109401
109402
109403
109404
109405
109422
109423
109424
109425
109426
109427
109428
109429
109430
109446
109447
109448
109449
109450
109451
109452
109453
109454
109470
109471
109472
109473
109474
109475
109476
109477
109478
109494
109495
109496
109497
109498
109499
109500
109501
109502
109518
109519
109520
109521
109522
109523
109524
109525
109542
109543
109544
109545
109546
109547
109548
109566
109567
109568
109569
109570
109571
109590
109591
109592
109593
109594
109614
109615
109616
109617
109638
109639
109640
109662
109663
109896
109897
109898
109899
109900
109901
109902
109903
109904
109905
109906
109907
109939
109940
109941
109942
109943
109944
109945
109946
109947
109951
109952
110495
110496
110497
110498
110499
110500
110501
110990
111014
111038
111062
111531
111532
111533
111536
112240
112259
112260
112261
112262
112263
112278
112279
112280
112281
112282
112283
112284
112285
112297
112298
112299
112300
112301
112302
112303
112304
112305
112306
112316
112317
112318
112319
112320
112321
112322
112323
112324
112325
112326
112327
112335
112336
112337
112338
112339
112340
112341
112342
112343
112344
112345
112346
112347
112348
112354
112355
112356
112357
112358
112359
112360
112361
112362
112363
112364
112365
112366
112367
112368
112369
112373
112374
112375
112376
112377
112378
112379
112380
112381
112382
112383
112384
112385
112386
112387
112388
112389
112392
112393
112394
112395
112396
112397
112398
112399
112400
112401
112402
112403
112404
112405
112406
112407
112408
112409
112410
112411
112412
112413
112414
112415
112416
112417
112418
112419
112420
112421
112422
112423
112424
112425
112426
112427
112428
112429
112430
112431
112432
112433
112434
112435
112436
112437
112438
112439
112440
112441
112442
112443
112444
112445
112446
112447
112448
112449
112450
112451
112452
112453
112454
112455
112456
112457
112458
112459
112460
112461
112462
112463
112464
112465
112466
112467
112468
112469
112470
112471
112472
112473
112474
112475
112476
112477
112478
112479
112480
112481
112482
112483
112484
112485
112486
112487
112488
112489
112490
112491
112492
112493
112494
112495
112496
112497
112498
112499
112500
112501
112502
112503
112504
112505
112506
112507
112508
112509
112510
112511
112512
112513
112514
112515
112516
112517
112518
112519
112520
112521
112522
112523
112524
112525
112526
112527
112528
112529
112530
112531
112532
112533
112534
112535
112536
112537
112538
112539
112540
112541
112542
112543
112544
112545
112546
112547
112548
112549
112550
112551
112552
112553
112554
112555
112556
112557
112558
112559
112560
112561
112562
112563
112564
112565
112566
112567
112568
112569
112570
112571
112572
112573
112574
112575
112576
112577
112578
112579
112580
112581
112582
112583
112584
112585
112586
112587
112588
112589
112590
112591
112592
112593
112594
112595
112596
112597
112598
112599
112601
112602
112603
112604
112605
112606
112607
112608
112609
112610
112611
112612
112613
112614
112615
112616
112617
112618
112620
112621
112622
112623
112624
112625
112626
112627
112628
112629
112630
112631
112632
112633
112634
112635
112636
112637
112639
112640
112641
112642
112643
112644
112645
112646
112647
112648
112649
112650
112651
112652
112653
112654
112655
112656
112658
112659
112660
112661
112662
112663
112664
112665
112666
112667
112668
112669
112670
112671
112672
112673
112674
112675
112677
112678
112679
112680
112681
112682
112683
112684
112685
112686
112687
112688
112689
112690
112691
112692
112693
112694
112696
112697
112698
112699
112700
112701
112702
112703
112704
112705
112706
112707
112708
112709
112710
112711
112712
112713
112715
112716
112717
112718
112719
112720
112721
112722
112723
112724
112725
112726
112727
112728
112729
112730
112731
112732
112734
112735
112736
112737
112738
112739
112740
112741
112742
112743
112744
112745
112746
112747
112748
112749
112750
112751
112754
112755
112756
112757
112758
112759
112760
112761
112762
112763
112764
112765
112766
112767
112768
112769
112770
112775
112776
112777
112778
112779
112780
112781
112782
112783
112784
112785
112786
112787
112788
112789
112795
112796
112797
112798
112799
112800
112801
112802
112803
112804
112805
112806
112807
112808
112815
112816
112817
112818
112819
112820
112821
112822
112823
112824
112825
112826
112827
112836
112837
112838
112839
112840
112841
112842
112843
112844
112845
112846
112856
112857
112858
112859
112860
112861
112862
112863
112864
112865
112866
112880
112881
112882
112883
112884
112885
112886
112887
112888
112889
112890
112891
112892
112914
112916
112917
112918
112919
112921
112922
112923
112924
112925
112926
112927
112928
112929
112933
112934
112948
112949
112963
112964
112965
112966
112967
112968
112969
112974
123880
123904
123905
123906
123907
123928
123929
123930
123931
123932
123952
123953
123954
123955
123956
123976
123977
123978
123979
123980
124000
124001
124002
124003
124004
124024
124025
124026
124027
124028
124048
124049
124050
124051
124052
124072
124073
124074
124075
124076
124096
124097
124098
124099
124100
124101
124120
124121
124122
124123
124124
124125
124144
124145
124146
124147
124148
124149
124150
124168
124169
124170
124171
124172
124173
124174
124192
124193
124194
124195
124196
124197
124198
124199
124216
124217
124218
124219
124220
124221
124222
124223
124224
124240
124241
124242
124243
124244
124245
124246
124247
124248
124264
124265
124266
124267
124268
124269
124270
124271
124272
124288
124289
124290
124291
124292
124293
124294
124295
124312
124313
124314
124315
124316
124317
124318
124336
124337
124338
124339
124340
124341
124360
124361
124362
124363
124364
124384
124385
124386
124387
124408
124409
124410
124432
124433
124668
124669
124670
124671
124672
124673
124674
124675
124676
124677
124678
124679
124681
124717
124718
124719
124720
124721
124722
124723
124724
124725
124726
124730
124731
124787
125293
125294
125295
125296
125297
125298
125299
125300
125824
125848
125872
126313
126349
126350
126351
126352
126355
126419
127090
127091
127109
127110
127111
127112
127113
127114
127128
127129
127130
127131
127132
127133
127134
127135
127136
127147
127148
127149
127150
127151
127152
127153
127154
127155
127156
127157
127166
127167
127168
127169
127170
127171
127172
127173
127174
127175
127176
127177
127178
127185
127186
127187
127188
127189
127190
127191
127192
127193
127194
127195
127196
127197
127198
127199
127204
127205
127206
127207
127208
127209
127210
127211
127212
127213
127214
127215
127216
127217
127218
127219
127220
127223
127224
127225
127226
127227
127228
127229
127230
127231
127232
127233
127234
127235
127236
127237
127238
127239
127240
127242
127243
127244
127245
127246
127247
127248
127249
127250
127251
127252
127253
127254
127255
127256
127257
127258
127259
127260
127261
127262
127263
127264
127265
127266
127267
127268
127269
127270
127271
127272
127273
127274
127275
127276
127277
127278
127279
127280
127281
127282
127283
127284
127285
127286
127287
127288
127289
127290
127291
127292
127293
127294
127295
127296
127297
127298
127299
127300
127301
127302
127303
127304
127305
127306
127307
127308
127309
127310
127311
127312
127313
127314
127315
127316
127317
127318
127319
127320
127321
127322
127323
127324
127325
127326
127327
127328
127329
127330
127331
127332
127333
127334
127335
127336
127337
127338
127339
127340
127341
127342
127343
127344
127345
127346
127347
127348
127349
127350
127351
127352
127353
127354
127355
127356
127357
127358
127359
127360
127361
127362
127363
127364
127365
127366
127367
127368
127369
127370
127371
127372
127373
127374
127375
127376
127377
127378
127379
127380
127381
127382
127383
127384
127385
127386
127387
127388
127389
127390
127391
127392
127393
127394
127395
127396
127397
127398
127399
127400
127401
127402
127403
127404
127405
127406
127407
127408
127409
127410
127411
127412
127413
127414
127415
127416
127417
127418
127419
127420
127421
127422
127423
127424
127425
127426
127427
127428
127429
127430
127431
127432
127433
127434
127435
127436
127437
127438
127439
127440
127441
127442
127443
127444
127445
127446
127447
127448
127449
127451
127452
127453
127454
127455
127456
127457
127458
127459
127460
127461
127462
127463
127464
127465
127466
127467
127468
127470
127471
127472
127473
127474
127475
127476
127477
127478
127479
127480
127481
127482
127483
127484
127485
127486
127487
127489
127490
127491
127492
127493
127494
127495
127496
127497
127498
127499
127500
127501
127502
127503
127504
127505
127506
127508
127509
127510
127511
127512
127513
127514
127515
127516
127517
127518
127519
127520
127521
127522
127523
127524
127525
127527
127528
127529
127530
127531
127532
127533
127534
127535
127536
127537
127538
127539
127540
127541
127542
127543
127544
127546
127547
127548
127549
127550
127551
127552
127553
127554
127555
127556
127557
127558
127559
127560
127561
127562
127563
127565
127566
127567
127568
127569
127570
127571
127572
127573
127574
127575
127576
127577
127578
127579
127580
127581
127582
127585
127586
127587
127588
127589
127590
127591
127592
127593
127594
127595
127596
127597
127598
127599
127600
127601
127605
127606
127607
127608
127609
127610
127611
127612
127613
127614
127615
127616
127617
127618
127619
127620
127626
127627
127628
127629
127630
127631
127632
127633
127634
127635
127636
127637
127638
127639
127646
127647
127648
127649
127650
127651
127652
127653
127654
127655
127656
127657
127658
127666
127667
127668
127669
127670
127671
127672
127673
127674
127675
127676
127677
127687
127688
127689
127690
127691
127692
127693
127694
127695
127696
127697
127707
127708
127709
127710
127711
127712
127713
127714
127715
127716
127735
127736
127737
127738
127739
127740
127741
127742
127743
127744
127745
127746
127747
127776
127777
127778
127779
127781
127782
127783
127784
127785
127786
127787
127788
127789
127790
127791
127792
127795
127796
127798
127815
127816
127817
127830
127831
127832
127833
127834
127835
127836
127837
127838
127843
127844
138786
138787
138810
138811
138812
138813
138814
138834
138835
138836
138837
138838
138858
138859
138860
138861
138862
138882
138883
138884
138885
138886
138906
138907
138908
138909
138910
138930
138931
138932
138933
138934
138954
138955
138956
138957
138958
138978
138979
138980
138981
138982
138983
139002
139003
139004
139005
139006
139007
139026
139027
139028
139029
139030
139031
139032
139050
139051
139052
139053
139054
139055
139056
139074
139075
139076
139077
139078
139079
139080
139081
139098
139099
139100
139101
139102
139103
139104
139105
139106
139122
139123
139124
139125
139126
139127
139128
139129
139130
139146
139147
139148
139149
139150
139151
139152
139153
139154
139170
139171
139172
139173
139174
139175
139176
139177
139178
139194
139195
139196
139197
139198
139199
139200
139201
139218
139219
139220
139221
139222
139223
139224
139242
139243
139244
139245
139246
139247
139266
139267
139268
139269
139270
139290
139291
139292
139293
139314
139315
139316
139338
139339
139572
139573
139574
139575
139576
139577
139578
139579
139580
139581
139582
139583
139615
139616
139617
139618
139619
139620
139621
139622
139623
139627
139628
140171
140172
140173
140174
140175
140176
140177
140666
140690
140714
140738
141207
141208
141209
141212
141916
141935
141936
141937
141938
141939
141954
141955
141956
141957
141958
141959
141960
141961
141973
141974
141975
141976
141977
141978
141979
141980
141981
141982
141992
141993
141994
141995
141996
141997
141998
141999
142000
142001
142002
142003
142011
142012
142013
142014
142015
142016
142017
142018
142019
142020
142021
142022
142023
142024
142030
142031
142032
142033
142034
142035
142036
142037
142038
142039
142040
142041
142042
142043
142044
142045
142049
142050
142051
142052
142053
142054
142055
142056
142057
142058
142059
142060
142061
142062
142063
142064
142065
142068
142069
142070
142071
142072
142073
142074
142075
142076
142077
142078
142079
142080
142081
142082
142083
142084
142085
142086
142087
142088
142089
142090
142091
142092
142093
142094
142095
142096
142097
142098
142099
142100
142101
142102
142103
142104
142105
142106
142107
142108
142109
142110
142111
142112
142113
142114
142115
142116
142117
142118
142119
142120
142121
142122
142123
142124
142125
142126
142127
142128
142129
142130
142131
142132
142133
142134
142135
142136
142137
142138
142139
142140
142141
142142
142143
142144
142145
142146
142147
142148
142149
142150
142151
142152
142153
142154
142155
142156
142157
142158
142159
142160
142161
142162
142163
142164
142165
142166
142167
142168
142169
142170
142171
142172
142173
142174
142175
142176
142177
142178
142179
142180
142181
142182
142183
142184
142185
142186
142187
142188
142189
142190
142191
142192
142193
142194
142195
142196
142197
142198
142199
142200
142201
142202
142203
142204
142205
142206
142207
142208
142209
142210
142211
142212
142213
142214
142215
142216
142217
142218
142219
142220
142221
142222
142223
142224
142225
142226
142227
142228
142229
142230
142231
142232
142233
142234
142235
142236
142237
142238
142239
142240
142241
142242
142243
142244
142245
142246
142247
142248
142249
142250
142251
142252
142253
142254
142255
142256
142257
142258
142259
142260
142261
142262
142263
142264
142265
142266
142267
142268
142269
142270
142271
142272
142273
142274
142275
142277
142278
142279
142280
142281
142282
142283
142284
142285
142286
142287
142288
142289
142290
142291
142292
142293
142294
142296
142297
142298
142299
142300
142301
142302
142303
142304
142305
142306
142307
142308
142309
142310
142311
142312
142313
142315
142316
142317
142318
142319
142320
142321
142322
142323
142324
142325
142326
142327
142328
142329
142330
142331
142332
142334
142335
142336
142337
142338
142339
142340
142341
142342
142343
142344
142345
142346
142347
142348
142349
142350
142351
142353
142354
142355
142356
142357
142358
142359
142360
142361
142362
142363
142364
142365
142366
142367
142368
142369
142370
142372
142373
142374
142375
142376
142377
142378
142379
142380
142381
142382
142383
142384
142385
142386
142387
142388
142389
142391
142392
142393
142394
142395
142396
142397
142398
142399
142400
142401
142402
142403
142404
142405
142406
142407
142408
142410
142411
142412
142413
142414
142415
142416
142417
142418
142419
142420
142421
142422
142423
142424
142425
142426
142427
142430
142431
142432
142433
142434
142435
142436
142437
142438
142439
142440
142441
142442
142443
142444
142445
142446
142451
142452
142453
142454
142455
142456
142457
142458
142459
142460
142461
142462
142463
142464
142465
142471
142472
142473
142474
142475
142476
142477
142478
142479
142480
142481
142482
142483
142484
142491
142492
142493
142494
142495
142496
142497
142498
142499
142500
142501
142502
142503
142512
142513
142514
142515
142516
142517
142518
142519
142520
142521
142522
142532
142533
142534
142535
142536
142537
142538
142539
142540
142541
142542
142556
142557
142558
142559
142560
142561
142562
142563
142564
142565
142566
142567
142568
142590
142592
142593
142594
142595
142597
142598
142599
142600
142601
142602
142603
142604
142605
142609
142610
142624
142625
142639
142640
142641
142642
142643
142644
142645
142650
153556
153580
153581
153582
153583
153604
153605
153606
153607
153608
153628
153629
153630
153631
153632
153652
153653
153654
153655
153656
153676
153677
153678
153679
153680
153700
153701
153702
153703
153704
153724
153725
153726
153727
153728
153748
153749
153750
153751
153752
153772
153773
153774
153775
153776
153777
153796
153797
153798
153799
153800
153801
153820
153821
153822
153823
153824
153825
153826
153844
153845
153846
153847
153848
153849
153850
153868
153869
153870
153871
153872
153873
153874
153875
153892
153893
153894
153895
153896
153897
153898
153899
153900
153916
153917
153918
153919
153920
153921
153922
153923
153924
153940
153941
153942
153943
153944
153945
153946
153947
153948
153964
153965
153966
153967
153968
153969
153970
153971
153988
153989
153990
153991
153992
153993
153994
154012
154013
154014
154015
154016
154017
154036
154037
154038
154039
154040
154060
154061
154062
154063
154084
154085
154086
154108
154109
154344
154345
154346
154347
154348
154349
154350
154351
154352
154353
154354
154355
154357
154393
154394
154395
154396
154397
154398
154399
154400
154401
154402
154406
154407
154463
154969
154970
154971
154972
154973
154974
154975
154976
155500
155524
155548
155989
156025
156026
156027
156028
156031
156095
156766
156767
156785
156786
156787
156788
156789
156790
156804
156805
156806
156807
156808
156809
156810
156811
156812
156823
156824
156825
156826
156827
156828
156829
156830
156831
156832
156833
156842
156843
156844
156845
156846
156847
156848
156849
156850
156851
156852
156853
156854
156861
156862
156863
156864
156865
156866
156867
156868
156869
156870
156871
156872
156873
156874
156875
156880
156881
156882
156883
156884
156885
156886
156887
156888
156889
156890
156891
156892
156893
156894
156895
156896
156899
156900
156901
156902
156903
156904
156905
156906
156907
156908
156909
156910
156911
156912
156913
156914
156915
156916
156918
156919
156920
156921
156922
156923
156924
156925
156926
156927
156928
156929
156930
156931
156932
156933
156934
156935
156936
156937
156938
156939
156940
156941
156942
156943
156944
156945
156946
156947
156948
156949
156950
156951
156952
156953
156954
156955
156956
156957
156958
156959
156960
156961
156962
156963
156964
156965
156966
156967
156968
156969
156970
156971
156972
156973
156974
156975
156976
156977
156978
156979
156980
156981
156982
156983
156984
156985
156986
156987
156988
156989
156990
156991
156992
156993
156994
156995
156996
156997
156998
156999
157000
157001
157002
157003
157004
157005
157006
157007
157008
157009
157010
157011
157012
157013
157014
157015
157016
157017
157018
157019
157020
157021
157022
157023
157024
157025
157026
157027
157028
157029
157030
157031
157032
157033
157034
157035
157036
157037
157038
157039
157040
157041
157042
157043
157044
157045
157046
157047
157048
157049
157050
157051
157052
157053
157054
157055
157056
157057
157058
157059
157060
157061
157062
157063
157064
157065
157066
157067
157068
157069
157070
157071
157072
157073
157074
157075
157076
157077
157078
157079
157080
157081
157082
157083
157084
157085
157086
157087
157088
157089
157090
157091
157092
157093
157094
157095
157096
157097
157098
157099
157100
157101
157102
157103
157104
157105
157106
157107
157108
157109
157110
157111
157112
157113
157114
157115
157116
157117
157118
157119
157120
157121
157122
157123
157124
157125
157127
157128
157129
157130
157131
157132
157133
157134
157135
157136
157137
157138
157139
157140
157141
157142
157143
157144
157146
157147
157148
157149
157150
157151
157152
157153
157154
157155
157156
157157
157158
157159
157160
157161
157162
157163
157165
157166
157167
157168
157169
157170
157171
157172
157173
157174
157175
157176
157177
157178
157179
157180
157181
157182
157184
157185
157186
157187
157188
157189
157190
157191
157192
157193
157194
157195
157196
157197
157198
157199
157200
157201
157203
157204
157205
157206
157207
157208
157209
157210
157211
157212
157213
157214
157215
157216
157217
157218
157219
157220
157222
157223
157224
157225
157226
157227
157228
157229
157230
157231
157232
157233
157234
157235
157236
157237
157238
157239
157241
157242
157243
157244
157245
157246
157247
157248
157249
157250
157251
157252
157253
157254
157255
157256
157257
157258
157261
157262
157263
157264
157265
157266
157267
157268
157269
157270
157271
157272
157273
157274
157275
157276
157277
157281
157282
157283
157284
157285
157286
157287
157288
157289
157290
157291
157292
157293
157294
157295
157296
157302
157303
157304
157305
157306
157307
157308
157309
157310
157311
157312
157313
157314
157315
157322
157323
157324
157325
157326
157327
157328
157329
157330
157331
157332
157333
157334
157342
157343
157344
157345
157346
157347
157348
157349
157350
157351
157352
157353
157363
157364
157365
157366
157367
157368
157369
157370
157371
157372
157373
157383
157384
157385
157386
157387
157388
157389
157390
157391
157392
157411
157412
157413
157414
157415
157416
157417
157418
157419
157420
157421
157422
157423
157452
157453
157454
157455
157457
157458
157459
157460
157461
157462
157463
157464
157465
157466
157467
157468
157471
157472
157474
157491
157492
157493
157506
157507
157508
157509
157510
157511
157512
157513
157514
157519
157520
168462
168463
168486
168487
168488
168489
168490
168510
168511
168512
168513
168514
168534
168535
168536
168537
168538
168558
168559
168560
168561
168562
168582
168583
168584
168585
168586
168606
168607
168608
168609
168610
168630
168631
168632
168633
168634
168654
168655
168656
168657
168658
168659
168678
168679
168680
168681
168682
168683
168702
168703
168704
168705
168706
168707
168708
168726
168727
168728
168729
168730
168731
168732
168750
168751
168752
168753
168754
168755
168756
168757
168774
168775
168776
168777
168778
168779
168780
168781
168782
168798
168799
168800
168801
168802
168803
168804
168805
168806
168822
168823
168824
168825
168826
168827
168828
168829
168830
168846
168847
168848
168849
168850
168851
168852
168853
168854
168870
168871
168872
168873
168874
168875
168876
168877
168894
168895
168896
168897
168898
168899
168900
168918
168919
168920
168921
168922
168923
168942
168943
168944
168945
168946
168966
168967
168968
168969
168990
168991
168992
169014
169015
169248
169249
169250
169251
169252
169253
169254
169255
169256
169257
169258
169259
169291
169292
169293
169294
169295
169296
169297
169298
169299
169303
169304
169847
169848
169849
169850
169851
169852
169853
170342
170366
170390
170414
170883
170884
170885
170888
171592
171611
171612
171613
171614
171615
171630
171631
171632
171633
171634
171635
171636
171637
171649
171650
171651
171652
171653
171654
171655
171656
171657
171658
171668
171669
171670
171671
171672
171673
171674
171675
171676
171677
171678
171679
171687
171688
171689
171690
171691
171692
171693
171694
171695
171696
171697
171698
171699
171700
171706
171707
171708
171709
171710
171711
171712
171713
171714
171715
171716
171717
171718
171719
171720
171721
171725
171726
171727
171728
171729
171730
171731
171732
171733
171734
171735
171736
171737
171738
171739
171740
171741
171744
171745
171746
171747
171748
171749
171750
171751
171752
171753
171754
171755
171756
171757
171758
171759
171760
171761
171762
171763
171764
171765
171766
171767
171768
171769
171770
171771
171772
171773
171774
171775
171776
171777
171778
171779
171780
171781
171782
171783
171784
171785
171786
171787
171788
171789
171790
171791
171792
171793
171794
171795
171796
171797
171798
171799
171800
171801
171802
171803
171804
171805
171806
171807
171808
171809
171810
171811
171812
171813
171814
171815
171816
171817
171818
171819
171820
171821
171822
171823
171824
171825
171826
171827
171828
171829
171830
171831
171832
171833
171834
171835
171836
171837
171838
171839
171840
171841
171842
171843
171844
171845
171846
171847
171848
171849
171850
171851
171852
171853
171854
171855
171856
171857
171858
171859
171860
171861
171862
171863
171864
171865
171866
171867
171868
171869
171870
171871
171872
171873
171874
171875
171876
171877
171878
171879
171880
171881
171882
171883
171884
171885
171886
171887
171888
171889
171890
171891
171892
171893
171894
171895
171896
171897
171898
171899
171900
171901
171902
171903
171904
171905
171906
171907
171908
171909
171910
171911
171912
171913
171914
171915
171916
171917
171918
171919
171920
171921
171922
171923
171924
171925
171926
171927
171928
171929
171930
171931
171932
171933
171934
171935
171936
171937
171938
171939
171940
171941
171942
171943
171944
171945
171946
171947
171948
171949
171950
171951
171953
171954
171955
171956
171957
171958
171959
171960
171961
171962
171963
171964
171965
171966
171967
171968
171969
171970
171972
171973
171974
171975
171976
171977
171978
171979
171980
171981
171982
171983
171984
171985
171986
171987
171988
171989
171991
171992
171993
171994
171995
171996
171997
171998
171999
172000
172001
172002
172003
172004
172005
172006
172007
172008
172010
172011
172012
172013
172014
172015
172016
172017
172018
172019
172020
172021
172022
172023
172024
172025
172026
172027
172029
172030
172031
172032
172033
172034
172035
172036
172037
172038
172039
172040
172041
172042
172043
172044
172045
172046
172048
172049
172050
172051
172052
172053
172054
172055
172056
172057
172058
172059
172060
172061
172062
172063
172064
172065
172067
172068
172069
172070
172071
172072
172073
172074
172075
172076
172077
172078
172079
172080
172081
172082
172083
172084
172086
172087
172088
172089
172090
172091
172092
172093
172094
172095
172096
172097
172098
172099
172100
172101
172102
172103
172106
172107
172108
172109
172110
172111
172112
172113
172114
172115
172116
172117
172118
172119
172120
172121
172122
172127
172128
172129
172130
172131
172132
172133
172134
172135
172136
172137
172138
172139
172140
172141
172147
172148
172149
172150
172151
172152
172153
172154
172155
172156
172157
172158
172159
172160
172167
172168
172169
172170
172171
172172
172173
172174
172175
172176
172177
172178
172179
172188
172189
172190
172191
172192
172193
172194
172195
172196
172197
172198
172208
172209
172210
172211
172212
172213
172214
172215
172216
172217
172218
172232
172233
172234
172235
172236
172237
172238
172239
172240
172241
172242
172243
172244
172266
172268
172269
172270
172271
172273
172274
172275
172276
172277
172278
172279
172280
172281
172285
172286
172300
172301
172315
172316
172317
172318
172319
172320
172321
172326
183232
183256
183257
183258
183259
183280
183281
183282
183283
183284
183304
183305
183306
183307
183308
183328
183329
183330
183331
183332
183352
183353
183354
183355
183356
183376
183377
183378
183379
183380
183400
183401
183402
183403
183404
183424
183425
183426
183427
183428
183448
183449
183450
183451
183452
183453
183472
183473
183474
183475
183476
183477
183496
183497
183498
183499
183500
183501
183502
183520
183521
183522
183523
183524
183525
183526
183544
183545
183546
183547
183548
183549
183550
183551
183568
183569
183570
183571
183572
183573
183574
183575
183576
183592
183593
183594
183595
183596
183597
183598
183599
183600
183616
183617
183618
183619
183620
183621
183622
183623
183624
183640
183641
183642
183643
183644
183645
183646
183647
183664
183665
183666
183667
183668
183669
183670
183688
183689
183690
183691
183692
183693
183712
183713
183714
183715
183716
183736
183737
183738
183739
183760
183761
183762
183784
183785
184020
184021
184022
184023
184024
184025
184026
184027
184028
184029
184030
184031
184033
184069
184070
184071
184072
184073
184074
184075
184076
184077
184078
184082
184083
184139
184645
184646
184647
184648
184649
184650
184651
184652
185176
185200
185224
185665
185701
185702
185703
185704
185707
185771
186442
186443
186461
186462
186463
186464
186465
186466
186480
186481
186482
186483
186484
186485
186486
186487
186488
186499
186500
186501
186502
186503
186504
186505
186506
186507
186508
186509
186518
186519
186520
186521
186522
186523
186524
186525
186526
186527
186528
186529
186530
186537
186538
186539
186540
186541
186542
186543
186544
186545
186546
186547
186548
186549
186550
186551
186556
186557
186558
186559
186560
186561
186562
186563
186564
186565
186566
186567
186568
186569
186570
186571
186572
186575
186576
186577
186578
186579
186580
186581
186582
186583
186584
186585
186586
186587
186588
186589
186590
186591
186592
186594
186595
186596
186597
186598
186599
186600
186601
186602
186603
186604
186605
186606
186607
186608
186609
186610
186611
186612
186613
186614
186615
186616
186617
186618
186619
186620
186621
186622
186623
186624
186625
186626
186627
186628
186629
186630
186631
186632
186633
186634
186635
186636
186637
186638
186639
186640
186641
186642
186643
186644
186645
186646
186647
186648
186649
186650
186651
186652
186653
186654
186655
186656
186657
186658
186659
186660
186661
186662
186663
186664
186665
186666
186667
186668
186669
186670
186671
186672
186673
186674
186675
186676
186677
186678
186679
186680
186681
186682
186683
186684
186685
186686
186687
186688
186689
186690
186691
186692
186693
186694
186695
186696
186697
186698
186699
186700
186701
186702
186703
186704
186705
186706
186707
186708
186709
186710
186711
186712
186713
186714
186715
186716
186717
186718
186719
186720
186721
186722
186723
186724
186725
186726
186727
186728
186729
186730
186731
186732
186733
186734
186735
186736
186737
186738
186739
186740
186741
186742
186743
186744
186745
186746
186747
186748
186749
186750
186751
186752
186753
186754
186755
186756
186757
186758
186759
186760
186761
186762
186763
186764
186765
186766
186767
186768
186769
186770
186771
186772
186773
186774
186775
186776
186777
186778
186779
186780
186781
186782
186783
186784
186785
186786
186787
186788
186789
186790
186791
186792
186793
186794
186795
186796
186797
186798
186799
186800
186801
186803
186804
186805
186806
186807
186808
186809
186810
186811
186812
186813
186814
186815
186816
186817
186818
186819
186820
186822
186823
186824
186825
186826
186827
186828
186829
186830
186831
186832
186833
186834
186835
186836
186837
186838
186839
186841
186842
186843
186844
186845
186846
186847
186848
186849
186850
186851
186852
186853
186854
186855
186856
186857
186858
186860
186861
186862
186863
186864
186865
186866
186867
186868
186869
186870
186871
186872
186873
186874
186875
186876
186877
186879
186880
186881
186882
186883
186884
186885
186886
186887
186888
186889
186890
186891
186892
186893
186894
186895
186896
186898
186899
186900
186901
186902
186903
186904
186905
186906
186907
186908
186909
186910
186911
186912
186913
186914
186915
186917
186918
186919
186920
186921
186922
186923
186924
186925
186926
186927
186928
186929
186930
186931
186932
186933
186934
186937
186938
186939
186940
186941
186942
186943
186944
186945
186946
186947
186948
186949
186950
186951
186952
186953
186957
186958
186959
186960
186961
186962
186963
186964
186965
186966
186967
186968
186969
186970
186971
186972
186978
186979
186980
186981
186982
186983
186984
186985
186986
186987
186988
186989
186990
186991
186998
186999
187000
187001
187002
187003
187004
187005
187006
187007
187008
187009
187010
187018
187019
187020
187021
187022
187023
187024
187025
187026
187027
187028
187029
187039
187040
187041
187042
187043
187044
187045
187046
187047
187048
187049
187059
187060
187061
187062
187063
187064
187065
187066
187067
187068
187087
187088
187089
187090
187091
187092
187093
187094
187095
187096
187097
187098
187099
187128
187129
187130
187131
187133
187134
187135
187136
187137
187138
187139
187140
187141
187142
187143
187144
187147
187148
187150
187167
187168
187169
187182
187183
187184
187185
187186
187187
187188
187189
187190
187195
187196
198138
198139
198162
198163
198164
198165
198166
198186
198187
198188
198189
198190
198210
198211
198212
198213
198214
198234
198235
198236
198237
198238
198258
198259
198260
198261
198262
198282
198283
198284
198285
198286
198306
198307
198308
198309
198310
198330
198331
198332
198333
198334
198335
198354
198355
198356
198357
198358
198359
198378
198379
198380
198381
198382
198383
198384
198402
198403
198404
198405
198406
198407
198408
198426
198427
198428
198429
198430
198431
198432
198433
198450
198451
198452
198453
198454
198455
198456
198457
198458
198474
198475
198476
198477
198478
198479
198480
198481
198482
198498
198499
198500
198501
198502
198503
198504
198505
198506
198522
198523
198524
198525
198526
198527
198528
198529
198530
198546
198547
198548
198549
198550
198551
198552
198553
198570
198571
198572
198573
198574
198575
198576
198594
198595
198596
198597
198598
198599
198618
198619
198620
198621
198622
198642
198643
198644
198645
198666
198667
198668
198690
198691
198924
198925
198926
198927
198928
198929
198930
198931
198932
198933
198934
198935
198967
198968
198969
198970
198971
198972
198973
198974
198975
198979
198980
199523
199524
199525
199526
199527
199528
199529
200018
200042
200066
200090
200559
200560
200561
200564
201268
201287
201288
201289
201290
201291
201306
201307
201308
201309
201310
201311
201312
201313
201325
201326
201327
201328
201329
201330
201331
201332
201333
201334
201344
201345
201346
201347
201348
201349
201350
201351
201352
201353
201354
201355
201363
201364
201365
201366
201367
201368
201369
201370
201371
201372
201373
201374
201375
201376
201382
201383
201384
201385
201386
201387
201388
201389
201390
201391
201392
201393
201394
201395
201396
201397
201401
201402
201403
201404
201405
201406
201407
201408
201409
201410
201411
201412
201413
201414
201415
201416
201417
201420
201421
201422
201423
201424
201425
201426
201427
201428
201429
201430
201431
201432
201433
201434
201435
201436
201437
201438
201439
201440
201441
201442
201443
201444
201445
201446
201447
201448
201449
201450
201451
201452
201453
201454
201455
201456
201457
201458
201459
201460
201461
201462
201463
201464
201465
201466
201467
201468
201469
201470
201471
201472
201473
201474
201475
201476
201477
201478
201479
201480
201481
201482
201483
201484
201485
201486
201487
201488
201489
201490
201491
201492
201493
201494
201495
201496
201497
201498
201499
201500
201501
201502
201503
201504
201505
201506
201507
201508
201509
201510
201511
201512
201513
201514
201515
201516
201517
201518
201519
201520
201521
201522
201523
201524
201525
201526
201527
201528
201529
201530
201531
201532
201533
201534
201535
201536
201537
201538
201539
201540
201541
201542
201543
201544
201545
201546
201547
201548
201549
201550
201551
201552
201553
201554
201555
201556
201557
201558
201559
201560
201561
201562
201563
201564
201565
201566
201567
201568
201569
201570
201571
201572
201573
201574
201575
201576
201577
201578
201579
201580
201581
201582
201583
201584
201585
201586
201587
201588
201589
201590
201591
201592
201593
201594
201595
201596
201597
201598
201599
201600
201601
201602
201603
201604
201605
201606
201607
201608
201609
201610
201611
201612
201613
201614
201615
201616
201617
201618
201619
201620
201621
201622
201623
201624
201625
201626
201627
201629
201630
201631
201632
201633
201634
201635
201636
201637
201638
201639
201640
201641
201642
201643
201644
201645
201646
201648
201649
201650
201651
201652
201653
201654
201655
201656
201657
201658
201659
201660
201661
201662
201663
201664
201665
201667
201668
201669
201670
201671
201672
201673
201674
201675
201676
201677
201678
201679
201680
201681
201682
201683
201684
201686
201687
201688
201689
201690
201691
201692
201693
201694
201695
201696
201697
201698
201699
201700
201701
201702
201703
201705
201706
201707
201708
201709
201710
201711
201712
201713
201714
201715
201716
201717
201718
201719
201720
201721
201722
201724
201725
201726
201727
201728
201729
201730
201731
201732
201733
201734
201735
201736
201737
201738
201739
201740
201741
201743
201744
201745
201746
201747
201748
201749
201750
201751
201752
201753
201754
201755
201756
201757
201758
201759
201760
201762
201763
201764
201765
201766
201767
201768
201769
201770
201771
201772
201773
201774
201775
201776
201777
201778
201779
201782
201783
201784
201785
201786
201787
201788
201789
201790
201791
201792
201793
201794
201795
201796
201797
201798
201803
201804
201805
201806
201807
201808
201809
201810
201811
201812
201813
201814
201815
201816
201817
201823
201824
201825
201826
201827
201828
201829
201830
201831
201832
201833
201834
201835
201836
201843
201844
201845
201846
201847
201848
201849
201850
201851
201852
201853
201854
201855
201864
201865
201866
201867
201868
201869
201870
201871
201872
201873
201874
201884
201885
201886
201887
201888
201889
201890
201891
201892
201893
201894
201908
201909
201910
201911
201912
201913
201914
201915
201916
201917
201918
201919
201920
201942
201944
201945
201946
201947
201949
201950
201951
201952
201953
201954
201955
201956
201957
201961
201962
201976
201977
201991
201992
201993
201994
201995
201996
201997
202002
212908
212932
212933
212934
212935
212956
212957
212958
212959
212960
212980
212981
212982
212983
212984
213004
213005
213006
213007
213008
213028
213029
213030
213031
213032
213052
213053
213054
213055
213056
213076
213077
213078
213079
213080
213100
213101
213102
213103
213104
213124
213125
213126
213127
213128
213129
213148
213149
213150
213151
213152
213153
213172
213173
213174
213175
213176
213177
213178
213196
213197
213198
213199
213200
213201
213202
213220
213221
213222
213223
213224
213225
213226
213227
213244
213245
213246
213247
213248
213249
213250
213251
213252
213268
213269
213270
213271
213272
213273
213274
213275
213276
213292
213293
213294
213295
213296
213297
213298
213299
213300
213316
213317
213318
213319
213320
213321
213322
213323
213340
213341
213342
213343
213344
213345
213346
213364
213365
213366
213367
213368
213369
213388
213389
213390
213391
213392
213412
213413
213414
213415
213436
213437
213438
213460
213461
213696
213697
213698
213699
213700
213701
213702
213703
213704
213705
213706
213707
213709
213745
213746
213747
213748
213749
213750
213751
213752
213753
213754
213758
213759
213815
214321
214322
214323
214324
214325
214326
214327
214328
214852
214876
214900
215341
215377
215378
215379
215380
215383
215447
216118
216119
216137
216138
216139
216140
216141
216142
216156
216157
216158
216159
216160
216161
216162
216163
216164
216175
216176
216177
216178
216179
216180
216181
216182
216183
216184
216185
216194
216195
216196
216197
216198
216199
216200
216201
216202
216203
216204
216205
216206
216213
216214
216215
216216
216217
216218
216219
216220
216221
216222
216223
216224
216225
216226
216227
216232
216233
216234
216235
216236
216237
216238
216239
216240
216241
216242
216243
216244
216245
216246
216247
216248
216251
216252
216253
216254
216255
216256
216257
216258
216259
216260
216261
216262
216263
216264
216265
216266
216267
216268
216270
216271
216272
216273
216274
216275
216276
216277
216278
216279
216280
216281
216282
216283
216284
216285
216286
216287
216288
216289
216290
216291
216292
216293
216294
216295
216296
216297
216298
216299
216300
216301
216302
216303
216304
216305
216306
216307
216308
216309
216310
216311
216312
216313
216314
216315
216316
216317
216318
216319
216320
216321
216322
216323
216324
216325
216326
216327
216328
216329
216330
216331
216332
216333
216334
216335
216336
216337
216338
216339
216340
216341
216342
216343
216344
216345
216346
216347
216348
216349
216350
216351
216352
216353
216354
216355
216356
216357
216358
216359
216360
216361
216362
216363
216364
216365
216366
216367
216368
216369
216370
216371
216372
216373
216374
216375
216376
216377
216378
216379
216380
216381
216382
216383
216384
216385
216386
216387
216388
216389
216390
216391
216392
216393
216394
216395
216396
216397
216398
216399
216400
216401
216402
216403
216404
216405
216406
216407
216408
216409
216410
216411
216412
216413
216414
216415
216416
216417
216418
216419
216420
216421
216422
216423
216424
216425
216426
216427
216428
216429
216430
216431
216432
216433
216434
216435
216436
216437
216438
216439
216440
216441
216442
216443
216444
216445
216446
216447
216448
216449
216450
216451
216452
216453
216454
216455
216456
216457
216458
216459
216460
216461
216462
216463
216464
216465
216466
216467
216468
216469
216470
216471
216472
216473
216474
216475
216476
216477
216479
216480
216481
216482
216483
216484
216485
216486
216487
216488
216489
216490
216491
216492
216493
216494
216495
216496
216498
216499
216500
216501
216502
216503
216504
216505
216506
216507
216508
216509
216510
216511
216512
216513
216514
216515
216517
216518
216519
216520
216521
216522
216523
216524
216525
216526
216527
216528
216529
216530
216531
216532
216533
216534
216536
216537
216538
216539
216540
216541
216542
216543
216544
216545
216546
216547
216548
216549
216550
216551
216552
216553
216555
216556
216557
216558
216559
216560
216561
216562
216563
216564
216565
216566
216567
216568
216569
216570
216571
216572
216574
216575
216576
216577
216578
216579
216580
216581
216582
216583
216584
216585
216586
216587
216588
216589
216590
216591
216593
216594
216595
216596
216597
216598
216599
216600
216601
216602
216603
216604
216605
216606
216607
216608
216609
216610
216613
216614
216615
216616
216617
216618
216619
216620
216621
216622
216623
216624
216625
216626
216627
216628
216629
216633
216634
216635
216636
216637
216638
216639
216640
216641
216642
216643
216644
216645
216646
216647
216648
216654
216655
216656
216657
216658
216659
216660
216661
216662
216663
216664
216665
216666
216667
216674
216675
216676
216677
216678
216679
216680
216681
216682
216683
216684
216685
216686
216694
216695
216696
216697
216698
216699
216700
216701
216702
216703
216704
216705
216715
216716
216717
216718
216719
216720
216721
216722
216723
216724
216725
216735
216736
216737
216738
216739
216740
216741
216742
216743
216744
216763
216764
216765
216766
216767
216768
216769
216770
216771
216772
216773
216774
216775
216804
216805
216806
216807
216809
216810
216811
216812
216813
216814
216815
216816
216817
216818
216819
216820
216823
216824
216826
216843
216844
216845
216858
216859
216860
216861
216862
216863
216864
216865
216866
216871
216872
227814
227815
227838
227839
227840
227841
227842
227862
227863
227864
227865
227866
227886
227887
227888
227889
227890
227910
227911
227912
227913
227914
227934
227935
227936
227937
227938
227958
227959
227960
227961
227962
227982
227983
227984
227985
227986
228006
228007
228008
228009
228010
228011
228030
228031
228032
228033
228034
228035
228054
228055
228056
228057
228058
228059
228060
228078
228079
228080
228081
228082
228083
228084
228102
228103
228104
228105
228106
228107
228108
228109
228126
228127
228128
228129
228130
228131
228132
228133
228134
228150
228151
228152
228153
228154
228155
228156
228157
228158
228174
228175
228176
228177
228178
228179
228180
228181
228182
228198
228199
228200
228201
228202
228203
228204
228205
228206
228222
228223
228224
228225
228226
228227
228228
228229
228246
228247
228248
228249
228250
228251
228252
228270
228271
228272
228273
228274
228275
228294
228295
228296
228297
228298
228318
228319
228320
228321
228342
228343
228344
228366
228367
228600
228601
228602
228603
228604
228605
228606
228607
228608
228609
228610
228611
228643
228644
228645
228646
228647
228648
228649
228650
228651
228655
228656
229199
229200
229201
229202
229203
229204
229205
229694
229718
229742
229766
230235
230236
230237
230240
230944
230963
230964
230965
230966
230967
230982
230983
230984
230985
230986
230987
230988
230989
231001
231002
231003
231004
231005
231006
231007
231008
231009
231010
231020
231021
231022
231023
231024
231025
231026
231027
231028
231029
231030
231031
231039
231040
231041
231042
231043
231044
231045
231046
231047
231048
231049
231050
231051
231052
231058
231059
231060
231061
231062
231063
231064
231065
231066
231067
231068
231069
231070
231071
231072
231073
231077
231078
231079
231080
231081
231082
231083
231084
231085
231086
231087
231088
231089
231090
231091
231092
231093
231096
231097
231098
231099
231100
231101
231102
231103
231104
231105
231106
231107
231108
231109
231110
231111
231112
231113
231114
231115
231116
231117
231118
231119
231120
231121
231122
231123
231124
231125
231126
231127
231128
231129
231130
231131
231132
231133
231134
231135
231136
231137
231138
231139
231140
231141
231142
231143
231144
231145
231146
231147
231148
231149
231150
231151
231152
231153
231154
231155
231156
231157
231158
231159
231160
231161
231162
231163
231164
231165
231166
231167
231168
231169
231170
231171
231172
231173
231174
231175
231176
231177
231178
231179
231180
231181
231182
231183
231184
231185
231186
231187
231188
231189
231190
231191
231192
231193
231194
231195
231196
231197
231198
231199
231200
231201
231202
231203
231204
231205
231206
231207
231208
231209
231210
231211
231212
231213
231214
231215
231216
231217
231218
231219
231220
231221
231222
231223
231224
231225
231226
231227
231228
231229
231230
231231
231232
231233
231234
231235
231236
231237
231238
231239
231240
231241
231242
231243
231244
231245
231246
231247
231248
231249
231250
231251
231252
231253
231254
231255
231256
231257
231258
231259
231260
231261
231262
231263
231264
231265
231266
231267
231268
231269
231270
231271
231272
231273
231274
231275
231276
231277
231278
231279
231280
231281
231282
231283
231284
231285
231286
231287
231288
231289
231290
231291
231292
231293
231294
231295
231296
231297
231298
231299
231300
231301
231302
231303
231305
231306
231307
231308
231309
231310
231311
231312
231313
231314
231315
231316
231317
231318
231319
231320
231321
231322
231324
231325
231326
231327
231328
231329
231330
231331
231332
231333
231334
231335
231336
231337
231338
231339
231340
231341
231343
231344
231345
231346
231347
231348
231349
231350
231351
231352
231353
231354
231355
231356
231357
231358
231359
231360
231362
231363
231364
231365
231366
231367
231368
231369
231370
231371
231372
231373
231374
231375
231376
231377
231378
231379
231381
231382
231383
231384
231385
231386
231387
231388
231389
231390
231391
231392
231393
231394
231395
231396
231397
231398
231400
231401
231402
231403
231404
231405
231406
231407
231408
231409
231410
231411
231412
231413
231414
231415
231416
231417
231419
231420
231421
231422
231423
231424
231425
231426
231427
231428
231429
231430
231431
231432
231433
231434
231435
231436
231438
231439
231440
231441
231442
231443
231444
231445
231446
231447
231448
231449
231450
231451
231452
231453
231454
231455
231458
231459
231460
231461
231462
231463
231464
231465
231466
231467
231468
231469
231470
231471
231472
231473
231474
231479
231480
231481
231482
231483
231484
231485
231486
231487
231488
231489
231490
231491
231492
231493
231499
231500
231501
231502
231503
231504
231505
231506
231507
231508
231509
231510
231511
231512
231519
231520
231521
231522
231523
231524
231525
231526
231527
231528
231529
231530
231531
231540
231541
231542
231543
231544
231545
231546
231547
231548
231549
231550
231560
231561
231562
231563
231564
231565
231566
231567
231568
231569
231570
231584
231585
231586
231587
231588
231589
231590
231591
231592
231593
231594
231595
231596
231618
231620
231621
231622
231623
231625
231626
231627
231628
231629
231630
231631
231632
231633
231637
231638
231652
231653
231667
231668
231669
231670
231671
231672
231673
231678
242584
242608
242609
242610
242611
242632
242633
242634
242635
242636
242656
242657
242658
242659
242660
242680
242681
242682
242683
242684
242704
242705
242706
242707
242708
242728
242729
242730
242731
242732
242752
242753
242754
242755
242756
242776
242777
242778
242779
242780
242800
242801
242802
242803
242804
242805
242824
242825
242826
242827
242828
242829
242848
242849
242850
242851
242852
242853
242854
242872
242873
242874
242875
242876
242877
242878
242896
242897
242898
242899
242900
242901
242902
242903
242920
242921
242922
242923
242924
242925
242926
242927
242928
242944
242945
242946
242947
242948
242949
242950
242951
242952
242968
242969
242970
242971
242972
242973
242974
242975
242976
242992
242993
242994
242995
242996
242997
242998
242999
243016
243017
243018
243019
243020
243021
243022
243040
243041
243042
243043
243044
243045
243064
243065
243066
243067
243068
243088
243089
243090
243091
243112
243113
243114
243136
243137
243372
243373
243374
243375
243376
243377
243378
243379
243380
243381
243382
243383
243385
243421
243422
243423
243424
243425
243426
243427
243428
243429
243430
243434
243435
243491
243997
243998
243999
244000
244001
244002
244003
244004
244528
244552
244576
245017
245053
245054
245055
245056
245059
245123
245794
245795
245813
245814
245815
245816
245817
245818
245832
245833
245834
245835
245836
245837
245838
245839
245840
245851
245852
245853
245854
245855
245856
245857
245858
245859
245860
245861
245870
245871
245872
245873
245874
245875
245876
245877
245878
245879
245880
245881
245882
245889
245890
245891
245892
245893
245894
245895
245896
245897
245898
245899
245900
245901
245902
245903
245908
245909
245910
245911
245912
245913
245914
245915
245916
245917
245918
245919
245920
245921
245922
245923
245924
245927
245928
245929
245930
245931
245932
245933
245934
245935
245936
245937
245938
245939
245940
245941
245942
245943
245944
245946
245947
245948
245949
245950
245951
245952
245953
245954
245955
245956
245957
245958
245959
245960
245961
245962
245963
245964
245965
245966
245967
245968
245969
245970
245971
245972
245973
245974
245975
245976
245977
245978
245979
245980
245981
245982
245983
245984
245985
245986
245987
245988
245989
245990
245991
245992
245993
245994
245995
245996
245997
245998
245999
246000
246001
246002
246003
246004
246005
246006
246007
246008
246009
246010
246011
246012
246013
246014
246015
246016
246017
246018
246019
246020
246021
246022
246023
246024
246025
246026
246027
246028
246029
246030
246031
246032
246033
246034
246035
246036
246037
246038
246039
246040
246041
246042
246043
246044
246045
246046
246047
246048
246049
246050
246051
246052
246053
246054
246055
246056
246057
246058
246059
246060
246061
246062
246063
246064
246065
246066
246067
246068
246069
246070
246071
246072
246073
246074
246075
246076
246077
246078
246079
246080
246081
246082
246083
246084
246085
246086
246087
246088
246089
246090
246091
246092
246093
246094
246095
246096
246097
246098
246099
246100
246101
246102
246103
246104
246105
246106
246107
246108
246109
246110
246111
246112
246113
246114
246115
246116
246117
246118
246119
246120
246121
246122
246123
246124
246125
246126
246127
246128
246129
246130
246131
246132
246133
246134
246135
246136
246137
246138
246139
246140
246141
246142
246143
246144
246145
246146
246147
246148
246149
246150
246151
246152
246153
246155
246156
246157
246158
246159
246160
246161
246162
246163
246164
246165
246166
246167
246168
246169
246170
246171
246172
246174
246175
246176
246177
246178
246179
246180
246181
246182
246183
246184
246185
246186
246187
246188
246189
246190
246191
246193
246194
246195
246196
246197
246198
246199
246200
246201
246202
246203
246204
246205
246206
246207
246208
246209
246210
246212
246213
246214
246215
246216
246217
246218
246219
246220
246221
246222
246223
246224
246225
246226
246227
246228
246229
246231
246232
246233
246234
246235
246236
246237
246238
246239
246240
246241
246242
246243
246244
246245
246246
246247
246248
246250
246251
246252
246253
246254
246255
246256
246257
246258
246259
246260
246261
246262
246263
246264
246265
246266
246267
246269
246270
246271
246272
246273
246274
246275
246276
246277
246278
246279
246280
246281
246282
246283
246284
246285
246286
246289
246290
246291
246292
246293
246294
246295
246296
246297
246298
246299
246300
246301
246302
246303
246304
246305
246309
246310
246311
246312
246313
246314
246315
246316
246317
246318
246319
246320
246321
246322
246323
246324
246330
246331
246332
246333
246334
246335
246336
246337
246338
246339
246340
246341
246342
246343
246350
246351
246352
246353
246354
246355
246356
246357
246358
246359
246360
246361
246362
246370
246371
246372
246373
246374
246375
246376
246377
246378
246379
246380
246381
246391
246392
246393
246394
246395
246396
246397
246398
246399
246400
246401
246411
246412
246413
246414
246415
246416
246417
246418
246419
246420
246439
246440
246441
246442
246443
246444
246445
246446
246447
246448
246449
246450
246451
246480
246481
246482
246483
246485
246486
246487
246488
246489
246490
246491
246492
246493
246494
246495
246496
246499
246500
246502
246519
246520
246521
246534
246535
246536
246537
246538
246539
246540
246541
246542
246547
246548
257490
257491
257514
257515
257516
257517
257518
257538
257539
257540
257541
257542
257562
257563
257564
257565
257566
257586
257587
257588
257589
257590
257610
257611
257612
257613
257614
257634
257635
257636
257637
257638
257658
257659
257660
257661
257662
257682
257683
257684
257685
257686
257687
257706
257707
257708
257709
257710
257711
257730
257731
257732
257733
257734
257735
257736
257754
257755
257756
257757
257758
257759
257760
257778
257779
257780
257781
257782
257783
257784
257785
257802
257803
257804
257805
257806
257807
257808
257809
257810
257826
257827
257828
257829
257830
257831
257832
257833
257834
257850
257851
257852
257853
257854
257855
257856
257857
257858
257874
257875
257876
257877
257878
257879
257880
257881
257882
257898
257899
257900
257901
257902
257903
257904
257905
257922
257923
257924
257925
257926
257927
257928
257946
257947
257948
257949
257950
257951
257970
257971
257972
257973
257974
257994
257995
257996
257997
258018
258019
258020
258042
258043
258276
258277
258278
258279
258280
258281
258282
258283
258284
258285
258286
258287
258319
258320
258321
258322
258323
258324
258325
258326
258327
258331
258332
258875
258876
258877
258878
258879
258880
258881
259370
259394
259418
259442
259911
259912
259913
259916
260620
260639
260640
260641
260642
260643
260658
260659
260660
260661
260662
260663
260664
260665
260677
260678
260679
260680
260681
260682
260683
260684
260685
260686
260696
260697
260698
260699
260700
260701
260702
260703
260704
260705
260706
260707
260715
260716
260717
260718
260719
260720
260721
260722
260723
260724
260725
260726
260727
260728
260734
260735
260736
260737
260738
260739
260740
260741
260742
260743
260744
260745
260746
260747
260748
260749
260753
260754
260755
260756
260757
260758
260759
260760
260761
260762
260763
260764
260765
260766
260767
260768
260769
260772
260773
260774
260775
260776
260777
260778
260779
260780
260781
260782
260783
260784
260785
260786
260787
260788
260789
260790
260791
260792
260793
260794
260795
260796
260797
260798
260799
260800
260801
260802
260803
260804
260805
260806
260807
260808
260809
260810
260811
260812
260813
260814
260815
260816
260817
260818
260819
260820
260821
260822
260823
260824
260825
260826
260827
260828
260829
260830
260831
260832
260833
260834
260835
260836
260837
260838
260839
260840
260841
260842
260843
260844
260845
260846
260847
260848
260849
260850
260851
260852
260853
260854
260855
260856
260857
260858
260859
260860
260861
260862
260863
260864
260865
260866
260867
260868
260869
260870
260871
260872
260873
260874
260875
260876
260877
260878
260879
260880
260881
260882
260883
260884
260885
260886
260887
260888
260889
260890
260891
260892
260893
260894
260895
260896
260897
260898
260899
260900
260901
260902
260903
260904
260905
260906
260907
260908
260909
260910
260911
260912
260913
260914
260915
260916
260917
260918
260919
260920
260921
260922
260923
260924
260925
260926
260927
260928
260929
260930
260931
260932
260933
260934
260935
260936
260937
260938
260939
260940
260941
260942
260943
260944
260945
260946
260947
260948
260949
260950
260951
260952
260953
260954
260955
260956
260957
260958
260959
260960
260961
260962
260963
260964
260965
260966
260967
260968
260969
260970
260971
260972
260973
260974
260975
260976
260977
260978
260979
260981
260982
260983
260984
260985
260986
260987
260988
260989
260990
260991
260992
260993
260994
260995
260996
260997
260998
261000
261001
261002
261003
261004
261005
261006
261007
261008
261009
261010
261011
261012
261013
261014
261015
261016
261017
261019
261020
261021
261022
261023
261024
261025
261026
261027
261028
261029
261030
261031
261032
261033
261034
261035
261036
261038
261039
261040
261041
261042
261043
261044
261045
261046
261047
261048
261049
261050
261051
261052
261053
261054
261055
261057
261058
261059
261060
261061
261062
261063
261064
261065
261066
261067
261068
261069
261070
261071
261072
261073
261074
261076
261077
261078
261079
261080
261081
261082
261083
261084
261085
261086
261087
261088
261089
261090
261091
261092
261093
261095
261096
261097
261098
261099
261100
261101
261102
261103
261104
261105
261106
261107
261108
261109
261110
261111
261112
261114
261115
261116
261117
261118
261119
261120
261121
261122
261123
261124
261125
261126
261127
261128
261129
261130
261131
261134
261135
261136
261137
261138
261139
261140
261141
261142
261143
261144
261145
261146
261147
261148
261149
261150
261155
261156
261157
261158
261159
261160
261161
261162
261163
261164
261165
261166
261167
261168
261169
261175
261176
261177
261178
261179
261180
261181
261182
261183
261184
261185
261186
261187
261188
261195
261196
261197
261198
261199
261200
261201
261202
261203
261204
261205
261206
261207
261216
261217
261218
261219
261220
261221
261222
261223
261224
261225
261226
261236
261237
261238
261239
261240
261241
261242
261243
261244
261245
261246
261260
261261
261262
261263
261264
261265
261266
261267
261268
261269
261270
261271
261272
261294
261296
261297
261298
261299
261301
261302
261303
261304
261305
261306
261307
261308
261309
261313
261314
261328
261329
261343
261344
261345
261346
261347
261348
261349
261354
272260
272284
272285
272286
272287
272308
272309
272310
272311
272312
272332
272333
272334
272335
272336
272356
272357
272358
272359
272360
272380
272381
272382
272383
272384
272404
272405
272406
272407
272408
272428
272429
272430
272431
272432
272452
272453
272454
272455
272456
272476
272477
272478
272479
272480
272481
272500
272501
272502
272503
272504
272505
272524
272525
272526
272527
272528
272529
272530
272548
272549
272550
272551
272552
272553
272554
272572
272573
272574
272575
272576
272577
272578
272579
272596
272597
272598
272599
272600
272601
272602
272603
272604
272620
272621
272622
272623
272624
272625
272626
272627
272628
272644
272645
272646
272647
272648
272649
272650
272651
272652
272668
272669
272670
272671
272672
272673
272674
272675
272692
272693
272694
272695
272696
272697
272698
272716
272717
272718
272719
272720
272721
272740
272741
272742
272743
272744
272764
272765
272766
272767
272788
272789
272790
272812
272813
273048
273049
273050
273051
273052
273053
273054
273055
273056
273057
273058
273059
273061
273097
273098
273099
273100
273101
273102
273103
273104
273105
273106
273110
273111
273167
273673
273674
273675
273676
273677
273678
273679
273680
274204
274228
274252
274693
274729
274730
274731
274732
274735
274799
275470
275471
275489
275490
275491
275492
275493
275494
275508
275509
275510
275511
275512
275513
275514
275515
275516
275527
275528
275529
275530
275531
275532
275533
275534
275535
275536
275537
275546
275547
275548
275549
275550
275551
275552
275553
275554
275555
275556
275557
275558
275565
275566
275567
275568
275569
275570
275571
275572
275573
275574
275575
275576
275577
275578
275579
275584
275585
275586
275587
275588
275589
275590
275591
275592
275593
275594
275595
275596
275597
275598
275599
275600
275603
275604
275605
275606
275607
275608
275609
275610
275611
275612
275613
275614
275615
275616
275617
275618
275619
275620
275622
275623
275624
275625
275626
275627
275628
275629
275630
275631
275632
275633
275634
275635
275636
275637
275638
275639
275640
275641
275642
275643
275644
275645
275646
275647
275648
275649
275650
275651
275652
275653
275654
275655
275656
275657
275658
275659
275660
275661
275662
275663
275664
275665
275666
275667
275668
275669
275670
275671
275672
275673
275674
275675
275676
275677
275678
275679
275680
275681
275682
275683
275684
275685
275686
275687
275688
275689
275690
275691
275692
275693
275694
275695
275696
275697
275698
275699
275700
275701
275702
275703
275704
275705
275706
275707
275708
275709
275710
275711
275712
275713
275714
275715
275716
275717
275718
275719
275720
275721
275722
275723
275724
275725
275726
275727
275728
275729
275730
275731
275732
275733
275734
275735
275736
275737
275738
275739
275740
275741
275742
275743
275744
275745
275746
275747
275748
275749
275750
275751
275752
275753
275754
275755
275756
275757
275758
275759
275760
275761
275762
275763
275764
275765
275766
275767
275768
275769
275770
275771
275772
275773
275774
275775
275776
275777
275778
275779
275780
275781
275782
275783
275784
275785
275786
275787
275788
275789
275790
275791
275792
275793
275794
275795
275796
275797
275798
275799
275800
275801
275802
275803
275804
275805
275806
275807
275808
275809
275810
275811
275812
275813
275814
275815
275816
275817
275818
275819
275820
275821
275822
275823
275824
275825
275826
275827
275828
275829
275831
275832
275833
275834
275835
275836
275837
275838
275839
275840
275841
275842
275843
275844
275845
275846
275847
275848
275850
275851
275852
275853
275854
275855
275856
275857
275858
275859
275860
275861
275862
275863
275864
275865
275866
275867
275869
275870
275871
275872
275873
275874
275875
275876
275877
275878
275879
275880
275881
275882
275883
275884
275885
275886
275888
275889
275890
275891
275892
275893
275894
275895
275896
275897
275898
275899
275900
275901
275902
275903
275904
275905
275907
275908
275909
275910
275911
275912
275913
275914
275915
275916
275917
275918
275919
275920
275921
275922
275923
275924
275926
275927
275928
275929
275930
275931
275932
275933
275934
275935
275936
275937
275938
275939
275940
275941
275942
275943
275945
275946
275947
275948
275949
275950
275951
275952
275953
275954
275955
275956
275957
275958
275959
275960
275961
275962
275965
275966
275967
275968
275969
275970
275971
275972
275973
275974
275975
275976
275977
275978
275979
275980
275981
275985
275986
275987
275988
275989
275990
275991
275992
275993
275994
275995
275996
275997
275998
275999
276000
276006
276007
276008
276009
276010
276011
276012
276013
276014
276015
276016
276017
276018
276019
276026
276027
276028
276029
276030
276031
276032
276033
276034
276035
276036
276037
276038
276046
276047
276048
276049
276050
276051
276052
276053
276054
276055
276056
276057
276067
276068
276069
276070
276071
276072
276073
276074
276075
276076
276077
276087
276088
276089
276090
276091
276092
276093
276094
276095
276096
276115
276116
276117
276118
276119
276120
276121
276122
276123
276124
276125
276126
276127
276156
276157
276158
276159
276161
276162
276163
276164
276165
276166
276167
276168
276169
276170
276171
276172
276175
276176
276178
276195
276196
276197
276210
276211
276212
276213
276214
276215
276216
276217
276218
276223
276224
287166
287167
287190
287191
287192
287193
287194
287214
287215
287216
287217
287218
287238
287239
287240
287241
287242
287262
287263
287264
287265
287266
287286
287287
287288
287289
287290
287310
287311
287312
287313
287314
287334
287335
287336
287337
287338
287358
287359
287360
287361
287362
287363
287382
287383
287384
287385
287386
287387
287406
287407
287408
287409
287410
287411
287412
287430
287431
287432
287433
287434
287435
287436
287454
287455
287456
287457
287458
287459
287460
287461
287478
287479
287480
287481
287482
287483
287484
287485
287486
287502
287503
287504
287505
287506
287507
287508
287509
287510
287526
287527
287528
287529
287530
287531
287532
287533
287534
287550
287551
287552
287553
287554
287555
287556
287557
287558
287574
287575
287576
287577
287578
287579
287580
287581
287598
287599
287600
287601
287602
287603
287604
287622
287623
287624
287625
287626
287627
287646
287647
287648
287649
287650
287670
287671
287672
287673
287694
287695
287696
287718
287719
287952
287953
287954
287955
287956
287957
287958
287959
287960
287961
287962
287963
287995
287996
287997
287998
287999
288000
288001
288002
288003
288007
288008
288551
288552
288553
288554
288555
288556
288557
289046
289070
289094
289118
289587
289588
289589
289592
290296
290315
290316
290317
290318
290319
290334
290335
290336
290337
290338
290339
290340
290341
290353
290354
290355
290356
290357
290358
290359
290360
290361
290362
290372
290373
290374
290375
290376
290377
290378
290379
290380
290381
290382
290383
290391
290392
290393
290394
290395
290396
290397
290398
290399
290400
290401
290402
290403
290404
290410
290411
290412
290413
290414
290415
290416
290417
290418
290419
290420
290421
290422
290423
290424
290425
290429
290430
290431
290432
290433
290434
290435
290436
290437
290438
290439
290440
290441
290442
290443
290444
290445
290448
290449
290450
290451
290452
290453
290454
290455
290456
290457
290458
290459
290460
290461
290462
290463
290464
290465
290466
290467
290468
290469
290470
290471
290472
290473
290474
290475
290476
290477
290478
290479
290480
290481
290482
290483
290484
290485
290486
290487
290488
290489
290490
290491
290492
290493
290494
290495
290496
290497
290498
290499
290500
290501
290502
290503
290504
290505
290506
290507
290508
290509
290510
290511
290512
290513
290514
290515
290516
290517
290518
290519
290520
290521
290522
290523
290524
290525
290526
290527
290528
290529
290530
290531
290532
290533
290534
290535
290536
290537
290538
290539
290540
290541
290542
290543
290544
290545
290546
290547
290548
290549
290550
290551
290552
290553
290554
290555
290556
290557
290558
290559
290560
290561
290562
290563
290564
290565
290566
290567
290568
290569
290570
290571
290572
290573
290574
290575
290576
290577
290578
290579
290580
290581
290582
290583
290584
290585
290586
290587
290588
290589
290590
290591
290592
290593
290594
290595
290596
290597
290598
290599
290600
290601
290602
290603
290604
290605
290606
290607
290608
290609
290610
290611
290612
290613
290614
290615
290616
290617
290618
290619
290620
290621
290622
290623
290624
290625
290626
290627
290628
290629
290630
290631
290632
290633
290634
290635
290636
290637
290638
290639
290640
290641
290642
290643
290644
290645
290646
290647
290648
290649
290650
290651
290652
290653
290654
290655
290657
290658
290659
290660
290661
290662
290663
290664
290665
290666
290667
290668
290669
290670
290671
290672
290673
290674
290676
290677
290678
290679
290680
290681
290682
290683
290684
290685
290686
290687
290688
290689
290690
290691
290692
290693
290695
290696
290697
290698
290699
290700
290701
290702
290703
290704
290705
290706
290707
290708
290709
290710
290711
290712
290714
290715
290716
290717
290718
290719
290720
290721
290722
290723
290724
290725
290726
290727
290728
290729
290730
290731
290733
290734
290735
290736
290737
290738
290739
290740
290741
290742
290743
290744
290745
290746
290747
290748
290749
290750
290752
290753
290754
290755
290756
290757
290758
290759
290760
290761
290762
290763
290764
290765
290766
290767
290768
290769
290771
290772
290773
290774
290775
290776
290777
290778
290779
290780
290781
290782
290783
290784
290785
290786
290787
290788
290790
290791
290792
290793
290794
290795
290796
290797
290798
290799
290800
290801
290802
290803
290804
290805
290806
290807
290810
290811
290812
290813
290814
290815
290816
290817
290818
290819
290820
290821
290822
290823
290824
290825
290826
290831
290832
290833
290834
290835
290836
290837
290838
290839
290840
290841
290842
290843
290844
290845
290851
290852
290853
290854
290855
290856
290857
290858
290859
290860
290861
290862
290863
290864
290871
290872
290873
290874
290875
290876
290877
290878
290879
290880
290881
290882
290883
290892
290893
290894
290895
290896
290897
290898
290899
290900
290901
290902
290912
290913
290914
290915
290916
290917
290918
290919
290920
290921
290922
290936
290937
290938
290939
290940
290941
290942
290943
290944
290945
290946
290947
290948
290970
290972
290973
290974
290975
290977
290978
290979
290980
290981
290982
290983
290984
290985
290989
290990
291004
291005
291019
291020
291021
291022
291023
291024
291025
291030
)


// ************************************************************************* //
