/*--------------------------------*- C++ -*----------------------------------*\
  =========                 |
  \\      /  F ield         | OpenFOAM: The Open Source CFD Toolbox
   \\    /   O peration     | Website:  https://openfoam.org
    \\  /    A nd           | Version:  8
     \\/     M anipulation  |
\*---------------------------------------------------------------------------*/
/*   Windows 32 and 64 bit porting by blueCAPE: http://www.bluecape.com.pt   *\
|  Based on Windows porting (2.0.x v4) by Symscape: http://www.symscape.com   |
\*---------------------------------------------------------------------------*/
FoamFile
{
    version     2.0;
    format      ascii;
    class       labelList;
    location    "constant/tower/polyMesh";
    object      pointProcAddressing;
}
// * * * * * * * * * * * * * * * * * * * * * * * * * * * * * * * * * * * * * //


8745
(
5122
5147
5148
5149
5150
5151
5172
5173
5174
5175
5176
5177
5197
5198
5199
5200
5201
5202
5222
5223
5224
5225
5226
5227
5247
5248
5249
5250
5251
5252
5272
5273
5274
5275
5276
5277
5297
5298
5299
5300
5301
5302
5322
5323
5324
5325
5326
5327
5347
5348
5349
5350
5351
5352
5353
5372
5373
5374
5375
5376
5377
5378
5397
5398
5399
5400
5401
5402
5403
5404
5422
5423
5424
5425
5426
5427
5428
5429
5447
5448
5449
5450
5451
5452
5453
5454
5455
5472
5473
5474
5475
5476
5477
5478
5479
5480
5481
5497
5498
5499
5500
5501
5502
5503
5504
5505
5506
5522
5523
5524
5525
5526
5527
5528
5529
5530
5531
5547
5548
5549
5550
5551
5552
5553
5554
5555
5556
5572
5573
5574
5575
5576
5577
5578
5579
5580
5597
5598
5599
5600
5601
5602
5603
5604
5622
5623
5624
5625
5626
5627
5628
5647
5648
5649
5650
5651
5652
5672
5673
5674
5675
5676
5697
5698
5699
5700
5722
5723
5724
5748
5968
5969
5970
5971
5972
5973
5974
5975
5976
5977
5978
5979
5980
5981
6016
6017
6018
6019
6020
6021
6022
6023
6024
6025
6026
6027
6357
6382
6407
6432
6457
6482
6507
6532
6591
6603
6604
6605
6606
6607
6608
6609
6610
6611
7148
7149
7173
7174
7198
7199
7223
7224
7249
7274
7666
7667
7668
7690
7691
7692
7693
7694
8415
8416
8435
8436
8437
8438
8439
8440
8455
8456
8457
8458
8459
8460
8461
8462
8463
8475
8476
8477
8478
8479
8480
8481
8482
8483
8484
8485
8495
8496
8497
8498
8499
8500
8501
8502
8503
8504
8505
8506
8507
8515
8516
8517
8518
8519
8520
8521
8522
8523
8524
8525
8526
8527
8528
8529
8535
8536
8537
8538
8539
8540
8541
8542
8543
8544
8545
8546
8547
8548
8549
8550
8551
8555
8556
8557
8558
8559
8560
8561
8562
8563
8564
8565
8566
8567
8568
8569
8570
8571
8572
8575
8576
8577
8578
8579
8580
8581
8582
8583
8584
8585
8586
8587
8588
8589
8590
8591
8592
8593
8594
8595
8596
8597
8598
8599
8600
8601
8602
8603
8604
8605
8606
8607
8608
8609
8610
8611
8612
8613
8614
8615
8616
8617
8618
8619
8620
8621
8622
8623
8624
8625
8626
8627
8628
8629
8630
8631
8632
8633
8634
8635
8636
8637
8638
8639
8640
8641
8642
8643
8644
8645
8646
8647
8648
8649
8650
8651
8652
8653
8654
8655
8656
8657
8658
8659
8660
8661
8662
8663
8664
8665
8666
8667
8668
8669
8670
8671
8672
8673
8674
8675
8676
8677
8678
8679
8680
8681
8682
8683
8684
8685
8686
8687
8688
8689
8690
8691
8692
8693
8694
8695
8696
8697
8698
8699
8700
8701
8702
8703
8704
8705
8706
8707
8708
8709
8710
8711
8712
8713
8714
8715
8716
8717
8718
8719
8720
8721
8722
8723
8724
8725
8726
8727
8728
8729
8730
8731
8732
8733
8734
8735
8736
8737
8738
8739
8740
8741
8742
8743
8744
8745
8746
8747
8748
8749
8750
8751
8752
8753
8754
8755
8756
8757
8758
8759
8760
8761
8762
8763
8764
8765
8766
8767
8768
8769
8770
8771
8772
8773
8774
8775
8776
8777
8778
8779
8780
8781
8782
8783
8784
8785
8786
8787
8788
8789
8790
8791
8792
8793
8794
8795
8796
8797
8798
8799
8800
8801
8802
8803
8804
8805
8806
8807
8808
8809
8810
8811
8812
8813
8815
8816
8817
8818
8819
8820
8821
8822
8823
8824
8825
8826
8827
8828
8829
8830
8831
8832
8833
8835
8836
8837
8838
8839
8840
8841
8842
8843
8844
8845
8846
8847
8848
8849
8850
8851
8852
8853
8855
8856
8857
8858
8859
8860
8861
8862
8863
8864
8865
8866
8867
8868
8869
8870
8871
8872
8873
8875
8876
8877
8878
8879
8880
8881
8882
8883
8884
8885
8886
8887
8888
8889
8890
8891
8892
8893
8895
8896
8897
8898
8899
8900
8901
8902
8903
8904
8905
8906
8907
8908
8909
8910
8911
8912
8913
8915
8916
8917
8918
8919
8920
8921
8922
8923
8924
8925
8926
8927
8928
8929
8930
8931
8932
8933
8935
8936
8937
8938
8939
8940
8941
8942
8943
8944
8945
8946
8947
8948
8949
8950
8951
8952
8953
8955
8957
8958
8959
8960
8961
8962
8963
8964
8965
8966
8967
8968
8969
8970
8971
8972
8973
8977
8978
8979
8980
8981
8982
8983
8984
8985
8986
8987
8988
8989
8990
8991
8992
8993
8999
9000
9001
9002
9003
9004
9005
9006
9007
9008
9009
9010
9011
9012
9013
9020
9021
9022
9023
9024
9025
9026
9027
9028
9029
9030
9031
9032
9033
9041
9042
9043
9044
9045
9046
9047
9048
9049
9050
9051
9052
9053
9063
9064
9065
9066
9067
9068
9069
9070
9071
9072
9073
9074
9084
9085
9086
9087
9088
9089
9090
9091
9092
9093
9094
19966
19991
19992
19993
19994
19995
20016
20017
20018
20019
20020
20021
20041
20042
20043
20044
20045
20046
20066
20067
20068
20069
20070
20071
20091
20092
20093
20094
20095
20096
20116
20117
20118
20119
20120
20121
20141
20142
20143
20144
20145
20146
20166
20167
20168
20169
20170
20171
20191
20192
20193
20194
20195
20196
20197
20216
20217
20218
20219
20220
20221
20222
20241
20242
20243
20244
20245
20246
20247
20248
20266
20267
20268
20269
20270
20271
20272
20273
20291
20292
20293
20294
20295
20296
20297
20298
20299
20316
20317
20318
20319
20320
20321
20322
20323
20324
20325
20341
20342
20343
20344
20345
20346
20347
20348
20349
20350
20366
20367
20368
20369
20370
20371
20372
20373
20374
20375
20391
20392
20393
20394
20395
20396
20397
20398
20399
20400
20416
20417
20418
20419
20420
20421
20422
20423
20424
20441
20442
20443
20444
20445
20446
20447
20448
20466
20467
20468
20469
20470
20471
20472
20491
20492
20493
20494
20495
20496
20516
20517
20518
20519
20520
20541
20542
20543
20544
20566
20567
20568
20592
20812
20813
20814
20815
20816
20817
20818
20819
20820
20821
20822
20823
20824
20825
20860
20861
20862
20863
20864
20865
20866
20867
20868
20869
20870
20871
21201
21226
21251
21276
21301
21326
21351
21376
21435
21447
21448
21449
21450
21451
21452
21453
21454
21455
21992
21993
22017
22018
22042
22043
22067
22068
22093
22118
22510
22511
22512
22534
22535
22536
22537
22538
23259
23260
23279
23280
23281
23282
23283
23284
23299
23300
23301
23302
23303
23304
23305
23306
23307
23319
23320
23321
23322
23323
23324
23325
23326
23327
23328
23329
23339
23340
23341
23342
23343
23344
23345
23346
23347
23348
23349
23350
23351
23359
23360
23361
23362
23363
23364
23365
23366
23367
23368
23369
23370
23371
23372
23373
23379
23380
23381
23382
23383
23384
23385
23386
23387
23388
23389
23390
23391
23392
23393
23394
23395
23399
23400
23401
23402
23403
23404
23405
23406
23407
23408
23409
23410
23411
23412
23413
23414
23415
23416
23419
23420
23421
23422
23423
23424
23425
23426
23427
23428
23429
23430
23431
23432
23433
23434
23435
23436
23437
23438
23439
23440
23441
23442
23443
23444
23445
23446
23447
23448
23449
23450
23451
23452
23453
23454
23455
23456
23457
23458
23459
23460
23461
23462
23463
23464
23465
23466
23467
23468
23469
23470
23471
23472
23473
23474
23475
23476
23477
23478
23479
23480
23481
23482
23483
23484
23485
23486
23487
23488
23489
23490
23491
23492
23493
23494
23495
23496
23497
23498
23499
23500
23501
23502
23503
23504
23505
23506
23507
23508
23509
23510
23511
23512
23513
23514
23515
23516
23517
23518
23519
23520
23521
23522
23523
23524
23525
23526
23527
23528
23529
23530
23531
23532
23533
23534
23535
23536
23537
23538
23539
23540
23541
23542
23543
23544
23545
23546
23547
23548
23549
23550
23551
23552
23553
23554
23555
23556
23557
23558
23559
23560
23561
23562
23563
23564
23565
23566
23567
23568
23569
23570
23571
23572
23573
23574
23575
23576
23577
23578
23579
23580
23581
23582
23583
23584
23585
23586
23587
23588
23589
23590
23591
23592
23593
23594
23595
23596
23597
23598
23599
23600
23601
23602
23603
23604
23605
23606
23607
23608
23609
23610
23611
23612
23613
23614
23615
23616
23617
23618
23619
23620
23621
23622
23623
23624
23625
23626
23627
23628
23629
23630
23631
23632
23633
23634
23635
23636
23637
23638
23639
23640
23641
23642
23643
23644
23645
23646
23647
23648
23649
23650
23651
23652
23653
23654
23655
23656
23657
23659
23660
23661
23662
23663
23664
23665
23666
23667
23668
23669
23670
23671
23672
23673
23674
23675
23676
23677
23679
23680
23681
23682
23683
23684
23685
23686
23687
23688
23689
23690
23691
23692
23693
23694
23695
23696
23697
23699
23700
23701
23702
23703
23704
23705
23706
23707
23708
23709
23710
23711
23712
23713
23714
23715
23716
23717
23719
23720
23721
23722
23723
23724
23725
23726
23727
23728
23729
23730
23731
23732
23733
23734
23735
23736
23737
23739
23740
23741
23742
23743
23744
23745
23746
23747
23748
23749
23750
23751
23752
23753
23754
23755
23756
23757
23759
23760
23761
23762
23763
23764
23765
23766
23767
23768
23769
23770
23771
23772
23773
23774
23775
23776
23777
23779
23780
23781
23782
23783
23784
23785
23786
23787
23788
23789
23790
23791
23792
23793
23794
23795
23796
23797
23799
23801
23802
23803
23804
23805
23806
23807
23808
23809
23810
23811
23812
23813
23814
23815
23816
23817
23821
23822
23823
23824
23825
23826
23827
23828
23829
23830
23831
23832
23833
23834
23835
23836
23837
23843
23844
23845
23846
23847
23848
23849
23850
23851
23852
23853
23854
23855
23856
23857
23864
23865
23866
23867
23868
23869
23870
23871
23872
23873
23874
23875
23876
23877
23885
23886
23887
23888
23889
23890
23891
23892
23893
23894
23895
23896
23897
23907
23908
23909
23910
23911
23912
23913
23914
23915
23916
23917
23918
23928
23929
23930
23931
23932
23933
23934
23935
23936
23937
23938
34810
34835
34836
34837
34838
34839
34860
34861
34862
34863
34864
34865
34885
34886
34887
34888
34889
34890
34910
34911
34912
34913
34914
34915
34935
34936
34937
34938
34939
34940
34960
34961
34962
34963
34964
34965
34985
34986
34987
34988
34989
34990
35010
35011
35012
35013
35014
35015
35035
35036
35037
35038
35039
35040
35041
35060
35061
35062
35063
35064
35065
35066
35085
35086
35087
35088
35089
35090
35091
35092
35110
35111
35112
35113
35114
35115
35116
35117
35135
35136
35137
35138
35139
35140
35141
35142
35143
35160
35161
35162
35163
35164
35165
35166
35167
35168
35169
35185
35186
35187
35188
35189
35190
35191
35192
35193
35194
35210
35211
35212
35213
35214
35215
35216
35217
35218
35219
35235
35236
35237
35238
35239
35240
35241
35242
35243
35244
35260
35261
35262
35263
35264
35265
35266
35267
35268
35285
35286
35287
35288
35289
35290
35291
35292
35310
35311
35312
35313
35314
35315
35316
35335
35336
35337
35338
35339
35340
35360
35361
35362
35363
35364
35385
35386
35387
35388
35410
35411
35412
35436
35656
35657
35658
35659
35660
35661
35662
35663
35664
35665
35666
35667
35668
35669
35704
35705
35706
35707
35708
35709
35710
35711
35712
35713
35714
35715
36045
36070
36095
36120
36145
36170
36195
36220
36279
36291
36292
36293
36294
36295
36296
36297
36298
36299
36836
36837
36861
36862
36886
36887
36911
36912
36937
36962
37354
37355
37356
37378
37379
37380
37381
37382
38103
38104
38123
38124
38125
38126
38127
38128
38143
38144
38145
38146
38147
38148
38149
38150
38151
38163
38164
38165
38166
38167
38168
38169
38170
38171
38172
38173
38183
38184
38185
38186
38187
38188
38189
38190
38191
38192
38193
38194
38195
38203
38204
38205
38206
38207
38208
38209
38210
38211
38212
38213
38214
38215
38216
38217
38223
38224
38225
38226
38227
38228
38229
38230
38231
38232
38233
38234
38235
38236
38237
38238
38239
38243
38244
38245
38246
38247
38248
38249
38250
38251
38252
38253
38254
38255
38256
38257
38258
38259
38260
38263
38264
38265
38266
38267
38268
38269
38270
38271
38272
38273
38274
38275
38276
38277
38278
38279
38280
38281
38282
38283
38284
38285
38286
38287
38288
38289
38290
38291
38292
38293
38294
38295
38296
38297
38298
38299
38300
38301
38302
38303
38304
38305
38306
38307
38308
38309
38310
38311
38312
38313
38314
38315
38316
38317
38318
38319
38320
38321
38322
38323
38324
38325
38326
38327
38328
38329
38330
38331
38332
38333
38334
38335
38336
38337
38338
38339
38340
38341
38342
38343
38344
38345
38346
38347
38348
38349
38350
38351
38352
38353
38354
38355
38356
38357
38358
38359
38360
38361
38362
38363
38364
38365
38366
38367
38368
38369
38370
38371
38372
38373
38374
38375
38376
38377
38378
38379
38380
38381
38382
38383
38384
38385
38386
38387
38388
38389
38390
38391
38392
38393
38394
38395
38396
38397
38398
38399
38400
38401
38402
38403
38404
38405
38406
38407
38408
38409
38410
38411
38412
38413
38414
38415
38416
38417
38418
38419
38420
38421
38422
38423
38424
38425
38426
38427
38428
38429
38430
38431
38432
38433
38434
38435
38436
38437
38438
38439
38440
38441
38442
38443
38444
38445
38446
38447
38448
38449
38450
38451
38452
38453
38454
38455
38456
38457
38458
38459
38460
38461
38462
38463
38464
38465
38466
38467
38468
38469
38470
38471
38472
38473
38474
38475
38476
38477
38478
38479
38480
38481
38482
38483
38484
38485
38486
38487
38488
38489
38490
38491
38492
38493
38494
38495
38496
38497
38498
38499
38500
38501
38503
38504
38505
38506
38507
38508
38509
38510
38511
38512
38513
38514
38515
38516
38517
38518
38519
38520
38521
38523
38524
38525
38526
38527
38528
38529
38530
38531
38532
38533
38534
38535
38536
38537
38538
38539
38540
38541
38543
38544
38545
38546
38547
38548
38549
38550
38551
38552
38553
38554
38555
38556
38557
38558
38559
38560
38561
38563
38564
38565
38566
38567
38568
38569
38570
38571
38572
38573
38574
38575
38576
38577
38578
38579
38580
38581
38583
38584
38585
38586
38587
38588
38589
38590
38591
38592
38593
38594
38595
38596
38597
38598
38599
38600
38601
38603
38604
38605
38606
38607
38608
38609
38610
38611
38612
38613
38614
38615
38616
38617
38618
38619
38620
38621
38623
38624
38625
38626
38627
38628
38629
38630
38631
38632
38633
38634
38635
38636
38637
38638
38639
38640
38641
38643
38645
38646
38647
38648
38649
38650
38651
38652
38653
38654
38655
38656
38657
38658
38659
38660
38661
38665
38666
38667
38668
38669
38670
38671
38672
38673
38674
38675
38676
38677
38678
38679
38680
38681
38687
38688
38689
38690
38691
38692
38693
38694
38695
38696
38697
38698
38699
38700
38701
38708
38709
38710
38711
38712
38713
38714
38715
38716
38717
38718
38719
38720
38721
38729
38730
38731
38732
38733
38734
38735
38736
38737
38738
38739
38740
38741
38751
38752
38753
38754
38755
38756
38757
38758
38759
38760
38761
38762
38772
38773
38774
38775
38776
38777
38778
38779
38780
38781
38782
49654
49679
49680
49681
49682
49683
49704
49705
49706
49707
49708
49709
49729
49730
49731
49732
49733
49734
49754
49755
49756
49757
49758
49759
49779
49780
49781
49782
49783
49784
49804
49805
49806
49807
49808
49809
49829
49830
49831
49832
49833
49834
49854
49855
49856
49857
49858
49859
49879
49880
49881
49882
49883
49884
49885
49904
49905
49906
49907
49908
49909
49910
49929
49930
49931
49932
49933
49934
49935
49936
49954
49955
49956
49957
49958
49959
49960
49961
49979
49980
49981
49982
49983
49984
49985
49986
49987
50004
50005
50006
50007
50008
50009
50010
50011
50012
50013
50029
50030
50031
50032
50033
50034
50035
50036
50037
50038
50054
50055
50056
50057
50058
50059
50060
50061
50062
50063
50079
50080
50081
50082
50083
50084
50085
50086
50087
50088
50104
50105
50106
50107
50108
50109
50110
50111
50112
50129
50130
50131
50132
50133
50134
50135
50136
50154
50155
50156
50157
50158
50159
50160
50179
50180
50181
50182
50183
50184
50204
50205
50206
50207
50208
50229
50230
50231
50232
50254
50255
50256
50280
50500
50501
50502
50503
50504
50505
50506
50507
50508
50509
50510
50511
50512
50513
50548
50549
50550
50551
50552
50553
50554
50555
50556
50557
50558
50559
50889
50914
50939
50964
50989
51014
51039
51064
51123
51135
51136
51137
51138
51139
51140
51141
51142
51143
51680
51681
51705
51706
51730
51731
51755
51756
51781
51806
52198
52199
52200
52222
52223
52224
52225
52226
52947
52948
52967
52968
52969
52970
52971
52972
52987
52988
52989
52990
52991
52992
52993
52994
52995
53007
53008
53009
53010
53011
53012
53013
53014
53015
53016
53017
53027
53028
53029
53030
53031
53032
53033
53034
53035
53036
53037
53038
53039
53047
53048
53049
53050
53051
53052
53053
53054
53055
53056
53057
53058
53059
53060
53061
53067
53068
53069
53070
53071
53072
53073
53074
53075
53076
53077
53078
53079
53080
53081
53082
53083
53087
53088
53089
53090
53091
53092
53093
53094
53095
53096
53097
53098
53099
53100
53101
53102
53103
53104
53107
53108
53109
53110
53111
53112
53113
53114
53115
53116
53117
53118
53119
53120
53121
53122
53123
53124
53125
53126
53127
53128
53129
53130
53131
53132
53133
53134
53135
53136
53137
53138
53139
53140
53141
53142
53143
53144
53145
53146
53147
53148
53149
53150
53151
53152
53153
53154
53155
53156
53157
53158
53159
53160
53161
53162
53163
53164
53165
53166
53167
53168
53169
53170
53171
53172
53173
53174
53175
53176
53177
53178
53179
53180
53181
53182
53183
53184
53185
53186
53187
53188
53189
53190
53191
53192
53193
53194
53195
53196
53197
53198
53199
53200
53201
53202
53203
53204
53205
53206
53207
53208
53209
53210
53211
53212
53213
53214
53215
53216
53217
53218
53219
53220
53221
53222
53223
53224
53225
53226
53227
53228
53229
53230
53231
53232
53233
53234
53235
53236
53237
53238
53239
53240
53241
53242
53243
53244
53245
53246
53247
53248
53249
53250
53251
53252
53253
53254
53255
53256
53257
53258
53259
53260
53261
53262
53263
53264
53265
53266
53267
53268
53269
53270
53271
53272
53273
53274
53275
53276
53277
53278
53279
53280
53281
53282
53283
53284
53285
53286
53287
53288
53289
53290
53291
53292
53293
53294
53295
53296
53297
53298
53299
53300
53301
53302
53303
53304
53305
53306
53307
53308
53309
53310
53311
53312
53313
53314
53315
53316
53317
53318
53319
53320
53321
53322
53323
53324
53325
53326
53327
53328
53329
53330
53331
53332
53333
53334
53335
53336
53337
53338
53339
53340
53341
53342
53343
53344
53345
53347
53348
53349
53350
53351
53352
53353
53354
53355
53356
53357
53358
53359
53360
53361
53362
53363
53364
53365
53367
53368
53369
53370
53371
53372
53373
53374
53375
53376
53377
53378
53379
53380
53381
53382
53383
53384
53385
53387
53388
53389
53390
53391
53392
53393
53394
53395
53396
53397
53398
53399
53400
53401
53402
53403
53404
53405
53407
53408
53409
53410
53411
53412
53413
53414
53415
53416
53417
53418
53419
53420
53421
53422
53423
53424
53425
53427
53428
53429
53430
53431
53432
53433
53434
53435
53436
53437
53438
53439
53440
53441
53442
53443
53444
53445
53447
53448
53449
53450
53451
53452
53453
53454
53455
53456
53457
53458
53459
53460
53461
53462
53463
53464
53465
53467
53468
53469
53470
53471
53472
53473
53474
53475
53476
53477
53478
53479
53480
53481
53482
53483
53484
53485
53487
53489
53490
53491
53492
53493
53494
53495
53496
53497
53498
53499
53500
53501
53502
53503
53504
53505
53509
53510
53511
53512
53513
53514
53515
53516
53517
53518
53519
53520
53521
53522
53523
53524
53525
53531
53532
53533
53534
53535
53536
53537
53538
53539
53540
53541
53542
53543
53544
53545
53552
53553
53554
53555
53556
53557
53558
53559
53560
53561
53562
53563
53564
53565
53573
53574
53575
53576
53577
53578
53579
53580
53581
53582
53583
53584
53585
53595
53596
53597
53598
53599
53600
53601
53602
53603
53604
53605
53606
53616
53617
53618
53619
53620
53621
53622
53623
53624
53625
53626
64498
64523
64524
64525
64526
64527
64548
64549
64550
64551
64552
64553
64573
64574
64575
64576
64577
64578
64598
64599
64600
64601
64602
64603
64623
64624
64625
64626
64627
64628
64648
64649
64650
64651
64652
64653
64673
64674
64675
64676
64677
64678
64698
64699
64700
64701
64702
64703
64723
64724
64725
64726
64727
64728
64729
64748
64749
64750
64751
64752
64753
64754
64773
64774
64775
64776
64777
64778
64779
64780
64798
64799
64800
64801
64802
64803
64804
64805
64823
64824
64825
64826
64827
64828
64829
64830
64831
64848
64849
64850
64851
64852
64853
64854
64855
64856
64857
64873
64874
64875
64876
64877
64878
64879
64880
64881
64882
64898
64899
64900
64901
64902
64903
64904
64905
64906
64907
64923
64924
64925
64926
64927
64928
64929
64930
64931
64932
64948
64949
64950
64951
64952
64953
64954
64955
64956
64973
64974
64975
64976
64977
64978
64979
64980
64998
64999
65000
65001
65002
65003
65004
65023
65024
65025
65026
65027
65028
65048
65049
65050
65051
65052
65073
65074
65075
65076
65098
65099
65100
65124
65344
65345
65346
65347
65348
65349
65350
65351
65352
65353
65354
65355
65356
65357
65392
65393
65394
65395
65396
65397
65398
65399
65400
65401
65402
65403
65733
65758
65783
65808
65833
65858
65883
65908
65967
65979
65980
65981
65982
65983
65984
65985
65986
65987
66524
66525
66549
66550
66574
66575
66599
66600
66625
66650
67042
67043
67044
67066
67067
67068
67069
67070
67791
67792
67811
67812
67813
67814
67815
67816
67831
67832
67833
67834
67835
67836
67837
67838
67839
67851
67852
67853
67854
67855
67856
67857
67858
67859
67860
67861
67871
67872
67873
67874
67875
67876
67877
67878
67879
67880
67881
67882
67883
67891
67892
67893
67894
67895
67896
67897
67898
67899
67900
67901
67902
67903
67904
67905
67911
67912
67913
67914
67915
67916
67917
67918
67919
67920
67921
67922
67923
67924
67925
67926
67927
67931
67932
67933
67934
67935
67936
67937
67938
67939
67940
67941
67942
67943
67944
67945
67946
67947
67948
67951
67952
67953
67954
67955
67956
67957
67958
67959
67960
67961
67962
67963
67964
67965
67966
67967
67968
67969
67970
67971
67972
67973
67974
67975
67976
67977
67978
67979
67980
67981
67982
67983
67984
67985
67986
67987
67988
67989
67990
67991
67992
67993
67994
67995
67996
67997
67998
67999
68000
68001
68002
68003
68004
68005
68006
68007
68008
68009
68010
68011
68012
68013
68014
68015
68016
68017
68018
68019
68020
68021
68022
68023
68024
68025
68026
68027
68028
68029
68030
68031
68032
68033
68034
68035
68036
68037
68038
68039
68040
68041
68042
68043
68044
68045
68046
68047
68048
68049
68050
68051
68052
68053
68054
68055
68056
68057
68058
68059
68060
68061
68062
68063
68064
68065
68066
68067
68068
68069
68070
68071
68072
68073
68074
68075
68076
68077
68078
68079
68080
68081
68082
68083
68084
68085
68086
68087
68088
68089
68090
68091
68092
68093
68094
68095
68096
68097
68098
68099
68100
68101
68102
68103
68104
68105
68106
68107
68108
68109
68110
68111
68112
68113
68114
68115
68116
68117
68118
68119
68120
68121
68122
68123
68124
68125
68126
68127
68128
68129
68130
68131
68132
68133
68134
68135
68136
68137
68138
68139
68140
68141
68142
68143
68144
68145
68146
68147
68148
68149
68150
68151
68152
68153
68154
68155
68156
68157
68158
68159
68160
68161
68162
68163
68164
68165
68166
68167
68168
68169
68170
68171
68172
68173
68174
68175
68176
68177
68178
68179
68180
68181
68182
68183
68184
68185
68186
68187
68188
68189
68191
68192
68193
68194
68195
68196
68197
68198
68199
68200
68201
68202
68203
68204
68205
68206
68207
68208
68209
68211
68212
68213
68214
68215
68216
68217
68218
68219
68220
68221
68222
68223
68224
68225
68226
68227
68228
68229
68231
68232
68233
68234
68235
68236
68237
68238
68239
68240
68241
68242
68243
68244
68245
68246
68247
68248
68249
68251
68252
68253
68254
68255
68256
68257
68258
68259
68260
68261
68262
68263
68264
68265
68266
68267
68268
68269
68271
68272
68273
68274
68275
68276
68277
68278
68279
68280
68281
68282
68283
68284
68285
68286
68287
68288
68289
68291
68292
68293
68294
68295
68296
68297
68298
68299
68300
68301
68302
68303
68304
68305
68306
68307
68308
68309
68311
68312
68313
68314
68315
68316
68317
68318
68319
68320
68321
68322
68323
68324
68325
68326
68327
68328
68329
68331
68333
68334
68335
68336
68337
68338
68339
68340
68341
68342
68343
68344
68345
68346
68347
68348
68349
68353
68354
68355
68356
68357
68358
68359
68360
68361
68362
68363
68364
68365
68366
68367
68368
68369
68375
68376
68377
68378
68379
68380
68381
68382
68383
68384
68385
68386
68387
68388
68389
68396
68397
68398
68399
68400
68401
68402
68403
68404
68405
68406
68407
68408
68409
68417
68418
68419
68420
68421
68422
68423
68424
68425
68426
68427
68428
68429
68439
68440
68441
68442
68443
68444
68445
68446
68447
68448
68449
68450
68460
68461
68462
68463
68464
68465
68466
68467
68468
68469
68470
79342
79367
79368
79369
79370
79371
79392
79393
79394
79395
79396
79397
79417
79418
79419
79420
79421
79422
79442
79443
79444
79445
79446
79447
79467
79468
79469
79470
79471
79472
79492
79493
79494
79495
79496
79497
79517
79518
79519
79520
79521
79522
79542
79543
79544
79545
79546
79547
79567
79568
79569
79570
79571
79572
79573
79592
79593
79594
79595
79596
79597
79598
79617
79618
79619
79620
79621
79622
79623
79624
79642
79643
79644
79645
79646
79647
79648
79649
79667
79668
79669
79670
79671
79672
79673
79674
79675
79692
79693
79694
79695
79696
79697
79698
79699
79700
79701
79717
79718
79719
79720
79721
79722
79723
79724
79725
79726
79742
79743
79744
79745
79746
79747
79748
79749
79750
79751
79767
79768
79769
79770
79771
79772
79773
79774
79775
79776
79792
79793
79794
79795
79796
79797
79798
79799
79800
79817
79818
79819
79820
79821
79822
79823
79824
79842
79843
79844
79845
79846
79847
79848
79867
79868
79869
79870
79871
79872
79892
79893
79894
79895
79896
79917
79918
79919
79920
79942
79943
79944
79968
80188
80189
80190
80191
80192
80193
80194
80195
80196
80197
80198
80199
80200
80201
80236
80237
80238
80239
80240
80241
80242
80243
80244
80245
80246
80247
80577
80602
80627
80652
80677
80702
80727
80752
80811
80823
80824
80825
80826
80827
80828
80829
80830
80831
81368
81369
81393
81394
81418
81419
81443
81444
81469
81494
81886
81887
81888
81910
81911
81912
81913
81914
82635
82636
82655
82656
82657
82658
82659
82660
82675
82676
82677
82678
82679
82680
82681
82682
82683
82695
82696
82697
82698
82699
82700
82701
82702
82703
82704
82705
82715
82716
82717
82718
82719
82720
82721
82722
82723
82724
82725
82726
82727
82735
82736
82737
82738
82739
82740
82741
82742
82743
82744
82745
82746
82747
82748
82749
82755
82756
82757
82758
82759
82760
82761
82762
82763
82764
82765
82766
82767
82768
82769
82770
82771
82775
82776
82777
82778
82779
82780
82781
82782
82783
82784
82785
82786
82787
82788
82789
82790
82791
82792
82795
82796
82797
82798
82799
82800
82801
82802
82803
82804
82805
82806
82807
82808
82809
82810
82811
82812
82813
82814
82815
82816
82817
82818
82819
82820
82821
82822
82823
82824
82825
82826
82827
82828
82829
82830
82831
82832
82833
82834
82835
82836
82837
82838
82839
82840
82841
82842
82843
82844
82845
82846
82847
82848
82849
82850
82851
82852
82853
82854
82855
82856
82857
82858
82859
82860
82861
82862
82863
82864
82865
82866
82867
82868
82869
82870
82871
82872
82873
82874
82875
82876
82877
82878
82879
82880
82881
82882
82883
82884
82885
82886
82887
82888
82889
82890
82891
82892
82893
82894
82895
82896
82897
82898
82899
82900
82901
82902
82903
82904
82905
82906
82907
82908
82909
82910
82911
82912
82913
82914
82915
82916
82917
82918
82919
82920
82921
82922
82923
82924
82925
82926
82927
82928
82929
82930
82931
82932
82933
82934
82935
82936
82937
82938
82939
82940
82941
82942
82943
82944
82945
82946
82947
82948
82949
82950
82951
82952
82953
82954
82955
82956
82957
82958
82959
82960
82961
82962
82963
82964
82965
82966
82967
82968
82969
82970
82971
82972
82973
82974
82975
82976
82977
82978
82979
82980
82981
82982
82983
82984
82985
82986
82987
82988
82989
82990
82991
82992
82993
82994
82995
82996
82997
82998
82999
83000
83001
83002
83003
83004
83005
83006
83007
83008
83009
83010
83011
83012
83013
83014
83015
83016
83017
83018
83019
83020
83021
83022
83023
83024
83025
83026
83027
83028
83029
83030
83031
83032
83033
83035
83036
83037
83038
83039
83040
83041
83042
83043
83044
83045
83046
83047
83048
83049
83050
83051
83052
83053
83055
83056
83057
83058
83059
83060
83061
83062
83063
83064
83065
83066
83067
83068
83069
83070
83071
83072
83073
83075
83076
83077
83078
83079
83080
83081
83082
83083
83084
83085
83086
83087
83088
83089
83090
83091
83092
83093
83095
83096
83097
83098
83099
83100
83101
83102
83103
83104
83105
83106
83107
83108
83109
83110
83111
83112
83113
83115
83116
83117
83118
83119
83120
83121
83122
83123
83124
83125
83126
83127
83128
83129
83130
83131
83132
83133
83135
83136
83137
83138
83139
83140
83141
83142
83143
83144
83145
83146
83147
83148
83149
83150
83151
83152
83153
83155
83156
83157
83158
83159
83160
83161
83162
83163
83164
83165
83166
83167
83168
83169
83170
83171
83172
83173
83175
83177
83178
83179
83180
83181
83182
83183
83184
83185
83186
83187
83188
83189
83190
83191
83192
83193
83197
83198
83199
83200
83201
83202
83203
83204
83205
83206
83207
83208
83209
83210
83211
83212
83213
83219
83220
83221
83222
83223
83224
83225
83226
83227
83228
83229
83230
83231
83232
83233
83240
83241
83242
83243
83244
83245
83246
83247
83248
83249
83250
83251
83252
83253
83261
83262
83263
83264
83265
83266
83267
83268
83269
83270
83271
83272
83273
83283
83284
83285
83286
83287
83288
83289
83290
83291
83292
83293
83294
83304
83305
83306
83307
83308
83309
83310
83311
83312
83313
83314
94186
94211
94212
94213
94214
94215
94236
94237
94238
94239
94240
94241
94261
94262
94263
94264
94265
94266
94286
94287
94288
94289
94290
94291
94311
94312
94313
94314
94315
94316
94336
94337
94338
94339
94340
94341
94361
94362
94363
94364
94365
94366
94386
94387
94388
94389
94390
94391
94411
94412
94413
94414
94415
94416
94417
94436
94437
94438
94439
94440
94441
94442
94461
94462
94463
94464
94465
94466
94467
94468
94486
94487
94488
94489
94490
94491
94492
94493
94511
94512
94513
94514
94515
94516
94517
94518
94519
94536
94537
94538
94539
94540
94541
94542
94543
94544
94545
94561
94562
94563
94564
94565
94566
94567
94568
94569
94570
94586
94587
94588
94589
94590
94591
94592
94593
94594
94595
94611
94612
94613
94614
94615
94616
94617
94618
94619
94620
94636
94637
94638
94639
94640
94641
94642
94643
94644
94661
94662
94663
94664
94665
94666
94667
94668
94686
94687
94688
94689
94690
94691
94692
94711
94712
94713
94714
94715
94716
94736
94737
94738
94739
94740
94761
94762
94763
94764
94786
94787
94788
94812
95032
95033
95034
95035
95036
95037
95038
95039
95040
95041
95042
95043
95044
95045
95080
95081
95082
95083
95084
95085
95086
95087
95088
95089
95090
95091
95421
95446
95471
95496
95521
95546
95571
95596
95655
95667
95668
95669
95670
95671
95672
95673
95674
95675
96212
96213
96237
96238
96262
96263
96287
96288
96313
96338
96730
96731
96732
96754
96755
96756
96757
96758
97479
97480
97499
97500
97501
97502
97503
97504
97519
97520
97521
97522
97523
97524
97525
97526
97527
97539
97540
97541
97542
97543
97544
97545
97546
97547
97548
97549
97559
97560
97561
97562
97563
97564
97565
97566
97567
97568
97569
97570
97571
97579
97580
97581
97582
97583
97584
97585
97586
97587
97588
97589
97590
97591
97592
97593
97599
97600
97601
97602
97603
97604
97605
97606
97607
97608
97609
97610
97611
97612
97613
97614
97615
97619
97620
97621
97622
97623
97624
97625
97626
97627
97628
97629
97630
97631
97632
97633
97634
97635
97636
97639
97640
97641
97642
97643
97644
97645
97646
97647
97648
97649
97650
97651
97652
97653
97654
97655
97656
97657
97658
97659
97660
97661
97662
97663
97664
97665
97666
97667
97668
97669
97670
97671
97672
97673
97674
97675
97676
97677
97678
97679
97680
97681
97682
97683
97684
97685
97686
97687
97688
97689
97690
97691
97692
97693
97694
97695
97696
97697
97698
97699
97700
97701
97702
97703
97704
97705
97706
97707
97708
97709
97710
97711
97712
97713
97714
97715
97716
97717
97718
97719
97720
97721
97722
97723
97724
97725
97726
97727
97728
97729
97730
97731
97732
97733
97734
97735
97736
97737
97738
97739
97740
97741
97742
97743
97744
97745
97746
97747
97748
97749
97750
97751
97752
97753
97754
97755
97756
97757
97758
97759
97760
97761
97762
97763
97764
97765
97766
97767
97768
97769
97770
97771
97772
97773
97774
97775
97776
97777
97778
97779
97780
97781
97782
97783
97784
97785
97786
97787
97788
97789
97790
97791
97792
97793
97794
97795
97796
97797
97798
97799
97800
97801
97802
97803
97804
97805
97806
97807
97808
97809
97810
97811
97812
97813
97814
97815
97816
97817
97818
97819
97820
97821
97822
97823
97824
97825
97826
97827
97828
97829
97830
97831
97832
97833
97834
97835
97836
97837
97838
97839
97840
97841
97842
97843
97844
97845
97846
97847
97848
97849
97850
97851
97852
97853
97854
97855
97856
97857
97858
97859
97860
97861
97862
97863
97864
97865
97866
97867
97868
97869
97870
97871
97872
97873
97874
97875
97876
97877
97879
97880
97881
97882
97883
97884
97885
97886
97887
97888
97889
97890
97891
97892
97893
97894
97895
97896
97897
97899
97900
97901
97902
97903
97904
97905
97906
97907
97908
97909
97910
97911
97912
97913
97914
97915
97916
97917
97919
97920
97921
97922
97923
97924
97925
97926
97927
97928
97929
97930
97931
97932
97933
97934
97935
97936
97937
97939
97940
97941
97942
97943
97944
97945
97946
97947
97948
97949
97950
97951
97952
97953
97954
97955
97956
97957
97959
97960
97961
97962
97963
97964
97965
97966
97967
97968
97969
97970
97971
97972
97973
97974
97975
97976
97977
97979
97980
97981
97982
97983
97984
97985
97986
97987
97988
97989
97990
97991
97992
97993
97994
97995
97996
97997
97999
98000
98001
98002
98003
98004
98005
98006
98007
98008
98009
98010
98011
98012
98013
98014
98015
98016
98017
98019
98021
98022
98023
98024
98025
98026
98027
98028
98029
98030
98031
98032
98033
98034
98035
98036
98037
98041
98042
98043
98044
98045
98046
98047
98048
98049
98050
98051
98052
98053
98054
98055
98056
98057
98063
98064
98065
98066
98067
98068
98069
98070
98071
98072
98073
98074
98075
98076
98077
98084
98085
98086
98087
98088
98089
98090
98091
98092
98093
98094
98095
98096
98097
98105
98106
98107
98108
98109
98110
98111
98112
98113
98114
98115
98116
98117
98127
98128
98129
98130
98131
98132
98133
98134
98135
98136
98137
98138
98148
98149
98150
98151
98152
98153
98154
98155
98156
98157
98158
109030
109055
109056
109057
109058
109059
109080
109081
109082
109083
109084
109085
109105
109106
109107
109108
109109
109110
109130
109131
109132
109133
109134
109135
109155
109156
109157
109158
109159
109160
109180
109181
109182
109183
109184
109185
109205
109206
109207
109208
109209
109210
109230
109231
109232
109233
109234
109235
109255
109256
109257
109258
109259
109260
109261
109280
109281
109282
109283
109284
109285
109286
109305
109306
109307
109308
109309
109310
109311
109312
109330
109331
109332
109333
109334
109335
109336
109337
109355
109356
109357
109358
109359
109360
109361
109362
109363
109380
109381
109382
109383
109384
109385
109386
109387
109388
109389
109405
109406
109407
109408
109409
109410
109411
109412
109413
109414
109430
109431
109432
109433
109434
109435
109436
109437
109438
109439
109455
109456
109457
109458
109459
109460
109461
109462
109463
109464
109480
109481
109482
109483
109484
109485
109486
109487
109488
109505
109506
109507
109508
109509
109510
109511
109512
109530
109531
109532
109533
109534
109535
109536
109555
109556
109557
109558
109559
109560
109580
109581
109582
109583
109584
109605
109606
109607
109608
109630
109631
109632
109656
109876
109877
109878
109879
109880
109881
109882
109883
109884
109885
109886
109887
109888
109889
109924
109925
109926
109927
109928
109929
109930
109931
109932
109933
109934
109935
110265
110290
110315
110340
110365
110390
110415
110440
110499
110511
110512
110513
110514
110515
110516
110517
110518
110519
111056
111057
111081
111082
111106
111107
111131
111132
111157
111182
111574
111575
111576
111598
111599
111600
111601
111602
112323
112324
112343
112344
112345
112346
112347
112348
112363
112364
112365
112366
112367
112368
112369
112370
112371
112383
112384
112385
112386
112387
112388
112389
112390
112391
112392
112393
112403
112404
112405
112406
112407
112408
112409
112410
112411
112412
112413
112414
112415
112423
112424
112425
112426
112427
112428
112429
112430
112431
112432
112433
112434
112435
112436
112437
112443
112444
112445
112446
112447
112448
112449
112450
112451
112452
112453
112454
112455
112456
112457
112458
112459
112463
112464
112465
112466
112467
112468
112469
112470
112471
112472
112473
112474
112475
112476
112477
112478
112479
112480
112483
112484
112485
112486
112487
112488
112489
112490
112491
112492
112493
112494
112495
112496
112497
112498
112499
112500
112501
112502
112503
112504
112505
112506
112507
112508
112509
112510
112511
112512
112513
112514
112515
112516
112517
112518
112519
112520
112521
112522
112523
112524
112525
112526
112527
112528
112529
112530
112531
112532
112533
112534
112535
112536
112537
112538
112539
112540
112541
112542
112543
112544
112545
112546
112547
112548
112549
112550
112551
112552
112553
112554
112555
112556
112557
112558
112559
112560
112561
112562
112563
112564
112565
112566
112567
112568
112569
112570
112571
112572
112573
112574
112575
112576
112577
112578
112579
112580
112581
112582
112583
112584
112585
112586
112587
112588
112589
112590
112591
112592
112593
112594
112595
112596
112597
112598
112599
112600
112601
112602
112603
112604
112605
112606
112607
112608
112609
112610
112611
112612
112613
112614
112615
112616
112617
112618
112619
112620
112621
112622
112623
112624
112625
112626
112627
112628
112629
112630
112631
112632
112633
112634
112635
112636
112637
112638
112639
112640
112641
112642
112643
112644
112645
112646
112647
112648
112649
112650
112651
112652
112653
112654
112655
112656
112657
112658
112659
112660
112661
112662
112663
112664
112665
112666
112667
112668
112669
112670
112671
112672
112673
112674
112675
112676
112677
112678
112679
112680
112681
112682
112683
112684
112685
112686
112687
112688
112689
112690
112691
112692
112693
112694
112695
112696
112697
112698
112699
112700
112701
112702
112703
112704
112705
112706
112707
112708
112709
112710
112711
112712
112713
112714
112715
112716
112717
112718
112719
112720
112721
112723
112724
112725
112726
112727
112728
112729
112730
112731
112732
112733
112734
112735
112736
112737
112738
112739
112740
112741
112743
112744
112745
112746
112747
112748
112749
112750
112751
112752
112753
112754
112755
112756
112757
112758
112759
112760
112761
112763
112764
112765
112766
112767
112768
112769
112770
112771
112772
112773
112774
112775
112776
112777
112778
112779
112780
112781
112783
112784
112785
112786
112787
112788
112789
112790
112791
112792
112793
112794
112795
112796
112797
112798
112799
112800
112801
112803
112804
112805
112806
112807
112808
112809
112810
112811
112812
112813
112814
112815
112816
112817
112818
112819
112820
112821
112823
112824
112825
112826
112827
112828
112829
112830
112831
112832
112833
112834
112835
112836
112837
112838
112839
112840
112841
112843
112844
112845
112846
112847
112848
112849
112850
112851
112852
112853
112854
112855
112856
112857
112858
112859
112860
112861
112863
112865
112866
112867
112868
112869
112870
112871
112872
112873
112874
112875
112876
112877
112878
112879
112880
112881
112885
112886
112887
112888
112889
112890
112891
112892
112893
112894
112895
112896
112897
112898
112899
112900
112901
112907
112908
112909
112910
112911
112912
112913
112914
112915
112916
112917
112918
112919
112920
112921
112928
112929
112930
112931
112932
112933
112934
112935
112936
112937
112938
112939
112940
112941
112949
112950
112951
112952
112953
112954
112955
112956
112957
112958
112959
112960
112961
112971
112972
112973
112974
112975
112976
112977
112978
112979
112980
112981
112982
112992
112993
112994
112995
112996
112997
112998
112999
113000
113001
113002
123874
123899
123900
123901
123902
123903
123924
123925
123926
123927
123928
123929
123949
123950
123951
123952
123953
123954
123974
123975
123976
123977
123978
123979
123999
124000
124001
124002
124003
124004
124024
124025
124026
124027
124028
124029
124049
124050
124051
124052
124053
124054
124074
124075
124076
124077
124078
124079
124099
124100
124101
124102
124103
124104
124105
124124
124125
124126
124127
124128
124129
124130
124149
124150
124151
124152
124153
124154
124155
124156
124174
124175
124176
124177
124178
124179
124180
124181
124199
124200
124201
124202
124203
124204
124205
124206
124207
124224
124225
124226
124227
124228
124229
124230
124231
124232
124233
124249
124250
124251
124252
124253
124254
124255
124256
124257
124258
124274
124275
124276
124277
124278
124279
124280
124281
124282
124283
124299
124300
124301
124302
124303
124304
124305
124306
124307
124308
124324
124325
124326
124327
124328
124329
124330
124331
124332
124349
124350
124351
124352
124353
124354
124355
124356
124374
124375
124376
124377
124378
124379
124380
124399
124400
124401
124402
124403
124404
124424
124425
124426
124427
124428
124449
124450
124451
124452
124474
124475
124476
124500
124720
124721
124722
124723
124724
124725
124726
124727
124728
124729
124730
124731
124732
124733
124768
124769
124770
124771
124772
124773
124774
124775
124776
124777
124778
124779
125109
125134
125159
125184
125209
125234
125259
125284
125343
125355
125356
125357
125358
125359
125360
125361
125362
125363
125900
125901
125925
125926
125950
125951
125975
125976
126001
126026
126418
126419
126420
126442
126443
126444
126445
126446
127167
127168
127187
127188
127189
127190
127191
127192
127207
127208
127209
127210
127211
127212
127213
127214
127215
127227
127228
127229
127230
127231
127232
127233
127234
127235
127236
127237
127247
127248
127249
127250
127251
127252
127253
127254
127255
127256
127257
127258
127259
127267
127268
127269
127270
127271
127272
127273
127274
127275
127276
127277
127278
127279
127280
127281
127287
127288
127289
127290
127291
127292
127293
127294
127295
127296
127297
127298
127299
127300
127301
127302
127303
127307
127308
127309
127310
127311
127312
127313
127314
127315
127316
127317
127318
127319
127320
127321
127322
127323
127324
127327
127328
127329
127330
127331
127332
127333
127334
127335
127336
127337
127338
127339
127340
127341
127342
127343
127344
127345
127346
127347
127348
127349
127350
127351
127352
127353
127354
127355
127356
127357
127358
127359
127360
127361
127362
127363
127364
127365
127366
127367
127368
127369
127370
127371
127372
127373
127374
127375
127376
127377
127378
127379
127380
127381
127382
127383
127384
127385
127386
127387
127388
127389
127390
127391
127392
127393
127394
127395
127396
127397
127398
127399
127400
127401
127402
127403
127404
127405
127406
127407
127408
127409
127410
127411
127412
127413
127414
127415
127416
127417
127418
127419
127420
127421
127422
127423
127424
127425
127426
127427
127428
127429
127430
127431
127432
127433
127434
127435
127436
127437
127438
127439
127440
127441
127442
127443
127444
127445
127446
127447
127448
127449
127450
127451
127452
127453
127454
127455
127456
127457
127458
127459
127460
127461
127462
127463
127464
127465
127466
127467
127468
127469
127470
127471
127472
127473
127474
127475
127476
127477
127478
127479
127480
127481
127482
127483
127484
127485
127486
127487
127488
127489
127490
127491
127492
127493
127494
127495
127496
127497
127498
127499
127500
127501
127502
127503
127504
127505
127506
127507
127508
127509
127510
127511
127512
127513
127514
127515
127516
127517
127518
127519
127520
127521
127522
127523
127524
127525
127526
127527
127528
127529
127530
127531
127532
127533
127534
127535
127536
127537
127538
127539
127540
127541
127542
127543
127544
127545
127546
127547
127548
127549
127550
127551
127552
127553
127554
127555
127556
127557
127558
127559
127560
127561
127562
127563
127564
127565
127567
127568
127569
127570
127571
127572
127573
127574
127575
127576
127577
127578
127579
127580
127581
127582
127583
127584
127585
127587
127588
127589
127590
127591
127592
127593
127594
127595
127596
127597
127598
127599
127600
127601
127602
127603
127604
127605
127607
127608
127609
127610
127611
127612
127613
127614
127615
127616
127617
127618
127619
127620
127621
127622
127623
127624
127625
127627
127628
127629
127630
127631
127632
127633
127634
127635
127636
127637
127638
127639
127640
127641
127642
127643
127644
127645
127647
127648
127649
127650
127651
127652
127653
127654
127655
127656
127657
127658
127659
127660
127661
127662
127663
127664
127665
127667
127668
127669
127670
127671
127672
127673
127674
127675
127676
127677
127678
127679
127680
127681
127682
127683
127684
127685
127687
127688
127689
127690
127691
127692
127693
127694
127695
127696
127697
127698
127699
127700
127701
127702
127703
127704
127705
127707
127709
127710
127711
127712
127713
127714
127715
127716
127717
127718
127719
127720
127721
127722
127723
127724
127725
127729
127730
127731
127732
127733
127734
127735
127736
127737
127738
127739
127740
127741
127742
127743
127744
127745
127751
127752
127753
127754
127755
127756
127757
127758
127759
127760
127761
127762
127763
127764
127765
127772
127773
127774
127775
127776
127777
127778
127779
127780
127781
127782
127783
127784
127785
127793
127794
127795
127796
127797
127798
127799
127800
127801
127802
127803
127804
127805
127815
127816
127817
127818
127819
127820
127821
127822
127823
127824
127825
127826
127836
127837
127838
127839
127840
127841
127842
127843
127844
127845
127846
138718
138743
138744
138745
138746
138747
138768
138769
138770
138771
138772
138773
138793
138794
138795
138796
138797
138798
138818
138819
138820
138821
138822
138823
138843
138844
138845
138846
138847
138848
138868
138869
138870
138871
138872
138873
138893
138894
138895
138896
138897
138898
138918
138919
138920
138921
138922
138923
138943
138944
138945
138946
138947
138948
138949
138968
138969
138970
138971
138972
138973
138974
138993
138994
138995
138996
138997
138998
138999
139000
139018
139019
139020
139021
139022
139023
139024
139025
139043
139044
139045
139046
139047
139048
139049
139050
139051
139068
139069
139070
139071
139072
139073
139074
139075
139076
139077
139093
139094
139095
139096
139097
139098
139099
139100
139101
139102
139118
139119
139120
139121
139122
139123
139124
139125
139126
139127
139143
139144
139145
139146
139147
139148
139149
139150
139151
139152
139168
139169
139170
139171
139172
139173
139174
139175
139176
139193
139194
139195
139196
139197
139198
139199
139200
139218
139219
139220
139221
139222
139223
139224
139243
139244
139245
139246
139247
139248
139268
139269
139270
139271
139272
139293
139294
139295
139296
139318
139319
139320
139344
139564
139565
139566
139567
139568
139569
139570
139571
139572
139573
139574
139575
139576
139577
139612
139613
139614
139615
139616
139617
139618
139619
139620
139621
139622
139623
139953
139978
140003
140028
140053
140078
140103
140128
140187
140199
140200
140201
140202
140203
140204
140205
140206
140207
140744
140745
140769
140770
140794
140795
140819
140820
140845
140870
141262
141263
141264
141286
141287
141288
141289
141290
142011
142012
142031
142032
142033
142034
142035
142036
142051
142052
142053
142054
142055
142056
142057
142058
142059
142071
142072
142073
142074
142075
142076
142077
142078
142079
142080
142081
142091
142092
142093
142094
142095
142096
142097
142098
142099
142100
142101
142102
142103
142111
142112
142113
142114
142115
142116
142117
142118
142119
142120
142121
142122
142123
142124
142125
142131
142132
142133
142134
142135
142136
142137
142138
142139
142140
142141
142142
142143
142144
142145
142146
142147
142151
142152
142153
142154
142155
142156
142157
142158
142159
142160
142161
142162
142163
142164
142165
142166
142167
142168
142171
142172
142173
142174
142175
142176
142177
142178
142179
142180
142181
142182
142183
142184
142185
142186
142187
142188
142189
142190
142191
142192
142193
142194
142195
142196
142197
142198
142199
142200
142201
142202
142203
142204
142205
142206
142207
142208
142209
142210
142211
142212
142213
142214
142215
142216
142217
142218
142219
142220
142221
142222
142223
142224
142225
142226
142227
142228
142229
142230
142231
142232
142233
142234
142235
142236
142237
142238
142239
142240
142241
142242
142243
142244
142245
142246
142247
142248
142249
142250
142251
142252
142253
142254
142255
142256
142257
142258
142259
142260
142261
142262
142263
142264
142265
142266
142267
142268
142269
142270
142271
142272
142273
142274
142275
142276
142277
142278
142279
142280
142281
142282
142283
142284
142285
142286
142287
142288
142289
142290
142291
142292
142293
142294
142295
142296
142297
142298
142299
142300
142301
142302
142303
142304
142305
142306
142307
142308
142309
142310
142311
142312
142313
142314
142315
142316
142317
142318
142319
142320
142321
142322
142323
142324
142325
142326
142327
142328
142329
142330
142331
142332
142333
142334
142335
142336
142337
142338
142339
142340
142341
142342
142343
142344
142345
142346
142347
142348
142349
142350
142351
142352
142353
142354
142355
142356
142357
142358
142359
142360
142361
142362
142363
142364
142365
142366
142367
142368
142369
142370
142371
142372
142373
142374
142375
142376
142377
142378
142379
142380
142381
142382
142383
142384
142385
142386
142387
142388
142389
142390
142391
142392
142393
142394
142395
142396
142397
142398
142399
142400
142401
142402
142403
142404
142405
142406
142407
142408
142409
142411
142412
142413
142414
142415
142416
142417
142418
142419
142420
142421
142422
142423
142424
142425
142426
142427
142428
142429
142431
142432
142433
142434
142435
142436
142437
142438
142439
142440
142441
142442
142443
142444
142445
142446
142447
142448
142449
142451
142452
142453
142454
142455
142456
142457
142458
142459
142460
142461
142462
142463
142464
142465
142466
142467
142468
142469
142471
142472
142473
142474
142475
142476
142477
142478
142479
142480
142481
142482
142483
142484
142485
142486
142487
142488
142489
142491
142492
142493
142494
142495
142496
142497
142498
142499
142500
142501
142502
142503
142504
142505
142506
142507
142508
142509
142511
142512
142513
142514
142515
142516
142517
142518
142519
142520
142521
142522
142523
142524
142525
142526
142527
142528
142529
142531
142532
142533
142534
142535
142536
142537
142538
142539
142540
142541
142542
142543
142544
142545
142546
142547
142548
142549
142551
142553
142554
142555
142556
142557
142558
142559
142560
142561
142562
142563
142564
142565
142566
142567
142568
142569
142573
142574
142575
142576
142577
142578
142579
142580
142581
142582
142583
142584
142585
142586
142587
142588
142589
142595
142596
142597
142598
142599
142600
142601
142602
142603
142604
142605
142606
142607
142608
142609
142616
142617
142618
142619
142620
142621
142622
142623
142624
142625
142626
142627
142628
142629
142637
142638
142639
142640
142641
142642
142643
142644
142645
142646
142647
142648
142649
142659
142660
142661
142662
142663
142664
142665
142666
142667
142668
142669
142670
142680
142681
142682
142683
142684
142685
142686
142687
142688
142689
142690
153562
153587
153588
153589
153590
153591
153612
153613
153614
153615
153616
153617
153637
153638
153639
153640
153641
153642
153662
153663
153664
153665
153666
153667
153687
153688
153689
153690
153691
153692
153712
153713
153714
153715
153716
153717
153737
153738
153739
153740
153741
153742
153762
153763
153764
153765
153766
153767
153787
153788
153789
153790
153791
153792
153793
153812
153813
153814
153815
153816
153817
153818
153837
153838
153839
153840
153841
153842
153843
153844
153862
153863
153864
153865
153866
153867
153868
153869
153887
153888
153889
153890
153891
153892
153893
153894
153895
153912
153913
153914
153915
153916
153917
153918
153919
153920
153921
153937
153938
153939
153940
153941
153942
153943
153944
153945
153946
153962
153963
153964
153965
153966
153967
153968
153969
153970
153971
153987
153988
153989
153990
153991
153992
153993
153994
153995
153996
154012
154013
154014
154015
154016
154017
154018
154019
154020
154037
154038
154039
154040
154041
154042
154043
154044
154062
154063
154064
154065
154066
154067
154068
154087
154088
154089
154090
154091
154092
154112
154113
154114
154115
154116
154137
154138
154139
154140
154162
154163
154164
154188
154408
154409
154410
154411
154412
154413
154414
154415
154416
154417
154418
154419
154420
154421
154456
154457
154458
154459
154460
154461
154462
154463
154464
154465
154466
154467
154797
154822
154847
154872
154897
154922
154947
154972
155031
155043
155044
155045
155046
155047
155048
155049
155050
155051
155588
155589
155613
155614
155638
155639
155663
155664
155689
155714
156106
156107
156108
156130
156131
156132
156133
156134
156855
156856
156875
156876
156877
156878
156879
156880
156895
156896
156897
156898
156899
156900
156901
156902
156903
156915
156916
156917
156918
156919
156920
156921
156922
156923
156924
156925
156935
156936
156937
156938
156939
156940
156941
156942
156943
156944
156945
156946
156947
156955
156956
156957
156958
156959
156960
156961
156962
156963
156964
156965
156966
156967
156968
156969
156975
156976
156977
156978
156979
156980
156981
156982
156983
156984
156985
156986
156987
156988
156989
156990
156991
156995
156996
156997
156998
156999
157000
157001
157002
157003
157004
157005
157006
157007
157008
157009
157010
157011
157012
157015
157016
157017
157018
157019
157020
157021
157022
157023
157024
157025
157026
157027
157028
157029
157030
157031
157032
157033
157034
157035
157036
157037
157038
157039
157040
157041
157042
157043
157044
157045
157046
157047
157048
157049
157050
157051
157052
157053
157054
157055
157056
157057
157058
157059
157060
157061
157062
157063
157064
157065
157066
157067
157068
157069
157070
157071
157072
157073
157074
157075
157076
157077
157078
157079
157080
157081
157082
157083
157084
157085
157086
157087
157088
157089
157090
157091
157092
157093
157094
157095
157096
157097
157098
157099
157100
157101
157102
157103
157104
157105
157106
157107
157108
157109
157110
157111
157112
157113
157114
157115
157116
157117
157118
157119
157120
157121
157122
157123
157124
157125
157126
157127
157128
157129
157130
157131
157132
157133
157134
157135
157136
157137
157138
157139
157140
157141
157142
157143
157144
157145
157146
157147
157148
157149
157150
157151
157152
157153
157154
157155
157156
157157
157158
157159
157160
157161
157162
157163
157164
157165
157166
157167
157168
157169
157170
157171
157172
157173
157174
157175
157176
157177
157178
157179
157180
157181
157182
157183
157184
157185
157186
157187
157188
157189
157190
157191
157192
157193
157194
157195
157196
157197
157198
157199
157200
157201
157202
157203
157204
157205
157206
157207
157208
157209
157210
157211
157212
157213
157214
157215
157216
157217
157218
157219
157220
157221
157222
157223
157224
157225
157226
157227
157228
157229
157230
157231
157232
157233
157234
157235
157236
157237
157238
157239
157240
157241
157242
157243
157244
157245
157246
157247
157248
157249
157250
157251
157252
157253
157255
157256
157257
157258
157259
157260
157261
157262
157263
157264
157265
157266
157267
157268
157269
157270
157271
157272
157273
157275
157276
157277
157278
157279
157280
157281
157282
157283
157284
157285
157286
157287
157288
157289
157290
157291
157292
157293
157295
157296
157297
157298
157299
157300
157301
157302
157303
157304
157305
157306
157307
157308
157309
157310
157311
157312
157313
157315
157316
157317
157318
157319
157320
157321
157322
157323
157324
157325
157326
157327
157328
157329
157330
157331
157332
157333
157335
157336
157337
157338
157339
157340
157341
157342
157343
157344
157345
157346
157347
157348
157349
157350
157351
157352
157353
157355
157356
157357
157358
157359
157360
157361
157362
157363
157364
157365
157366
157367
157368
157369
157370
157371
157372
157373
157375
157376
157377
157378
157379
157380
157381
157382
157383
157384
157385
157386
157387
157388
157389
157390
157391
157392
157393
157395
157397
157398
157399
157400
157401
157402
157403
157404
157405
157406
157407
157408
157409
157410
157411
157412
157413
157417
157418
157419
157420
157421
157422
157423
157424
157425
157426
157427
157428
157429
157430
157431
157432
157433
157439
157440
157441
157442
157443
157444
157445
157446
157447
157448
157449
157450
157451
157452
157453
157460
157461
157462
157463
157464
157465
157466
157467
157468
157469
157470
157471
157472
157473
157481
157482
157483
157484
157485
157486
157487
157488
157489
157490
157491
157492
157493
157503
157504
157505
157506
157507
157508
157509
157510
157511
157512
157513
157514
157524
157525
157526
157527
157528
157529
157530
157531
157532
157533
157534
)


// ************************************************************************* //
