/*--------------------------------*- C++ -*----------------------------------*\
  =========                 |
  \\      /  F ield         | OpenFOAM: The Open Source CFD Toolbox
   \\    /   O peration     | Website:  https://openfoam.org
    \\  /    A nd           | Version:  8
     \\/     M anipulation  |
\*---------------------------------------------------------------------------*/
/*   Windows 32 and 64 bit porting by blueCAPE: http://www.bluecape.com.pt   *\
|  Based on Windows porting (2.0.x v4) by Symscape: http://www.symscape.com   |
\*---------------------------------------------------------------------------*/
FoamFile
{
    version     2.0;
    format      ascii;
    class       labelList;
    location    "constant/tower/polyMesh";
    object      cellProcAddressing;
}
// * * * * * * * * * * * * * * * * * * * * * * * * * * * * * * * * * * * * * //


14656
(
695
717
718
719
737
738
739
740
741
742
743
761
762
763
764
765
766
767
785
786
787
788
789
790
791
809
810
811
812
813
814
815
833
834
835
836
837
838
839
857
858
859
860
861
862
863
881
882
883
884
885
886
887
905
906
907
908
909
910
911
929
930
931
932
933
934
935
1046
1047
1048
1049
1050
1051
1052
1060
1061
1064
1065
1066
1067
1068
1069
1070
1071
1072
1073
1074
1091
1092
1093
1094
1095
1096
1097
1098
1099
1115
1116
1117
1118
1119
1120
1121
1122
1123
1139
1140
1141
1142
1143
1144
1145
1146
1147
1163
1164
1165
1166
1167
1168
1169
1170
1171
1187
1188
1189
1190
1191
1192
1193
1194
1195
1211
1212
1213
1214
1215
1216
1217
1218
1219
1235
1236
1237
1238
1239
1240
1241
1242
1243
1259
1260
1261
1262
1263
1264
1265
1266
1267
1282
1283
1284
1285
1286
1287
1288
1289
1290
1291
1306
1307
1308
1309
1310
1311
1312
1313
1314
1315
1329
1330
1331
1332
1333
1334
1335
1336
1337
1338
1339
1352
1353
1354
1355
1356
1357
1358
1359
1360
1361
1362
1363
1375
1376
1377
1378
1379
1380
1381
1382
1383
1384
1385
1386
1387
1397
1398
1399
1400
1401
1402
1403
1404
1405
1406
1407
1408
1409
1410
1411
1420
1421
1422
1423
1424
1425
1426
1427
1428
1429
1430
1431
1432
1433
1434
1435
1441
1442
1443
1444
1445
1446
1447
1448
1449
1450
1451
1452
1453
1454
1455
1456
1457
1458
1459
1466
1467
1468
1469
1470
1471
1472
1473
1474
1475
1476
1477
1478
1479
1480
1481
1482
1483
1491
1492
1493
1494
1495
1496
1497
1498
1499
1500
1501
1502
1503
1504
1505
1506
1507
1515
1516
1517
1518
1519
1520
1521
1522
1523
1524
1525
1526
1527
1528
1529
1530
1531
1558
1560
1562
1563
1564
1565
1566
1567
1568
1569
1570
1571
1572
1573
1574
1575
1576
1577
1578
1579
1580
1601
1602
1603
1604
1605
1606
1607
1608
1609
1610
1611
1612
1613
1614
1615
1616
1617
1618
1619
1620
1621
1622
1623
1624
1625
1626
1627
1628
1629
1630
1641
1642
1643
1644
1645
1646
1647
1648
1649
1650
1651
1652
1653
1654
1655
1666
1667
1668
1669
1670
1671
1672
1673
1674
1675
1676
1677
1678
1679
1691
1692
1693
1694
1695
1696
1697
1698
1699
1700
1701
1702
1703
1716
1717
1718
1719
1720
1721
1722
1723
1724
1725
1726
1727
1740
1741
1742
1743
1744
1745
1746
1747
1748
1749
1750
1751
1765
1766
1767
1768
1769
1770
1771
1772
1773
1774
1775
1790
1791
1792
1793
1794
1795
1796
1797
1798
1799
1814
1815
1816
1817
1818
1819
1820
1821
1822
1823
1843
1844
1845
1846
1847
2581
2582
2602
2603
2604
2605
2606
2607
2608
2609
2610
2611
2612
2613
2614
2615
2616
2617
2618
2619
2620
2621
2622
2623
2625
2626
4649
4650
4668
4669
4670
4671
4672
4673
4674
4675
4687
4688
4689
4690
4691
4692
4693
4694
4695
4696
4697
4698
4699
4700
4701
4702
4703
4706
4707
4708
4709
4710
4711
4712
4713
4714
4715
4716
4717
4718
4719
4720
4721
4722
4723
4724
4725
4726
4727
4728
4729
4730
4731
4732
4733
4734
4735
4736
4737
4738
4739
4740
4741
4742
4743
4744
4745
4746
4747
4748
4749
4750
4751
4752
4753
4754
4755
4756
4757
4758
4759
4760
4761
4762
4763
4764
4765
4766
4767
4768
4769
4770
4771
4772
4773
4774
4775
4776
4777
4778
4779
4780
4781
4782
4783
4784
4785
4786
4787
4788
4789
4790
4791
4792
4793
4794
4795
4796
4797
4798
4799
4800
4801
4802
4803
4804
4805
4806
4807
4808
4809
4810
4811
4812
4813
4814
4815
4816
4817
4818
4819
4820
4821
4822
4823
4824
4825
4826
4827
4828
4829
4830
4831
4832
4833
4834
4835
4836
4837
4838
4839
4840
4841
4842
4843
4844
4845
4846
4847
4848
4849
4850
4851
4852
4853
4854
4855
4856
4857
4858
4859
4860
4861
4862
4863
4864
4865
4866
4867
4868
4869
4870
4871
4872
4873
4874
4875
4876
4949
4950
4951
4952
4953
4954
4955
4957
4959
4960
4961
4962
4963
4964
4965
4966
4967
4968
4969
4970
4971
4972
4973
4974
4975
4985
4986
4987
4988
4992
4993
4994
4995
4996
4997
4998
4999
5000
5001
5002
5003
5004
5005
5006
5007
15724
15725
15745
15746
15747
15748
15749
15767
15768
15769
15770
15771
15772
15773
15791
15792
15793
15794
15795
15796
15797
15815
15816
15817
15818
15819
15820
15821
15839
15840
15841
15842
15843
15844
15845
15863
15864
15865
15866
15867
15868
15869
15887
15888
15889
15890
15891
15892
15893
15911
15912
15913
15914
15915
15916
15917
15935
15936
15937
15938
15939
15940
15941
15959
15960
15961
15962
15963
15964
15965
16064
16065
16066
16067
16068
16069
16070
16071
16075
16076
16077
16079
16080
16081
16082
16083
16084
16085
16101
16102
16103
16104
16105
16106
16107
16108
16109
16125
16126
16127
16128
16129
16130
16131
16132
16133
16149
16150
16151
16152
16153
16154
16155
16156
16157
16173
16174
16175
16176
16177
16178
16179
16180
16181
16197
16198
16199
16200
16201
16202
16203
16204
16205
16221
16222
16223
16224
16225
16226
16227
16228
16229
16245
16246
16247
16248
16249
16250
16251
16252
16253
16269
16270
16271
16272
16273
16274
16275
16276
16277
16292
16293
16294
16295
16296
16297
16298
16299
16300
16301
16316
16317
16318
16319
16320
16321
16322
16323
16324
16325
16339
16340
16341
16342
16343
16344
16345
16346
16347
16348
16349
16362
16363
16364
16365
16366
16367
16368
16369
16370
16371
16372
16373
16385
16386
16387
16388
16389
16390
16391
16392
16393
16394
16395
16396
16397
16407
16408
16409
16410
16411
16412
16413
16414
16415
16416
16417
16418
16419
16420
16421
16430
16431
16432
16433
16434
16435
16436
16437
16438
16439
16440
16441
16442
16443
16444
16445
16451
16452
16453
16454
16455
16456
16457
16458
16459
16460
16461
16462
16463
16464
16465
16466
16467
16468
16469
16476
16477
16478
16479
16480
16481
16482
16483
16484
16485
16486
16487
16488
16489
16490
16491
16492
16493
16501
16502
16503
16504
16505
16506
16507
16508
16509
16510
16511
16512
16513
16514
16515
16516
16517
16526
16527
16528
16529
16530
16531
16532
16533
16534
16535
16536
16537
16538
16539
16540
16541
16565
16567
16568
16569
16570
16571
16572
16573
16574
16575
16576
16577
16578
16579
16580
16581
16582
16599
16600
16602
16603
16604
16605
16606
16607
16608
16609
16610
16611
16612
16613
16614
16615
16616
16617
16618
16619
16620
16621
16632
16633
16634
16635
16636
16637
16638
16639
16640
16641
16642
16643
16644
16645
16656
16657
16658
16659
16660
16661
16662
16663
16664
16665
16666
16667
16668
16669
16681
16682
16683
16684
16685
16686
16687
16688
16689
16690
16691
16692
16693
16706
16707
16708
16709
16710
16711
16712
16713
16714
16715
16716
16717
16731
16732
16733
16734
16735
16736
16737
16738
16739
16740
16741
16755
16756
16757
16758
16759
16760
16761
16762
16763
16764
16765
16780
16781
16782
16783
16784
16785
16786
16787
16788
16789
16804
16806
16807
16808
16809
16810
16811
16812
16813
16835
16836
16837
17568
17569
17570
17589
17590
17591
17592
17593
17594
17595
17596
17597
17598
17599
17600
17601
17602
17603
17604
17605
17606
17607
17608
17609
19577
19578
19579
19580
19596
19597
19598
19599
19600
19601
19602
19603
19604
19605
19606
19607
19608
19609
19610
19611
19615
19616
19617
19618
19619
19620
19621
19622
19623
19624
19625
19626
19627
19628
19629
19630
19631
19632
19633
19634
19635
19636
19637
19638
19639
19640
19641
19642
19643
19644
19645
19646
19647
19648
19649
19650
19651
19652
19653
19654
19655
19656
19657
19658
19659
19660
19661
19662
19663
19664
19665
19666
19667
19668
19669
19670
19671
19672
19673
19674
19675
19676
19677
19678
19679
19680
19681
19682
19683
19684
19685
19686
19687
19688
19689
19690
19691
19692
19693
19694
19695
19696
19697
19698
19699
19700
19701
19702
19703
19704
19705
19706
19707
19708
19709
19710
19711
19712
19713
19714
19715
19716
19717
19718
19719
19720
19721
19722
19723
19724
19725
19726
19727
19728
19729
19730
19731
19732
19733
19734
19735
19736
19737
19738
19739
19740
19741
19742
19743
19744
19745
19746
19747
19748
19749
19750
19751
19752
19753
19754
19755
19756
19757
19758
19759
19760
19761
19762
19763
19764
19765
19766
19767
19768
19769
19770
19771
19772
19773
19774
19775
19776
19777
19778
19779
19780
19781
19782
19783
19784
19785
19786
19787
19788
19789
19790
19791
19792
19793
19794
19795
19796
19797
19798
19799
19800
19801
19802
19803
19804
19865
19866
19867
19868
19869
19870
19871
19873
19874
19875
19876
19877
19878
19879
19880
19881
19882
19883
19884
19885
19886
19894
19896
19897
19898
19899
19901
19902
19903
19904
19905
19906
19907
19908
19909
19910
19911
19912
19913
30371
30393
30394
30395
30413
30414
30415
30416
30417
30418
30419
30437
30438
30439
30440
30441
30442
30443
30461
30462
30463
30464
30465
30466
30467
30485
30486
30487
30488
30489
30490
30491
30509
30510
30511
30512
30513
30514
30515
30533
30534
30535
30536
30537
30538
30539
30557
30558
30559
30560
30561
30562
30563
30581
30582
30583
30584
30585
30586
30587
30605
30606
30607
30608
30609
30610
30611
30722
30723
30724
30725
30726
30727
30728
30736
30737
30740
30741
30742
30743
30744
30745
30746
30747
30748
30749
30750
30767
30768
30769
30770
30771
30772
30773
30774
30775
30791
30792
30793
30794
30795
30796
30797
30798
30799
30815
30816
30817
30818
30819
30820
30821
30822
30823
30839
30840
30841
30842
30843
30844
30845
30846
30847
30863
30864
30865
30866
30867
30868
30869
30870
30871
30887
30888
30889
30890
30891
30892
30893
30894
30895
30911
30912
30913
30914
30915
30916
30917
30918
30919
30935
30936
30937
30938
30939
30940
30941
30942
30943
30958
30959
30960
30961
30962
30963
30964
30965
30966
30967
30982
30983
30984
30985
30986
30987
30988
30989
30990
30991
31005
31006
31007
31008
31009
31010
31011
31012
31013
31014
31015
31028
31029
31030
31031
31032
31033
31034
31035
31036
31037
31038
31039
31051
31052
31053
31054
31055
31056
31057
31058
31059
31060
31061
31062
31063
31073
31074
31075
31076
31077
31078
31079
31080
31081
31082
31083
31084
31085
31086
31087
31096
31097
31098
31099
31100
31101
31102
31103
31104
31105
31106
31107
31108
31109
31110
31111
31117
31118
31119
31120
31121
31122
31123
31124
31125
31126
31127
31128
31129
31130
31131
31132
31133
31134
31135
31142
31143
31144
31145
31146
31147
31148
31149
31150
31151
31152
31153
31154
31155
31156
31157
31158
31159
31167
31168
31169
31170
31171
31172
31173
31174
31175
31176
31177
31178
31179
31180
31181
31182
31183
31191
31192
31193
31194
31195
31196
31197
31198
31199
31200
31201
31202
31203
31204
31205
31206
31207
31234
31236
31238
31239
31240
31241
31242
31243
31244
31245
31246
31247
31248
31249
31250
31251
31252
31253
31254
31255
31256
31277
31278
31279
31280
31281
31282
31283
31284
31285
31286
31287
31288
31289
31290
31291
31292
31293
31294
31295
31296
31297
31298
31299
31300
31301
31302
31303
31304
31305
31306
31317
31318
31319
31320
31321
31322
31323
31324
31325
31326
31327
31328
31329
31330
31331
31342
31343
31344
31345
31346
31347
31348
31349
31350
31351
31352
31353
31354
31355
31367
31368
31369
31370
31371
31372
31373
31374
31375
31376
31377
31378
31379
31392
31393
31394
31395
31396
31397
31398
31399
31400
31401
31402
31403
31416
31417
31418
31419
31420
31421
31422
31423
31424
31425
31426
31427
31441
31442
31443
31444
31445
31446
31447
31448
31449
31450
31451
31466
31467
31468
31469
31470
31471
31472
31473
31474
31475
31490
31491
31492
31493
31494
31495
31496
31497
31498
31499
31519
31520
31521
31522
31523
32257
32258
32278
32279
32280
32281
32282
32283
32284
32285
32286
32287
32288
32289
32290
32291
32292
32293
32294
32295
32296
32297
32298
32299
32301
32302
34325
34326
34344
34345
34346
34347
34348
34349
34350
34351
34363
34364
34365
34366
34367
34368
34369
34370
34371
34372
34373
34374
34375
34376
34377
34378
34379
34382
34383
34384
34385
34386
34387
34388
34389
34390
34391
34392
34393
34394
34395
34396
34397
34398
34399
34400
34401
34402
34403
34404
34405
34406
34407
34408
34409
34410
34411
34412
34413
34414
34415
34416
34417
34418
34419
34420
34421
34422
34423
34424
34425
34426
34427
34428
34429
34430
34431
34432
34433
34434
34435
34436
34437
34438
34439
34440
34441
34442
34443
34444
34445
34446
34447
34448
34449
34450
34451
34452
34453
34454
34455
34456
34457
34458
34459
34460
34461
34462
34463
34464
34465
34466
34467
34468
34469
34470
34471
34472
34473
34474
34475
34476
34477
34478
34479
34480
34481
34482
34483
34484
34485
34486
34487
34488
34489
34490
34491
34492
34493
34494
34495
34496
34497
34498
34499
34500
34501
34502
34503
34504
34505
34506
34507
34508
34509
34510
34511
34512
34513
34514
34515
34516
34517
34518
34519
34520
34521
34522
34523
34524
34525
34526
34527
34528
34529
34530
34531
34532
34533
34534
34535
34536
34537
34538
34539
34540
34541
34542
34543
34544
34545
34546
34547
34548
34549
34550
34551
34552
34625
34626
34627
34628
34629
34630
34631
34633
34635
34636
34637
34638
34639
34640
34641
34642
34643
34644
34645
34646
34647
34648
34649
34650
34651
34661
34662
34663
34664
34668
34669
34670
34671
34672
34673
34674
34675
34676
34677
34678
34679
34680
34681
34682
34683
45400
45401
45421
45422
45423
45424
45425
45443
45444
45445
45446
45447
45448
45449
45467
45468
45469
45470
45471
45472
45473
45491
45492
45493
45494
45495
45496
45497
45515
45516
45517
45518
45519
45520
45521
45539
45540
45541
45542
45543
45544
45545
45563
45564
45565
45566
45567
45568
45569
45587
45588
45589
45590
45591
45592
45593
45611
45612
45613
45614
45615
45616
45617
45635
45636
45637
45638
45639
45640
45641
45740
45741
45742
45743
45744
45745
45746
45747
45751
45752
45753
45755
45756
45757
45758
45759
45760
45761
45777
45778
45779
45780
45781
45782
45783
45784
45785
45801
45802
45803
45804
45805
45806
45807
45808
45809
45825
45826
45827
45828
45829
45830
45831
45832
45833
45849
45850
45851
45852
45853
45854
45855
45856
45857
45873
45874
45875
45876
45877
45878
45879
45880
45881
45897
45898
45899
45900
45901
45902
45903
45904
45905
45921
45922
45923
45924
45925
45926
45927
45928
45929
45945
45946
45947
45948
45949
45950
45951
45952
45953
45968
45969
45970
45971
45972
45973
45974
45975
45976
45977
45992
45993
45994
45995
45996
45997
45998
45999
46000
46001
46015
46016
46017
46018
46019
46020
46021
46022
46023
46024
46025
46038
46039
46040
46041
46042
46043
46044
46045
46046
46047
46048
46049
46061
46062
46063
46064
46065
46066
46067
46068
46069
46070
46071
46072
46073
46083
46084
46085
46086
46087
46088
46089
46090
46091
46092
46093
46094
46095
46096
46097
46106
46107
46108
46109
46110
46111
46112
46113
46114
46115
46116
46117
46118
46119
46120
46121
46127
46128
46129
46130
46131
46132
46133
46134
46135
46136
46137
46138
46139
46140
46141
46142
46143
46144
46145
46152
46153
46154
46155
46156
46157
46158
46159
46160
46161
46162
46163
46164
46165
46166
46167
46168
46169
46177
46178
46179
46180
46181
46182
46183
46184
46185
46186
46187
46188
46189
46190
46191
46192
46193
46202
46203
46204
46205
46206
46207
46208
46209
46210
46211
46212
46213
46214
46215
46216
46217
46241
46243
46244
46245
46246
46247
46248
46249
46250
46251
46252
46253
46254
46255
46256
46257
46258
46275
46276
46278
46279
46280
46281
46282
46283
46284
46285
46286
46287
46288
46289
46290
46291
46292
46293
46294
46295
46296
46297
46308
46309
46310
46311
46312
46313
46314
46315
46316
46317
46318
46319
46320
46321
46332
46333
46334
46335
46336
46337
46338
46339
46340
46341
46342
46343
46344
46345
46357
46358
46359
46360
46361
46362
46363
46364
46365
46366
46367
46368
46369
46382
46383
46384
46385
46386
46387
46388
46389
46390
46391
46392
46393
46407
46408
46409
46410
46411
46412
46413
46414
46415
46416
46417
46431
46432
46433
46434
46435
46436
46437
46438
46439
46440
46441
46456
46457
46458
46459
46460
46461
46462
46463
46464
46465
46480
46482
46483
46484
46485
46486
46487
46488
46489
46511
46512
46513
47244
47245
47246
47265
47266
47267
47268
47269
47270
47271
47272
47273
47274
47275
47276
47277
47278
47279
47280
47281
47282
47283
47284
47285
49253
49254
49255
49256
49272
49273
49274
49275
49276
49277
49278
49279
49280
49281
49282
49283
49284
49285
49286
49287
49291
49292
49293
49294
49295
49296
49297
49298
49299
49300
49301
49302
49303
49304
49305
49306
49307
49308
49309
49310
49311
49312
49313
49314
49315
49316
49317
49318
49319
49320
49321
49322
49323
49324
49325
49326
49327
49328
49329
49330
49331
49332
49333
49334
49335
49336
49337
49338
49339
49340
49341
49342
49343
49344
49345
49346
49347
49348
49349
49350
49351
49352
49353
49354
49355
49356
49357
49358
49359
49360
49361
49362
49363
49364
49365
49366
49367
49368
49369
49370
49371
49372
49373
49374
49375
49376
49377
49378
49379
49380
49381
49382
49383
49384
49385
49386
49387
49388
49389
49390
49391
49392
49393
49394
49395
49396
49397
49398
49399
49400
49401
49402
49403
49404
49405
49406
49407
49408
49409
49410
49411
49412
49413
49414
49415
49416
49417
49418
49419
49420
49421
49422
49423
49424
49425
49426
49427
49428
49429
49430
49431
49432
49433
49434
49435
49436
49437
49438
49439
49440
49441
49442
49443
49444
49445
49446
49447
49448
49449
49450
49451
49452
49453
49454
49455
49456
49457
49458
49459
49460
49461
49462
49463
49464
49465
49466
49467
49468
49469
49470
49471
49472
49473
49474
49475
49476
49477
49478
49479
49480
49541
49542
49543
49544
49545
49546
49547
49549
49550
49551
49552
49553
49554
49555
49556
49557
49558
49559
49560
49561
49562
49570
49572
49573
49574
49575
49577
49578
49579
49580
49581
49582
49583
49584
49585
49586
49587
49588
49589
60047
60069
60070
60071
60089
60090
60091
60092
60093
60094
60095
60113
60114
60115
60116
60117
60118
60119
60137
60138
60139
60140
60141
60142
60143
60161
60162
60163
60164
60165
60166
60167
60185
60186
60187
60188
60189
60190
60191
60209
60210
60211
60212
60213
60214
60215
60233
60234
60235
60236
60237
60238
60239
60257
60258
60259
60260
60261
60262
60263
60281
60282
60283
60284
60285
60286
60287
60398
60399
60400
60401
60402
60403
60404
60412
60413
60416
60417
60418
60419
60420
60421
60422
60423
60424
60425
60426
60443
60444
60445
60446
60447
60448
60449
60450
60451
60467
60468
60469
60470
60471
60472
60473
60474
60475
60491
60492
60493
60494
60495
60496
60497
60498
60499
60515
60516
60517
60518
60519
60520
60521
60522
60523
60539
60540
60541
60542
60543
60544
60545
60546
60547
60563
60564
60565
60566
60567
60568
60569
60570
60571
60587
60588
60589
60590
60591
60592
60593
60594
60595
60611
60612
60613
60614
60615
60616
60617
60618
60619
60634
60635
60636
60637
60638
60639
60640
60641
60642
60643
60658
60659
60660
60661
60662
60663
60664
60665
60666
60667
60681
60682
60683
60684
60685
60686
60687
60688
60689
60690
60691
60704
60705
60706
60707
60708
60709
60710
60711
60712
60713
60714
60715
60727
60728
60729
60730
60731
60732
60733
60734
60735
60736
60737
60738
60739
60749
60750
60751
60752
60753
60754
60755
60756
60757
60758
60759
60760
60761
60762
60763
60772
60773
60774
60775
60776
60777
60778
60779
60780
60781
60782
60783
60784
60785
60786
60787
60794
60795
60796
60797
60798
60799
60800
60801
60802
60803
60804
60805
60806
60807
60808
60809
60810
60811
60818
60819
60820
60821
60822
60823
60824
60825
60826
60827
60828
60829
60830
60831
60832
60833
60834
60835
60843
60844
60845
60846
60847
60848
60849
60850
60851
60852
60853
60854
60855
60856
60857
60858
60859
60867
60868
60869
60870
60871
60872
60873
60874
60875
60876
60877
60878
60879
60880
60881
60882
60883
60910
60912
60914
60915
60916
60917
60918
60919
60920
60921
60922
60923
60924
60925
60926
60927
60928
60929
60930
60931
60932
60953
60954
60955
60956
60957
60958
60959
60960
60961
60962
60963
60964
60965
60966
60967
60968
60969
60970
60971
60972
60973
60974
60975
60976
60977
60978
60979
60980
60981
60982
60993
60994
60995
60996
60997
60998
60999
61000
61001
61002
61003
61004
61005
61006
61007
61018
61019
61020
61021
61022
61023
61024
61025
61026
61027
61028
61029
61030
61031
61043
61044
61045
61046
61047
61048
61049
61050
61051
61052
61053
61054
61055
61068
61069
61070
61071
61072
61073
61074
61075
61076
61077
61078
61079
61092
61093
61094
61095
61096
61097
61098
61099
61100
61101
61102
61103
61117
61118
61119
61120
61121
61122
61123
61124
61125
61126
61127
61142
61143
61144
61145
61146
61147
61148
61149
61150
61151
61167
61168
61169
61170
61171
61172
61173
61174
61175
61195
61196
61197
61198
61199
61933
61934
61954
61955
61956
61957
61958
61959
61960
61961
61962
61963
61964
61965
61966
61967
61968
61969
61970
61971
61972
61973
61974
61975
61977
61978
64001
64002
64020
64021
64022
64023
64024
64025
64026
64027
64039
64040
64041
64042
64043
64044
64045
64046
64047
64048
64049
64050
64051
64052
64053
64054
64055
64058
64059
64060
64061
64062
64063
64064
64065
64066
64067
64068
64069
64070
64071
64072
64073
64074
64075
64076
64077
64078
64079
64080
64081
64082
64083
64084
64085
64086
64087
64088
64089
64090
64091
64092
64093
64094
64095
64096
64097
64098
64099
64100
64101
64102
64103
64104
64105
64106
64107
64108
64109
64110
64111
64112
64113
64114
64115
64116
64117
64118
64119
64120
64121
64122
64123
64124
64125
64126
64127
64128
64129
64130
64131
64132
64133
64134
64135
64136
64137
64138
64139
64140
64141
64142
64143
64144
64145
64146
64147
64148
64149
64150
64151
64152
64153
64154
64155
64156
64157
64158
64159
64160
64161
64162
64163
64164
64165
64166
64167
64168
64169
64170
64171
64172
64173
64174
64175
64176
64177
64178
64179
64180
64181
64182
64183
64184
64185
64186
64187
64188
64189
64190
64191
64192
64193
64194
64195
64196
64197
64198
64199
64200
64201
64202
64203
64204
64205
64206
64207
64208
64209
64210
64211
64212
64213
64214
64215
64216
64217
64218
64219
64220
64221
64222
64223
64224
64225
64226
64227
64228
64301
64302
64303
64304
64305
64306
64307
64309
64311
64312
64313
64314
64315
64316
64317
64318
64319
64320
64321
64322
64323
64324
64325
64326
64327
64337
64338
64339
64340
64344
64345
64346
64347
64348
64349
64350
64351
64352
64353
64354
64355
64356
64357
64358
64359
75076
75077
75097
75098
75099
75100
75101
75119
75120
75121
75122
75123
75124
75125
75143
75144
75145
75146
75147
75148
75149
75167
75168
75169
75170
75171
75172
75173
75191
75192
75193
75194
75195
75196
75197
75215
75216
75217
75218
75219
75220
75221
75239
75240
75241
75242
75243
75244
75245
75263
75264
75265
75266
75267
75268
75269
75287
75288
75289
75290
75291
75292
75293
75311
75312
75313
75314
75315
75316
75317
75416
75417
75418
75419
75420
75421
75422
75423
75427
75428
75429
75431
75432
75433
75434
75435
75436
75437
75453
75454
75455
75456
75457
75458
75459
75460
75461
75477
75478
75479
75480
75481
75482
75483
75484
75485
75501
75502
75503
75504
75505
75506
75507
75508
75509
75525
75526
75527
75528
75529
75530
75531
75532
75533
75549
75550
75551
75552
75553
75554
75555
75556
75557
75573
75574
75575
75576
75577
75578
75579
75580
75581
75597
75598
75599
75600
75601
75602
75603
75604
75605
75621
75622
75623
75624
75625
75626
75627
75628
75629
75644
75645
75646
75647
75648
75649
75650
75651
75652
75653
75668
75669
75670
75671
75672
75673
75674
75675
75676
75677
75691
75692
75693
75694
75695
75696
75697
75698
75699
75700
75701
75714
75715
75716
75717
75718
75719
75720
75721
75722
75723
75724
75725
75737
75738
75739
75740
75741
75742
75743
75744
75745
75746
75747
75748
75749
75759
75760
75761
75762
75763
75764
75765
75766
75767
75768
75769
75770
75771
75772
75773
75782
75783
75784
75785
75786
75787
75788
75789
75790
75791
75792
75793
75794
75795
75796
75797
75804
75805
75806
75807
75808
75809
75810
75811
75812
75813
75814
75815
75816
75817
75818
75819
75820
75821
75828
75829
75830
75831
75832
75833
75834
75835
75836
75837
75838
75839
75840
75841
75842
75843
75844
75845
75853
75854
75855
75856
75857
75858
75859
75860
75861
75862
75863
75864
75865
75866
75867
75868
75869
75878
75879
75880
75881
75882
75883
75884
75885
75886
75887
75888
75889
75890
75891
75892
75893
75917
75919
75920
75921
75922
75923
75924
75925
75926
75927
75928
75929
75930
75931
75932
75933
75934
75951
75952
75954
75955
75956
75957
75958
75959
75960
75961
75962
75963
75964
75965
75966
75967
75968
75969
75970
75971
75972
75973
75984
75985
75986
75987
75988
75989
75990
75991
75992
75993
75994
75995
75996
75997
76008
76009
76010
76011
76012
76013
76014
76015
76016
76017
76018
76019
76020
76021
76033
76034
76035
76036
76037
76038
76039
76040
76041
76042
76043
76044
76045
76058
76059
76060
76061
76062
76063
76064
76065
76066
76067
76068
76069
76083
76084
76085
76086
76087
76088
76089
76090
76091
76092
76093
76108
76109
76110
76111
76112
76113
76114
76115
76116
76117
76132
76133
76134
76135
76136
76137
76138
76139
76140
76141
76158
76159
76160
76161
76162
76163
76164
76165
76187
76188
76189
76920
76921
76922
76941
76942
76943
76944
76945
76946
76947
76948
76949
76950
76951
76952
76953
76954
76955
76956
76957
76958
76959
76960
76961
78929
78930
78931
78932
78948
78949
78950
78951
78952
78953
78954
78955
78956
78957
78958
78960
78961
78962
78963
78967
78968
78969
78970
78971
78972
78973
78974
78975
78976
78977
78978
78979
78980
78981
78982
78983
78984
78985
78986
78987
78988
78989
78990
78991
78992
78993
78994
78995
78996
78997
78998
78999
79000
79001
79002
79003
79004
79005
79006
79007
79008
79009
79010
79011
79012
79013
79014
79015
79016
79017
79018
79019
79020
79021
79022
79023
79024
79025
79026
79027
79028
79029
79030
79031
79032
79033
79034
79035
79036
79037
79038
79039
79040
79041
79042
79043
79044
79045
79046
79047
79048
79049
79050
79051
79052
79053
79054
79055
79056
79057
79058
79059
79060
79061
79062
79063
79064
79065
79066
79067
79068
79069
79070
79071
79072
79073
79074
79075
79076
79077
79078
79079
79080
79081
79082
79083
79084
79085
79086
79087
79088
79089
79090
79091
79092
79093
79094
79095
79096
79097
79098
79099
79100
79101
79102
79103
79104
79105
79106
79107
79108
79109
79110
79111
79112
79113
79114
79115
79116
79117
79118
79119
79120
79121
79122
79123
79124
79125
79126
79127
79128
79129
79130
79131
79132
79133
79134
79135
79136
79137
79138
79139
79140
79141
79142
79143
79144
79145
79146
79147
79148
79149
79150
79151
79152
79153
79154
79155
79156
79217
79218
79219
79220
79221
79222
79223
79225
79226
79227
79228
79229
79230
79231
79232
79233
79234
79235
79236
79237
79238
79246
79248
79249
79250
79251
79253
79254
79255
79256
79257
79258
79259
79260
79261
79262
79263
79264
79265
89723
89745
89746
89747
89765
89766
89767
89768
89769
89770
89771
89789
89790
89791
89792
89793
89794
89795
89813
89814
89815
89816
89817
89818
89819
89837
89838
89839
89840
89841
89842
89843
89861
89862
89863
89864
89865
89866
89867
89885
89886
89887
89888
89889
89890
89891
89909
89910
89911
89912
89913
89914
89915
89933
89934
89935
89936
89937
89938
89939
89957
89958
89959
89960
89961
89962
89963
90074
90075
90076
90077
90078
90079
90080
90088
90089
90092
90093
90094
90095
90096
90097
90098
90099
90100
90101
90102
90119
90120
90121
90122
90123
90124
90125
90126
90127
90143
90144
90145
90146
90147
90148
90149
90150
90151
90167
90168
90169
90170
90171
90172
90173
90174
90175
90191
90192
90193
90194
90195
90196
90197
90198
90199
90215
90216
90217
90218
90219
90220
90221
90222
90223
90239
90240
90241
90242
90243
90244
90245
90246
90247
90263
90264
90265
90266
90267
90268
90269
90270
90271
90287
90288
90289
90290
90291
90292
90293
90294
90295
90310
90311
90312
90313
90314
90315
90316
90317
90318
90319
90334
90335
90336
90337
90338
90339
90340
90341
90342
90343
90357
90358
90359
90360
90361
90362
90363
90364
90365
90366
90367
90380
90381
90382
90383
90384
90385
90386
90387
90388
90389
90390
90391
90403
90404
90405
90406
90407
90408
90409
90410
90411
90412
90413
90414
90415
90425
90426
90427
90428
90429
90430
90431
90432
90433
90434
90435
90436
90437
90438
90439
90448
90449
90450
90451
90452
90453
90454
90455
90456
90457
90458
90459
90460
90461
90462
90463
90470
90471
90472
90473
90474
90475
90476
90477
90478
90479
90480
90481
90482
90483
90484
90485
90486
90487
90494
90495
90496
90497
90498
90499
90500
90501
90502
90503
90504
90505
90506
90507
90508
90509
90510
90511
90519
90520
90521
90522
90523
90524
90525
90526
90527
90528
90529
90530
90531
90532
90533
90534
90535
90543
90544
90545
90546
90547
90548
90549
90550
90551
90552
90553
90554
90555
90556
90557
90558
90559
90586
90588
90590
90591
90592
90593
90594
90595
90596
90597
90598
90599
90600
90601
90602
90603
90604
90605
90606
90607
90608
90629
90630
90631
90632
90633
90634
90635
90636
90637
90638
90639
90640
90641
90642
90643
90644
90645
90646
90647
90648
90649
90650
90651
90652
90653
90654
90655
90656
90657
90658
90669
90670
90671
90672
90673
90674
90675
90676
90677
90678
90679
90680
90681
90682
90683
90694
90695
90696
90697
90698
90699
90700
90701
90702
90703
90704
90705
90706
90707
90719
90720
90721
90722
90723
90724
90725
90726
90727
90728
90729
90730
90731
90744
90745
90746
90747
90748
90749
90750
90751
90752
90753
90754
90755
90768
90769
90770
90771
90772
90773
90774
90775
90776
90777
90778
90779
90793
90794
90795
90796
90797
90798
90799
90800
90801
90802
90803
90818
90819
90820
90821
90822
90823
90824
90825
90826
90827
90843
90844
90845
90846
90847
90848
90849
90850
90851
90871
90872
90873
90874
90875
91609
91610
91630
91631
91632
91633
91634
91635
91636
91637
91638
91639
91640
91641
91642
91643
91644
91645
91646
91647
91648
91649
91650
91651
91653
91654
93677
93678
93696
93697
93698
93699
93700
93701
93702
93703
93715
93716
93717
93718
93719
93720
93721
93722
93723
93724
93725
93726
93727
93728
93729
93730
93731
93734
93735
93736
93737
93738
93739
93740
93741
93742
93743
93744
93745
93746
93747
93748
93749
93750
93751
93752
93753
93754
93755
93756
93757
93758
93759
93760
93761
93762
93763
93764
93765
93766
93767
93768
93769
93770
93771
93772
93773
93774
93775
93776
93777
93778
93779
93780
93781
93782
93783
93784
93785
93786
93787
93788
93789
93790
93791
93792
93793
93794
93795
93796
93797
93798
93799
93800
93801
93802
93803
93804
93805
93806
93807
93808
93809
93810
93811
93812
93813
93814
93815
93816
93817
93818
93819
93820
93821
93822
93823
93824
93825
93826
93827
93828
93829
93830
93831
93832
93833
93834
93835
93836
93837
93838
93839
93840
93841
93842
93843
93844
93845
93846
93847
93848
93849
93850
93851
93852
93853
93854
93855
93856
93857
93858
93859
93860
93861
93862
93863
93864
93865
93866
93867
93868
93869
93870
93871
93872
93873
93874
93875
93876
93877
93878
93879
93880
93881
93882
93883
93884
93885
93886
93887
93888
93889
93890
93891
93892
93893
93894
93895
93896
93897
93898
93899
93900
93901
93902
93903
93904
93977
93978
93979
93980
93981
93982
93983
93985
93987
93988
93989
93990
93991
93992
93993
93994
93995
93996
93997
93998
93999
94000
94001
94002
94003
94013
94014
94015
94016
94020
94021
94022
94023
94024
94025
94026
94027
94028
94029
94030
94031
94032
94033
94034
94035
104752
104753
104773
104774
104775
104776
104777
104795
104796
104797
104798
104799
104800
104801
104819
104820
104821
104822
104823
104824
104825
104843
104844
104845
104846
104847
104848
104849
104867
104868
104869
104870
104871
104872
104873
104891
104892
104893
104894
104895
104896
104897
104915
104916
104917
104918
104919
104920
104921
104939
104940
104941
104942
104943
104944
104945
104963
104964
104965
104966
104967
104968
104969
104987
104988
104989
104990
104991
104992
104993
105092
105093
105094
105095
105096
105097
105098
105099
105103
105104
105105
105107
105108
105109
105110
105111
105112
105113
105129
105130
105131
105132
105133
105134
105135
105136
105137
105153
105154
105155
105156
105157
105158
105159
105160
105161
105177
105178
105179
105180
105181
105182
105183
105184
105185
105201
105202
105203
105204
105205
105206
105207
105208
105209
105225
105226
105227
105228
105229
105230
105231
105232
105233
105249
105250
105251
105252
105253
105254
105255
105256
105257
105273
105274
105275
105276
105277
105278
105279
105280
105281
105297
105298
105299
105300
105301
105302
105303
105304
105305
105320
105321
105322
105323
105324
105325
105326
105327
105328
105329
105344
105345
105346
105347
105348
105349
105350
105351
105352
105353
105367
105368
105369
105370
105371
105372
105373
105374
105375
105376
105377
105390
105391
105392
105393
105394
105395
105396
105397
105398
105399
105400
105401
105413
105414
105415
105416
105417
105418
105419
105420
105421
105422
105423
105424
105425
105435
105436
105437
105438
105439
105440
105441
105442
105443
105444
105445
105446
105447
105448
105449
105458
105459
105460
105461
105462
105463
105464
105465
105466
105467
105468
105469
105470
105471
105472
105473
105480
105481
105482
105483
105484
105485
105486
105487
105488
105489
105490
105491
105492
105493
105494
105495
105496
105497
105504
105505
105506
105507
105508
105509
105510
105511
105512
105513
105514
105515
105516
105517
105518
105519
105520
105521
105529
105530
105531
105532
105533
105534
105535
105536
105537
105538
105539
105540
105541
105542
105543
105544
105545
105554
105555
105556
105557
105558
105559
105560
105561
105562
105563
105564
105565
105566
105567
105568
105569
105593
105595
105596
105597
105598
105599
105600
105601
105602
105603
105604
105605
105606
105607
105608
105609
105610
105627
105628
105630
105631
105632
105633
105634
105635
105636
105637
105638
105639
105640
105641
105642
105643
105644
105645
105646
105647
105648
105649
105660
105661
105662
105663
105664
105665
105666
105667
105668
105669
105670
105671
105672
105673
105684
105685
105686
105687
105688
105689
105690
105691
105692
105693
105694
105695
105696
105697
105709
105710
105711
105712
105713
105714
105715
105716
105717
105718
105719
105720
105721
105734
105735
105736
105737
105738
105739
105740
105741
105742
105743
105744
105745
105759
105760
105761
105762
105763
105764
105765
105766
105767
105768
105769
105784
105785
105786
105787
105788
105789
105790
105791
105792
105793
105808
105809
105810
105811
105812
105813
105814
105815
105816
105817
105835
105836
105837
105838
105839
105840
105841
105863
105864
105865
106596
106597
106598
106617
106618
106619
106620
106621
106622
106623
106624
106625
106626
106627
106628
106629
106630
106631
106632
106633
106634
106635
106636
106637
108605
108606
108607
108608
108624
108625
108626
108627
108628
108629
108630
108631
108632
108633
108634
108636
108637
108638
108639
108640
108643
108644
108645
108646
108647
108648
108649
108650
108651
108652
108653
108654
108655
108656
108657
108658
108659
108660
108661
108662
108663
108664
108665
108666
108667
108668
108669
108670
108671
108672
108673
108674
108675
108676
108677
108678
108679
108680
108681
108682
108683
108684
108685
108686
108687
108688
108689
108690
108691
108692
108693
108694
108695
108696
108697
108698
108699
108700
108701
108702
108703
108704
108705
108706
108707
108708
108709
108710
108711
108712
108713
108714
108715
108716
108717
108718
108719
108720
108721
108722
108723
108724
108725
108726
108727
108728
108729
108730
108731
108732
108733
108734
108735
108736
108737
108738
108739
108740
108741
108742
108743
108744
108745
108746
108747
108748
108749
108750
108751
108752
108753
108754
108755
108756
108757
108758
108759
108760
108761
108762
108763
108764
108765
108766
108767
108768
108769
108770
108771
108772
108773
108774
108775
108776
108777
108778
108779
108780
108781
108782
108783
108784
108785
108786
108787
108788
108789
108790
108791
108792
108793
108794
108795
108796
108797
108798
108799
108800
108801
108802
108803
108804
108805
108806
108807
108808
108809
108810
108811
108812
108813
108814
108815
108816
108817
108818
108819
108820
108821
108822
108823
108824
108825
108826
108827
108828
108829
108830
108831
108832
108893
108894
108895
108896
108897
108898
108899
108901
108902
108903
108904
108905
108906
108907
108908
108909
108910
108911
108912
108913
108914
108922
108924
108925
108926
108927
108929
108930
108931
108932
108933
108934
108935
108936
108937
108938
108939
108940
108941
119399
119421
119422
119423
119441
119442
119443
119444
119445
119446
119447
119465
119466
119467
119468
119469
119470
119471
119489
119490
119491
119492
119493
119494
119495
119513
119514
119515
119516
119517
119518
119519
119537
119538
119539
119540
119541
119542
119543
119561
119562
119563
119564
119565
119566
119567
119585
119586
119587
119588
119589
119590
119591
119609
119610
119611
119612
119613
119614
119615
119633
119634
119635
119636
119637
119638
119639
119750
119751
119752
119753
119754
119755
119756
119764
119765
119768
119769
119770
119771
119772
119773
119774
119775
119776
119777
119778
119795
119796
119797
119798
119799
119800
119801
119802
119803
119819
119820
119821
119822
119823
119824
119825
119826
119827
119843
119844
119845
119846
119847
119848
119849
119850
119851
119867
119868
119869
119870
119871
119872
119873
119874
119875
119891
119892
119893
119894
119895
119896
119897
119898
119899
119915
119916
119917
119918
119919
119920
119921
119922
119923
119939
119940
119941
119942
119943
119944
119945
119946
119947
119963
119964
119965
119966
119967
119968
119969
119970
119971
119986
119987
119988
119989
119990
119991
119992
119993
119994
119995
120010
120011
120012
120013
120014
120015
120016
120017
120018
120019
120033
120034
120035
120036
120037
120038
120039
120040
120041
120042
120043
120056
120057
120058
120059
120060
120061
120062
120063
120064
120065
120066
120067
120079
120080
120081
120082
120083
120084
120085
120086
120087
120088
120089
120090
120091
120101
120102
120103
120104
120105
120106
120107
120108
120109
120110
120111
120112
120113
120114
120115
120124
120125
120126
120127
120128
120129
120130
120131
120132
120133
120134
120135
120136
120137
120138
120139
120146
120147
120148
120149
120150
120151
120152
120153
120154
120155
120156
120157
120158
120159
120160
120161
120162
120163
120170
120171
120172
120173
120174
120175
120176
120177
120178
120179
120180
120181
120182
120183
120184
120185
120186
120187
120195
120196
120197
120198
120199
120200
120201
120202
120203
120204
120205
120206
120207
120208
120209
120210
120211
120219
120220
120221
120222
120223
120224
120225
120226
120227
120228
120229
120230
120231
120232
120233
120234
120235
120262
120264
120266
120267
120268
120269
120270
120271
120272
120273
120274
120275
120276
120277
120278
120279
120280
120281
120282
120283
120284
120305
120306
120307
120308
120309
120310
120311
120312
120313
120314
120315
120316
120317
120318
120319
120320
120321
120322
120323
120324
120325
120326
120327
120328
120329
120330
120331
120332
120333
120334
120345
120346
120347
120348
120349
120350
120351
120352
120353
120354
120355
120356
120357
120358
120359
120370
120371
120372
120373
120374
120375
120376
120377
120378
120379
120380
120381
120382
120383
120395
120396
120397
120398
120399
120400
120401
120402
120403
120404
120405
120406
120407
120420
120421
120422
120423
120424
120425
120426
120427
120428
120429
120430
120431
120444
120445
120446
120447
120448
120449
120450
120451
120452
120453
120454
120455
120469
120470
120471
120472
120473
120474
120475
120476
120477
120478
120479
120494
120495
120496
120497
120498
120499
120500
120501
120502
120503
120519
120520
120521
120522
120523
120524
120525
120526
120527
120547
120548
120549
120550
120551
121285
121286
121306
121307
121308
121309
121310
121311
121312
121313
121314
121315
121316
121317
121318
121319
121320
121321
121322
121323
121324
121325
121326
121327
121329
121330
123353
123354
123372
123373
123374
123375
123376
123377
123378
123379
123386
123391
123392
123393
123394
123395
123396
123397
123398
123399
123400
123401
123402
123403
123404
123405
123406
123407
123408
123410
123411
123412
123413
123414
123415
123416
123417
123418
123419
123420
123421
123422
123423
123424
123425
123426
123427
123428
123429
123430
123431
123432
123433
123434
123435
123436
123437
123438
123439
123440
123441
123442
123443
123444
123445
123446
123447
123448
123449
123450
123451
123452
123453
123454
123455
123456
123457
123458
123459
123460
123461
123462
123463
123464
123465
123466
123467
123468
123469
123470
123471
123472
123473
123474
123475
123476
123477
123478
123479
123480
123481
123482
123483
123484
123485
123486
123487
123488
123489
123490
123491
123492
123493
123494
123495
123496
123497
123498
123499
123500
123501
123502
123503
123504
123505
123506
123507
123508
123509
123510
123511
123512
123513
123514
123515
123516
123517
123518
123519
123520
123521
123522
123523
123524
123525
123526
123527
123528
123529
123530
123531
123532
123533
123534
123535
123536
123537
123538
123539
123540
123541
123542
123543
123544
123545
123546
123547
123548
123549
123550
123551
123552
123553
123554
123555
123556
123557
123558
123559
123560
123561
123562
123563
123564
123565
123566
123567
123568
123569
123570
123571
123572
123573
123574
123575
123576
123577
123578
123579
123580
123653
123654
123655
123656
123657
123658
123659
123661
123663
123664
123665
123666
123667
123668
123669
123670
123671
123672
123673
123674
123675
123676
123677
123678
123679
123689
123690
123691
123692
123696
123697
123698
123699
123700
123701
123702
123703
123704
123705
123706
123707
123708
123709
123710
123711
134428
134429
134449
134450
134451
134452
134453
134471
134472
134473
134474
134475
134476
134477
134495
134496
134497
134498
134499
134500
134501
134519
134520
134521
134522
134523
134524
134525
134543
134544
134545
134546
134547
134548
134549
134567
134568
134569
134570
134571
134572
134573
134591
134592
134593
134594
134595
134596
134597
134615
134616
134617
134618
134619
134620
134621
134639
134640
134641
134642
134643
134644
134645
134663
134664
134665
134666
134667
134668
134669
134768
134769
134770
134771
134772
134773
134774
134775
134779
134780
134781
134783
134784
134785
134786
134787
134788
134789
134805
134806
134807
134808
134809
134810
134811
134812
134813
134829
134830
134831
134832
134833
134834
134835
134836
134837
134853
134854
134855
134856
134857
134858
134859
134860
134861
134877
134878
134879
134880
134881
134882
134883
134884
134885
134901
134902
134903
134904
134905
134906
134907
134908
134909
134925
134926
134927
134928
134929
134930
134931
134932
134933
134949
134950
134951
134952
134953
134954
134955
134956
134957
134973
134974
134975
134976
134977
134978
134979
134980
134981
134996
134997
134998
134999
135000
135001
135002
135003
135004
135005
135020
135021
135022
135023
135024
135025
135026
135027
135028
135029
135043
135044
135045
135046
135047
135048
135049
135050
135051
135052
135053
135066
135067
135068
135069
135070
135071
135072
135073
135074
135075
135076
135077
135089
135090
135091
135092
135093
135094
135095
135096
135097
135098
135099
135100
135101
135111
135112
135113
135114
135115
135116
135117
135118
135119
135120
135121
135122
135123
135124
135125
135134
135135
135136
135137
135138
135139
135140
135141
135142
135143
135144
135145
135146
135147
135148
135149
135156
135157
135158
135159
135160
135161
135162
135163
135164
135165
135166
135167
135168
135169
135170
135171
135172
135173
135180
135181
135182
135183
135184
135185
135186
135187
135188
135189
135190
135191
135192
135193
135194
135195
135196
135197
135205
135206
135207
135208
135209
135210
135211
135212
135213
135214
135215
135216
135217
135218
135219
135220
135221
135230
135231
135232
135233
135234
135235
135236
135237
135238
135239
135240
135241
135242
135243
135244
135245
135269
135271
135272
135273
135274
135275
135276
135277
135278
135279
135280
135281
135282
135283
135284
135285
135286
135303
135304
135306
135307
135308
135309
135310
135311
135312
135313
135314
135315
135316
135317
135318
135319
135320
135321
135322
135323
135324
135325
135336
135337
135338
135339
135340
135341
135342
135343
135344
135345
135346
135347
135348
135349
135360
135361
135362
135363
135364
135365
135366
135367
135368
135369
135370
135371
135372
135373
135385
135386
135387
135388
135389
135390
135391
135392
135393
135394
135395
135396
135397
135410
135411
135412
135413
135414
135415
135416
135417
135418
135419
135420
135421
135435
135436
135437
135438
135439
135440
135441
135442
135443
135444
135445
135460
135461
135462
135463
135464
135465
135466
135467
135468
135469
135484
135485
135486
135487
135488
135489
135490
135491
135492
135493
135511
135512
135513
135514
135515
135516
135517
135539
135540
135541
136272
136273
136274
136293
136294
136295
136296
136297
136298
136299
136300
136301
136302
136303
136304
136305
136306
136307
136308
136309
136310
136311
136312
136313
138281
138282
138283
138284
138300
138301
138302
138303
138304
138305
138306
138307
138308
138309
138310
138312
138313
138314
138315
138316
138319
138320
138321
138322
138323
138324
138325
138326
138327
138328
138329
138330
138331
138332
138333
138334
138335
138336
138337
138338
138339
138340
138341
138342
138343
138344
138345
138346
138347
138348
138349
138350
138351
138352
138353
138354
138355
138356
138357
138358
138359
138360
138361
138362
138363
138364
138365
138366
138367
138368
138369
138370
138371
138372
138373
138374
138375
138376
138377
138378
138379
138380
138381
138382
138383
138384
138385
138386
138387
138388
138389
138390
138391
138392
138393
138394
138395
138396
138397
138398
138399
138400
138401
138402
138403
138404
138405
138406
138407
138408
138409
138410
138411
138412
138413
138414
138415
138416
138417
138418
138419
138420
138421
138422
138423
138424
138425
138426
138427
138428
138429
138430
138431
138432
138433
138434
138435
138436
138437
138438
138439
138440
138441
138442
138443
138444
138445
138446
138447
138448
138449
138450
138451
138452
138453
138454
138455
138456
138457
138458
138459
138460
138461
138462
138463
138464
138465
138466
138467
138468
138469
138470
138471
138472
138473
138474
138475
138476
138477
138478
138479
138480
138481
138482
138483
138484
138485
138486
138487
138488
138489
138490
138491
138492
138493
138494
138495
138496
138497
138498
138499
138500
138501
138502
138503
138504
138505
138506
138507
138508
138569
138570
138571
138572
138573
138574
138575
138577
138578
138579
138580
138581
138582
138583
138584
138585
138586
138587
138588
138589
138590
138598
138600
138601
138602
138603
138605
138606
138607
138608
138609
138610
138611
138612
138613
138614
138615
138616
138617
149075
149097
149098
149099
149117
149118
149119
149120
149121
149122
149123
149141
149142
149143
149144
149145
149146
149147
149165
149166
149167
149168
149169
149170
149171
149189
149190
149191
149192
149193
149194
149195
149213
149214
149215
149216
149217
149218
149219
149237
149238
149239
149240
149241
149242
149243
149261
149262
149263
149264
149265
149266
149267
149285
149286
149287
149288
149289
149290
149291
149309
149310
149311
149312
149313
149314
149315
149426
149427
149428
149429
149430
149431
149432
149440
149441
149444
149445
149446
149447
149448
149449
149450
149451
149452
149453
149454
149471
149472
149473
149474
149475
149476
149477
149478
149479
149495
149496
149497
149498
149499
149500
149501
149502
149503
149519
149520
149521
149522
149523
149524
149525
149526
149527
149543
149544
149545
149546
149547
149548
149549
149550
149551
149567
149568
149569
149570
149571
149572
149573
149574
149575
149591
149592
149593
149594
149595
149596
149597
149598
149599
149615
149616
149617
149618
149619
149620
149621
149622
149623
149639
149640
149641
149642
149643
149644
149645
149646
149647
149662
149663
149664
149665
149666
149667
149668
149669
149670
149671
149686
149687
149688
149689
149690
149691
149692
149693
149694
149695
149709
149710
149711
149712
149713
149714
149715
149716
149717
149718
149719
149732
149733
149734
149735
149736
149737
149738
149739
149740
149741
149742
149743
149755
149756
149757
149758
149759
149760
149761
149762
149763
149764
149765
149766
149767
149777
149778
149779
149780
149781
149782
149783
149784
149785
149786
149787
149788
149789
149790
149791
149800
149801
149802
149803
149804
149805
149806
149807
149808
149809
149810
149811
149812
149813
149814
149815
149822
149823
149824
149825
149826
149827
149828
149829
149830
149831
149832
149833
149834
149835
149836
149837
149838
149839
149846
149847
149848
149849
149850
149851
149852
149853
149854
149855
149856
149857
149858
149859
149860
149861
149862
149863
149871
149872
149873
149874
149875
149876
149877
149878
149879
149880
149881
149882
149883
149884
149885
149886
149887
149895
149896
149897
149898
149899
149900
149901
149902
149903
149904
149905
149906
149907
149908
149909
149910
149911
149938
149940
149942
149943
149944
149945
149946
149947
149948
149949
149950
149951
149952
149953
149954
149955
149956
149957
149958
149959
149960
149981
149982
149983
149984
149985
149986
149987
149988
149989
149990
149991
149992
149993
149994
149995
149996
149997
149998
149999
150000
150001
150002
150003
150004
150005
150006
150007
150008
150009
150010
150021
150022
150023
150024
150025
150026
150027
150028
150029
150030
150031
150032
150033
150034
150035
150046
150047
150048
150049
150050
150051
150052
150053
150054
150055
150056
150057
150058
150059
150071
150072
150073
150074
150075
150076
150077
150078
150079
150080
150081
150082
150083
150096
150097
150098
150099
150100
150101
150102
150103
150104
150105
150106
150107
150120
150121
150122
150123
150124
150125
150126
150127
150128
150129
150130
150131
150145
150146
150147
150148
150149
150150
150151
150152
150153
150154
150155
150170
150171
150172
150173
150174
150175
150176
150177
150178
150179
150195
150196
150197
150198
150199
150200
150201
150202
150203
150223
150224
150225
150226
150227
150961
150962
150982
150983
150984
150985
150986
150987
150988
150989
150990
150991
150992
150993
150994
150995
150996
150997
150998
150999
151000
151001
151002
151003
151005
151006
153029
153030
153048
153049
153050
153051
153052
153053
153054
153055
153062
153063
153067
153068
153069
153070
153071
153072
153073
153074
153075
153076
153077
153078
153079
153080
153081
153082
153083
153084
153086
153087
153088
153089
153090
153091
153092
153093
153094
153095
153096
153097
153098
153099
153100
153101
153102
153103
153104
153105
153106
153107
153108
153109
153110
153111
153112
153113
153114
153115
153116
153117
153118
153119
153120
153121
153122
153123
153124
153125
153126
153127
153128
153129
153130
153131
153132
153133
153134
153135
153136
153137
153138
153139
153140
153141
153142
153143
153144
153145
153146
153147
153148
153149
153150
153151
153152
153153
153154
153155
153156
153157
153158
153159
153160
153161
153162
153163
153164
153165
153166
153167
153168
153169
153170
153171
153172
153173
153174
153175
153176
153177
153178
153179
153180
153181
153182
153183
153184
153185
153186
153187
153188
153189
153190
153191
153192
153193
153194
153195
153196
153197
153198
153199
153200
153201
153202
153203
153204
153205
153206
153207
153208
153209
153210
153211
153212
153213
153214
153215
153216
153217
153218
153219
153220
153221
153222
153223
153224
153225
153226
153227
153228
153229
153230
153231
153232
153233
153234
153235
153236
153237
153238
153239
153240
153241
153242
153243
153244
153245
153246
153247
153248
153249
153250
153251
153252
153253
153254
153255
153256
153329
153330
153331
153332
153333
153334
153335
153337
153339
153340
153341
153342
153343
153344
153345
153346
153347
153348
153349
153350
153351
153352
153353
153354
153355
153365
153366
153367
153368
153372
153373
153374
153375
153376
153377
153378
153379
153380
153381
153382
153383
153384
153385
153386
153387
164104
164105
164125
164126
164127
164128
164129
164147
164148
164149
164150
164151
164152
164153
164171
164172
164173
164174
164175
164176
164177
164195
164196
164197
164198
164199
164200
164201
164219
164220
164221
164222
164223
164224
164225
164243
164244
164245
164246
164247
164248
164249
164267
164268
164269
164270
164271
164272
164273
164291
164292
164293
164294
164295
164296
164297
164315
164316
164317
164318
164319
164320
164321
164339
164340
164341
164342
164343
164344
164345
164444
164445
164446
164447
164448
164449
164450
164451
164455
164456
164457
164459
164460
164461
164462
164463
164464
164465
164481
164482
164483
164484
164485
164486
164487
164488
164489
164505
164506
164507
164508
164509
164510
164511
164512
164513
164529
164530
164531
164532
164533
164534
164535
164536
164537
164553
164554
164555
164556
164557
164558
164559
164560
164561
164577
164578
164579
164580
164581
164582
164583
164584
164585
164601
164602
164603
164604
164605
164606
164607
164608
164609
164625
164626
164627
164628
164629
164630
164631
164632
164633
164649
164650
164651
164652
164653
164654
164655
164656
164657
164672
164673
164674
164675
164676
164677
164678
164679
164680
164681
164696
164697
164698
164699
164700
164701
164702
164703
164704
164705
164719
164720
164721
164722
164723
164724
164725
164726
164727
164728
164729
164742
164743
164744
164745
164746
164747
164748
164749
164750
164751
164752
164753
164765
164766
164767
164768
164769
164770
164771
164772
164773
164774
164775
164776
164777
164787
164788
164789
164790
164791
164792
164793
164794
164795
164796
164797
164798
164799
164800
164801
164810
164811
164812
164813
164814
164815
164816
164817
164818
164819
164820
164821
164822
164823
164824
164825
164832
164833
164834
164835
164836
164837
164838
164839
164840
164841
164842
164843
164844
164845
164846
164847
164848
164849
164856
164857
164858
164859
164860
164861
164862
164863
164864
164865
164866
164867
164868
164869
164870
164871
164872
164873
164881
164882
164883
164884
164885
164886
164887
164888
164889
164890
164891
164892
164893
164894
164895
164896
164897
164906
164907
164908
164909
164910
164911
164912
164913
164914
164915
164916
164917
164918
164919
164920
164921
164945
164947
164948
164949
164950
164951
164952
164953
164954
164955
164956
164957
164958
164959
164960
164961
164962
164979
164980
164982
164983
164984
164985
164986
164987
164988
164989
164990
164991
164992
164993
164994
164995
164996
164997
164998
164999
165000
165001
165012
165013
165014
165015
165016
165017
165018
165019
165020
165021
165022
165023
165024
165025
165036
165037
165038
165039
165040
165041
165042
165043
165044
165045
165046
165047
165048
165049
165061
165062
165063
165064
165065
165066
165067
165068
165069
165070
165071
165072
165073
165086
165087
165088
165089
165090
165091
165092
165093
165094
165095
165096
165097
165111
165112
165113
165114
165115
165116
165117
165118
165119
165120
165121
165136
165137
165138
165139
165140
165141
165142
165143
165144
165145
165160
165161
165162
165163
165164
165165
165166
165167
165168
165169
165186
165187
165188
165189
165190
165191
165192
165193
165215
165216
165217
165948
165949
165950
165969
165970
165971
165972
165973
165974
165975
165976
165977
165978
165979
165980
165981
165982
165983
165984
165985
165986
165987
165988
165989
167957
167958
167959
167960
167976
167977
167978
167979
167980
167981
167982
167983
167984
167985
167986
167988
167989
167990
167991
167992
167995
167996
167997
167998
167999
168000
168001
168002
168003
168004
168005
168006
168007
168008
168009
168010
168011
168012
168013
168014
168015
168016
168017
168018
168019
168020
168021
168022
168023
168024
168025
168026
168027
168028
168029
168030
168031
168032
168033
168034
168035
168036
168037
168038
168039
168040
168041
168042
168043
168044
168045
168046
168047
168048
168049
168050
168051
168052
168053
168054
168055
168056
168057
168058
168059
168060
168061
168062
168063
168064
168065
168066
168067
168068
168069
168070
168071
168072
168073
168074
168075
168076
168077
168078
168079
168080
168081
168082
168083
168084
168085
168086
168087
168088
168089
168090
168091
168092
168093
168094
168095
168096
168097
168098
168099
168100
168101
168102
168103
168104
168105
168106
168107
168108
168109
168110
168111
168112
168113
168114
168115
168116
168117
168118
168119
168120
168121
168122
168123
168124
168125
168126
168127
168128
168129
168130
168131
168132
168133
168134
168135
168136
168137
168138
168139
168140
168141
168142
168143
168144
168145
168146
168147
168148
168149
168150
168151
168152
168153
168154
168155
168156
168157
168158
168159
168160
168161
168162
168163
168164
168165
168166
168167
168168
168169
168170
168171
168172
168173
168174
168175
168176
168177
168178
168179
168180
168181
168182
168183
168184
168245
168246
168247
168248
168249
168250
168251
168253
168254
168255
168256
168257
168258
168259
168260
168261
168262
168263
168264
168265
168266
168274
168276
168277
168278
168279
168281
168282
168283
168284
168285
168286
168287
168288
168289
168290
168291
168292
168293
178751
178773
178774
178775
178793
178794
178795
178796
178797
178798
178799
178817
178818
178819
178820
178821
178822
178823
178841
178842
178843
178844
178845
178846
178847
178865
178866
178867
178868
178869
178870
178871
178889
178890
178891
178892
178893
178894
178895
178913
178914
178915
178916
178917
178918
178919
178937
178938
178939
178940
178941
178942
178943
178961
178962
178963
178964
178965
178966
178967
178985
178986
178987
178988
178989
178990
178991
179102
179103
179104
179105
179106
179107
179108
179116
179117
179120
179121
179122
179123
179124
179125
179126
179127
179128
179129
179130
179147
179148
179149
179150
179151
179152
179153
179154
179155
179171
179172
179173
179174
179175
179176
179177
179178
179179
179195
179196
179197
179198
179199
179200
179201
179202
179203
179219
179220
179221
179222
179223
179224
179225
179226
179227
179243
179244
179245
179246
179247
179248
179249
179250
179251
179267
179268
179269
179270
179271
179272
179273
179274
179275
179291
179292
179293
179294
179295
179296
179297
179298
179299
179315
179316
179317
179318
179319
179320
179321
179322
179323
179338
179339
179340
179341
179342
179343
179344
179345
179346
179347
179362
179363
179364
179365
179366
179367
179368
179369
179370
179371
179385
179386
179387
179388
179389
179390
179391
179392
179393
179394
179395
179408
179409
179410
179411
179412
179413
179414
179415
179416
179417
179418
179419
179431
179432
179433
179434
179435
179436
179437
179438
179439
179440
179441
179442
179443
179453
179454
179455
179456
179457
179458
179459
179460
179461
179462
179463
179464
179465
179466
179467
179476
179477
179478
179479
179480
179481
179482
179483
179484
179485
179486
179487
179488
179489
179490
179491
179497
179498
179499
179500
179501
179502
179503
179504
179505
179506
179507
179508
179509
179510
179511
179512
179513
179514
179515
179522
179523
179524
179525
179526
179527
179528
179529
179530
179531
179532
179533
179534
179535
179536
179537
179538
179539
179547
179548
179549
179550
179551
179552
179553
179554
179555
179556
179557
179558
179559
179560
179561
179562
179563
179571
179572
179573
179574
179575
179576
179577
179578
179579
179580
179581
179582
179583
179584
179585
179586
179587
179614
179616
179618
179619
179620
179621
179622
179623
179624
179625
179626
179627
179628
179629
179630
179631
179632
179633
179634
179635
179636
179657
179658
179659
179660
179661
179662
179663
179664
179665
179666
179667
179668
179669
179670
179671
179672
179673
179674
179675
179676
179677
179678
179679
179680
179681
179682
179683
179684
179685
179686
179697
179698
179699
179700
179701
179702
179703
179704
179705
179706
179707
179708
179709
179710
179711
179722
179723
179724
179725
179726
179727
179728
179729
179730
179731
179732
179733
179734
179735
179747
179748
179749
179750
179751
179752
179753
179754
179755
179756
179757
179758
179759
179772
179773
179774
179775
179776
179777
179778
179779
179780
179781
179782
179783
179796
179797
179798
179799
179800
179801
179802
179803
179804
179805
179806
179807
179821
179822
179823
179824
179825
179826
179827
179828
179829
179830
179831
179846
179847
179848
179849
179850
179851
179852
179853
179854
179855
179870
179871
179872
179873
179874
179875
179876
179877
179878
179879
179899
179900
179901
179902
179903
180637
180638
180658
180659
180660
180661
180662
180663
180664
180665
180666
180667
180668
180669
180670
180671
180672
180673
180674
180675
180676
180677
180678
180679
180681
180682
182705
182706
182707
182724
182725
182726
182727
182728
182729
182730
182731
182738
182739
182743
182744
182745
182746
182747
182748
182749
182750
182751
182752
182753
182754
182755
182756
182757
182758
182759
182760
182762
182763
182764
182765
182766
182767
182768
182769
182770
182771
182772
182773
182774
182775
182776
182777
182778
182779
182780
182781
182782
182783
182784
182785
182786
182787
182788
182789
182790
182791
182792
182793
182794
182795
182796
182797
182798
182799
182800
182801
182802
182803
182804
182805
182806
182807
182808
182809
182810
182811
182812
182813
182814
182815
182816
182817
182818
182819
182820
182821
182822
182823
182824
182825
182826
182827
182828
182829
182830
182831
182832
182833
182834
182835
182836
182837
182838
182839
182840
182841
182842
182843
182844
182845
182846
182847
182848
182849
182850
182851
182852
182853
182854
182855
182856
182857
182858
182859
182860
182861
182862
182863
182864
182865
182866
182867
182868
182869
182870
182871
182872
182873
182874
182875
182876
182877
182878
182879
182880
182881
182882
182883
182884
182885
182886
182887
182888
182889
182890
182891
182892
182893
182894
182895
182896
182897
182898
182899
182900
182901
182902
182903
182904
182905
182906
182907
182908
182909
182910
182911
182912
182913
182914
182915
182916
182917
182918
182919
182920
182921
182922
182923
182924
182925
182926
182927
182928
182929
182930
182931
182932
183005
183006
183007
183008
183009
183010
183011
183013
183015
183016
183017
183018
183019
183020
183021
183022
183023
183024
183025
183026
183027
183028
183029
183030
183031
183041
183042
183043
183044
183048
183049
183050
183051
183052
183053
183054
183055
183056
183057
183058
183059
183060
183061
183062
183063
193780
193781
193801
193802
193803
193804
193805
193823
193824
193825
193826
193827
193828
193829
193847
193848
193849
193850
193851
193852
193853
193871
193872
193873
193874
193875
193876
193877
193895
193896
193897
193898
193899
193900
193901
193919
193920
193921
193922
193923
193924
193925
193943
193944
193945
193946
193947
193948
193949
193967
193968
193969
193970
193971
193972
193973
193991
193992
193993
193994
193995
193996
193997
194015
194016
194017
194018
194019
194020
194021
194120
194121
194122
194123
194124
194125
194126
194127
194131
194132
194133
194135
194136
194137
194138
194139
194140
194141
194157
194158
194159
194160
194161
194162
194163
194164
194165
194181
194182
194183
194184
194185
194186
194187
194188
194189
194205
194206
194207
194208
194209
194210
194211
194212
194213
194229
194230
194231
194232
194233
194234
194235
194236
194237
194253
194254
194255
194256
194257
194258
194259
194260
194261
194277
194278
194279
194280
194281
194282
194283
194284
194285
194301
194302
194303
194304
194305
194306
194307
194308
194309
194325
194326
194327
194328
194329
194330
194331
194332
194333
194348
194349
194350
194351
194352
194353
194354
194355
194356
194357
194372
194373
194374
194375
194376
194377
194378
194379
194380
194381
194395
194396
194397
194398
194399
194400
194401
194402
194403
194404
194405
194418
194419
194420
194421
194422
194423
194424
194425
194426
194427
194428
194429
194441
194442
194443
194444
194445
194446
194447
194448
194449
194450
194451
194452
194453
194463
194464
194465
194466
194467
194468
194469
194470
194471
194472
194473
194474
194475
194476
194477
194486
194487
194488
194489
194490
194491
194492
194493
194494
194495
194496
194497
194498
194499
194500
194501
194507
194508
194509
194510
194511
194512
194513
194514
194515
194516
194517
194518
194519
194520
194521
194522
194523
194524
194525
194532
194533
194534
194535
194536
194537
194538
194539
194540
194541
194542
194543
194544
194545
194546
194547
194548
194549
194557
194558
194559
194560
194561
194562
194563
194564
194565
194566
194567
194568
194569
194570
194571
194572
194573
194582
194583
194584
194585
194586
194587
194588
194589
194590
194591
194592
194593
194594
194595
194596
194597
194621
194623
194624
194625
194626
194627
194628
194629
194630
194631
194632
194633
194634
194635
194636
194637
194638
194655
194656
194658
194659
194660
194661
194662
194663
194664
194665
194666
194667
194668
194669
194670
194671
194672
194673
194674
194675
194676
194677
194688
194689
194690
194691
194692
194693
194694
194695
194696
194697
194698
194699
194700
194701
194712
194713
194714
194715
194716
194717
194718
194719
194720
194721
194722
194723
194724
194725
194737
194738
194739
194740
194741
194742
194743
194744
194745
194746
194747
194748
194749
194762
194763
194764
194765
194766
194767
194768
194769
194770
194771
194772
194773
194787
194788
194789
194790
194791
194792
194793
194794
194795
194796
194797
194812
194813
194814
194815
194816
194817
194818
194819
194820
194821
194836
194837
194838
194839
194840
194841
194842
194843
194844
194845
194860
194862
194863
194864
194865
194866
194867
194868
194869
194891
194892
194893
195624
195625
195626
195645
195646
195647
195648
195649
195650
195651
195652
195653
195654
195655
195656
195657
195658
195659
195660
195661
195662
195663
195664
195665
197614
197633
197634
197635
197636
197652
197653
197654
197655
197656
197657
197658
197659
197660
197661
197662
197664
197665
197666
197667
197668
197671
197672
197673
197674
197675
197676
197677
197678
197679
197680
197681
197682
197683
197684
197685
197686
197687
197688
197689
197690
197691
197692
197693
197694
197695
197696
197697
197698
197699
197700
197701
197702
197703
197704
197705
197706
197707
197708
197709
197710
197711
197712
197713
197714
197715
197716
197717
197718
197719
197720
197721
197722
197723
197724
197725
197726
197727
197728
197729
197730
197731
197732
197733
197734
197735
197736
197737
197738
197739
197740
197741
197742
197743
197744
197745
197746
197747
197748
197749
197750
197751
197752
197753
197754
197755
197756
197757
197758
197759
197760
197761
197762
197763
197764
197765
197766
197767
197768
197769
197770
197771
197772
197773
197774
197775
197776
197777
197778
197779
197780
197781
197782
197783
197784
197785
197786
197787
197788
197789
197790
197791
197792
197793
197794
197795
197796
197797
197798
197799
197800
197801
197802
197803
197804
197805
197806
197807
197808
197809
197810
197811
197812
197813
197814
197815
197816
197817
197818
197819
197820
197821
197822
197823
197824
197825
197826
197827
197828
197829
197830
197831
197832
197833
197834
197835
197836
197837
197838
197839
197840
197841
197842
197843
197844
197845
197846
197847
197848
197849
197850
197851
197852
197853
197854
197855
197856
197857
197858
197859
197860
197921
197922
197923
197924
197925
197926
197927
197929
197930
197931
197932
197933
197934
197935
197936
197937
197938
197939
197940
197941
197942
197950
197952
197953
197954
197955
197957
197958
197959
197960
197961
197962
197963
197964
197965
197966
197967
197968
197969
208427
208449
208450
208451
208469
208470
208471
208472
208473
208474
208475
208493
208494
208495
208496
208497
208498
208499
208517
208518
208519
208520
208521
208522
208523
208541
208542
208543
208544
208545
208546
208547
208565
208566
208567
208568
208569
208570
208571
208589
208590
208591
208592
208593
208594
208595
208613
208614
208615
208616
208617
208618
208619
208637
208638
208639
208640
208641
208642
208643
208661
208662
208663
208664
208665
208666
208667
208778
208779
208780
208781
208782
208783
208784
208792
208793
208796
208797
208798
208799
208800
208801
208802
208803
208804
208805
208806
208823
208824
208825
208826
208827
208828
208829
208830
208831
208847
208848
208849
208850
208851
208852
208853
208854
208855
208871
208872
208873
208874
208875
208876
208877
208878
208879
208895
208896
208897
208898
208899
208900
208901
208902
208903
208919
208920
208921
208922
208923
208924
208925
208926
208927
208943
208944
208945
208946
208947
208948
208949
208950
208951
208967
208968
208969
208970
208971
208972
208973
208974
208975
208991
208992
208993
208994
208995
208996
208997
208998
208999
209014
209015
209016
209017
209018
209019
209020
209021
209022
209023
209038
209039
209040
209041
209042
209043
209044
209045
209046
209047
209061
209062
209063
209064
209065
209066
209067
209068
209069
209070
209071
209084
209085
209086
209087
209088
209089
209090
209091
209092
209093
209094
209095
209107
209108
209109
209110
209111
209112
209113
209114
209115
209116
209117
209118
209119
209129
209130
209131
209132
209133
209134
209135
209136
209137
209138
209139
209140
209141
209142
209143
209152
209153
209154
209155
209156
209157
209158
209159
209160
209161
209162
209163
209164
209165
209166
209167
209173
209174
209175
209176
209177
209178
209179
209180
209181
209182
209183
209184
209185
209186
209187
209188
209189
209190
209191
209198
209199
209200
209201
209202
209203
209204
209205
209206
209207
209208
209209
209210
209211
209212
209213
209214
209215
209223
209224
209225
209226
209227
209228
209229
209230
209231
209232
209233
209234
209235
209236
209237
209238
209239
209247
209248
209249
209250
209251
209252
209253
209254
209255
209256
209257
209258
209259
209260
209261
209262
209263
209290
209292
209294
209295
209296
209297
209298
209299
209300
209301
209302
209303
209304
209305
209306
209307
209308
209309
209310
209311
209312
209333
209334
209335
209336
209337
209338
209339
209340
209341
209342
209343
209344
209345
209346
209347
209348
209349
209350
209351
209352
209353
209354
209355
209356
209357
209358
209359
209360
209361
209362
209373
209374
209375
209376
209377
209378
209379
209380
209381
209382
209383
209384
209385
209386
209387
209398
209399
209400
209401
209402
209403
209404
209405
209406
209407
209408
209409
209410
209411
209423
209424
209425
209426
209427
209428
209429
209430
209431
209432
209433
209434
209435
209448
209449
209450
209451
209452
209453
209454
209455
209456
209457
209458
209459
209472
209473
209474
209475
209476
209477
209478
209479
209480
209481
209482
209483
209497
209498
209499
209500
209501
209502
209503
209504
209505
209506
209507
209522
209523
209524
209525
209526
209527
209528
209529
209530
209531
209546
209547
209548
209549
209550
209551
209552
209553
209554
209555
209575
209576
209577
209578
209579
210313
210314
210334
210335
210336
210337
210338
210339
210340
210341
210342
210343
210344
210345
210346
210347
210348
210349
210350
210351
210352
210353
210354
210355
210357
210358
212381
212382
212383
212400
212401
212402
212403
212404
212405
212406
212407
212413
212414
212415
212419
212420
212421
212422
212423
212424
212425
212426
212427
212428
212429
212430
212431
212432
212433
212434
212435
212436
212438
212439
212440
212441
212442
212443
212444
212445
212446
212447
212448
212449
212450
212451
212452
212453
212454
212455
212456
212457
212458
212459
212460
212461
212462
212463
212464
212465
212466
212467
212468
212469
212470
212471
212472
212473
212474
212475
212476
212477
212478
212479
212480
212481
212482
212483
212484
212485
212486
212487
212488
212489
212490
212491
212492
212493
212494
212495
212496
212497
212498
212499
212500
212501
212502
212503
212504
212505
212506
212507
212508
212509
212510
212511
212512
212513
212514
212515
212516
212517
212518
212519
212520
212521
212522
212523
212524
212525
212526
212527
212528
212529
212530
212531
212532
212533
212534
212535
212536
212537
212538
212539
212540
212541
212542
212543
212544
212545
212546
212547
212548
212549
212550
212551
212552
212553
212554
212555
212556
212557
212558
212559
212560
212561
212562
212563
212564
212565
212566
212567
212568
212569
212570
212571
212572
212573
212574
212575
212576
212577
212578
212579
212580
212581
212582
212583
212584
212585
212586
212587
212588
212589
212590
212591
212592
212593
212594
212595
212596
212597
212598
212599
212600
212601
212602
212603
212604
212605
212606
212607
212608
212681
212682
212683
212684
212685
212686
212687
212689
212691
212692
212693
212694
212695
212696
212697
212698
212699
212700
212701
212702
212703
212704
212705
212706
212707
212717
212718
212719
212720
212724
212725
212726
212727
212728
212729
212730
212731
212732
212733
212734
212735
212736
212737
212738
212739
223456
223457
223477
223478
223479
223480
223481
223499
223500
223501
223502
223503
223504
223505
223523
223524
223525
223526
223527
223528
223529
223547
223548
223549
223550
223551
223552
223553
223571
223572
223573
223574
223575
223576
223577
223595
223596
223597
223598
223599
223600
223601
223619
223620
223621
223622
223623
223624
223625
223643
223644
223645
223646
223647
223648
223649
223667
223668
223669
223670
223671
223672
223673
223691
223692
223693
223694
223695
223696
223697
223796
223797
223798
223799
223800
223801
223802
223803
223807
223808
223809
223811
223812
223813
223814
223815
223816
223817
223833
223834
223835
223836
223837
223838
223839
223840
223841
223857
223858
223859
223860
223861
223862
223863
223864
223865
223881
223882
223883
223884
223885
223886
223887
223888
223889
223905
223906
223907
223908
223909
223910
223911
223912
223913
223929
223930
223931
223932
223933
223934
223935
223936
223937
223953
223954
223955
223956
223957
223958
223959
223960
223961
223977
223978
223979
223980
223981
223982
223983
223984
223985
224001
224002
224003
224004
224005
224006
224007
224008
224009
224024
224025
224026
224027
224028
224029
224030
224031
224032
224033
224048
224049
224050
224051
224052
224053
224054
224055
224056
224057
224071
224072
224073
224074
224075
224076
224077
224078
224079
224080
224081
224094
224095
224096
224097
224098
224099
224100
224101
224102
224103
224104
224105
224117
224118
224119
224120
224121
224122
224123
224124
224125
224126
224127
224128
224129
224139
224140
224141
224142
224143
224144
224145
224146
224147
224148
224149
224150
224151
224152
224153
224162
224163
224164
224165
224166
224167
224168
224169
224170
224171
224172
224173
224174
224175
224176
224177
224183
224184
224185
224186
224187
224188
224189
224190
224191
224192
224193
224194
224195
224196
224197
224198
224199
224200
224201
224208
224209
224210
224211
224212
224213
224214
224215
224216
224217
224218
224219
224220
224221
224222
224223
224224
224225
224233
224234
224235
224236
224237
224238
224239
224240
224241
224242
224243
224244
224245
224246
224247
224248
224249
224258
224259
224260
224261
224262
224263
224264
224265
224266
224267
224268
224269
224270
224271
224272
224273
224297
224299
224300
224301
224302
224303
224304
224305
224306
224307
224308
224309
224310
224311
224312
224313
224314
224331
224332
224334
224335
224336
224337
224338
224339
224340
224341
224342
224343
224344
224345
224346
224347
224348
224349
224350
224351
224352
224353
224364
224365
224366
224367
224368
224369
224370
224371
224372
224373
224374
224375
224376
224377
224388
224389
224390
224391
224392
224393
224394
224395
224396
224397
224398
224399
224400
224401
224413
224414
224415
224416
224417
224418
224419
224420
224421
224422
224423
224424
224425
224438
224439
224440
224441
224442
224443
224444
224445
224446
224447
224448
224449
224463
224464
224465
224466
224467
224468
224469
224470
224471
224472
224473
224488
224489
224490
224491
224492
224493
224494
224495
224496
224497
224512
224513
224514
224515
224516
224517
224518
224519
224520
224521
224536
224538
224539
224540
224541
224542
224543
224544
224545
224567
224568
224569
225300
225301
225302
225321
225322
225323
225324
225325
225326
225327
225328
225329
225330
225331
225332
225333
225334
225335
225336
225337
225338
225339
225340
225341
227290
227309
227310
227311
227312
227328
227329
227330
227331
227332
227333
227334
227335
227336
227337
227338
227340
227341
227342
227343
227344
227347
227348
227349
227350
227351
227352
227353
227354
227355
227356
227357
227358
227359
227360
227361
227362
227363
227364
227365
227366
227367
227368
227369
227370
227371
227372
227373
227374
227375
227376
227377
227378
227379
227380
227381
227382
227383
227384
227385
227386
227387
227388
227389
227390
227391
227392
227393
227394
227395
227396
227397
227398
227399
227400
227401
227402
227403
227404
227405
227406
227407
227408
227409
227410
227411
227412
227413
227414
227415
227416
227417
227418
227419
227420
227421
227422
227423
227424
227425
227426
227427
227428
227429
227430
227431
227432
227433
227434
227435
227436
227437
227438
227439
227440
227441
227442
227443
227444
227445
227446
227447
227448
227449
227450
227451
227452
227453
227454
227455
227456
227457
227458
227459
227460
227461
227462
227463
227464
227465
227466
227467
227468
227469
227470
227471
227472
227473
227474
227475
227476
227477
227478
227479
227480
227481
227482
227483
227484
227485
227486
227487
227488
227489
227490
227491
227492
227493
227494
227495
227496
227497
227498
227499
227500
227501
227502
227503
227504
227505
227506
227507
227508
227509
227510
227511
227512
227513
227514
227515
227516
227517
227518
227519
227520
227521
227522
227523
227524
227525
227526
227527
227528
227529
227530
227531
227532
227533
227534
227535
227536
227597
227598
227599
227600
227601
227602
227603
227605
227606
227607
227608
227609
227610
227611
227612
227613
227614
227615
227616
227617
227618
227626
227628
227629
227630
227631
227633
227634
227635
227636
227637
227638
227639
227640
227641
227642
227643
227644
227645
238103
238125
238126
238127
238145
238146
238147
238148
238149
238150
238151
238169
238170
238171
238172
238173
238174
238175
238193
238194
238195
238196
238197
238198
238199
238217
238218
238219
238220
238221
238222
238223
238241
238242
238243
238244
238245
238246
238247
238265
238266
238267
238268
238269
238270
238271
238289
238290
238291
238292
238293
238294
238295
238313
238314
238315
238316
238317
238318
238319
238337
238338
238339
238340
238341
238342
238343
238454
238455
238456
238457
238458
238459
238460
238468
238469
238472
238473
238474
238475
238476
238477
238478
238479
238480
238481
238482
238499
238500
238501
238502
238503
238504
238505
238506
238507
238523
238524
238525
238526
238527
238528
238529
238530
238531
238547
238548
238549
238550
238551
238552
238553
238554
238555
238571
238572
238573
238574
238575
238576
238577
238578
238579
238595
238596
238597
238598
238599
238600
238601
238602
238603
238619
238620
238621
238622
238623
238624
238625
238626
238627
238643
238644
238645
238646
238647
238648
238649
238650
238651
238667
238668
238669
238670
238671
238672
238673
238674
238675
238690
238691
238692
238693
238694
238695
238696
238697
238698
238699
238714
238715
238716
238717
238718
238719
238720
238721
238722
238723
238737
238738
238739
238740
238741
238742
238743
238744
238745
238746
238747
238760
238761
238762
238763
238764
238765
238766
238767
238768
238769
238770
238771
238783
238784
238785
238786
238787
238788
238789
238790
238791
238792
238793
238794
238795
238805
238806
238807
238808
238809
238810
238811
238812
238813
238814
238815
238816
238817
238818
238819
238828
238829
238830
238831
238832
238833
238834
238835
238836
238837
238838
238839
238840
238841
238842
238843
238849
238850
238851
238852
238853
238854
238855
238856
238857
238858
238859
238860
238861
238862
238863
238864
238865
238866
238867
238874
238875
238876
238877
238878
238879
238880
238881
238882
238883
238884
238885
238886
238887
238888
238889
238890
238891
238899
238900
238901
238902
238903
238904
238905
238906
238907
238908
238909
238910
238911
238912
238913
238914
238915
238923
238924
238925
238926
238927
238928
238929
238930
238931
238932
238933
238934
238935
238936
238937
238938
238939
238966
238968
238970
238971
238972
238973
238974
238975
238976
238977
238978
238979
238980
238981
238982
238983
238984
238985
238986
238987
238988
239009
239010
239011
239012
239013
239014
239015
239016
239017
239018
239019
239020
239021
239022
239023
239024
239025
239026
239027
239028
239029
239030
239031
239032
239033
239034
239035
239036
239037
239038
239049
239050
239051
239052
239053
239054
239055
239056
239057
239058
239059
239060
239061
239062
239063
239074
239075
239076
239077
239078
239079
239080
239081
239082
239083
239084
239085
239086
239087
239099
239100
239101
239102
239103
239104
239105
239106
239107
239108
239109
239110
239111
239124
239125
239126
239127
239128
239129
239130
239131
239132
239133
239134
239135
239148
239149
239150
239151
239152
239153
239154
239155
239156
239157
239158
239159
239173
239174
239175
239176
239177
239178
239179
239180
239181
239182
239183
239198
239199
239200
239201
239202
239203
239204
239205
239206
239207
239222
239223
239224
239225
239226
239227
239228
239229
239230
239231
239251
239252
239253
239254
239255
239989
239990
240010
240011
240012
240013
240014
240015
240016
240017
240018
240019
240020
240021
240022
240023
240024
240025
240026
240027
240028
240029
240030
240031
240033
240034
242039
242057
242058
242059
242076
242077
242078
242079
242080
242081
242082
242083
242089
242090
242091
242095
242096
242097
242098
242099
242100
242101
242102
242103
242104
242105
242106
242107
242108
242109
242110
242111
242112
242114
242115
242116
242117
242118
242119
242120
242121
242122
242123
242124
242125
242126
242127
242128
242129
242130
242131
242132
242133
242134
242135
242136
242137
242138
242139
242140
242141
242142
242143
242144
242145
242146
242147
242148
242149
242150
242151
242152
242153
242154
242155
242156
242157
242158
242159
242160
242161
242162
242163
242164
242165
242166
242167
242168
242169
242170
242171
242172
242173
242174
242175
242176
242177
242178
242179
242180
242181
242182
242183
242184
242185
242186
242187
242188
242189
242190
242191
242192
242193
242194
242195
242196
242197
242198
242199
242200
242201
242202
242203
242204
242205
242206
242207
242208
242209
242210
242211
242212
242213
242214
242215
242216
242217
242218
242219
242220
242221
242222
242223
242224
242225
242226
242227
242228
242229
242230
242231
242232
242233
242234
242235
242236
242237
242238
242239
242240
242241
242242
242243
242244
242245
242246
242247
242248
242249
242250
242251
242252
242253
242254
242255
242256
242257
242258
242259
242260
242261
242262
242263
242264
242265
242266
242267
242268
242269
242270
242271
242272
242273
242274
242275
242276
242277
242278
242279
242280
242281
242282
242283
242284
242357
242358
242359
242360
242361
242362
242363
242365
242367
242368
242369
242370
242371
242372
242373
242374
242375
242376
242377
242378
242379
242380
242381
242382
242383
242393
242394
242395
242396
242400
242401
242402
242403
242404
242405
242406
242407
242408
242409
242410
242411
242412
242413
242414
242415
253133
253153
253154
253155
253156
253157
253175
253176
253177
253178
253179
253180
253181
253199
253200
253201
253202
253203
253204
253205
253223
253224
253225
253226
253227
253228
253229
253247
253248
253249
253250
253251
253252
253253
253271
253272
253273
253274
253275
253276
253277
253295
253296
253297
253298
253299
253300
253301
253319
253320
253321
253322
253323
253324
253325
253343
253344
253345
253346
253347
253348
253349
253367
253368
253369
253370
253371
253372
253373
253472
253473
253474
253475
253476
253477
253478
253479
253483
253484
253485
253487
253488
253489
253490
253491
253492
253493
253509
253510
253511
253512
253513
253514
253515
253516
253517
253533
253534
253535
253536
253537
253538
253539
253540
253541
253557
253558
253559
253560
253561
253562
253563
253564
253565
253581
253582
253583
253584
253585
253586
253587
253588
253589
253605
253606
253607
253608
253609
253610
253611
253612
253613
253629
253630
253631
253632
253633
253634
253635
253636
253637
253653
253654
253655
253656
253657
253658
253659
253660
253661
253677
253678
253679
253680
253681
253682
253683
253684
253685
253700
253701
253702
253703
253704
253705
253706
253707
253708
253709
253724
253725
253726
253727
253728
253729
253730
253731
253732
253733
253747
253748
253749
253750
253751
253752
253753
253754
253755
253756
253757
253770
253771
253772
253773
253774
253775
253776
253777
253778
253779
253780
253781
253793
253794
253795
253796
253797
253798
253799
253800
253801
253802
253803
253804
253805
253815
253816
253817
253818
253819
253820
253821
253822
253823
253824
253825
253826
253827
253828
253829
253838
253839
253840
253841
253842
253843
253844
253845
253846
253847
253848
253849
253850
253851
253852
253853
253859
253860
253861
253862
253863
253864
253865
253866
253867
253868
253869
253870
253871
253872
253873
253874
253875
253876
253877
253884
253885
253886
253887
253888
253889
253890
253891
253892
253893
253894
253895
253896
253897
253898
253899
253900
253901
253909
253910
253911
253912
253913
253914
253915
253916
253917
253918
253919
253920
253921
253922
253923
253924
253925
253934
253935
253936
253937
253938
253939
253940
253941
253942
253943
253944
253945
253946
253947
253948
253949
253973
253975
253976
253977
253978
253979
253980
253981
253982
253983
253984
253985
253986
253987
253988
253989
253990
254007
254008
254010
254011
254012
254013
254014
254015
254016
254017
254018
254019
254020
254021
254022
254023
254024
254025
254026
254027
254028
254029
254040
254041
254042
254043
254044
254045
254046
254047
254048
254049
254050
254051
254052
254053
254064
254065
254066
254067
254068
254069
254070
254071
254072
254073
254074
254075
254076
254077
254089
254090
254091
254092
254093
254094
254095
254096
254097
254098
254099
254100
254101
254114
254115
254116
254117
254118
254119
254120
254121
254122
254123
254124
254125
254139
254140
254141
254142
254143
254144
254145
254146
254147
254148
254149
254164
254165
254166
254167
254168
254169
254170
254171
254172
254173
254188
254189
254190
254191
254192
254193
254194
254195
254196
254197
254212
254214
254215
254216
254217
254218
254219
254220
254221
254243
254244
254245
254976
254977
254978
254997
254998
254999
255000
255001
255002
255003
255004
255005
255006
255007
255008
255009
255010
255011
255012
255013
255014
255015
255016
255017
256966
256967
256968
256985
256986
256987
256988
257004
257005
257006
257007
257008
257009
257010
257011
257012
257013
257014
257016
257017
257018
257019
257020
257023
257024
257025
257026
257027
257028
257029
257030
257031
257032
257033
257034
257035
257036
257037
257038
257039
257040
257041
257042
257043
257044
257045
257046
257047
257048
257049
257050
257051
257052
257053
257054
257055
257056
257057
257058
257059
257060
257061
257062
257063
257064
257065
257066
257067
257068
257069
257070
257071
257072
257073
257074
257075
257076
257077
257078
257079
257080
257081
257082
257083
257084
257085
257086
257087
257088
257089
257090
257091
257092
257093
257094
257095
257096
257097
257098
257099
257100
257101
257102
257103
257104
257105
257106
257107
257108
257109
257110
257111
257112
257113
257114
257115
257116
257117
257118
257119
257120
257121
257122
257123
257124
257125
257126
257127
257128
257129
257130
257131
257132
257133
257134
257135
257136
257137
257138
257139
257140
257141
257142
257143
257144
257145
257146
257147
257148
257149
257150
257151
257152
257153
257154
257155
257156
257157
257158
257159
257160
257161
257162
257163
257164
257165
257166
257167
257168
257169
257170
257171
257172
257173
257174
257175
257176
257177
257178
257179
257180
257181
257182
257183
257184
257185
257186
257187
257188
257189
257190
257191
257192
257193
257194
257195
257196
257197
257198
257199
257200
257201
257202
257203
257204
257205
257206
257207
257208
257209
257210
257211
257212
257273
257274
257275
257276
257277
257278
257279
257281
257282
257283
257284
257285
257286
257287
257288
257289
257290
257291
257292
257293
257294
257302
257304
257305
257306
257307
257309
257310
257311
257312
257313
257314
257315
257316
257317
257318
257319
257320
257321
267779
267801
267802
267803
267821
267822
267823
267824
267825
267826
267827
267845
267846
267847
267848
267849
267850
267851
267869
267870
267871
267872
267873
267874
267875
267893
267894
267895
267896
267897
267898
267899
267917
267918
267919
267920
267921
267922
267923
267941
267942
267943
267944
267945
267946
267947
267965
267966
267967
267968
267969
267970
267971
267989
267990
267991
267992
267993
267994
267995
268013
268014
268015
268016
268017
268018
268019
268130
268131
268132
268133
268134
268135
268136
268144
268145
268148
268149
268150
268151
268152
268153
268154
268155
268156
268157
268158
268175
268176
268177
268178
268179
268180
268181
268182
268183
268199
268200
268201
268202
268203
268204
268205
268206
268207
268223
268224
268225
268226
268227
268228
268229
268230
268231
268247
268248
268249
268250
268251
268252
268253
268254
268255
268271
268272
268273
268274
268275
268276
268277
268278
268279
268295
268296
268297
268298
268299
268300
268301
268302
268303
268319
268320
268321
268322
268323
268324
268325
268326
268327
268343
268344
268345
268346
268347
268348
268349
268350
268351
268366
268367
268368
268369
268370
268371
268372
268373
268374
268375
268390
268391
268392
268393
268394
268395
268396
268397
268398
268399
268413
268414
268415
268416
268417
268418
268419
268420
268421
268422
268423
268436
268437
268438
268439
268440
268441
268442
268443
268444
268445
268446
268447
268459
268460
268461
268462
268463
268464
268465
268466
268467
268468
268469
268470
268471
268481
268482
268483
268484
268485
268486
268487
268488
268489
268490
268491
268492
268493
268494
268495
268504
268505
268506
268507
268508
268509
268510
268511
268512
268513
268514
268515
268516
268517
268518
268519
268525
268526
268527
268528
268529
268530
268531
268532
268533
268534
268535
268536
268537
268538
268539
268540
268541
268542
268543
268550
268551
268552
268553
268554
268555
268556
268557
268558
268559
268560
268561
268562
268563
268564
268565
268566
268567
268575
268576
268577
268578
268579
268580
268581
268582
268583
268584
268585
268586
268587
268588
268589
268590
268591
268599
268600
268601
268602
268603
268604
268605
268606
268607
268608
268609
268610
268611
268612
268613
268614
268615
268642
268644
268646
268647
268648
268649
268650
268651
268652
268653
268654
268655
268656
268657
268658
268659
268660
268661
268662
268663
268664
268685
268686
268687
268688
268689
268690
268691
268692
268693
268694
268695
268696
268697
268698
268699
268700
268701
268702
268703
268704
268705
268706
268707
268708
268709
268710
268711
268712
268713
268714
268725
268726
268727
268728
268729
268730
268731
268732
268733
268734
268735
268736
268737
268738
268739
268750
268751
268752
268753
268754
268755
268756
268757
268758
268759
268760
268761
268762
268763
268775
268776
268777
268778
268779
268780
268781
268782
268783
268784
268785
268786
268787
268800
268801
268802
268803
268804
268805
268806
268807
268808
268809
268810
268811
268824
268825
268826
268827
268828
268829
268830
268831
268832
268833
268834
268835
268849
268850
268851
268852
268853
268854
268855
268856
268857
268858
268859
268874
268875
268876
268877
268878
268879
268880
268881
268882
268883
268898
268899
268900
268901
268902
268903
268904
268905
268906
268907
268927
268928
268929
268930
268931
269665
269666
269686
269687
269688
269689
269690
269691
269692
269693
269694
269695
269696
269697
269698
269699
269700
269701
269702
269703
269704
269705
269706
269707
269709
269710
271715
271733
271734
271735
271752
271753
271754
271755
271756
271757
271758
271759
271765
271766
271767
271771
271772
271773
271774
271775
271776
271777
271778
271779
271780
271781
271782
271783
271784
271785
271786
271787
271788
271790
271791
271792
271793
271794
271795
271796
271797
271798
271799
271800
271801
271802
271803
271804
271805
271806
271807
271808
271809
271810
271811
271812
271813
271814
271815
271816
271817
271818
271819
271820
271821
271822
271823
271824
271825
271826
271827
271828
271829
271830
271831
271832
271833
271834
271835
271836
271837
271838
271839
271840
271841
271842
271843
271844
271845
271846
271847
271848
271849
271850
271851
271852
271853
271854
271855
271856
271857
271858
271859
271860
271861
271862
271863
271864
271865
271866
271867
271868
271869
271870
271871
271872
271873
271874
271875
271876
271877
271878
271879
271880
271881
271882
271883
271884
271885
271886
271887
271888
271889
271890
271891
271892
271893
271894
271895
271896
271897
271898
271899
271900
271901
271902
271903
271904
271905
271906
271907
271908
271909
271910
271911
271912
271913
271914
271915
271916
271917
271918
271919
271920
271921
271922
271923
271924
271925
271926
271927
271928
271929
271930
271931
271932
271933
271934
271935
271936
271937
271938
271939
271940
271941
271942
271943
271944
271945
271946
271947
271948
271949
271950
271951
271952
271953
271954
271955
271956
271957
271958
271959
271960
272033
272034
272035
272036
272037
272038
272039
272041
272043
272044
272045
272046
272047
272048
272049
272050
272051
272052
272053
272054
272055
272056
272057
272058
272059
272069
272070
272071
272072
272076
272077
272078
272079
272080
272081
272082
272083
272084
272085
272086
272087
272088
272089
272090
272091
282809
282829
282830
282831
282832
282833
282851
282852
282853
282854
282855
282856
282857
282875
282876
282877
282878
282879
282880
282881
282899
282900
282901
282902
282903
282904
282905
282923
282924
282925
282926
282927
282928
282929
282947
282948
282949
282950
282951
282952
282953
282971
282972
282973
282974
282975
282976
282977
282995
282996
282997
282998
282999
283000
283001
283019
283020
283021
283022
283023
283024
283025
283043
283044
283045
283046
283047
283048
283049
283148
283149
283150
283151
283152
283153
283154
283155
283159
283160
283161
283163
283164
283165
283166
283167
283168
283169
283185
283186
283187
283188
283189
283190
283191
283192
283193
283209
283210
283211
283212
283213
283214
283215
283216
283217
283233
283234
283235
283236
283237
283238
283239
283240
283241
283257
283258
283259
283260
283261
283262
283263
283264
283265
283281
283282
283283
283284
283285
283286
283287
283288
283289
283305
283306
283307
283308
283309
283310
283311
283312
283313
283329
283330
283331
283332
283333
283334
283335
283336
283337
283353
283354
283355
283356
283357
283358
283359
283360
283361
283376
283377
283378
283379
283380
283381
283382
283383
283384
283385
283400
283401
283402
283403
283404
283405
283406
283407
283408
283409
283423
283424
283425
283426
283427
283428
283429
283430
283431
283432
283433
283446
283447
283448
283449
283450
283451
283452
283453
283454
283455
283456
283457
283469
283470
283471
283472
283473
283474
283475
283476
283477
283478
283479
283480
283481
283491
283492
283493
283494
283495
283496
283497
283498
283499
283500
283501
283502
283503
283504
283505
283514
283515
283516
283517
283518
283519
283520
283521
283522
283523
283524
283525
283526
283527
283528
283529
283535
283536
283537
283538
283539
283540
283541
283542
283543
283544
283545
283546
283547
283548
283549
283550
283551
283552
283553
283560
283561
283562
283563
283564
283565
283566
283567
283568
283569
283570
283571
283572
283573
283574
283575
283576
283577
283585
283586
283587
283588
283589
283590
283591
283592
283593
283594
283595
283596
283597
283598
283599
283600
283601
283610
283611
283612
283613
283614
283615
283616
283617
283618
283619
283620
283621
283622
283623
283624
283625
283649
283651
283652
283653
283654
283655
283656
283657
283658
283659
283660
283661
283662
283663
283664
283665
283666
283683
283684
283686
283687
283688
283689
283690
283691
283692
283693
283694
283695
283696
283697
283698
283699
283700
283701
283702
283703
283704
283705
283716
283717
283718
283719
283720
283721
283722
283723
283724
283725
283726
283727
283728
283729
283740
283741
283742
283743
283744
283745
283746
283747
283748
283749
283750
283751
283752
283753
283765
283766
283767
283768
283769
283770
283771
283772
283773
283774
283775
283776
283777
283790
283791
283792
283793
283794
283795
283796
283797
283798
283799
283800
283801
283815
283816
283817
283818
283819
283820
283821
283822
283823
283824
283825
283840
283841
283842
283843
283844
283845
283846
283847
283848
283849
283864
283865
283866
283867
283868
283869
283870
283871
283872
283873
283888
283890
283891
283892
283893
283894
283895
283896
283897
283919
283920
283921
284652
284653
284654
284673
284674
284675
284676
284677
284678
284679
284680
284681
284682
284683
284684
284685
284686
284687
284688
284689
284690
284691
284692
284693
286642
286643
286644
286661
286662
286663
286664
286665
286680
286681
286682
286683
286684
286685
286686
286687
286688
286689
286690
286692
286693
286694
286695
286696
286699
286700
286701
286702
286703
286704
286705
286706
286707
286708
286709
286710
286711
286712
286713
286714
286715
286716
286717
286718
286719
286720
286721
286722
286723
286724
286725
286726
286727
286728
286729
286730
286731
286732
286733
286734
286735
286736
286737
286738
286739
286740
286741
286742
286743
286744
286745
286746
286747
286748
286749
286750
286751
286752
286753
286754
286755
286756
286757
286758
286759
286760
286761
286762
286763
286764
286765
286766
286767
286768
286769
286770
286771
286772
286773
286774
286775
286776
286777
286778
286779
286780
286781
286782
286783
286784
286785
286786
286787
286788
286789
286790
286791
286792
286793
286794
286795
286796
286797
286798
286799
286800
286801
286802
286803
286804
286805
286806
286807
286808
286809
286810
286811
286812
286813
286814
286815
286816
286817
286818
286819
286820
286821
286822
286823
286824
286825
286826
286827
286828
286829
286830
286831
286832
286833
286834
286835
286836
286837
286838
286839
286840
286841
286842
286843
286844
286845
286846
286847
286848
286849
286850
286851
286852
286853
286854
286855
286856
286857
286858
286859
286860
286861
286862
286863
286864
286865
286866
286867
286868
286869
286870
286871
286872
286873
286874
286875
286876
286877
286878
286879
286880
286881
286882
286883
286884
286885
286886
286887
286888
286949
286950
286951
286952
286953
286954
286955
286957
286958
286959
286960
286961
286962
286963
286964
286965
286966
286967
286968
286969
286970
286978
286980
286981
286982
286983
286985
286986
286987
286988
286989
286990
286991
286992
286993
286994
286995
286996
286997
)


// ************************************************************************* //
