/*--------------------------------*- C++ -*----------------------------------*\
  =========                 |
  \\      /  F ield         | OpenFOAM: The Open Source CFD Toolbox
   \\    /   O peration     | Website:  https://openfoam.org
    \\  /    A nd           | Version:  8
     \\/     M anipulation  |
\*---------------------------------------------------------------------------*/
/*   Windows 32 and 64 bit porting by blueCAPE: http://www.bluecape.com.pt   *\
|  Based on Windows porting (2.0.x v4) by Symscape: http://www.symscape.com   |
\*---------------------------------------------------------------------------*/
FoamFile
{
    version     2.0;
    format      ascii;
    class       labelList;
    location    "constant/tower/polyMesh";
    object      pointProcAddressing;
}
// * * * * * * * * * * * * * * * * * * * * * * * * * * * * * * * * * * * * * //


8681
(
721
722
723
743
744
745
746
747
748
766
767
768
769
770
771
772
773
791
792
793
794
795
796
797
798
816
817
818
819
820
821
822
823
841
842
843
844
845
846
847
848
866
867
868
869
870
871
872
873
891
892
893
894
895
896
897
898
916
917
918
919
920
921
922
923
941
942
943
944
945
946
947
948
966
967
968
969
970
971
972
973
991
992
993
994
995
996
997
998
1109
1110
1111
1112
1113
1114
1115
1116
1120
1121
1122
1123
1124
1125
1126
1127
1128
1129
1130
1131
1132
1133
1163
1164
1165
1166
1167
1168
1169
1170
1171
1172
1173
1174
1175
1176
1177
1178
1179
1180
1181
1182
1198
1199
1200
1201
1202
1203
1204
1205
1206
1207
1223
1224
1225
1226
1227
1228
1229
1230
1231
1232
1248
1249
1250
1251
1252
1253
1254
1255
1256
1257
1273
1274
1275
1276
1277
1278
1279
1280
1281
1282
1298
1299
1300
1301
1302
1303
1304
1305
1306
1307
1323
1324
1325
1326
1327
1328
1329
1330
1331
1332
1347
1348
1349
1350
1351
1352
1353
1354
1355
1356
1357
1372
1373
1374
1375
1376
1377
1378
1379
1380
1381
1382
1396
1397
1398
1399
1400
1401
1402
1403
1404
1405
1406
1407
1420
1421
1422
1423
1424
1425
1426
1427
1428
1429
1430
1431
1432
1444
1445
1446
1447
1448
1449
1450
1451
1452
1453
1454
1455
1456
1457
1467
1468
1469
1470
1471
1472
1473
1474
1475
1476
1477
1478
1479
1480
1481
1482
1491
1492
1493
1494
1495
1496
1497
1498
1499
1500
1501
1502
1503
1504
1505
1506
1507
1513
1514
1515
1516
1517
1518
1519
1520
1521
1522
1523
1524
1525
1526
1527
1528
1529
1530
1531
1532
1538
1539
1540
1541
1542
1543
1544
1545
1546
1547
1548
1549
1550
1551
1552
1553
1554
1555
1556
1557
1564
1565
1566
1567
1568
1569
1570
1571
1572
1573
1574
1575
1576
1577
1578
1579
1580
1581
1582
1590
1591
1592
1593
1594
1595
1596
1597
1598
1599
1600
1601
1602
1603
1604
1605
1606
1607
1616
1617
1618
1619
1620
1621
1622
1623
1624
1625
1626
1627
1628
1629
1630
1631
1632
1644
1645
1646
1647
1648
1649
1650
1651
1652
1653
1654
1675
1676
1677
1678
1679
1680
1681
1682
1683
1684
1685
1686
1687
1688
1689
1690
1691
1692
1693
1694
1695
1696
1697
1698
1699
1700
1719
1720
1721
1722
1723
1724
1725
1726
1727
1728
1729
1730
1731
1732
1733
1734
1735
1736
1737
1738
1739
1740
1741
1742
1743
1744
1745
1746
1747
1748
1749
1760
1761
1762
1763
1764
1765
1766
1767
1768
1769
1770
1771
1772
1773
1774
1786
1787
1788
1789
1790
1791
1792
1793
1794
1795
1796
1797
1798
1799
1812
1813
1814
1815
1816
1817
1818
1819
1820
1821
1822
1823
1824
1838
1839
1840
1841
1842
1843
1844
1845
1846
1847
1848
1849
1863
1864
1865
1866
1867
1868
1869
1870
1871
1872
1873
1874
1889
1890
1891
1892
1893
1894
1895
1896
1897
1898
1899
1914
1915
1916
1917
1918
1919
1920
1921
1922
1923
1924
1945
1946
1947
1948
1949
2721
2722
2723
2724
2725
2726
2727
2728
2729
2730
2731
4687
4689
4690
4707
4708
4709
4710
4711
4712
4713
4714
4715
4716
4717
4718
4719
4720
4721
4722
4727
4728
4729
4730
4731
4732
4733
4734
4735
4736
4737
4738
4739
4740
4741
4742
4743
4744
4745
4747
4748
4749
4750
4751
4752
4753
4754
4755
4756
4757
4758
4759
4760
4761
4762
4763
4764
4765
4766
4767
4768
4769
4770
4771
4772
4773
4774
4775
4776
4777
4778
4779
4780
4781
4782
4783
4784
4785
4786
4787
4788
4789
4790
4791
4792
4793
4794
4795
4796
4797
4798
4799
4800
4801
4802
4803
4804
4805
4806
4807
4808
4809
4810
4811
4812
4813
4814
4815
4816
4817
4818
4819
4820
4821
4822
4823
4824
4825
4826
4827
4828
4829
4830
4831
4832
4833
4834
4835
4836
4837
4838
4839
4840
4841
4842
4843
4844
4845
4846
4847
4848
4849
4850
4851
4852
4853
4854
4855
4856
4857
4858
4859
4860
4861
4862
4863
4864
4865
4866
4867
4868
4869
4870
4871
4872
4873
4874
4875
4876
4877
4878
4879
4880
4881
4882
4883
4884
4885
4886
4887
4888
4889
4890
4891
4892
4893
4894
4895
4896
4897
4898
4899
4900
4901
4902
4903
4904
4905
4906
4907
4908
4909
4910
4911
4912
4913
4914
4915
4916
4917
4918
4919
4920
4921
4922
4923
4924
4925
4926
4927
4928
4929
4930
4931
4932
4933
4934
4935
4936
4937
4938
4939
4940
4941
4942
4943
4944
4945
4946
4947
15565
15566
15567
15587
15588
15589
15590
15591
15592
15610
15611
15612
15613
15614
15615
15616
15617
15635
15636
15637
15638
15639
15640
15641
15642
15660
15661
15662
15663
15664
15665
15666
15667
15685
15686
15687
15688
15689
15690
15691
15692
15710
15711
15712
15713
15714
15715
15716
15717
15735
15736
15737
15738
15739
15740
15741
15742
15760
15761
15762
15763
15764
15765
15766
15767
15785
15786
15787
15788
15789
15790
15791
15792
15810
15811
15812
15813
15814
15815
15816
15817
15835
15836
15837
15838
15839
15840
15841
15842
15953
15954
15955
15956
15957
15958
15959
15960
15964
15965
15966
15967
15968
15969
15970
15971
15972
15973
15974
15975
15976
15977
16007
16008
16009
16010
16011
16012
16013
16014
16015
16016
16017
16018
16019
16020
16021
16022
16023
16024
16025
16026
16042
16043
16044
16045
16046
16047
16048
16049
16050
16051
16067
16068
16069
16070
16071
16072
16073
16074
16075
16076
16092
16093
16094
16095
16096
16097
16098
16099
16100
16101
16117
16118
16119
16120
16121
16122
16123
16124
16125
16126
16142
16143
16144
16145
16146
16147
16148
16149
16150
16151
16167
16168
16169
16170
16171
16172
16173
16174
16175
16176
16191
16192
16193
16194
16195
16196
16197
16198
16199
16200
16201
16216
16217
16218
16219
16220
16221
16222
16223
16224
16225
16226
16240
16241
16242
16243
16244
16245
16246
16247
16248
16249
16250
16251
16264
16265
16266
16267
16268
16269
16270
16271
16272
16273
16274
16275
16276
16288
16289
16290
16291
16292
16293
16294
16295
16296
16297
16298
16299
16300
16301
16311
16312
16313
16314
16315
16316
16317
16318
16319
16320
16321
16322
16323
16324
16325
16326
16335
16336
16337
16338
16339
16340
16341
16342
16343
16344
16345
16346
16347
16348
16349
16350
16351
16357
16358
16359
16360
16361
16362
16363
16364
16365
16366
16367
16368
16369
16370
16371
16372
16373
16374
16375
16376
16382
16383
16384
16385
16386
16387
16388
16389
16390
16391
16392
16393
16394
16395
16396
16397
16398
16399
16400
16401
16408
16409
16410
16411
16412
16413
16414
16415
16416
16417
16418
16419
16420
16421
16422
16423
16424
16425
16426
16434
16435
16436
16437
16438
16439
16440
16441
16442
16443
16444
16445
16446
16447
16448
16449
16450
16451
16460
16461
16462
16463
16464
16465
16466
16467
16468
16469
16470
16471
16472
16473
16474
16475
16476
16488
16489
16490
16491
16492
16493
16494
16495
16496
16497
16498
16519
16520
16521
16522
16523
16524
16525
16526
16527
16528
16529
16530
16531
16532
16533
16534
16535
16536
16537
16538
16539
16540
16541
16542
16543
16544
16563
16564
16565
16566
16567
16568
16569
16570
16571
16572
16573
16574
16575
16576
16577
16578
16579
16580
16581
16582
16583
16584
16585
16586
16587
16588
16589
16590
16591
16592
16593
16604
16605
16606
16607
16608
16609
16610
16611
16612
16613
16614
16615
16616
16617
16618
16630
16631
16632
16633
16634
16635
16636
16637
16638
16639
16640
16641
16642
16643
16656
16657
16658
16659
16660
16661
16662
16663
16664
16665
16666
16667
16668
16682
16683
16684
16685
16686
16687
16688
16689
16690
16691
16692
16693
16707
16708
16709
16710
16711
16712
16713
16714
16715
16716
16717
16718
16733
16734
16735
16736
16737
16738
16739
16740
16741
16742
16743
16758
16759
16760
16761
16762
16763
16764
16765
16766
16767
16768
16789
16790
16791
16792
16793
17565
17566
17567
17568
17569
17570
17571
17572
17573
17574
17575
19531
19533
19534
19551
19552
19553
19554
19555
19556
19557
19558
19559
19560
19561
19562
19563
19564
19565
19566
19571
19572
19573
19574
19575
19576
19577
19578
19579
19580
19581
19582
19583
19584
19585
19586
19587
19588
19589
19591
19592
19593
19594
19595
19596
19597
19598
19599
19600
19601
19602
19603
19604
19605
19606
19607
19608
19609
19610
19611
19612
19613
19614
19615
19616
19617
19618
19619
19620
19621
19622
19623
19624
19625
19626
19627
19628
19629
19630
19631
19632
19633
19634
19635
19636
19637
19638
19639
19640
19641
19642
19643
19644
19645
19646
19647
19648
19649
19650
19651
19652
19653
19654
19655
19656
19657
19658
19659
19660
19661
19662
19663
19664
19665
19666
19667
19668
19669
19670
19671
19672
19673
19674
19675
19676
19677
19678
19679
19680
19681
19682
19683
19684
19685
19686
19687
19688
19689
19690
19691
19692
19693
19694
19695
19696
19697
19698
19699
19700
19701
19702
19703
19704
19705
19706
19707
19708
19709
19710
19711
19712
19713
19714
19715
19716
19717
19718
19719
19720
19721
19722
19723
19724
19725
19726
19727
19728
19729
19730
19731
19732
19733
19734
19735
19736
19737
19738
19739
19740
19741
19742
19743
19744
19745
19746
19747
19748
19749
19750
19751
19752
19753
19754
19755
19756
19757
19758
19759
19760
19761
19762
19763
19764
19765
19766
19767
19768
19769
19770
19771
19772
19773
19774
19775
19776
19777
19778
19779
19780
19781
19782
19783
19784
19785
19786
19787
19788
19789
19790
19791
30409
30410
30411
30431
30432
30433
30434
30435
30436
30454
30455
30456
30457
30458
30459
30460
30461
30479
30480
30481
30482
30483
30484
30485
30486
30504
30505
30506
30507
30508
30509
30510
30511
30529
30530
30531
30532
30533
30534
30535
30536
30554
30555
30556
30557
30558
30559
30560
30561
30579
30580
30581
30582
30583
30584
30585
30586
30604
30605
30606
30607
30608
30609
30610
30611
30629
30630
30631
30632
30633
30634
30635
30636
30654
30655
30656
30657
30658
30659
30660
30661
30679
30680
30681
30682
30683
30684
30685
30686
30797
30798
30799
30800
30801
30802
30803
30804
30808
30809
30810
30811
30812
30813
30814
30815
30816
30817
30818
30819
30820
30821
30851
30852
30853
30854
30855
30856
30857
30858
30859
30860
30861
30862
30863
30864
30865
30866
30867
30868
30869
30870
30886
30887
30888
30889
30890
30891
30892
30893
30894
30895
30911
30912
30913
30914
30915
30916
30917
30918
30919
30920
30936
30937
30938
30939
30940
30941
30942
30943
30944
30945
30961
30962
30963
30964
30965
30966
30967
30968
30969
30970
30986
30987
30988
30989
30990
30991
30992
30993
30994
30995
31011
31012
31013
31014
31015
31016
31017
31018
31019
31020
31035
31036
31037
31038
31039
31040
31041
31042
31043
31044
31045
31060
31061
31062
31063
31064
31065
31066
31067
31068
31069
31070
31084
31085
31086
31087
31088
31089
31090
31091
31092
31093
31094
31095
31108
31109
31110
31111
31112
31113
31114
31115
31116
31117
31118
31119
31120
31132
31133
31134
31135
31136
31137
31138
31139
31140
31141
31142
31143
31144
31145
31155
31156
31157
31158
31159
31160
31161
31162
31163
31164
31165
31166
31167
31168
31169
31170
31179
31180
31181
31182
31183
31184
31185
31186
31187
31188
31189
31190
31191
31192
31193
31194
31195
31201
31202
31203
31204
31205
31206
31207
31208
31209
31210
31211
31212
31213
31214
31215
31216
31217
31218
31219
31220
31226
31227
31228
31229
31230
31231
31232
31233
31234
31235
31236
31237
31238
31239
31240
31241
31242
31243
31244
31245
31252
31253
31254
31255
31256
31257
31258
31259
31260
31261
31262
31263
31264
31265
31266
31267
31268
31269
31270
31278
31279
31280
31281
31282
31283
31284
31285
31286
31287
31288
31289
31290
31291
31292
31293
31294
31295
31304
31305
31306
31307
31308
31309
31310
31311
31312
31313
31314
31315
31316
31317
31318
31319
31320
31332
31333
31334
31335
31336
31337
31338
31339
31340
31341
31342
31363
31364
31365
31366
31367
31368
31369
31370
31371
31372
31373
31374
31375
31376
31377
31378
31379
31380
31381
31382
31383
31384
31385
31386
31387
31388
31407
31408
31409
31410
31411
31412
31413
31414
31415
31416
31417
31418
31419
31420
31421
31422
31423
31424
31425
31426
31427
31428
31429
31430
31431
31432
31433
31434
31435
31436
31437
31448
31449
31450
31451
31452
31453
31454
31455
31456
31457
31458
31459
31460
31461
31462
31474
31475
31476
31477
31478
31479
31480
31481
31482
31483
31484
31485
31486
31487
31500
31501
31502
31503
31504
31505
31506
31507
31508
31509
31510
31511
31512
31526
31527
31528
31529
31530
31531
31532
31533
31534
31535
31536
31537
31551
31552
31553
31554
31555
31556
31557
31558
31559
31560
31561
31562
31577
31578
31579
31580
31581
31582
31583
31584
31585
31586
31587
31602
31603
31604
31605
31606
31607
31608
31609
31610
31611
31612
31633
31634
31635
31636
31637
32409
32410
32411
32412
32413
32414
32415
32416
32417
32418
32419
34375
34377
34378
34395
34396
34397
34398
34399
34400
34401
34402
34403
34404
34405
34406
34407
34408
34409
34410
34415
34416
34417
34418
34419
34420
34421
34422
34423
34424
34425
34426
34427
34428
34429
34430
34431
34432
34433
34435
34436
34437
34438
34439
34440
34441
34442
34443
34444
34445
34446
34447
34448
34449
34450
34451
34452
34453
34454
34455
34456
34457
34458
34459
34460
34461
34462
34463
34464
34465
34466
34467
34468
34469
34470
34471
34472
34473
34474
34475
34476
34477
34478
34479
34480
34481
34482
34483
34484
34485
34486
34487
34488
34489
34490
34491
34492
34493
34494
34495
34496
34497
34498
34499
34500
34501
34502
34503
34504
34505
34506
34507
34508
34509
34510
34511
34512
34513
34514
34515
34516
34517
34518
34519
34520
34521
34522
34523
34524
34525
34526
34527
34528
34529
34530
34531
34532
34533
34534
34535
34536
34537
34538
34539
34540
34541
34542
34543
34544
34545
34546
34547
34548
34549
34550
34551
34552
34553
34554
34555
34556
34557
34558
34559
34560
34561
34562
34563
34564
34565
34566
34567
34568
34569
34570
34571
34572
34573
34574
34575
34576
34577
34578
34579
34580
34581
34582
34583
34584
34585
34586
34587
34588
34589
34590
34591
34592
34593
34594
34595
34596
34597
34598
34599
34600
34601
34602
34603
34604
34605
34606
34607
34608
34609
34610
34611
34612
34613
34614
34615
34616
34617
34618
34619
34620
34621
34622
34623
34624
34625
34626
34627
34628
34629
34630
34631
34632
34633
34634
34635
45253
45254
45255
45275
45276
45277
45278
45279
45280
45298
45299
45300
45301
45302
45303
45304
45305
45323
45324
45325
45326
45327
45328
45329
45330
45348
45349
45350
45351
45352
45353
45354
45355
45373
45374
45375
45376
45377
45378
45379
45380
45398
45399
45400
45401
45402
45403
45404
45405
45423
45424
45425
45426
45427
45428
45429
45430
45448
45449
45450
45451
45452
45453
45454
45455
45473
45474
45475
45476
45477
45478
45479
45480
45498
45499
45500
45501
45502
45503
45504
45505
45523
45524
45525
45526
45527
45528
45529
45530
45641
45642
45643
45644
45645
45646
45647
45648
45652
45653
45654
45655
45656
45657
45658
45659
45660
45661
45662
45663
45664
45665
45695
45696
45697
45698
45699
45700
45701
45702
45703
45704
45705
45706
45707
45708
45709
45710
45711
45712
45713
45714
45730
45731
45732
45733
45734
45735
45736
45737
45738
45739
45755
45756
45757
45758
45759
45760
45761
45762
45763
45764
45780
45781
45782
45783
45784
45785
45786
45787
45788
45789
45805
45806
45807
45808
45809
45810
45811
45812
45813
45814
45830
45831
45832
45833
45834
45835
45836
45837
45838
45839
45855
45856
45857
45858
45859
45860
45861
45862
45863
45864
45879
45880
45881
45882
45883
45884
45885
45886
45887
45888
45889
45904
45905
45906
45907
45908
45909
45910
45911
45912
45913
45914
45928
45929
45930
45931
45932
45933
45934
45935
45936
45937
45938
45939
45952
45953
45954
45955
45956
45957
45958
45959
45960
45961
45962
45963
45964
45976
45977
45978
45979
45980
45981
45982
45983
45984
45985
45986
45987
45988
45989
45999
46000
46001
46002
46003
46004
46005
46006
46007
46008
46009
46010
46011
46012
46013
46014
46023
46024
46025
46026
46027
46028
46029
46030
46031
46032
46033
46034
46035
46036
46037
46038
46039
46046
46047
46048
46049
46050
46051
46052
46053
46054
46055
46056
46057
46058
46059
46060
46061
46062
46063
46064
46071
46072
46073
46074
46075
46076
46077
46078
46079
46080
46081
46082
46083
46084
46085
46086
46087
46088
46089
46096
46097
46098
46099
46100
46101
46102
46103
46104
46105
46106
46107
46108
46109
46110
46111
46112
46113
46114
46122
46123
46124
46125
46126
46127
46128
46129
46130
46131
46132
46133
46134
46135
46136
46137
46138
46139
46148
46149
46150
46151
46152
46153
46154
46155
46156
46157
46158
46159
46160
46161
46162
46163
46164
46176
46177
46178
46179
46180
46181
46182
46183
46184
46185
46186
46207
46208
46209
46210
46211
46212
46213
46214
46215
46216
46217
46218
46219
46220
46221
46222
46223
46224
46225
46226
46227
46228
46229
46230
46231
46232
46251
46252
46253
46254
46255
46256
46257
46258
46259
46260
46261
46262
46263
46264
46265
46266
46267
46268
46269
46270
46271
46272
46273
46274
46275
46276
46277
46278
46279
46280
46281
46292
46293
46294
46295
46296
46297
46298
46299
46300
46301
46302
46303
46304
46305
46306
46318
46319
46320
46321
46322
46323
46324
46325
46326
46327
46328
46329
46330
46331
46344
46345
46346
46347
46348
46349
46350
46351
46352
46353
46354
46355
46356
46370
46371
46372
46373
46374
46375
46376
46377
46378
46379
46380
46381
46396
46397
46398
46399
46400
46401
46402
46403
46404
46405
46406
46421
46422
46423
46424
46425
46426
46427
46428
46429
46430
46431
46448
46449
46450
46451
46452
46453
46454
46455
46456
46477
46478
46479
46480
46481
47253
47254
47255
47256
47257
47258
47259
47260
47261
47262
47263
49219
49221
49222
49239
49240
49241
49242
49243
49244
49245
49246
49247
49248
49249
49251
49252
49253
49254
49255
49259
49260
49261
49262
49263
49264
49265
49266
49267
49268
49269
49270
49271
49272
49273
49274
49275
49276
49277
49279
49280
49281
49282
49283
49284
49285
49286
49287
49288
49289
49290
49291
49292
49293
49294
49295
49296
49297
49298
49299
49300
49301
49302
49303
49304
49305
49306
49307
49308
49309
49310
49311
49312
49313
49314
49315
49316
49317
49318
49319
49320
49321
49322
49323
49324
49325
49326
49327
49328
49329
49330
49331
49332
49333
49334
49335
49336
49337
49338
49339
49340
49341
49342
49343
49344
49345
49346
49347
49348
49349
49350
49351
49352
49353
49354
49355
49356
49357
49358
49359
49360
49361
49362
49363
49364
49365
49366
49367
49368
49369
49370
49371
49372
49373
49374
49375
49376
49377
49378
49379
49380
49381
49382
49383
49384
49385
49386
49387
49388
49389
49390
49391
49392
49393
49394
49395
49396
49397
49398
49399
49400
49401
49402
49403
49404
49405
49406
49407
49408
49409
49410
49411
49412
49413
49414
49415
49416
49417
49418
49419
49420
49421
49422
49423
49424
49425
49426
49427
49428
49429
49430
49431
49432
49433
49434
49435
49436
49437
49438
49439
49440
49441
49442
49443
49444
49445
49446
49447
49448
49449
49450
49451
49452
49453
49454
49455
49456
49457
49458
49459
49460
49461
49462
49463
49464
49465
49466
49467
49468
49469
49470
49471
49472
49473
49474
49475
49476
49477
49478
49479
60097
60098
60099
60119
60120
60121
60122
60123
60124
60142
60143
60144
60145
60146
60147
60148
60149
60167
60168
60169
60170
60171
60172
60173
60174
60192
60193
60194
60195
60196
60197
60198
60199
60217
60218
60219
60220
60221
60222
60223
60224
60242
60243
60244
60245
60246
60247
60248
60249
60267
60268
60269
60270
60271
60272
60273
60274
60292
60293
60294
60295
60296
60297
60298
60299
60317
60318
60319
60320
60321
60322
60323
60324
60342
60343
60344
60345
60346
60347
60348
60349
60367
60368
60369
60370
60371
60372
60373
60374
60485
60486
60487
60488
60489
60490
60491
60492
60496
60497
60498
60499
60500
60501
60502
60503
60504
60505
60506
60507
60508
60509
60539
60540
60541
60542
60543
60544
60545
60546
60547
60548
60549
60550
60551
60552
60553
60554
60555
60556
60557
60558
60574
60575
60576
60577
60578
60579
60580
60581
60582
60583
60599
60600
60601
60602
60603
60604
60605
60606
60607
60608
60624
60625
60626
60627
60628
60629
60630
60631
60632
60633
60649
60650
60651
60652
60653
60654
60655
60656
60657
60658
60674
60675
60676
60677
60678
60679
60680
60681
60682
60683
60699
60700
60701
60702
60703
60704
60705
60706
60707
60708
60723
60724
60725
60726
60727
60728
60729
60730
60731
60732
60733
60748
60749
60750
60751
60752
60753
60754
60755
60756
60757
60758
60772
60773
60774
60775
60776
60777
60778
60779
60780
60781
60782
60783
60796
60797
60798
60799
60800
60801
60802
60803
60804
60805
60806
60807
60808
60820
60821
60822
60823
60824
60825
60826
60827
60828
60829
60830
60831
60832
60833
60843
60844
60845
60846
60847
60848
60849
60850
60851
60852
60853
60854
60855
60856
60857
60858
60867
60868
60869
60870
60871
60872
60873
60874
60875
60876
60877
60878
60879
60880
60881
60882
60883
60890
60891
60892
60893
60894
60895
60896
60897
60898
60899
60900
60901
60902
60903
60904
60905
60906
60907
60908
60915
60916
60917
60918
60919
60920
60921
60922
60923
60924
60925
60926
60927
60928
60929
60930
60931
60932
60933
60940
60941
60942
60943
60944
60945
60946
60947
60948
60949
60950
60951
60952
60953
60954
60955
60956
60957
60958
60966
60967
60968
60969
60970
60971
60972
60973
60974
60975
60976
60977
60978
60979
60980
60981
60982
60983
60992
60993
60994
60995
60996
60997
60998
60999
61000
61001
61002
61003
61004
61005
61006
61007
61008
61020
61021
61022
61023
61024
61025
61026
61027
61028
61029
61030
61051
61052
61053
61054
61055
61056
61057
61058
61059
61060
61061
61062
61063
61064
61065
61066
61067
61068
61069
61070
61071
61072
61073
61074
61075
61076
61095
61096
61097
61098
61099
61100
61101
61102
61103
61104
61105
61106
61107
61108
61109
61110
61111
61112
61113
61114
61115
61116
61117
61118
61119
61120
61121
61122
61123
61124
61125
61136
61137
61138
61139
61140
61141
61142
61143
61144
61145
61146
61147
61148
61149
61150
61162
61163
61164
61165
61166
61167
61168
61169
61170
61171
61172
61173
61174
61175
61188
61189
61190
61191
61192
61193
61194
61195
61196
61197
61198
61199
61200
61214
61215
61216
61217
61218
61219
61220
61221
61222
61223
61224
61225
61240
61241
61242
61243
61244
61245
61246
61247
61248
61249
61250
61265
61266
61267
61268
61269
61270
61271
61272
61273
61274
61275
61292
61293
61294
61295
61296
61297
61298
61299
61300
61321
61322
61323
61324
61325
62097
62098
62099
62100
62101
62102
62103
62104
62105
62106
62107
64063
64065
64066
64083
64084
64085
64086
64087
64088
64089
64090
64091
64092
64093
64095
64096
64097
64098
64099
64103
64104
64105
64106
64107
64108
64109
64110
64111
64112
64113
64114
64115
64116
64117
64118
64119
64120
64121
64123
64124
64125
64126
64127
64128
64129
64130
64131
64132
64133
64134
64135
64136
64137
64138
64139
64140
64141
64142
64143
64144
64145
64146
64147
64148
64149
64150
64151
64152
64153
64154
64155
64156
64157
64158
64159
64160
64161
64162
64163
64164
64165
64166
64167
64168
64169
64170
64171
64172
64173
64174
64175
64176
64177
64178
64179
64180
64181
64182
64183
64184
64185
64186
64187
64188
64189
64190
64191
64192
64193
64194
64195
64196
64197
64198
64199
64200
64201
64202
64203
64204
64205
64206
64207
64208
64209
64210
64211
64212
64213
64214
64215
64216
64217
64218
64219
64220
64221
64222
64223
64224
64225
64226
64227
64228
64229
64230
64231
64232
64233
64234
64235
64236
64237
64238
64239
64240
64241
64242
64243
64244
64245
64246
64247
64248
64249
64250
64251
64252
64253
64254
64255
64256
64257
64258
64259
64260
64261
64262
64263
64264
64265
64266
64267
64268
64269
64270
64271
64272
64273
64274
64275
64276
64277
64278
64279
64280
64281
64282
64283
64284
64285
64286
64287
64288
64289
64290
64291
64292
64293
64294
64295
64296
64297
64298
64299
64300
64301
64302
64303
64304
64305
64306
64307
64308
64309
64310
64311
64312
64313
64314
64315
64316
64317
64318
64319
64320
64321
64322
64323
74941
74942
74943
74963
74964
74965
74966
74967
74968
74986
74987
74988
74989
74990
74991
74992
74993
75011
75012
75013
75014
75015
75016
75017
75018
75036
75037
75038
75039
75040
75041
75042
75043
75061
75062
75063
75064
75065
75066
75067
75068
75086
75087
75088
75089
75090
75091
75092
75093
75111
75112
75113
75114
75115
75116
75117
75118
75136
75137
75138
75139
75140
75141
75142
75143
75161
75162
75163
75164
75165
75166
75167
75168
75186
75187
75188
75189
75190
75191
75192
75193
75211
75212
75213
75214
75215
75216
75217
75218
75329
75330
75331
75332
75333
75334
75335
75336
75340
75341
75342
75343
75344
75345
75346
75347
75348
75349
75350
75351
75352
75353
75383
75384
75385
75386
75387
75388
75389
75390
75391
75392
75393
75394
75395
75396
75397
75398
75399
75400
75401
75402
75418
75419
75420
75421
75422
75423
75424
75425
75426
75427
75443
75444
75445
75446
75447
75448
75449
75450
75451
75452
75468
75469
75470
75471
75472
75473
75474
75475
75476
75477
75493
75494
75495
75496
75497
75498
75499
75500
75501
75502
75518
75519
75520
75521
75522
75523
75524
75525
75526
75527
75543
75544
75545
75546
75547
75548
75549
75550
75551
75552
75567
75568
75569
75570
75571
75572
75573
75574
75575
75576
75577
75592
75593
75594
75595
75596
75597
75598
75599
75600
75601
75602
75616
75617
75618
75619
75620
75621
75622
75623
75624
75625
75626
75627
75640
75641
75642
75643
75644
75645
75646
75647
75648
75649
75650
75651
75652
75664
75665
75666
75667
75668
75669
75670
75671
75672
75673
75674
75675
75676
75677
75687
75688
75689
75690
75691
75692
75693
75694
75695
75696
75697
75698
75699
75700
75701
75702
75711
75712
75713
75714
75715
75716
75717
75718
75719
75720
75721
75722
75723
75724
75725
75726
75727
75734
75735
75736
75737
75738
75739
75740
75741
75742
75743
75744
75745
75746
75747
75748
75749
75750
75751
75752
75759
75760
75761
75762
75763
75764
75765
75766
75767
75768
75769
75770
75771
75772
75773
75774
75775
75776
75777
75784
75785
75786
75787
75788
75789
75790
75791
75792
75793
75794
75795
75796
75797
75798
75799
75800
75801
75802
75810
75811
75812
75813
75814
75815
75816
75817
75818
75819
75820
75821
75822
75823
75824
75825
75826
75827
75836
75837
75838
75839
75840
75841
75842
75843
75844
75845
75846
75847
75848
75849
75850
75851
75852
75864
75865
75866
75867
75868
75869
75870
75871
75872
75873
75874
75895
75896
75897
75898
75899
75900
75901
75902
75903
75904
75905
75906
75907
75908
75909
75910
75911
75912
75913
75914
75915
75916
75917
75918
75919
75920
75939
75940
75941
75942
75943
75944
75945
75946
75947
75948
75949
75950
75951
75952
75953
75954
75955
75956
75957
75958
75959
75960
75961
75962
75963
75964
75965
75966
75967
75968
75969
75980
75981
75982
75983
75984
75985
75986
75987
75988
75989
75990
75991
75992
75993
75994
76006
76007
76008
76009
76010
76011
76012
76013
76014
76015
76016
76017
76018
76019
76032
76033
76034
76035
76036
76037
76038
76039
76040
76041
76042
76043
76044
76058
76059
76060
76061
76062
76063
76064
76065
76066
76067
76068
76069
76084
76085
76086
76087
76088
76089
76090
76091
76092
76093
76094
76109
76110
76111
76112
76113
76114
76115
76116
76117
76118
76119
76136
76137
76138
76139
76140
76141
76142
76143
76144
76165
76166
76167
76168
76169
76941
76942
76943
76944
76945
76946
76947
76948
76949
76950
76951
78907
78909
78910
78927
78928
78929
78930
78931
78932
78933
78934
78935
78936
78937
78939
78940
78941
78942
78943
78947
78948
78949
78950
78951
78952
78953
78954
78955
78956
78957
78958
78959
78960
78961
78962
78963
78964
78965
78967
78968
78969
78970
78971
78972
78973
78974
78975
78976
78977
78978
78979
78980
78981
78982
78983
78984
78985
78986
78987
78988
78989
78990
78991
78992
78993
78994
78995
78996
78997
78998
78999
79000
79001
79002
79003
79004
79005
79006
79007
79008
79009
79010
79011
79012
79013
79014
79015
79016
79017
79018
79019
79020
79021
79022
79023
79024
79025
79026
79027
79028
79029
79030
79031
79032
79033
79034
79035
79036
79037
79038
79039
79040
79041
79042
79043
79044
79045
79046
79047
79048
79049
79050
79051
79052
79053
79054
79055
79056
79057
79058
79059
79060
79061
79062
79063
79064
79065
79066
79067
79068
79069
79070
79071
79072
79073
79074
79075
79076
79077
79078
79079
79080
79081
79082
79083
79084
79085
79086
79087
79088
79089
79090
79091
79092
79093
79094
79095
79096
79097
79098
79099
79100
79101
79102
79103
79104
79105
79106
79107
79108
79109
79110
79111
79112
79113
79114
79115
79116
79117
79118
79119
79120
79121
79122
79123
79124
79125
79126
79127
79128
79129
79130
79131
79132
79133
79134
79135
79136
79137
79138
79139
79140
79141
79142
79143
79144
79145
79146
79147
79148
79149
79150
79151
79152
79153
79154
79155
79156
79157
79158
79159
79160
79161
79162
79163
79164
79165
79166
79167
89785
89786
89787
89807
89808
89809
89810
89811
89812
89830
89831
89832
89833
89834
89835
89836
89837
89855
89856
89857
89858
89859
89860
89861
89862
89880
89881
89882
89883
89884
89885
89886
89887
89905
89906
89907
89908
89909
89910
89911
89912
89930
89931
89932
89933
89934
89935
89936
89937
89955
89956
89957
89958
89959
89960
89961
89962
89980
89981
89982
89983
89984
89985
89986
89987
90005
90006
90007
90008
90009
90010
90011
90012
90030
90031
90032
90033
90034
90035
90036
90037
90055
90056
90057
90058
90059
90060
90061
90062
90173
90174
90175
90176
90177
90178
90179
90180
90184
90185
90186
90187
90188
90189
90190
90191
90192
90193
90194
90195
90196
90197
90227
90228
90229
90230
90231
90232
90233
90234
90235
90236
90237
90238
90239
90240
90241
90242
90243
90244
90245
90246
90262
90263
90264
90265
90266
90267
90268
90269
90270
90271
90287
90288
90289
90290
90291
90292
90293
90294
90295
90296
90312
90313
90314
90315
90316
90317
90318
90319
90320
90321
90337
90338
90339
90340
90341
90342
90343
90344
90345
90346
90362
90363
90364
90365
90366
90367
90368
90369
90370
90371
90387
90388
90389
90390
90391
90392
90393
90394
90395
90396
90411
90412
90413
90414
90415
90416
90417
90418
90419
90420
90421
90436
90437
90438
90439
90440
90441
90442
90443
90444
90445
90446
90460
90461
90462
90463
90464
90465
90466
90467
90468
90469
90470
90471
90484
90485
90486
90487
90488
90489
90490
90491
90492
90493
90494
90495
90496
90508
90509
90510
90511
90512
90513
90514
90515
90516
90517
90518
90519
90520
90521
90531
90532
90533
90534
90535
90536
90537
90538
90539
90540
90541
90542
90543
90544
90545
90546
90555
90556
90557
90558
90559
90560
90561
90562
90563
90564
90565
90566
90567
90568
90569
90570
90571
90577
90578
90579
90580
90581
90582
90583
90584
90585
90586
90587
90588
90589
90590
90591
90592
90593
90594
90595
90596
90602
90603
90604
90605
90606
90607
90608
90609
90610
90611
90612
90613
90614
90615
90616
90617
90618
90619
90620
90621
90628
90629
90630
90631
90632
90633
90634
90635
90636
90637
90638
90639
90640
90641
90642
90643
90644
90645
90646
90654
90655
90656
90657
90658
90659
90660
90661
90662
90663
90664
90665
90666
90667
90668
90669
90670
90671
90680
90681
90682
90683
90684
90685
90686
90687
90688
90689
90690
90691
90692
90693
90694
90695
90696
90708
90709
90710
90711
90712
90713
90714
90715
90716
90717
90718
90739
90740
90741
90742
90743
90744
90745
90746
90747
90748
90749
90750
90751
90752
90753
90754
90755
90756
90757
90758
90759
90760
90761
90762
90763
90764
90783
90784
90785
90786
90787
90788
90789
90790
90791
90792
90793
90794
90795
90796
90797
90798
90799
90800
90801
90802
90803
90804
90805
90806
90807
90808
90809
90810
90811
90812
90813
90824
90825
90826
90827
90828
90829
90830
90831
90832
90833
90834
90835
90836
90837
90838
90850
90851
90852
90853
90854
90855
90856
90857
90858
90859
90860
90861
90862
90863
90876
90877
90878
90879
90880
90881
90882
90883
90884
90885
90886
90887
90888
90902
90903
90904
90905
90906
90907
90908
90909
90910
90911
90912
90913
90928
90929
90930
90931
90932
90933
90934
90935
90936
90937
90938
90953
90954
90955
90956
90957
90958
90959
90960
90961
90962
90963
90978
90979
90980
90981
90982
90983
90984
90985
90986
90987
90988
91009
91010
91011
91012
91013
91785
91786
91787
91788
91789
91790
91791
91792
91793
91794
91795
93751
93752
93753
93754
93771
93772
93773
93774
93775
93776
93777
93778
93779
93780
93781
93783
93784
93785
93786
93787
93791
93792
93793
93794
93795
93796
93797
93798
93799
93800
93801
93802
93803
93804
93805
93806
93807
93808
93809
93811
93812
93813
93814
93815
93816
93817
93818
93819
93820
93821
93822
93823
93824
93825
93826
93827
93828
93829
93830
93831
93832
93833
93834
93835
93836
93837
93838
93839
93840
93841
93842
93843
93844
93845
93846
93847
93848
93849
93850
93851
93852
93853
93854
93855
93856
93857
93858
93859
93860
93861
93862
93863
93864
93865
93866
93867
93868
93869
93870
93871
93872
93873
93874
93875
93876
93877
93878
93879
93880
93881
93882
93883
93884
93885
93886
93887
93888
93889
93890
93891
93892
93893
93894
93895
93896
93897
93898
93899
93900
93901
93902
93903
93904
93905
93906
93907
93908
93909
93910
93911
93912
93913
93914
93915
93916
93917
93918
93919
93920
93921
93922
93923
93924
93925
93926
93927
93928
93929
93930
93931
93932
93933
93934
93935
93936
93937
93938
93939
93940
93941
93942
93943
93944
93945
93946
93947
93948
93949
93950
93951
93952
93953
93954
93955
93956
93957
93958
93959
93960
93961
93962
93963
93964
93965
93966
93967
93968
93969
93970
93971
93972
93973
93974
93975
93976
93977
93978
93979
93980
93981
93982
93983
93984
93985
93986
93987
93988
93989
93990
93991
93992
93993
93994
93995
93996
93997
93998
93999
94000
94001
94002
94003
94004
94005
94006
94007
94008
94009
94010
94011
104629
104630
104631
104651
104652
104653
104654
104655
104656
104674
104675
104676
104677
104678
104679
104680
104681
104699
104700
104701
104702
104703
104704
104705
104706
104724
104725
104726
104727
104728
104729
104730
104731
104749
104750
104751
104752
104753
104754
104755
104756
104774
104775
104776
104777
104778
104779
104780
104781
104799
104800
104801
104802
104803
104804
104805
104806
104824
104825
104826
104827
104828
104829
104830
104831
104849
104850
104851
104852
104853
104854
104855
104856
104874
104875
104876
104877
104878
104879
104880
104881
104899
104900
104901
104902
104903
104904
104905
104906
105017
105018
105019
105020
105021
105022
105023
105024
105028
105029
105030
105031
105032
105033
105034
105035
105036
105037
105038
105039
105040
105041
105071
105072
105073
105074
105075
105076
105077
105078
105079
105080
105081
105082
105083
105084
105085
105086
105087
105088
105089
105090
105106
105107
105108
105109
105110
105111
105112
105113
105114
105115
105131
105132
105133
105134
105135
105136
105137
105138
105139
105140
105156
105157
105158
105159
105160
105161
105162
105163
105164
105165
105181
105182
105183
105184
105185
105186
105187
105188
105189
105190
105206
105207
105208
105209
105210
105211
105212
105213
105214
105215
105231
105232
105233
105234
105235
105236
105237
105238
105239
105240
105255
105256
105257
105258
105259
105260
105261
105262
105263
105264
105265
105280
105281
105282
105283
105284
105285
105286
105287
105288
105289
105290
105304
105305
105306
105307
105308
105309
105310
105311
105312
105313
105314
105315
105328
105329
105330
105331
105332
105333
105334
105335
105336
105337
105338
105339
105340
105352
105353
105354
105355
105356
105357
105358
105359
105360
105361
105362
105363
105364
105365
105375
105376
105377
105378
105379
105380
105381
105382
105383
105384
105385
105386
105387
105388
105389
105390
105399
105400
105401
105402
105403
105404
105405
105406
105407
105408
105409
105410
105411
105412
105413
105414
105415
105421
105422
105423
105424
105425
105426
105427
105428
105429
105430
105431
105432
105433
105434
105435
105436
105437
105438
105439
105440
105446
105447
105448
105449
105450
105451
105452
105453
105454
105455
105456
105457
105458
105459
105460
105461
105462
105463
105464
105465
105472
105473
105474
105475
105476
105477
105478
105479
105480
105481
105482
105483
105484
105485
105486
105487
105488
105489
105490
105498
105499
105500
105501
105502
105503
105504
105505
105506
105507
105508
105509
105510
105511
105512
105513
105514
105515
105524
105525
105526
105527
105528
105529
105530
105531
105532
105533
105534
105535
105536
105537
105538
105539
105540
105552
105553
105554
105555
105556
105557
105558
105559
105560
105561
105562
105583
105584
105585
105586
105587
105588
105589
105590
105591
105592
105593
105594
105595
105596
105597
105598
105599
105600
105601
105602
105603
105604
105605
105606
105607
105608
105627
105628
105629
105630
105631
105632
105633
105634
105635
105636
105637
105638
105639
105640
105641
105642
105643
105644
105645
105646
105647
105648
105649
105650
105651
105652
105653
105654
105655
105656
105657
105668
105669
105670
105671
105672
105673
105674
105675
105676
105677
105678
105679
105680
105681
105682
105694
105695
105696
105697
105698
105699
105700
105701
105702
105703
105704
105705
105706
105707
105720
105721
105722
105723
105724
105725
105726
105727
105728
105729
105730
105731
105732
105746
105747
105748
105749
105750
105751
105752
105753
105754
105755
105756
105757
105772
105773
105774
105775
105776
105777
105778
105779
105780
105781
105782
105797
105798
105799
105800
105801
105802
105803
105804
105805
105806
105807
105822
105823
105824
105825
105826
105827
105828
105829
105830
105831
105832
105853
105854
105855
105856
105857
106629
106630
106631
106632
106633
106634
106635
106636
106637
106638
106639
108595
108596
108597
108598
108615
108616
108617
108618
108619
108620
108621
108622
108623
108624
108625
108627
108628
108629
108630
108631
108635
108636
108637
108638
108639
108640
108641
108642
108643
108644
108645
108646
108647
108648
108649
108650
108651
108652
108653
108655
108656
108657
108658
108659
108660
108661
108662
108663
108664
108665
108666
108667
108668
108669
108670
108671
108672
108673
108674
108675
108676
108677
108678
108679
108680
108681
108682
108683
108684
108685
108686
108687
108688
108689
108690
108691
108692
108693
108694
108695
108696
108697
108698
108699
108700
108701
108702
108703
108704
108705
108706
108707
108708
108709
108710
108711
108712
108713
108714
108715
108716
108717
108718
108719
108720
108721
108722
108723
108724
108725
108726
108727
108728
108729
108730
108731
108732
108733
108734
108735
108736
108737
108738
108739
108740
108741
108742
108743
108744
108745
108746
108747
108748
108749
108750
108751
108752
108753
108754
108755
108756
108757
108758
108759
108760
108761
108762
108763
108764
108765
108766
108767
108768
108769
108770
108771
108772
108773
108774
108775
108776
108777
108778
108779
108780
108781
108782
108783
108784
108785
108786
108787
108788
108789
108790
108791
108792
108793
108794
108795
108796
108797
108798
108799
108800
108801
108802
108803
108804
108805
108806
108807
108808
108809
108810
108811
108812
108813
108814
108815
108816
108817
108818
108819
108820
108821
108822
108823
108824
108825
108826
108827
108828
108829
108830
108831
108832
108833
108834
108835
108836
108837
108838
108839
108840
108841
108842
108843
108844
108845
108846
108847
108848
108849
108850
108851
108852
108853
108854
108855
119473
119474
119475
119495
119496
119497
119498
119499
119500
119518
119519
119520
119521
119522
119523
119524
119525
119543
119544
119545
119546
119547
119548
119549
119550
119568
119569
119570
119571
119572
119573
119574
119575
119593
119594
119595
119596
119597
119598
119599
119600
119618
119619
119620
119621
119622
119623
119624
119625
119643
119644
119645
119646
119647
119648
119649
119650
119668
119669
119670
119671
119672
119673
119674
119675
119693
119694
119695
119696
119697
119698
119699
119700
119718
119719
119720
119721
119722
119723
119724
119725
119743
119744
119745
119746
119747
119748
119749
119750
119861
119862
119863
119864
119865
119866
119867
119868
119872
119873
119874
119875
119876
119877
119878
119879
119880
119881
119882
119883
119884
119885
119915
119916
119917
119918
119919
119920
119921
119922
119923
119924
119925
119926
119927
119928
119929
119930
119931
119932
119933
119934
119950
119951
119952
119953
119954
119955
119956
119957
119958
119959
119975
119976
119977
119978
119979
119980
119981
119982
119983
119984
120000
120001
120002
120003
120004
120005
120006
120007
120008
120009
120025
120026
120027
120028
120029
120030
120031
120032
120033
120034
120050
120051
120052
120053
120054
120055
120056
120057
120058
120059
120075
120076
120077
120078
120079
120080
120081
120082
120083
120084
120099
120100
120101
120102
120103
120104
120105
120106
120107
120108
120109
120124
120125
120126
120127
120128
120129
120130
120131
120132
120133
120134
120148
120149
120150
120151
120152
120153
120154
120155
120156
120157
120158
120159
120172
120173
120174
120175
120176
120177
120178
120179
120180
120181
120182
120183
120184
120196
120197
120198
120199
120200
120201
120202
120203
120204
120205
120206
120207
120208
120209
120219
120220
120221
120222
120223
120224
120225
120226
120227
120228
120229
120230
120231
120232
120233
120234
120243
120244
120245
120246
120247
120248
120249
120250
120251
120252
120253
120254
120255
120256
120257
120258
120259
120265
120266
120267
120268
120269
120270
120271
120272
120273
120274
120275
120276
120277
120278
120279
120280
120281
120282
120283
120284
120290
120291
120292
120293
120294
120295
120296
120297
120298
120299
120300
120301
120302
120303
120304
120305
120306
120307
120308
120309
120316
120317
120318
120319
120320
120321
120322
120323
120324
120325
120326
120327
120328
120329
120330
120331
120332
120333
120334
120342
120343
120344
120345
120346
120347
120348
120349
120350
120351
120352
120353
120354
120355
120356
120357
120358
120359
120368
120369
120370
120371
120372
120373
120374
120375
120376
120377
120378
120379
120380
120381
120382
120383
120384
120396
120397
120398
120399
120400
120401
120402
120403
120404
120405
120406
120427
120428
120429
120430
120431
120432
120433
120434
120435
120436
120437
120438
120439
120440
120441
120442
120443
120444
120445
120446
120447
120448
120449
120450
120451
120452
120471
120472
120473
120474
120475
120476
120477
120478
120479
120480
120481
120482
120483
120484
120485
120486
120487
120488
120489
120490
120491
120492
120493
120494
120495
120496
120497
120498
120499
120500
120501
120512
120513
120514
120515
120516
120517
120518
120519
120520
120521
120522
120523
120524
120525
120526
120538
120539
120540
120541
120542
120543
120544
120545
120546
120547
120548
120549
120550
120551
120564
120565
120566
120567
120568
120569
120570
120571
120572
120573
120574
120575
120576
120590
120591
120592
120593
120594
120595
120596
120597
120598
120599
120600
120601
120616
120617
120618
120619
120620
120621
120622
120623
120624
120625
120626
120641
120642
120643
120644
120645
120646
120647
120648
120649
120650
120651
120666
120667
120668
120669
120670
120671
120672
120673
120674
120675
120676
120697
120698
120699
120700
120701
121473
121474
121475
121476
121477
121478
121479
121480
121481
121482
121483
123419
123421
123439
123440
123441
123442
123459
123460
123461
123462
123463
123464
123465
123466
123467
123468
123469
123471
123472
123473
123474
123475
123479
123480
123481
123482
123483
123484
123485
123486
123487
123488
123489
123490
123491
123492
123493
123494
123495
123496
123497
123499
123500
123501
123502
123503
123504
123505
123506
123507
123508
123509
123510
123511
123512
123513
123514
123515
123516
123517
123518
123519
123520
123521
123522
123523
123524
123525
123526
123527
123528
123529
123530
123531
123532
123533
123534
123535
123536
123537
123538
123539
123540
123541
123542
123543
123544
123545
123546
123547
123548
123549
123550
123551
123552
123553
123554
123555
123556
123557
123558
123559
123560
123561
123562
123563
123564
123565
123566
123567
123568
123569
123570
123571
123572
123573
123574
123575
123576
123577
123578
123579
123580
123581
123582
123583
123584
123585
123586
123587
123588
123589
123590
123591
123592
123593
123594
123595
123596
123597
123598
123599
123600
123601
123602
123603
123604
123605
123606
123607
123608
123609
123610
123611
123612
123613
123614
123615
123616
123617
123618
123619
123620
123621
123622
123623
123624
123625
123626
123627
123628
123629
123630
123631
123632
123633
123634
123635
123636
123637
123638
123639
123640
123641
123642
123643
123644
123645
123646
123647
123648
123649
123650
123651
123652
123653
123654
123655
123656
123657
123658
123659
123660
123661
123662
123663
123664
123665
123666
123667
123668
123669
123670
123671
123672
123673
123674
123675
123676
123677
123678
123679
123680
123681
123682
123683
123684
123685
123686
123687
123688
123689
123690
123691
123692
123693
123694
123695
123696
123697
123698
123699
134318
134319
134339
134340
134341
134342
134343
134344
134362
134363
134364
134365
134366
134367
134368
134369
134387
134388
134389
134390
134391
134392
134393
134394
134412
134413
134414
134415
134416
134417
134418
134419
134437
134438
134439
134440
134441
134442
134443
134444
134462
134463
134464
134465
134466
134467
134468
134469
134487
134488
134489
134490
134491
134492
134493
134494
134512
134513
134514
134515
134516
134517
134518
134519
134537
134538
134539
134540
134541
134542
134543
134544
134562
134563
134564
134565
134566
134567
134568
134569
134587
134588
134589
134590
134591
134592
134593
134594
134705
134706
134707
134708
134709
134710
134711
134712
134716
134717
134718
134719
134720
134721
134722
134723
134724
134725
134726
134727
134728
134729
134759
134760
134761
134762
134763
134764
134765
134766
134767
134768
134769
134770
134771
134772
134773
134774
134775
134776
134777
134778
134794
134795
134796
134797
134798
134799
134800
134801
134802
134803
134819
134820
134821
134822
134823
134824
134825
134826
134827
134828
134844
134845
134846
134847
134848
134849
134850
134851
134852
134853
134869
134870
134871
134872
134873
134874
134875
134876
134877
134878
134894
134895
134896
134897
134898
134899
134900
134901
134902
134903
134919
134920
134921
134922
134923
134924
134925
134926
134927
134928
134943
134944
134945
134946
134947
134948
134949
134950
134951
134952
134953
134968
134969
134970
134971
134972
134973
134974
134975
134976
134977
134978
134992
134993
134994
134995
134996
134997
134998
134999
135000
135001
135002
135003
135016
135017
135018
135019
135020
135021
135022
135023
135024
135025
135026
135027
135028
135040
135041
135042
135043
135044
135045
135046
135047
135048
135049
135050
135051
135052
135053
135063
135064
135065
135066
135067
135068
135069
135070
135071
135072
135073
135074
135075
135076
135077
135078
135087
135088
135089
135090
135091
135092
135093
135094
135095
135096
135097
135098
135099
135100
135101
135102
135103
135109
135110
135111
135112
135113
135114
135115
135116
135117
135118
135119
135120
135121
135122
135123
135124
135125
135126
135127
135128
135134
135135
135136
135137
135138
135139
135140
135141
135142
135143
135144
135145
135146
135147
135148
135149
135150
135151
135152
135153
135160
135161
135162
135163
135164
135165
135166
135167
135168
135169
135170
135171
135172
135173
135174
135175
135176
135177
135178
135186
135187
135188
135189
135190
135191
135192
135193
135194
135195
135196
135197
135198
135199
135200
135201
135202
135203
135212
135213
135214
135215
135216
135217
135218
135219
135220
135221
135222
135223
135224
135225
135226
135227
135228
135240
135241
135242
135243
135244
135245
135246
135247
135248
135249
135250
135271
135272
135273
135274
135275
135276
135277
135278
135279
135280
135281
135282
135283
135284
135285
135286
135287
135288
135289
135290
135291
135292
135293
135294
135295
135296
135315
135316
135317
135318
135319
135320
135321
135322
135323
135324
135325
135326
135327
135328
135329
135330
135331
135332
135333
135334
135335
135336
135337
135338
135339
135340
135341
135342
135343
135344
135345
135356
135357
135358
135359
135360
135361
135362
135363
135364
135365
135366
135367
135368
135369
135370
135382
135383
135384
135385
135386
135387
135388
135389
135390
135391
135392
135393
135394
135395
135408
135409
135410
135411
135412
135413
135414
135415
135416
135417
135418
135419
135420
135434
135435
135436
135437
135438
135439
135440
135441
135442
135443
135444
135445
135460
135461
135462
135463
135464
135465
135466
135467
135468
135469
135470
135485
135486
135487
135488
135489
135490
135491
135492
135493
135494
135495
135510
135511
135512
135513
135514
135515
135516
135517
135518
135519
135520
135541
135542
135543
135544
135545
136317
136318
136319
136320
136321
136322
136323
136324
136325
136326
136327
138263
138265
138283
138284
138285
138286
138287
138303
138304
138305
138306
138307
138308
138309
138310
138311
138312
138313
138315
138316
138317
138318
138319
138323
138324
138325
138326
138327
138328
138329
138330
138331
138332
138333
138334
138335
138336
138337
138338
138339
138340
138341
138343
138344
138345
138346
138347
138348
138349
138350
138351
138352
138353
138354
138355
138356
138357
138358
138359
138360
138361
138362
138363
138364
138365
138366
138367
138368
138369
138370
138371
138372
138373
138374
138375
138376
138377
138378
138379
138380
138381
138382
138383
138384
138385
138386
138387
138388
138389
138390
138391
138392
138393
138394
138395
138396
138397
138398
138399
138400
138401
138402
138403
138404
138405
138406
138407
138408
138409
138410
138411
138412
138413
138414
138415
138416
138417
138418
138419
138420
138421
138422
138423
138424
138425
138426
138427
138428
138429
138430
138431
138432
138433
138434
138435
138436
138437
138438
138439
138440
138441
138442
138443
138444
138445
138446
138447
138448
138449
138450
138451
138452
138453
138454
138455
138456
138457
138458
138459
138460
138461
138462
138463
138464
138465
138466
138467
138468
138469
138470
138471
138472
138473
138474
138475
138476
138477
138478
138479
138480
138481
138482
138483
138484
138485
138486
138487
138488
138489
138490
138491
138492
138493
138494
138495
138496
138497
138498
138499
138500
138501
138502
138503
138504
138505
138506
138507
138508
138509
138510
138511
138512
138513
138514
138515
138516
138517
138518
138519
138520
138521
138522
138523
138524
138525
138526
138527
138528
138529
138530
138531
138532
138533
138534
138535
138536
138537
138538
138539
138540
138541
138542
138543
149162
149163
149183
149184
149185
149186
149187
149188
149206
149207
149208
149209
149210
149211
149212
149213
149231
149232
149233
149234
149235
149236
149237
149238
149256
149257
149258
149259
149260
149261
149262
149263
149281
149282
149283
149284
149285
149286
149287
149288
149306
149307
149308
149309
149310
149311
149312
149313
149331
149332
149333
149334
149335
149336
149337
149338
149356
149357
149358
149359
149360
149361
149362
149363
149381
149382
149383
149384
149385
149386
149387
149388
149406
149407
149408
149409
149410
149411
149412
149413
149431
149432
149433
149434
149435
149436
149437
149438
149549
149550
149551
149552
149553
149554
149555
149556
149560
149561
149562
149563
149564
149565
149566
149567
149568
149569
149570
149571
149572
149573
149603
149604
149605
149606
149607
149608
149609
149610
149611
149612
149613
149614
149615
149616
149617
149618
149619
149620
149621
149622
149638
149639
149640
149641
149642
149643
149644
149645
149646
149647
149663
149664
149665
149666
149667
149668
149669
149670
149671
149672
149688
149689
149690
149691
149692
149693
149694
149695
149696
149697
149713
149714
149715
149716
149717
149718
149719
149720
149721
149722
149738
149739
149740
149741
149742
149743
149744
149745
149746
149747
149763
149764
149765
149766
149767
149768
149769
149770
149771
149772
149787
149788
149789
149790
149791
149792
149793
149794
149795
149796
149797
149812
149813
149814
149815
149816
149817
149818
149819
149820
149821
149822
149836
149837
149838
149839
149840
149841
149842
149843
149844
149845
149846
149847
149860
149861
149862
149863
149864
149865
149866
149867
149868
149869
149870
149871
149872
149884
149885
149886
149887
149888
149889
149890
149891
149892
149893
149894
149895
149896
149897
149907
149908
149909
149910
149911
149912
149913
149914
149915
149916
149917
149918
149919
149920
149921
149922
149931
149932
149933
149934
149935
149936
149937
149938
149939
149940
149941
149942
149943
149944
149945
149946
149947
149953
149954
149955
149956
149957
149958
149959
149960
149961
149962
149963
149964
149965
149966
149967
149968
149969
149970
149971
149972
149978
149979
149980
149981
149982
149983
149984
149985
149986
149987
149988
149989
149990
149991
149992
149993
149994
149995
149996
149997
150004
150005
150006
150007
150008
150009
150010
150011
150012
150013
150014
150015
150016
150017
150018
150019
150020
150021
150022
150030
150031
150032
150033
150034
150035
150036
150037
150038
150039
150040
150041
150042
150043
150044
150045
150046
150047
150056
150057
150058
150059
150060
150061
150062
150063
150064
150065
150066
150067
150068
150069
150070
150071
150072
150084
150085
150086
150087
150088
150089
150090
150091
150092
150093
150094
150115
150116
150117
150118
150119
150120
150121
150122
150123
150124
150125
150126
150127
150128
150129
150130
150131
150132
150133
150134
150135
150136
150137
150138
150139
150140
150159
150160
150161
150162
150163
150164
150165
150166
150167
150168
150169
150170
150171
150172
150173
150174
150175
150176
150177
150178
150179
150180
150181
150182
150183
150184
150185
150186
150187
150188
150189
150200
150201
150202
150203
150204
150205
150206
150207
150208
150209
150210
150211
150212
150213
150214
150226
150227
150228
150229
150230
150231
150232
150233
150234
150235
150236
150237
150238
150239
150252
150253
150254
150255
150256
150257
150258
150259
150260
150261
150262
150263
150264
150278
150279
150280
150281
150282
150283
150284
150285
150286
150287
150288
150289
150304
150305
150306
150307
150308
150309
150310
150311
150312
150313
150314
150329
150330
150331
150332
150333
150334
150335
150336
150337
150338
150339
150354
150355
150356
150357
150358
150359
150360
150361
150362
150363
150364
150385
150386
150387
150388
150389
151161
151162
151163
151164
151165
151166
151167
151168
151169
151170
151171
153107
153109
153127
153128
153129
153130
153131
153147
153148
153149
153150
153151
153152
153153
153154
153155
153156
153157
153159
153160
153161
153162
153163
153167
153168
153169
153170
153171
153172
153173
153174
153175
153176
153177
153178
153179
153180
153181
153182
153183
153184
153185
153187
153188
153189
153190
153191
153192
153193
153194
153195
153196
153197
153198
153199
153200
153201
153202
153203
153204
153205
153206
153207
153208
153209
153210
153211
153212
153213
153214
153215
153216
153217
153218
153219
153220
153221
153222
153223
153224
153225
153226
153227
153228
153229
153230
153231
153232
153233
153234
153235
153236
153237
153238
153239
153240
153241
153242
153243
153244
153245
153246
153247
153248
153249
153250
153251
153252
153253
153254
153255
153256
153257
153258
153259
153260
153261
153262
153263
153264
153265
153266
153267
153268
153269
153270
153271
153272
153273
153274
153275
153276
153277
153278
153279
153280
153281
153282
153283
153284
153285
153286
153287
153288
153289
153290
153291
153292
153293
153294
153295
153296
153297
153298
153299
153300
153301
153302
153303
153304
153305
153306
153307
153308
153309
153310
153311
153312
153313
153314
153315
153316
153317
153318
153319
153320
153321
153322
153323
153324
153325
153326
153327
153328
153329
153330
153331
153332
153333
153334
153335
153336
153337
153338
153339
153340
153341
153342
153343
153344
153345
153346
153347
153348
153349
153350
153351
153352
153353
153354
153355
153356
153357
153358
153359
153360
153361
153362
153363
153364
153365
153366
153367
153368
153369
153370
153371
153372
153373
153374
153375
153376
153377
153378
153379
153380
153381
153382
153383
153384
153385
153386
153387
)


// ************************************************************************* //
