/*--------------------------------*- C++ -*----------------------------------*\
  =========                 |
  \\      /  F ield         | OpenFOAM: The Open Source CFD Toolbox
   \\    /   O peration     | Website:  https://openfoam.org
    \\  /    A nd           | Version:  8
     \\/     M anipulation  |
\*---------------------------------------------------------------------------*/
/*   Windows 32 and 64 bit porting by blueCAPE: http://www.bluecape.com.pt   *\
|  Based on Windows porting (2.0.x v4) by Symscape: http://www.symscape.com   |
\*---------------------------------------------------------------------------*/
FoamFile
{
    version     2.0;
    format      ascii;
    class       labelList;
    location    "constant/air/polyMesh";
    object      pointProcAddressing;
}
// * * * * * * * * * * * * * * * * * * * * * * * * * * * * * * * * * * * * * //


8601
(
5
6
13
39
40
46
47
53
74
85
104
105
106
137
138
139
150
164
183
203
210
239
240
241
242
243
244
287
288
289
290
291
303
304
305
306
318
370
371
372
384
386
387
388
389
390
405
406
408
411
412
468
469
470
471
504
534
536
537
538
539
565
601
602
603
605
606
607
631
632
665
668
669
670
671
681
753
755
757
758
759
761
762
763
764
765
766
826
827
830
831
832
847
862
878
879
899
900
918
921
922
923
963
964
965
966
998
999
1000
1002
1003
1004
1005
1006
1009
1010
1054
1057
1058
1092
1093
1120
1121
1122
1154
1156
1157
1199
1200
1201
1202
1203
1234
1256
1257
1258
1259
1260
1296
1314
1315
1316
1317
1405
1408
1410
1411
1412
1413
1414
1416
1417
1418
1419
1420
1421
1422
1423
1424
1425
1426
1427
1428
1429
1430
1431
1432
1433
1434
1545
1547
1548
1549
1563
1566
1567
1568
1596
1615
1617
1618
1619
1626
1627
1628
1633
1634
1635
1677
1678
1679
1680
1681
1682
1683
1684
1685
1686
1687
1688
1763
1814
1815
1816
1820
1821
1822
1823
1824
1825
1860
1868
1892
1893
1894
1895
1896
1897
1915
1916
1917
1926
1939
2013
2014
2015
2018
2019
2020
2107
2111
2113
2114
2115
2116
2117
2118
2119
2120
2121
2122
2123
2124
2125
2248
2253
2254
2255
2256
2257
2258
2259
2260
2261
2262
2268
2269
2270
2271
2272
2273
2275
2276
2278
2279
2280
2281
2282
2283
2284
2287
2290
2291
2292
2293
2294
2413
2414
2441
2442
2457
2458
2459
2460
2478
2479
2498
2500
2501
2502
2529
2588
2591
2593
2594
2595
2597
2598
2599
2600
2601
2602
2603
2604
2605
2726
2727
2728
2729
2730
2731
2814
2815
2816
2817
2818
2819
2820
2821
2822
2823
2824
2825
2826
2827
2828
2829
2830
2929
2963
2964
2965
2966
2974
2975
2976
2977
2998
3019
3059
3060
3061
3062
3115
3116
3117
3118
3119
3120
3121
3122
3147
3148
3149
3150
3182
3183
3184
3185
3247
3274
3275
3276
3277
3361
3363
3366
3368
3369
3370
3371
3372
3373
3374
3375
3376
3506
3507
3508
3509
3510
3594
3595
3596
3597
3598
3601
3602
3603
3604
3605
3606
3607
3632
3633
3634
3638
3640
3644
3645
3718
3719
3720
3721
3722
3723
3794
3795
3848
3849
3850
3851
3852
3857
3892
3967
3968
3969
3970
3971
3972
3973
3974
3975
3978
3979
3980
3981
4022
4023
4024
4098
4099
4100
4101
4102
4103
4104
4105
4161
4162
4163
4164
4165
4166
4167
4168
4169
4170
4171
4172
4405
4406
4407
4408
4409
4410
4411
4412
4413
4414
4415
4552
4553
4554
4555
4556
4557
4558
4559
4560
4561
4562
4563
4564
4568
4569
4570
4571
4572
4573
4574
4575
4576
4577
4578
4579
4580
4581
4582
4583
4584
4585
4586
4587
4588
4595
4596
4597
4598
4599
4600
4601
4602
4748
4750
4751
4754
4776
4806
4810
4811
4812
4838
4839
4840
4841
4842
4843
4844
4845
4846
4865
4897
4898
4899
4900
4901
4902
4903
4904
4905
4906
4907
4917
4948
4949
4950
4951
4952
4953
5071
5077
5078
5079
5084
5085
5086
5089
5090
5091
5092
5093
5094
5095
5096
5097
5098
5099
5101
5102
5103
5104
5283
5284
5342
5344
5345
5346
5347
5354
5355
5393
5394
5395
5396
5397
5398
5399
5400
5401
5402
5403
5510
5511
5575
5576
5577
5578
5579
5580
5581
5582
5635
5636
5637
5638
5639
5682
5683
5684
5685
5686
5687
5688
5689
5711
5713
5730
5841
5842
5844
5845
5846
5847
5851
5852
5853
5855
5856
5858
5859
5860
5861
5862
5863
5864
5865
5866
5867
5868
5869
6015
6016
6017
6018
6019
6020
6056
6057
6334
6335
6336
6337
6346
6347
6348
6349
6354
6355
6356
6357
6358
6359
6360
6361
6362
6363
6364
6365
6366
6367
6368
6371
6372
6373
6374
6375
6376
6377
6378
6379
6380
6381
6382
6383
6384
6385
6386
6387
6388
6389
6390
6391
6392
6393
6394
6395
6396
6397
6398
6399
6400
6401
6402
6403
6404
6405
6406
6407
6408
6409
6410
6411
6412
6413
6414
6951
6956
6960
6961
6962
6963
6964
6965
6966
6967
6968
6969
6970
6971
6972
6973
6974
6975
6976
6977
6978
6979
6980
6981
6982
6983
6984
6985
6986
7190
7191
7192
7193
7194
7195
7196
7197
7198
7199
7201
7202
7203
7204
7205
7206
7207
7208
7209
7210
7211
7212
7213
7214
7215
7216
7217
7218
7219
7220
7221
7222
7223
7224
7229
7230
7231
7232
7233
7234
7235
7236
7237
7238
7486
7504
7505
7506
7544
7545
7579
7580
7581
7582
7594
7606
7607
7611
7627
7652
7653
7656
7657
7658
7659
7660
7688
7689
7727
7731
7732
7734
7736
7823
7824
7825
7826
7895
7908
7909
7910
7911
7987
7988
7989
7990
7991
7992
7993
7994
8005
8060
8061
8062
8063
8142
8143
8144
8145
8146
8225
8230
8237
8238
8245
8246
8247
8248
8250
8251
8254
8255
8258
8260
8262
8263
8326
8359
8361
8385
8386
8387
8409
8410
8427
8447
8489
8490
8491
8492
8493
8494
8550
8551
8552
8553
8598
8599
8600
8601
8602
8603
8605
8618
8619
8620
8646
8710
8711
8712
8761
8804
8805
8806
8807
8808
8809
8810
8811
8812
8813
8814
8815
8833
8834
8835
8881
8882
8883
8884
8885
8886
8983
8984
8985
8986
8987
8988
8989
8993
8994
8995
8996
8998
9097
9098
9205
9206
9207
9208
9241
9243
9287
9289
9290
9295
9364
9365
9366
9367
9368
9369
9370
9393
9394
9425
9426
9427
9428
9429
9430
9562
9569
9570
9571
9572
9573
9574
9575
9576
9577
9578
9579
9580
9581
9582
9653
9738
9740
9741
9742
9744
9745
9746
9747
9748
9749
9750
9760
9761
9762
9763
9764
9765
9767
9787
9788
9895
9896
9897
9898
9964
9965
10028
10029
10030
10031
10032
10033
10034
10035
10036
10037
10038
10039
10055
10056
10057
10058
10059
10072
10117
10118
10120
10122
10123
10124
10125
10126
10127
10128
10179
10180
10181
10182
10183
10184
10185
10186
10187
10277
10282
10283
10284
10285
10286
10359
10360
10362
10363
10364
10365
10366
10367
10368
10369
10370
10391
10392
10393
10454
10455
10456
10457
10458
10459
10460
10625
10626
10627
10628
10629
10630
10631
10632
10633
10809
10815
10826
10836
10846
10847
10848
10849
10850
10852
10854
10856
11067
11071
11078
11079
11080
11098
11099
11100
11101
11106
11107
11174
11176
11177
11178
11179
11180
11181
11182
11183
11184
11233
11234
11235
11236
11237
11238
11239
11281
11282
11283
11284
11285
11286
11287
11288
11290
11291
11294
11295
11296
11302
11303
11304
11313
11314
11449
11450
11451
11452
11453
11454
11455
11458
11459
11530
11531
11532
11533
11534
11535
11536
11537
11538
11539
11540
11541
11578
11579
11580
11581
11582
11889
11890
11922
11935
11936
11937
11959
12080
12081
12082
12083
12087
12088
12089
12090
12091
12092
12093
12094
12098
12099
12221
12222
12223
12226
12227
12228
12229
12230
12238
12239
12240
12241
12347
12348
12462
12463
12464
12465
12466
12471
12472
12515
12520
12590
12593
12597
12598
12599
12600
12601
12602
12603
12604
12605
12606
12638
12639
12640
12641
12869
12889
12890
12891
12892
12893
12894
12895
12896
12897
12898
12899
12900
12901
12906
12907
12908
12909
12910
12916
12917
12918
12919
12920
13099
13352
13353
13354
13355
13356
13357
13358
13359
13360
13361
13362
13363
13364
13365
13366
13367
13368
13369
13410
13411
13759
13760
13761
13762
13763
13773
13777
13779
13783
13785
13801
13811
13812
13815
13829
13830
13831
13832
13833
13834
13835
13836
13837
13838
13839
13840
13841
13842
13843
13844
13845
13846
13847
13848
13849
13850
13851
13852
13853
13856
13858
13859
13867
13872
13874
13875
13877
13885
13887
13889
13890
13894
13896
13898
13900
14214
14215
14216
14217
14218
14221
14222
14223
14224
14225
14226
14227
14228
14229
14230
14231
14232
14233
14234
14235
14236
14237
14238
14239
14240
14241
14242
14243
14244
14245
14246
14247
14248
14298
14299
14300
14301
14481
14482
14483
14484
14485
14486
14487
14488
14489
14490
14491
14492
14493
14494
14495
14496
14497
14498
14499
14797
14799
14810
14811
14812
14813
14814
14815
14816
14817
14818
14819
14820
14821
14822
14823
14824
14825
14826
14827
14828
14829
14830
14831
14832
14833
14834
15053
15054
15061
15074
15075
15077
15087
15088
15090
15106
15107
15108
15109
15110
15111
15115
15116
15118
15119
15123
15124
15129
15131
15132
15135
15136
15138
15334
15348
15358
15380
15403
15404
15405
15421
15422
15426
15431
15439
15440
15442
15445
15456
15465
15466
15467
15468
15492
15512
15513
15514
15531
15532
15533
15534
15536
15561
15562
15563
15564
15585
15586
15587
15588
15600
15621
15622
15623
15624
15653
15654
15661
15666
15667
15674
15675
15676
15677
15678
15679
15701
15758
15785
15786
15787
15821
15827
15829
15850
15851
15867
15868
15877
15878
15879
15880
15881
15882
15883
15884
15912
15913
15914
15915
15916
15927
15928
15969
15970
15971
15972
15973
15979
15993
16016
16047
16048
16050
16051
16056
16060
16061
16062
16064
16107
16142
16156
16157
16158
16160
16176
16177
16178
16221
16222
16227
16228
16233
16234
16277
16299
16300
16301
16302
16303
16304
16305
16340
16341
16342
16343
16344
16345
16346
16347
16348
16349
16350
16381
16382
16383
16384
16385
16386
16387
16388
16389
16419
16448
16449
16450
16451
16452
16453
16454
16455
16456
16457
16458
16525
16526
16527
16528
16529
16530
16588
16589
16590
16591
16592
16600
16602
16603
16604
16605
16692
16693
16694
16758
16764
16771
16772
16777
16778
16779
16780
16805
16806
16807
16808
16809
16810
16811
16812
16829
16830
16831
16832
16844
16847
16848
16865
16866
16870
16904
16905
16906
16907
16908
16909
16910
16911
16912
16913
16914
16915
16916
16917
16918
16919
16920
16928
16957
16958
16959
16960
16961
16962
16982
16983
16984
16985
16986
16992
16993
16994
16995
16996
17000
17010
17011
17012
17013
17014
17025
17026
17027
17028
17029
17030
17031
17032
17053
17054
17055
17056
17057
17058
17059
17060
17061
17062
17063
17064
17065
17066
17067
17068
17069
17070
17071
17156
17157
17158
17159
17160
17161
17162
17163
17164
17165
17166
17167
17168
17169
17170
17171
17172
17173
17174
17187
17190
17191
17198
17203
17214
17216
17225
17226
17230
17231
17232
17234
17244
17245
17246
17247
17248
17260
17261
17262
17264
17275
17276
17277
17278
17279
17287
17288
17289
17290
17291
17292
17293
17316
17317
17318
17329
17335
17357
17358
17359
17360
17376
17412
17413
17414
17417
17418
17466
17467
17468
17469
17470
17482
17483
17484
17489
17493
17497
17499
17507
17519
17520
17525
17529
17530
17531
17535
17536
17537
17550
17551
17552
17553
17559
17561
17563
17565
17568
17569
17571
17587
17588
17589
17590
17591
17603
17604
17605
17615
17616
17617
17619
17623
17628
17652
17653
17654
17655
17683
17709
17710
17711
17722
17723
17740
17741
17742
17743
17744
17763
17764
17765
17796
17799
17800
17807
17812
17823
17825
17834
17835
17839
17840
17841
17843
17852
17853
17854
17855
17866
17867
17869
17871
17873
17876
17877
17888
17889
17890
17891
17892
17899
17900
17901
17902
17903
17904
17926
17927
17938
17944
17962
17963
17964
17965
17985
18017
18018
18019
18026
18027
18075
18076
18077
18078
18079
18091
18092
18093
18098
18102
18106
18108
18110
18119
18120
18125
18136
18140
18141
18142
18146
18147
18148
18152
18153
18154
18168
18170
18172
18174
18176
18194
18195
18196
18197
18198
18199
18200
18212
18213
18214
18224
18225
18226
18228
18232
18237
18259
18260
18261
18262
18292
18310
18311
18312
18331
18332
18348
18349
18350
18351
18352
18353
18372
18373
18406
18407
18410
18411
18421
18432
18442
18443
18444
18448
18449
18450
18452
18461
18462
18463
18464
18474
18476
18490
18491
18492
18493
18494
18495
18496
18497
18504
18505
18506
18507
18508
18509
18543
18549
18589
18590
18591
18592
18610
18648
18649
18650
18651
18652
18715
18716
18717
18718
18719
18720
18731
18732
18737
18741
18748
18749
18761
18763
18765
18778
18779
18789
18797
18798
18799
18803
18817
18824
18825
18831
18833
18836
18837
18839
18852
18853
18879
18880
18881
18882
18883
18891
20039
20061
20062
20063
20064
20095
20097
20098
20099
20186
20187
20188
20189
20190
20191
20192
20193
20194
20195
20196
20197
20198
20199
20200
20201
20202
20203
20204
20205
20206
20442
20443
20444
20445
20446
20447
20448
20449
20450
20451
20452
20453
20454
20455
20456
20457
20458
20459
20460
20461
20462
20610
20611
20612
20613
20614
20615
20616
20617
20618
20619
20620
20621
20622
20623
20624
20625
20626
20627
20628
20629
20630
20631
20632
20633
20634
20635
20636
20637
20638
20639
20640
20641
20642
20643
20644
20645
20646
20647
20648
20649
20650
20651
20652
20653
20654
20655
20656
20870
20871
20872
20875
20877
20878
20879
20880
20881
20882
20985
20986
20987
20988
20989
21229
21230
21231
21232
21241
21242
21243
21244
21248
21249
21250
21251
21252
21253
21254
21255
21256
21257
21258
21259
21260
21261
21262
21263
21264
21265
21266
21267
21268
21269
21270
21271
21272
21768
21769
21770
21771
21772
21773
21774
21775
21776
21777
21778
21779
21780
21781
21782
21783
21784
21785
21786
21787
22029
22030
22032
22033
22036
22039
22041
22043
22045
22047
22049
22051
22053
22055
22057
22058
22059
22060
22061
22065
22066
22067
22068
22069
22070
22071
22072
22073
22074
22075
22076
22077
22078
22079
22080
22081
22082
22083
22084
22085
22086
22087
22088
22089
22090
22091
22092
22093
22094
22095
22096
22097
22098
22099
22100
22101
22102
22103
22104
22105
22106
22107
22108
22109
22110
22111
22112
22113
22114
22115
22116
22117
22118
22509
22510
22511
22657
22658
22659
22665
22666
22667
22668
22669
22670
22671
22672
22673
22674
22675
22676
22677
22678
22679
22680
22683
22684
22685
22686
22912
22913
22914
22915
22916
22917
22918
22919
22920
22921
22922
22923
23026
23027
23159
23161
23162
23163
23164
23165
23166
23167
23168
23169
23197
23354
23355
23356
23357
23358
23359
23360
23361
23362
23363
23364
23365
23366
23367
23368
23509
23510
23511
23512
23513
23514
23515
23516
23517
23518
23519
23520
23521
23534
23535
23538
23542
23555
23559
23587
23589
23605
23607
23625
23627
23643
23645
23664
23665
23685
23687
23801
23802
23803
23804
23805
23806
23824
23825
23826
23827
23844
23879
23881
23882
23883
23884
23885
23889
23890
23891
23896
23920
23921
23956
24017
24018
24019
24020
24021
24022
24023
24024
24025
24026
24027
24076
24105
24106
24107
24108
24149
24150
24216
24217
24218
24219
24220
24267
24306
24307
24308
24309
24310
24311
24395
24396
24397
24398
24399
24400
24401
24402
24403
24404
24405
24406
24407
24408
24409
24410
24411
24412
24413
24414
24415
24530
24531
24532
24533
24535
24536
24538
24539
24540
24561
24564
24565
24566
24567
24568
24569
24570
24571
24572
24587
24588
24593
24650
24651
24652
24653
24655
24665
24666
24667
24668
24669
24670
24671
24682
24684
24686
24687
24786
24787
24788
24789
24790
24791
24792
24793
24794
24899
24900
24979
24980
24981
24987
24988
24989
24990
24991
24992
24993
24994
24995
24996
24997
24998
24999
25000
25081
25095
25096
25097
25164
25165
25166
25167
25168
25169
25170
25171
25197
25246
25248
25249
25250
25256
25257
25258
25259
25260
25261
25262
25263
25264
25265
25266
25267
25268
25269
25297
25298
25299
25300
25301
25472
25474
25475
25476
25477
25481
25482
25483
25484
25485
25486
25487
25488
25489
25490
25491
25492
25493
25494
25496
25674
25675
25676
25677
25724
25725
25726
25727
25728
25729
25730
25731
25750
25751
25752
25891
25892
25893
25894
25895
25896
25897
25898
25899
25900
25975
25976
25977
25978
25979
25985
25986
25987
25988
25989
25990
25991
25992
25993
25994
25995
25996
25997
25998
25999
26004
26005
26006
26007
26008
26009
26010
26139
26141
26146
26147
26148
26255
26256
26257
26258
26259
26260
26261
26262
26263
26338
26339
26340
26343
26344
26430
26431
26432
26433
26434
26435
26436
26437
26438
26439
26440
26563
26564
26565
26566
26567
26568
26569
26570
26571
26572
26573
26574
26645
26646
26689
26690
26691
26692
26693
26694
26695
26696
26697
26698
26699
26700
26953
26954
26955
26956
26957
26965
26966
26967
26968
26969
26970
26971
26972
26973
26974
26975
26976
26977
26978
26979
26980
26981
26982
26983
26984
26985
26986
26987
26988
26989
26990
26991
26992
26993
26994
26995
26996
26997
26998
26999
27000
27001
27002
27003
27004
27005
27006
27007
27008
27009
27010
27011
27012
27013
27014
27015
27016
27017
27018
27019
27020
27021
27022
27023
27024
27025
27026
27027
27028
27029
27030
27031
27360
27362
27365
27366
27367
27368
27400
27401
27402
27409
27410
27411
27412
27413
27414
27415
27441
27442
27505
27506
27509
27510
27527
27529
27530
27531
27532
27533
27534
27542
27543
27545
27547
27654
27655
27656
27657
27658
27659
27660
27661
27662
27663
27664
27665
27666
27667
27668
27669
27670
27671
27672
27673
27674
27675
27676
27677
27678
27679
27680
27681
27682
27683
27684
27885
27886
28001
28002
28003
28004
28020
28021
28022
28023
28024
28025
28026
28027
28028
28029
28030
28031
28032
28033
28102
28126
28127
28128
28178
28179
28180
28181
28182
28183
28184
28185
28186
28187
28188
28189
28230
28231
28233
28235
28263
28264
28265
28414
28415
28416
28417
28418
28419
28420
28424
28425
28426
28427
28428
28429
28606
28608
28609
28611
28612
28613
28614
28615
28616
28617
28618
28619
28620
28621
28622
28623
28624
28625
28626
28627
28628
28826
28827
28828
28829
28830
28838
28839
28840
28841
28842
28843
28844
28845
28854
28855
28856
28857
28858
28859
28860
28861
28862
28863
28864
28865
28866
28867
28868
28869
28870
28871
28872
28873
28874
28875
28876
28877
28878
28879
28880
28883
28884
28886
28887
28888
28889
28890
28891
28892
29219
29220
29221
29222
29236
29237
29238
29288
29292
29293
29294
29375
29376
29577
29578
29579
29580
29588
29589
29590
29591
29594
29595
29596
29597
29598
29599
29600
29601
29602
29603
29604
29605
29606
29610
29611
29612
29613
29614
29615
29616
29617
29618
29619
29620
29621
29895
29896
29897
29898
29899
29900
29901
29902
29903
29904
29905
29906
29907
30084
30087
30089
30091
30093
30094
30095
30096
30097
30098
30099
30100
30101
30102
30103
30104
30105
30106
30107
30108
30109
30110
30111
30112
30113
30114
30115
30116
30117
30118
30119
30120
30121
30122
30123
30124
30125
30126
30127
30128
30129
30130
30131
30132
30133
30134
30135
30136
30137
30374
30403
30407
30408
30409
30448
30449
30450
30522
30523
30524
30598
30599
30600
30601
30602
30603
30604
30663
30664
30665
30666
30667
30680
30681
30682
30734
30735
30736
30737
30738
30739
30740
30741
30742
30874
30875
30876
30877
30878
30879
31020
31021
31022
31025
31030
31031
31032
31033
31034
31035
31036
31037
31038
31039
31040
31041
31042
31043
31044
31045
31257
31263
31264
31265
31349
31350
31352
31353
31354
31355
31358
31359
31360
31361
31362
31390
31393
31394
31395
31516
31517
31518
31519
31520
31521
31522
31523
31524
31525
31526
31527
31665
31666
31667
31668
31669
31670
31671
31778
31779
31780
31781
31782
31783
31784
31785
31786
31787
31788
31789
31790
31791
31792
31891
31892
31893
31894
31895
31987
31988
31989
31990
31991
31992
31993
31994
31995
31996
31997
31998
31999
32001
32129
32130
32131
32132
32133
32134
32135
32136
32137
32138
32139
32225
32226
32227
32228
32229
32230
32231
32232
32233
32234
32235
32236
32237
32238
32239
32240
32241
32242
32243
32244
32644
32645
32646
32647
32648
32649
32650
32651
32652
32653
32654
32655
32656
32793
32794
32795
32796
32797
32798
32799
32800
32801
32802
32803
32804
32805
32806
32807
32808
32809
32810
32811
32812
32813
32814
32815
32816
32817
32818
32819
32820
32830
32831
32832
32833
32834
32835
32836
32837
32838
32839
32840
32841
32842
32843
33034
33037
33038
33039
33043
33085
33086
33087
33088
33089
33158
33159
33168
33169
33212
33213
33214
33215
33216
33217
33218
33219
33220
33221
33222
33223
33224
33225
33253
33303
33304
33305
33306
33307
33308
33309
33310
33311
33312
33313
33314
33315
33316
33317
33318
33329
33370
33371
33372
33373
33374
33375
33376
33377
33556
33557
33558
33570
33571
33572
33573
33574
33575
33576
33582
33583
33584
33585
33586
33587
33590
33591
33592
33593
33594
33595
33596
33597
33598
33599
33600
33601
33602
33603
33604
33605
33606
33607
33609
33610
33611
33612
33613
33614
33615
33616
33617
33912
33913
33999
34001
34002
34003
34004
34005
34006
34015
34016
34017
34018
34081
34082
34083
34084
34085
34086
34087
34088
34089
34090
34091
34092
34093
34094
34095
34096
34097
34098
34099
34100
34101
34102
34103
34104
34105
34260
34261
34262
34263
34403
34404
34405
34406
34407
34408
34463
34464
34465
34466
34467
34468
34469
34470
34471
34472
34504
34505
34507
34508
34526
34567
34568
34570
34571
34573
34574
34575
34576
34577
34578
34579
34637
34638
34639
34669
34670
34671
34672
34825
34827
34829
34831
34832
34833
34834
34835
34836
34837
34838
34839
34840
34841
34842
34843
34844
34845
34846
34847
34848
34849
34850
34851
34852
34853
34854
34855
35121
35128
35129
35130
35131
35132
35133
35134
35135
35188
35189
35194
35302
35303
35304
35305
35376
35385
35386
35387
35388
35389
35390
35391
35396
35559
35560
35561
35562
35563
35564
35565
35566
35567
35568
35856
35857
35858
35860
35861
35862
35863
35864
35865
35866
35867
35868
35869
35870
35871
35872
35873
35874
35875
35876
35877
35915
35916
35917
36065
36066
36067
36068
36069
36070
36071
36072
36073
36074
36075
36076
36077
36078
36243
36244
36245
36246
36247
36248
36249
36250
36251
36252
36253
36254
36255
36256
36257
36258
36259
36260
36261
36306
36319
36320
36344
36426
36427
36428
36447
36448
36449
36451
36452
36469
36470
36482
36533
36534
36551
36580
36581
36582
36583
36584
36585
36586
36587
36597
36598
36599
36634
36635
36636
36637
36638
36639
36670
36671
36672
36673
36674
36676
36677
36809
36810
36811
36856
36857
36861
36862
36909
36910
36911
36912
36913
36914
36964
36965
36966
36967
36968
36969
36970
37053
37054
37055
37056
37057
37058
37059
37060
37061
37155
37157
37161
37162
37163
37164
37165
37166
37176
37177
37178
37180
37183
37184
37187
37188
37276
37277
37278
37308
37309
37348
37349
37350
37351
37352
37353
37354
37355
37356
37357
37375
37376
37377
37379
37380
37416
37417
37418
37419
37420
37421
37461
37462
37463
37464
37465
37466
37501
37502
37503
37643
37644
37645
37646
37678
37691
37692
37693
37695
37696
37697
37706
37707
37708
37709
37710
37719
37720
37726
37727
37728
37737
37738
37750
37751
37752
37753
37754
37757
37758
37763
37764
37791
37792
37802
37803
37804
37808
37809
37810
37821
37822
37823
37847
37848
37849
37875
37876
37878
37884
37885
37886
37890
37891
37892
37947
37948
37951
37952
37957
37958
37959
37960
37962
37964
38017
38018
38021
38022
38027
38028
38029
38030
38032
38034
38089
38090
38093
38094
38099
38100
38101
38102
38104
38106
38159
38160
38163
38164
38169
38170
38171
38172
38175
38176
38230
38231
38232
38234
38609
38610
38611
38612
38613
38614
38615
38736
38737
38738
38739
38740
38741
38742
38745
38746
38747
38748
38749
38750
38751
38752
38754
38755
38898
38902
38903
38904
38906
38908
38909
38910
38911
38912
38913
38914
38915
38916
38917
38983
38984
39315
39328
39340
39341
39342
39343
39344
39345
39346
39347
39348
39349
39350
39351
39352
39353
39354
39355
39356
39357
39358
39359
39360
39361
39362
39363
39364
39365
39366
39367
39368
39369
39372
39373
39374
39375
39376
39377
39378
39380
39381
39383
39384
39386
39387
39388
39389
39390
39391
39392
39393
39394
39395
39396
39397
39398
39399
39400
39401
39402
39403
39404
39405
39406
39407
39408
39409
39410
39411
39413
39414
39415
39416
39417
39419
39420
39421
39422
39424
39425
39793
39794
40496
40522
40527
40534
40555
40556
40560
40561
40562
40563
40564
40565
40566
40567
40568
40569
40570
40571
40572
40573
40574
40575
40576
40577
40578
40579
40580
40581
40582
40583
40584
40585
40586
40587
40588
40589
40590
40591
40592
40593
40594
40595
40596
40597
40598
40599
40600
40601
40602
40603
40604
40605
40606
40607
40608
40609
40610
40611
40612
40613
40614
40615
40616
40617
40618
40619
40620
40621
40622
40623
40624
40625
40626
40627
40628
40629
40630
40631
40632
40633
40634
40635
40704
40705
41206
41212
41214
41219
41224
41225
41226
41227
41229
41232
41233
41234
41235
41236
41237
41238
41239
41240
41241
41242
41243
41244
41245
41246
41247
41248
41249
41250
41251
41252
41253
41254
41255
41256
41257
41258
41259
41260
41261
41262
41263
41264
41265
41266
41267
41268
41269
41270
41271
41272
41273
41274
41275
41276
41277
41278
41279
41280
41281
41282
41283
41284
41285
41288
41289
41290
41291
41292
41293
41294
41296
41297
41298
41299
41300
41301
41302
41303
41304
41305
41306
41307
41308
41309
41310
41311
41312
41313
41314
41316
41317
41318
41319
41320
41321
41322
41323
41324
41325
41326
41327
41328
41329
41330
41331
41332
41333
41334
41335
41336
41337
41338
41339
41340
41341
41342
41343
41344
41345
41346
41347
41348
41349
41350
41351
41352
41353
41354
41355
41356
41357
41358
41359
41360
41361
41362
41363
41364
41365
41366
41367
41368
41369
41370
41371
41372
41373
41374
41375
41377
41378
41379
41381
41382
41383
41386
41387
41388
41389
41390
41391
41392
41393
41394
41395
41396
41397
41398
41399
41400
41401
41402
41403
41404
41405
41406
41407
41408
41409
41410
41411
41412
41413
41414
42111
42393
42395
42396
42397
42399
42400
42401
42402
42403
42404
42406
42407
42416
42417
42418
42419
42420
42421
42422
42424
42429
42430
42431
42432
42433
42434
42435
42436
42437
42438
42439
42440
42441
42442
42443
42444
42445
42446
42447
42448
42449
42450
42451
42452
42453
42454
42455
42456
42457
42458
42865
42866
42867
42868
42869
42870
42871
42872
42873
42874
42875
42876
42877
42878
42988
42989
42990
43785
43786
43788
43789
43790
43791
43792
43793
43794
43795
43796
43797
43798
43799
43823
43824
43825
43826
43827
43828
43829
43830
43831
43832
43833
43834
43835
43842
43843
43844
43845
43846
43847
43848
43849
43850
43851
43852
43853
43855
43856
43857
43858
43859
43860
43861
43862
43863
43864
43865
43866
43867
43868
43869
43870
43871
43872
43873
43874
43875
43876
43877
43878
43879
43880
43881
43882
43883
43884
43885
43886
43887
43888
43889
43890
43891
43892
43893
43894
43895
43896
43897
43898
43899
43900
43901
43902
43903
43904
43905
43906
43907
43908
43909
43910
43911
43912
43913
43914
43915
43916
43917
43918
43919
43920
43921
43922
43923
43924
43925
43926
43927
43928
43929
43930
43931
43932
43933
43934
43935
43936
43937
43938
43939
43940
43941
43942
44938
44939
45707
45725
45727
45728
45729
45730
45731
45732
45733
45734
45735
45736
45737
45738
45739
45740
45741
45742
45743
45744
45745
45746
45747
45748
45749
45750
45751
45752
45753
45754
45755
45756
45757
45758
45759
45760
45761
45762
45763
45764
45765
45766
45767
45768
45769
45770
45771
45772
45773
45774
45775
45776
45777
45778
45779
45780
45781
45782
45783
45784
45785
45786
45787
45788
45789
45790
45791
45792
45793
45794
45795
45796
45797
45798
45799
45800
45801
45802
45803
45804
45805
45806
45860
45861
46424
46429
46430
46431
46432
46433
46436
46437
46438
46439
46440
46441
46442
46449
46451
46456
46457
46458
46461
46462
46464
46468
46469
46470
46472
46476
46477
46478
46481
46482
46486
46487
46488
46491
46492
46494
46497
46498
46500
46501
46502
46503
46504
46505
46506
46507
46508
46515
46516
46517
46518
46519
46520
46521
46522
46523
46524
46525
46526
46527
46528
46529
46530
46531
46532
46533
46534
46535
46536
46537
46538
46539
46540
46541
46542
46543
46544
46545
46546
46547
46548
46549
46550
46551
46552
46553
46554
46555
46556
46557
46558
46559
46560
46561
46562
46563
46564
46565
46566
46567
46568
46569
46570
46571
46572
46573
46574
46575
46576
46577
46578
46579
46580
46581
46582
46583
46584
46585
46586
46587
46588
46589
46590
46591
46592
46593
46594
46595
46596
46597
46598
46599
46600
46601
46602
46603
46604
46605
46606
46607
46608
46609
46610
46611
46612
46613
46614
46615
46616
46617
46618
46619
46620
46621
46622
46623
46624
46625
46626
46627
46628
46629
46630
46631
46632
46633
46634
46635
46636
46637
46638
46639
46640
46641
46642
46643
46644
46645
46646
46647
46648
46649
46650
46651
46652
47712
47713
47719
47720
47721
47722
47723
47724
47725
47726
47727
47728
47729
47730
47768
47769
47770
47771
47772
47773
47774
47775
48114
48115
48116
48117
48118
48139
48140
48141
48142
48143
48144
48145
48146
48147
48148
48149
48150
48151
48152
48153
48154
48155
48156
48157
48158
48159
48160
48161
48162
48163
48164
48165
48166
48167
48168
48169
48170
48175
48176
48177
48178
48179
48180
48181
48182
48183
48194
48195
48196
48197
48198
48199
48200
48201
48202
48787
48788
48789
48790
48791
48792
48793
48794
48795
48796
48797
48798
48799
48800
48801
48802
48803
48804
48805
48806
48807
48808
48809
48810
48811
48812
48813
48814
48815
48816
48817
48826
48827
49105
49106
49107
49108
49109
49110
49151
49417
49418
49419
49420
49422
49423
49424
49425
49426
49427
49428
49429
49430
49431
49432
49433
49434
49435
49436
49437
49438
49439
49440
49441
49442
49443
49444
49445
49515
49516
49559
49560
49858
49859
49860
49861
49862
49863
49864
49865
49866
49867
49868
49869
49870
49871
49872
49873
49874
49875
49876
49877
49878
49879
49880
49881
49882
49883
49884
49885
49886
49887
49888
49889
49890
49891
49892
49893
49894
49895
49896
49897
49898
49899
50175
50193
50194
50195
50196
50197
50198
50199
50200
50201
50202
50203
50204
50205
50206
50207
50208
50209
50210
50211
50212
50213
50214
50215
50216
50217
50218
50219
50220
50221
50227
50230
50265
50266
50267
50268
50269
50275
50277
50278
50284
50285
50316
50317
50325
50326
50337
50339
50343
50344
50356
50359
50361
50364
50393
50394
50395
50396
50400
50401
50402
50441
50442
50443
50446
50447
50500
50501
50502
50503
50507
50508
50509
50548
50549
50550
50553
50554
50607
50608
50609
50610
50611
50612
50661
50662
50665
50666
50960
50961
50963
50964
50965
50967
50968
50969
50970
50971
50975
50976
50977
50978
50979
50980
50981
50982
50983
50992
50993
50997
51009
51010
51011
51025
51043
51044
51078
51079
51107
51108
51109
51110
51111
51186
51187
51188
51189
51190
51242
51243
51244
51245
51246
51247
51248
51249
51250
51251
51252
51336
51337
51338
51378
51379
51380
51441
51442
51443
51498
51499
51500
51501
51524
51541
51552
51559
51571
51573
51574
51584
51595
51596
51610
51611
51636
51637
51655
51710
51711
51712
51713
51714
51715
51835
51836
51837
51838
51885
51886
51887
51888
51889
51890
51891
52005
52006
52007
52008
52009
52166
52167
52168
52169
52170
52171
52172
52173
52174
52175
52176
52177
52178
52179
52180
52181
52182
52183
52184
52185
52186
52187
52188
52189
52190
52191
52192
52361
52362
52423
52424
52425
52426
52427
52428
52429
52430
52431
52432
52546
52598
52603
52659
52781
52782
52783
52786
52787
52790
52791
52794
52795
52798
52799
52804
52805
52806
52807
52808
52809
52810
52970
52971
52990
52991
52992
52993
53012
53013
53018
53019
53020
53021
53042
53043
53044
53045
53046
53047
53076
53077
53084
53085
53348
53349
53350
53899
53900
53901
53902
53903
54028
54029
54030
54031
55401
55402
55403
55404
55405
55406
55407
55922
55923
55924
55925
55926
56095
56096
56097
56098
56235
56236
56237
56238
56239
56275
56276
56277
56322
56365
56366
56367
56368
56375
56376
56377
56378
56590
56641
56642
56643
56644
56645
56666
56667
56668
56669
56670
56710
56819
56824
56825
56826
56827
56893
56915
56916
56921
56922
56923
56924
57149
57150
57423
57424
57464
57545
57550
57551
57552
57553
57554
57555
57556
57641
57656
57663
57664
57667
57815
57816
57817
57852
57854
57864
57920
58089
58194
58200
58201
58202
58278
58280
58283
58440
58442
58443
58444
58572
58573
58575
58576
58577
58578
58579
58580
58581
58582
58583
58584
58585
58586
58722
58723
58724
58725
58726
58798
58799
58800
58801
58802
58803
58804
58813
58814
58815
58992
59072
59073
59074
59075
59076
59077
59078
59102
59103
59104
59159
59320
59321
59322
59323
59324
59325
59326
59327
59328
59392
59393
59394
59395
59396
59397
59398
59399
59495
59496
59497
59498
59499
59511
59512
59513
59514
59517
59518
59519
59520
59627
59773
59885
59886
59887
59888
59889
59890
59891
59892
59893
59920
59921
59922
59923
59924
59925
59993
59994
60226
60227
60228
60229
60230
60231
60232
60233
60234
60235
60237
60238
60239
60240
60241
60242
60310
60333
60379
60418
60419
60420
60421
60422
60423
60424
60442
60443
60444
60445
60446
60507
60508
60510
60511
60512
60592
60593
60614
60615
60634
60726
60727
60728
60729
60730
60731
60732
60733
60734
60735
60754
60755
60762
60763
61131
61281
61282
61283
61284
61285
61286
61287
61288
61529
61530
61531
61554
61555
61556
61655
61728
61734
61866
61868
61870
61872
61874
61877
61878
61879
61953
61967
61968
61969
61982
61999
62004
62024
62025
62026
62077
62078
62079
62080
62081
62082
62083
62084
62085
62180
62222
62223
62224
62327
62328
62329
62330
62331
62332
62333
62334
62335
62490
62492
62522
62530
62531
62532
62605
62606
62607
62608
62609
62610
62611
62612
62613
62670
62671
62672
62753
62798
62799
62818
62819
62820
62821
62822
62823
62836
62837
62838
62869
62870
62871
62872
62873
62874
63008
63009
63010
63034
63035
63176
63282
63283
63304
63305
63382
63383
63384
63391
63392
63403
63404
63405
63420
63424
63426
63428
63434
63440
63453
63454
63455
63463
63464
63472
63473
63474
63475
63489
63490
63491
63495
63496
63497
63522
63523
63524
63533
63534
63541
63542
63543
63554
63555
63556
63571
63572
63885
63886
63887
64397
64398
64399
64400
64401
64402
64403
64404
64539
64540
64541
65896
65897
65898
65899
65900
65901
65902
65903
72049
72050
72051
72052
72055
72056
72057
72058
72059
72131
72337
72338
72339
72340
72341
72342
72343
72344
72345
72346
72347
72348
72349
72350
72351
72352
72353
72354
72355
72356
72357
72358
72984
72985
72986
72987
72988
72989
72990
72991
72992
72993
72994
72995
72996
73234
73235
73240
73246
73251
73259
73260
73261
73262
73263
73265
73266
73268
73269
73270
73272
73275
73276
73277
73278
73279
73280
73282
73283
73284
73285
73905
73906
73907
73908
73909
73911
73912
73913
73914
73915
73916
73917
73918
74644
74645
74646
74647
74648
74649
74650
74651
74652
74653
74654
74655
74656
74657
74658
74659
74660
74661
74662
74663
74664
74665
74666
74667
74668
74669
74670
74671
74672
74673
74674
74675
74676
74677
74678
74679
74680
74681
74682
74683
74684
74685
74686
74687
74688
74689
74690
74691
74692
74693
74694
74695
74696
74697
74698
74699
74700
74701
74702
74703
74704
74705
74706
74707
74708
74709
74710
74711
74712
74713
74714
74715
74716
74717
74718
74719
74720
74721
74722
74723
74724
75428
75429
75430
75431
75432
75433
75434
75435
75436
75437
75616
75617
75618
75619
75620
75621
75622
75623
75624
75625
75626
75627
75628
75629
75630
75631
75632
75633
75634
75635
75636
75637
75638
75639
75640
75641
75642
76002
76005
76006
76007
76196
76208
76440
76441
76442
76743
76744
76745
76746
76747
76748
76749
76756
76757
76758
76759
76760
76761
76766
76767
76768
76769
76775
76776
76777
76778
76779
76784
76785
76786
76787
76799
76800
76801
76802
76803
76804
76805
76806
76807
76808
76809
76810
76811
76812
76813
76814
77195
77196
77197
77198
77199
77200
77259
77260
77261
77262
77263
77264
77265
77266
77267
77268
77315
77316
77317
77318
77319
77332
77333
77334
77335
77336
77337
77338
77339
77340
77341
77342
77343
77394
77395
77396
77397
77398
77399
77400
77401
77402
77403
77404
77405
77406
77407
77474
77475
77476
77477
77478
77479
77496
77497
77498
77499
77500
78490
78491
78492
78493
78494
78495
78496
78497
78498
78499
80290
80294
80295
80296
80297
80298
80299
80300
80301
80302
80303
80304
80305
80306
80307
80672
80673
80674
80675
80676
80677
80678
80679
80680
80681
80682
84569
84570
84571
84572
84573
84574
84575
84576
84577
84578
84579
84580
84581
84582
84583
85756
85846
85856
86135
86146
86168
86169
86170
86180
86181
86182
86183
86201
86207
86227
86228
86231
86232
86242
86243
86268
86269
86270
86271
86272
86273
86280
86283
86334
86335
86336
86337
86338
86451
86452
86453
86454
86455
86456
86457
86458
86459
86460
86461
86462
86463
86464
86465
91162
91186
91187
91188
91189
91216
91241
91242
91265
91266
91267
91268
91269
91398
91400
91401
91402
91421
91448
91467
91479
91480
91481
91482
91493
91494
91641
91642
91643
91644
91645
91646
91647
91648
91714
91715
91716
91717
91718
91719
91837
91838
91891
91892
91893
91926
91927
91928
91929
91930
91958
91959
91960
91961
91962
91981
91982
91983
91990
91991
91992
92005
92006
92007
92008
92009
109334
109335
109336
109337
109338
109339
109340
109341
109342
109343
109344
109345
109346
109347
109684
109688
109690
109691
109692
109693
109694
109695
109696
109697
109698
109699
109700
109701
109702
109703
109704
109705
109706
109707
109708
109709
109710
109711
109712
109713
109714
109715
109716
109717
109718
109719
109720
109721
109722
109723
109724
109725
109726
109727
109728
109729
109730
109731
109732
109733
125036
125037
128820
128821
128822
128823
128836
128837
128838
128839
128840
128841
128842
128843
128844
128845
128846
128847
128848
128849
128850
128851
128852
128853
128869
128870
128871
128872
128873
128874
128875
128876
128877
128878
128879
128880
128881
128882
128883
128893
128894
128895
128896
128897
128898
128899
128900
128901
128902
128903
128904
128905
128906
128907
128908
128909
128910
128911
128912
128913
128923
128924
128925
128926
128927
128928
128929
128930
128931
128932
128933
128934
128935
128936
128937
128938
128939
128940
128941
128942
128943
128944
128945
128946
128947
128948
128949
128950
128951
128952
128953
128954
128955
128956
128957
128958
128959
128960
128961
128962
128963
128964
128965
128966
128967
128968
128969
128970
128971
128972
128973
128974
128975
128976
128977
128978
128979
128980
128981
128982
128983
128984
128985
128986
128987
128988
128989
128990
128991
128992
128993
128994
128995
128996
128997
128998
128999
129000
129001
129002
129003
129004
129005
129006
129007
129008
129009
129010
129011
129012
129013
129014
129015
129016
129017
129018
129019
129020
129021
129022
129023
129024
129025
129026
129027
129028
129029
129030
129031
129032
129033
129034
129035
129036
129037
129038
129039
129040
129041
129042
129043
129044
129045
129046
129047
129048
129049
129050
129051
129052
129053
129054
129055
129056
129057
129058
129059
129060
129061
129062
129063
129064
129065
129066
129067
129068
129069
129070
129071
129072
129073
129074
129075
129076
129077
129078
129079
129080
129081
129082
129083
129084
129085
129086
129087
129088
129089
129090
129091
129092
129093
129094
129095
129096
129097
129098
129099
129100
129101
129102
129103
129104
129105
129106
129107
129108
129109
129110
129111
129112
129113
129114
130504
130505
130506
130507
130508
130509
130510
130511
130512
130513
130514
130515
130516
130517
130518
130519
130520
130521
130522
130523
130524
130525
130526
130527
130528
130529
130530
130531
130532
130533
130534
130535
130536
130537
130538
130539
130540
130541
130542
130543
130544
130545
130546
130547
130548
130549
130550
130551
130552
130553
130554
130555
130556
130557
130558
130559
130560
130561
130562
130563
130564
130565
130566
130567
130568
130569
130570
130571
130572
130573
130574
130575
130576
130577
130578
130579
130580
130581
130582
130583
130584
130585
130586
130587
130588
130589
130590
130591
130592
130593
130594
130595
130596
130597
130598
130599
130600
130601
130602
130603
130604
130605
132033
132034
132035
132036
132037
132038
132039
132040
132041
132042
132043
132044
132045
132046
132047
132048
132049
132050
132051
132052
132053
132054
132055
132056
132057
132058
132059
132060
132061
132062
132063
132064
132065
132066
132067
132068
132069
132070
132071
132072
132073
132074
132075
132076
132077
132080
132081
132082
132083
132084
132085
132086
132087
132088
132089
132090
132091
132092
132093
132094
132095
132096
132097
132098
132099
132100
132101
132102
132103
132104
132105
132106
132107
132108
132109
132110
132111
132122
132123
132124
132125
132126
132127
132128
132129
132130
132131
132148
132149
132150
132151
132152
132153
132166
132167
132168
132169
132170
132171
132172
132173
132174
132175
132176
132177
132178
132179
132180
132181
132182
132183
132184
132185
132186
132187
132188
132189
132190
132223
132224
132225
132226
132227
132228
132229
132230
132231
132232
132233
132234
132235
132236
132237
132238
132239
132240
132241
132242
132243
132244
132245
132246
132247
132248
132249
132250
132251
132252
132253
132254
132255
132256
132257
132258
132259
132260
132261
132262
132263
132264
132265
132266
132267
132268
132269
132270
132271
132272
132273
132274
132275
132276
132277
132278
132279
132280
132281
132282
132283
132284
132285
132286
132287
132288
132289
132290
132291
132292
132293
132294
132295
132296
132297
132298
132299
132300
132301
132302
132303
132304
132305
132306
132307
132308
132309
132310
132311
132312
132325
132326
132327
132328
132329
132330
132331
132332
132333
132334
132335
132336
132355
132356
132357
132358
132359
132360
132379
132380
132381
132382
132383
132384
132385
132386
132387
132388
132389
132390
132403
132404
132405
132406
132407
132408
132419
132420
132421
132422
132423
132424
134298
134299
134300
134301
134302
134303
134304
134305
134306
134307
134308
134309
135747
135748
135749
135750
135751
135752
135753
135754
135765
135766
135767
135768
135769
135770
135771
135772
135773
135774
135775
135776
135777
135778
135779
135789
135790
135791
135792
135793
135794
135795
135796
135797
135798
135799
135800
135801
135802
135803
135804
135805
135806
135807
135808
135809
135813
135814
135815
135816
135817
135818
135819
135820
135821
135843
135844
135845
135846
135847
135848
135849
135850
135851
135852
135853
135854
135855
135856
135857
135858
135859
135860
135873
135874
135875
135876
135877
135878
135879
135880
135881
135882
135883
135884
135885
135886
135887
135888
135889
135890
135929
135930
135931
135932
135933
135934
135935
135936
135937
135938
135939
135940
135941
135942
135943
135944
135945
135946
135947
135948
135949
135950
135951
135952
135953
135954
135955
135956
135957
135958
135959
135960
135961
135962
135963
135964
135965
135966
135967
135968
135969
135970
135971
135972
135973
135974
135975
135976
135977
135978
135979
135980
135981
135982
135983
135984
135985
135986
135987
135988
135989
135990
135991
135992
135993
135994
135995
135996
135997
135998
135999
136000
136001
136002
136003
136004
136005
136006
136007
136008
136009
136010
136011
136012
136013
136014
136015
136016
137773
137774
137775
137776
137777
137778
137779
137780
137781
137782
137783
137784
137785
137786
137787
137788
137789
137790
137791
137792
137793
137794
137795
137796
137797
137798
137799
137800
137801
137802
137803
137804
137805
137806
137807
137808
137809
137810
137811
137812
137813
137814
137815
137816
137817
137818
137819
137820
137821
137822
137823
137824
137825
137826
137827
137828
137829
137830
137831
137832
137833
137834
137835
137836
137837
137838
137839
137840
137841
137842
137843
137844
137845
137846
137847
137848
137849
137850
137851
137852
137853
137854
137855
137856
137857
137858
137859
137860
137861
137862
137863
137864
137865
137866
137867
137868
137869
137870
137871
137872
137873
137874
137875
137876
137877
137878
137879
137880
137881
137882
137883
137884
137885
137886
137887
137888
137889
137890
137891
137892
137893
137894
137895
137896
137897
137898
137899
137900
137901
137902
137903
137904
137905
137906
137907
137908
137909
137910
137911
137912
137913
137914
137915
137916
137917
137918
137919
138664
138665
138666
138667
138668
138669
138680
138681
138695
138696
138697
138698
138716
138717
138718
138719
138724
138725
138728
138729
138730
138731
138732
138733
138734
138735
138736
138737
138738
138739
138740
138741
138742
138743
138744
138745
138756
138757
138758
138759
138764
138765
138766
138767
138776
138777
138780
138781
138792
138793
138796
138797
138798
138799
138808
138809
138810
138811
138816
138817
139069
139070
139071
139072
139073
139074
139075
139076
139077
139078
139079
139080
139081
139082
139083
139084
139085
139086
139087
139088
139089
139090
139091
139092
139093
139094
139095
139096
139097
139098
139099
139100
139101
139102
139103
139104
139105
139106
139107
139276
139277
139278
139279
139462
139463
139464
139465
139466
139467
139468
139469
139512
139513
139514
139515
139516
139517
139518
139519
139520
139521
139522
139523
139524
139525
139526
139527
139528
139529
139530
139531
139532
139533
139534
139535
139562
139563
139564
139565
139566
139567
139574
139575
139576
139577
139578
139579
139608
139609
139636
139637
139638
139639
139640
139641
139672
139673
139674
139675
139676
139677
139684
139685
139686
139687
139688
139689
139692
139693
139708
139709
139710
139711
139712
139713
139750
139751
139752
139753
139754
139755
139762
139763
139764
139765
139766
139767
139796
139797
139824
139825
139826
139827
139828
139829
139860
139861
139862
139863
139864
139865
139872
139873
139874
139875
139876
139877
139880
139881
139896
139897
139898
139899
139900
139901
139944
139945
139946
139947
139948
139949
139950
139951
139952
139953
139954
139955
139984
139985
140000
140001
140002
140003
140004
140005
140021
140022
140023
140024
140025
140026
140027
140409
140410
140411
140412
140413
140414
140415
140416
140417
140418
140419
140420
140421
140422
140423
140424
140425
140426
140427
140428
140429
140430
140431
140432
140433
140434
140435
140436
140437
140438
140439
140440
140441
140442
140443
140444
140445
140446
140447
140448
140449
140450
140451
140452
140453
140454
140455
140456
140457
140458
140459
140460
140461
140462
140463
140464
140465
140466
140467
140760
140761
140762
140763
140764
140765
140766
140767
140768
140769
140770
140771
140772
140773
140774
140775
140776
140777
140778
140779
140780
140781
140782
140783
140784
140785
140786
140787
140788
140789
140790
140791
140792
140793
140794
140795
140796
140797
140798
140799
140800
140801
140802
140803
140804
140805
140806
140807
140808
140809
140810
140811
140812
140813
140814
140815
140816
140817
140818
140819
140820
140821
140822
140823
140824
140825
140826
140827
140828
140829
140830
140831
140832
140833
140834
140835
140836
140837
140838
140839
140840
140841
140842
140843
140844
140845
140846
140847
140848
140849
140850
140851
140852
140853
140854
140855
140856
140857
140858
140859
140860
140861
140862
140863
140864
140865
140866
140867
140868
140869
140870
140871
140872
140873
140874
140875
140876
140877
140878
140879
140880
140881
140882
140883
140884
140885
140886
140887
140888
140889
140890
140891
140892
140893
140894
140895
140896
140897
140898
140899
140900
140901
140902
140903
140904
140905
140906
140907
140908
140909
140910
140911
140912
140913
140914
140915
140916
140917
140918
140919
140920
140921
140922
140923
140924
140925
140926
140927
140928
140929
140930
140931
140932
140933
140934
140935
140936
140937
140938
140939
140940
140941
140942
140943
140944
140945
140946
140947
140948
140949
140950
140951
140952
140953
140954
140955
140956
140957
140958
140959
140960
140961
141327
141328
141329
141330
141331
141332
141333
141334
141335
141336
141337
141338
141339
141340
141341
141342
141343
141344
141345
141346
141347
141348
141349
141350
141351
141352
141353
141354
141355
141356
141357
141358
141359
141360
141361
141362
141363
141364
141365
141366
141367
141368
141369
141733
141734
141735
141736
141737
141738
141739
141740
141741
141742
141743
141744
141745
141746
141747
141748
141749
141750
141751
141752
141753
141754
141755
141756
141757
141758
141759
141760
141761
141762
141763
141764
141765
141766
141767
141768
141769
141770
141771
141772
141773
141774
141775
141776
141777
141778
141779
141780
141781
141782
141783
141784
141785
141786
141787
141788
141789
141790
141791
141792
141793
141794
141795
141796
141797
141798
141799
141800
141801
141802
141803
141804
141805
141806
141807
141808
141809
141810
141811
141812
141813
141814
141815
141816
141817
141818
141819
141820
141821
141822
141823
141824
141825
141826
141827
141828
141829
141830
141831
141832
141833
141834
141835
141836
141837
141838
141839
141840
141841
141842
141843
141844
141845
141846
141847
141848
141849
141850
141851
141852
141853
141854
141855
141856
141857
141858
141859
142416
142417
142418
142419
142420
142421
142422
142423
142424
142425
142426
142427
142713
142714
142715
142716
142717
142718
143118
143119
143120
143121
143122
143123
143124
143125
143126
143127
143128
143129
143130
143131
143132
143133
143134
143135
143136
143137
143138
143139
143140
143141
143298
143299
143300
143334
143335
143336
143337
143338
143339
143340
143341
143342
143343
143344
143345
143346
143347
143348
143349
143350
143351
143352
143353
143354
143355
143356
143357
143358
143359
143360
143397
143398
143399
143400
143401
143402
143403
143404
143405
143406
143407
143408
143409
143410
143411
143412
143413
143414
143529
143530
143531
143532
143533
143534
143535
143536
143537
143538
143539
143540
143541
143542
143543
143544
143545
143546
143547
143548
143549
143550
143551
143552
143553
143554
143555
143556
143557
143558
143715
143716
143717
143718
143719
143720
143763
143764
143765
143766
143767
143768
143769
143770
143771
143841
143842
143843
143844
143845
143846
143847
143848
143849
143853
143854
143855
143856
143857
143858
143862
143863
143864
143865
143866
143867
143868
143869
143870
143871
143955
143956
143957
143958
143959
143960
143961
143962
143963
143964
143965
143966
143967
143968
143969
143970
143971
143972
143973
143974
143975
143976
143977
143978
143979
144025
144026
144027
144028
144029
144030
144034
144035
144036
144037
144038
144039
144040
144041
144042
144043
144044
144045
144222
144223
144224
144225
144226
144227
144228
144229
144230
144231
144232
144233
144234
144235
144236
144237
144238
144239
144240
144386
144387
144388
144389
144390
144391
144392
144393
144394
144395
144396
144397
144398
144399
144400
144401
144402
144403
144404
144405
144406
144407
144408
144409
144410
144411
144412
144413
144414
144415
144416
144417
144418
144419
144420
144421
144422
144423
144424
144425
144426
144427
144428
144621
144622
144623
144624
144699
144700
144701
144702
144703
144704
144705
144706
144707
144708
144709
144710
144711
144712
144713
144714
144715
144716
144717
144718
144719
144720
144721
144815
144816
144817
144818
144819
144820
144821
144822
144823
144824
144825
144826
144827
144828
144829
144830
144831
144832
144833
144834
144835
144836
144837
144838
144839
144840
144841
144842
144843
144844
144845
144846
144847
144848
144849
144850
144851
144852
144853
144854
144855
144856
144857
144858
144910
144911
144912
144913
144914
144915
145019
145020
145021
145022
145391
145392
145393
145394
145395
145396
145397
145398
145399
145400
145401
145402
145403
145404
145405
145406
145407
145408
145409
145410
145411
145412
145413
145414
145415
145416
145417
145418
145419
145420
145421
145422
145423
145424
145425
145426
145427
145428
145429
145430
145431
145432
145433
145434
145435
145436
145437
145438
145439
145440
145441
145442
145443
145444
145445
145446
145447
145448
145449
145450
145451
145452
145453
145454
145455
145456
145457
145458
145459
145460
145461
145462
145463
145464
145465
145466
145467
145468
145469
145470
145471
145472
145473
145474
145475
145476
145477
145478
145479
145480
145481
145482
145483
145484
145485
145486
145487
145488
145489
145490
145491
145492
145493
145494
145495
145496
145497
145498
145499
145500
145501
145502
145503
145504
145505
145506
145507
145508
145509
145510
145511
145512
145513
145514
145515
145516
145517
145518
145519
145520
145521
145522
145523
145524
145525
145526
145527
145528
145529
145530
145531
145532
145533
145534
145773
145774
145775
145776
145777
145778
145779
145780
145781
145782
145783
145784
145785
145786
145787
145788
145789
145790
145791
145792
145793
145794
145795
145796
145797
145798
145799
145800
145801
145802
145803
145804
145805
145806
145807
145808
145809
145810
145811
145812
145813
145814
145815
145816
145817
145818
145819
145820
146005
146006
146007
146008
146009
146010
146011
146012
146013
146014
146015
146016
146017
146018
146019
146020
146021
146022
146023
146024
146025
146026
146027
146028
146029
146030
146031
146032
146033
146034
146035
146036
146037
146203
146204
146205
146206
146207
146208
146209
146210
146211
146212
146213
146214
146215
146216
146217
146218
146219
146220
146221
146222
146223
146440
146441
146442
146452
146453
146454
146455
146456
146457
146458
146459
146460
146461
146462
146463
146464
146465
146466
146467
146468
146469
146470
146471
146472
146473
146474
146475
146476
146477
146478
146479
146480
146481
146482
146483
146484
146485
146486
146487
146488
146489
146490
146491
146492
146493
146494
146495
146496
146497
146498
146499
146500
146501
146502
146503
146504
146505
146613
146614
146615
146616
146617
146618
146619
146620
146621
146622
146623
146624
146625
146626
146627
146628
146629
148015
148016
148073
148074
148075
148076
148077
148078
148079
148080
148081
148082
148083
148084
148085
148086
148087
148088
148089
148090
148091
148092
148093
148094
148095
148096
148097
148098
148099
148100
148101
148102
148103
148104
148105
148106
148107
148108
148111
148112
148115
148116
148119
148120
148123
148124
149162
149163
149164
149165
149166
149167
149168
149169
149170
149171
149172
149173
149174
149175
149216
149217
149218
149219
149220
149221
149222
149223
149224
149225
149226
149227
149228
149229
149252
149253
149254
149255
149256
149257
149258
149259
149260
149261
149262
149263
149264
149265
149415
149416
149417
149418
149419
149420
149421
149422
149423
149424
149425
149586
149587
149588
149689
149690
149691
149692
149697
149698
149699
149700
149701
149702
149712
149713
149714
149721
149722
149723
149921
149922
149923
150222
150223
150238
150239
150240
150241
150242
150243
150247
150248
150249
150256
150257
150269
150270
150271
150274
150275
150291
150292
150293
150300
150301
150313
150314
150315
150318
150319
150335
150336
150337
150344
150345
150430
150431
150432
150433
150434
150435
150436
150437
150438
150439
150440
150441
150442
150443
150444
150445
150446
150447
150490
150491
150492
150493
150494
150495
150496
150497
150498
150499
150500
150501
150502
150503
150504
150505
150506
150507
150524
150525
150526
150527
150528
150529
150530
150531
150532
150533
150557
150558
150559
150560
150561
150582
150583
150584
150588
150589
150590
150591
150592
150593
150594
150595
150596
150597
150598
150599
150632
150633
150634
150635
150636
150637
150638
150639
150640
150641
150642
150643
150680
150681
150682
150683
150684
150685
150686
150687
150748
150749
150750
150751
150752
150753
150788
150789
150790
150791
150792
150793
150794
150795
150796
150797
150798
150799
150800
150801
150802
150872
150873
150874
150875
150876
150877
150878
150879
150880
151106
151107
151108
151457
151458
151459
151460
151461
151462
151814
151815
151816
151988
151989
151990
151994
151995
151996
)


// ************************************************************************* //
