/*--------------------------------*- C++ -*----------------------------------*\
  =========                 |
  \\      /  F ield         | OpenFOAM: The Open Source CFD Toolbox
   \\    /   O peration     | Website:  https://openfoam.org
    \\  /    A nd           | Version:  8
     \\/     M anipulation  |
\*---------------------------------------------------------------------------*/
/*   Windows 32 and 64 bit porting by blueCAPE: http://www.bluecape.com.pt   *\
|  Based on Windows porting (2.0.x v4) by Symscape: http://www.symscape.com   |
\*---------------------------------------------------------------------------*/
FoamFile
{
    version     2.0;
    format      ascii;
    class       labelList;
    location    "constant/vegetation/polyMesh";
    object      pointProcAddressing;
}
// * * * * * * * * * * * * * * * * * * * * * * * * * * * * * * * * * * * * * //


3586
(
7
12
38
58
68
98
186
189
269
271
318
388
520
522
533
535
553
554
598
608
609
610
612
623
625
667
684
685
686
688
714
715
716
717
733
773
774
775
776
817
967
972
973
1092
1097
1098
1099
1169
1170
1220
1248
1249
1250
1257
1260
1300
1301
1305
1306
1312
1316
1317
1325
1326
1387
1390
1392
1535
1573
1576
1587
1622
1710
1714
1720
1721
1722
1723
1885
1904
1906
1924
1936
1975
2000
2247
2248
2302
2307
2312
2377
2415
2491
2544
2557
2558
2559
2562
2564
2577
2578
2579
2580
2581
2582
2638
2639
2641
2643
2644
2645
2840
2842
2859
2860
2861
2882
2883
2884
2889
2890
2891
2919
2920
2994
2995
2996
3210
3211
3212
3352
3353
3354
3506
3542
3543
3544
3545
3550
3981
4004
4005
4006
4008
4020
4022
4040
4041
4042
4043
4046
4048
4049
4052
4053
4057
4058
4141
4146
4149
4153
4460
4499
4504
4533
4535
4536
4622
4628
4633
4686
4699
4700
4701
4714
4715
4716
4717
4741
4742
4900
4902
4993
4994
4995
4999
5005
5006
5010
5011
5012
5014
5016
5017
5219
5220
5222
5250
5251
5252
5253
5263
5288
5389
5391
5392
5393
5397
5398
5399
5400
5401
5409
5495
5496
5502
5503
5504
5505
5535
5544
5611
5612
5613
5614
5615
5678
5679
5746
5775
5776
5777
5778
5788
5789
5790
5791
5792
5798
5799
5843
5844
5845
5847
5848
5849
5850
5911
5912
5913
5914
5919
5920
5932
6005
6211
6213
6214
6215
6216
6419
6420
6421
6422
6454
6468
6469
6470
6504
6505
6506
6507
6508
6517
6518
6519
6520
6521
6558
6675
6676
6677
6678
6679
6680
6827
6828
6829
6830
6840
6841
6842
6843
6844
6845
6846
6847
6848
6849
6850
6851
6852
7275
7276
7281
7282
7290
7291
7490
7491
7492
7493
7515
7516
7524
7532
7533
7584
7585
7586
7612
7703
7704
7705
7706
7707
7711
7712
7713
7714
7715
7716
7717
7718
7719
7720
7721
7916
7917
7918
7919
7920
7955
7956
7962
7963
7964
7965
7975
8420
8422
8432
8433
8434
8435
8436
8437
8438
8454
8455
8456
8457
8458
8459
8460
8466
8490
8491
8492
8493
8495
8670
8677
8822
8827
8828
8832
8872
8878
8879
8880
8881
8884
8886
8890
8891
8892
8893
8896
8941
8942
8943
8944
8947
8948
8949
8950
8951
8958
8959
8962
8963
8964
8965
8966
8967
8968
8969
8970
8971
8974
9107
9108
9109
9110
9111
9112
9113
9709
9863
9868
9869
10179
10180
10181
10182
10184
10185
10186
10187
10188
10189
10190
10201
10209
10212
10214
10215
10216
10217
10218
10220
10226
10227
10228
10229
10230
10233
10234
10235
10237
10239
10240
10241
10242
10784
10785
10792
10797
10814
10816
10817
10841
10856
10867
10876
10877
10893
10915
10916
10920
10921
10922
10923
10953
10963
10964
10996
10997
10999
11000
11001
11004
11006
11007
11009
11037
11038
11042
11043
11046
11047
11048
11049
11050
11051
11052
11053
11055
11095
11096
11097
11135
11139
11140
11146
11147
11148
11173
11174
11176
11177
11178
11179
11181
11182
11183
11184
11185
11207
11208
11209
11210
11211
11212
11216
11217
11218
11219
11220
11309
11311
11312
11318
11319
11320
11387
11388
11389
11390
11391
11392
11402
11403
11404
11409
11413
11414
11415
11418
11419
11423
11428
11429
11430
11431
11432
11433
11434
11435
11436
11437
11438
11439
11440
11441
11442
11443
11444
11458
11459
11460
11465
11552
11553
11554
11555
11556
11561
11565
11566
11618
11619
11622
11623
11624
11625
11626
11703
11704
11705
11706
11707
11708
11744
11747
11817
11818
11819
11820
11821
11836
11837
11838
11839
11840
11841
11864
11873
11874
11875
11876
11877
11878
11879
11880
11882
11883
11884
11885
11886
11921
11922
11925
11926
11927
11928
11929
11930
11931
11945
11946
11947
11990
11991
12001
12002
12003
12004
12125
12126
12128
12129
12130
12131
12138
12139
12140
12141
12142
12222
12223
12224
12225
12226
12227
12228
12280
12325
12335
12336
12337
12361
12363
12364
12366
12367
12368
12369
12370
12371
12372
12410
12411
12414
12415
12416
12479
12480
12481
12482
12526
12527
12528
12529
12530
12537
12578
12579
12580
12581
12582
12583
12585
12599
12600
12670
12671
12688
12689
12690
12691
12692
12694
12696
12697
12700
12731
12732
12733
12734
12735
12792
12793
12794
12798
12800
12801
12802
12803
12804
12805
12806
12807
12808
12809
12810
12813
12814
12815
12816
12817
12818
12819
12820
12821
12822
12823
12824
12825
12826
12827
12856
12857
12858
12859
12863
12865
12872
12873
12884
12885
12886
12887
13004
13005
13006
13007
13008
13009
13010
13032
13088
13096
13098
13099
13100
13101
13102
13103
13104
13105
13106
13107
13108
13109
13110
13115
13116
13117
13118
13121
13122
13123
13124
13126
13159
13160
13161
13162
13163
13169
13178
13179
13182
13183
13184
13185
13186
13187
13188
13189
13191
13238
13288
13289
13290
13291
13292
13297
13298
13327
13329
13332
13333
13334
13336
13337
13338
13339
13370
13371
13372
13373
13374
13375
13376
13377
13378
13379
13389
13390
13391
13392
13393
13394
13520
13521
13523
13524
13525
13526
13527
13528
13534
13535
13635
13637
13638
13639
13640
13641
13642
13643
13644
13645
13658
13663
13664
13666
13668
13673
13674
13675
13676
13677
13682
13685
13692
13693
13694
13695
13696
13697
13698
13699
13700
13701
13702
13703
13704
13705
13706
13707
13708
13709
13710
13711
13712
13713
13714
13715
13716
13717
13747
13748
13749
13750
13751
13752
13837
13838
13842
13843
13844
13845
13846
13853
13854
13855
13856
13857
13858
13859
13860
13917
13921
13922
13923
13924
13925
13926
13970
14005
14006
14007
14008
14009
14010
14011
14012
14013
14014
14015
14016
14017
14018
14019
14020
14021
14063
14064
14065
14066
14067
14068
14125
14126
14127
14128
14129
14130
14131
14132
14133
14148
14149
14150
14151
14152
14153
14154
14155
14156
14157
14158
14159
14193
14194
14195
14196
14197
14198
14199
14201
14247
14248
14249
14250
14251
14252
14253
14254
14255
14256
14262
14310
14312
14390
14394
14398
14399
14400
14401
14479
14480
14481
14482
14522
14523
14524
14541
14542
14543
14544
14545
14546
14547
14548
14560
14562
14563
14580
14581
14582
14583
14641
14642
14643
14644
14645
14646
14647
14648
14663
14664
14665
14666
14667
14668
14670
14671
14672
14673
14674
14678
14679
14680
14681
14682
14683
14684
14685
14686
14687
14714
14715
14716
14718
14723
14725
14726
14727
14728
14730
14731
14732
14734
14735
14736
14738
14739
14740
14741
14742
14745
14747
14748
14749
14750
14751
14752
14753
14754
14755
14756
14757
14758
14759
14760
14761
14762
14763
14764
14765
14766
14767
14768
14769
14770
14771
14772
14773
14774
14775
14776
14777
14778
14779
14780
14783
14784
14792
14793
14796
14800
14801
14802
14803
14804
14812
14813
14814
14815
14894
14895
14896
14897
14898
14910
14951
14952
14953
14954
14999
15000
15001
15002
15005
15006
15008
15009
15010
15011
15012
15106
15107
15108
15109
15110
15111
15112
15113
15114
15115
15116
15117
15118
15119
15122
15123
15124
15125
15136
15232
15233
15234
15235
15236
15237
15239
15241
15242
15243
15246
15271
15272
15273
15274
15275
15276
15277
15278
15279
15280
15281
15282
15283
15284
15285
15492
15493
15494
15495
15539
15540
15542
15543
15544
15546
15547
15548
15712
15713
15714
15715
15716
15717
15719
15720
15728
15729
15730
15731
15732
15733
15734
15735
15736
15737
15738
15739
15740
15741
15742
15748
15752
15753
15763
15764
15765
15766
15767
15768
15776
15777
15778
15779
15780
15781
15782
15783
15784
15785
15786
15787
15789
15790
15791
15792
15908
15909
15910
15912
15926
15927
15928
15929
15930
15931
15932
15933
15934
15935
15936
15937
15938
15939
15940
15952
15953
15954
15955
15956
15957
15958
15959
15960
15961
15962
15963
15964
15965
15966
15967
15968
15969
15970
15971
15972
15973
15974
15975
15976
15977
15978
15979
15984
15985
15986
15989
15993
15994
15995
16143
16145
16147
16277
16285
16289
16290
16299
16302
16303
16304
16305
16306
16307
16317
16318
16319
16320
16321
16322
16323
16396
16397
16402
16403
16404
16405
16412
16413
16414
16415
16416
16417
16418
16419
16420
16421
16422
16423
16429
16430
16431
16432
16433
16434
16435
16436
16437
16438
16439
16440
16441
16442
16443
16509
16510
16511
16512
16513
16514
16515
16516
16517
16518
16519
16520
16521
16522
16523
16524
16525
16526
16527
16528
16529
16530
16531
16532
16533
16535
16543
16552
16553
16554
16555
16556
16557
16558
16559
16560
16561
16562
16563
16564
16565
16590
16591
16592
16849
16855
16868
16869
16873
16874
16875
16876
16877
16878
16879
16890
16891
16892
17081
17083
17085
17086
17087
17088
17089
17090
17091
17092
17093
17094
17095
17096
17097
17098
17099
17100
17101
17102
17133
17135
17136
17139
17149
17157
17159
17160
17161
17162
17163
17164
17165
17166
17167
17174
17175
17176
17177
17185
17187
17189
17190
17196
17198
17200
17201
17202
17203
17204
17205
17206
17207
17208
17209
17210
17211
17212
17213
17214
17215
17216
17217
17218
17219
17220
17221
17222
17223
17224
17225
17226
17227
17228
17229
17230
17231
17232
17233
17234
17235
17236
17237
17238
17239
17240
17243
17256
17258
17264
17265
17266
17267
17270
17272
17273
17274
17278
17280
17281
17284
17285
17286
17326
17332
17366
17367
17368
17372
17373
17455
17457
17458
17459
17460
17462
17463
17464
17474
17475
17476
17477
17478
17479
17480
17481
17484
17486
17573
17574
17575
17576
17590
17591
17594
17595
17596
17612
17613
17614
17615
17616
17617
17618
17619
17620
17621
17622
17623
17624
17625
17626
17627
17709
17715
17921
17922
17923
17928
17930
17934
17935
17936
17937
17939
17943
17944
17945
17946
17947
17949
17950
17951
17952
17953
17954
17988
17989
17990
17991
17992
17993
17994
17995
17996
17997
17998
17999
18005
18012
18013
18014
18015
18016
18017
18018
18019
18020
18021
18022
18023
18024
18025
18076
18095
18115
18178
18179
18188
18189
18203
18204
18205
18212
18215
18221
18282
18283
18284
18311
18312
18363
18364
18365
18366
18367
18375
18429
18431
18448
18455
18456
18479
18483
18484
18485
18488
18491
18492
18493
18517
18518
18519
18521
18522
18524
18525
18526
18527
18537
18538
18543
18544
18545
18546
18547
18658
18659
18661
18662
18663
18664
18665
18666
18676
18677
18678
18679
18680
18681
18682
18789
18790
18791
18795
18796
18797
18845
18846
18847
18848
18849
18850
18884
18908
18909
18934
18935
18936
18937
18938
18939
18940
18989
18990
18991
18992
18993
18994
18995
18996
18997
18998
19008
19009
19010
19018
19019
19044
19091
19094
19095
19117
19124
19127
19128
19129
19132
19133
19135
19139
19140
19147
19148
19150
19151
19155
19156
19157
19158
19160
19161
19162
19163
19164
19165
19166
19167
19168
19179
19193
19194
19195
19196
19197
19198
19199
19204
19205
19206
19207
19208
19209
19210
19211
19212
19213
19301
19302
19303
19304
19308
19446
19448
19449
19454
19455
19456
19457
19458
19459
19460
19462
19463
19464
19467
19469
19471
19472
19473
19474
19475
19476
19477
19496
19497
19498
19499
19500
19501
19502
19503
19506
19512
19513
19517
19518
19522
19523
19524
19525
19527
19528
19632
19643
19644
19648
19649
19650
19674
19675
19676
19677
19678
19679
19680
19681
19682
19683
19684
19685
19686
19687
19688
19689
19690
19691
19692
19693
19694
19695
19696
19795
19796
19798
19800
19801
20028
20034
20036
20037
20039
20040
20041
20042
20046
20047
20048
20049
20050
20051
20052
20053
20056
20057
20061
20062
20063
20064
20065
20066
20067
20068
20069
20071
20072
20073
20074
20075
20076
20077
20078
20119
20120
20121
20122
20123
20124
20125
20126
20127
20128
20129
20130
20131
20132
20133
20134
20135
20136
20137
20138
20139
20147
20148
20149
20150
20151
20152
20153
20154
20155
20156
20157
20158
20159
20211
20212
20213
20214
20215
20230
20260
20261
20262
20293
20294
20295
20345
20346
20347
20348
20349
20350
20351
20356
20357
20449
20450
20451
20452
20453
20454
20455
20456
20457
20458
20459
20460
20480
20481
20482
20487
20521
20522
20523
20524
20551
20552
20553
20554
20555
20556
20557
20560
20592
20593
20595
20596
20597
20609
20615
20619
20620
20621
20622
20623
20624
20625
20626
20627
20629
20630
20631
20632
20633
20634
20635
20636
20637
20638
20639
20640
20641
20642
20643
20644
20648
20649
20650
20651
20668
20680
20681
20682
20684
20686
20687
20688
20705
20706
20707
20708
20709
20710
20711
20712
20713
20714
20715
20716
20794
20795
20978
20979
20980
20982
20983
20984
20985
20987
20988
20989
20990
20991
20992
20993
20994
21026
21027
21028
21029
21030
21031
21032
21033
21034
21035
21036
21037
21039
21040
21041
21162
21163
21164
21165
21166
21220
21221
21292
21293
21294
21307
21308
21309
21310
21311
21312
21313
21314
21315
21316
21372
21373
21374
21375
21376
21377
21378
21379
21380
21381
21419
21420
21421
21422
21423
21424
21434
21435
21436
21565
21566
21575
21576
21577
21579
21580
21608
21616
21617
21618
21620
21621
21732
21740
21743
21744
21745
21799
21800
21801
21802
21803
21804
21805
21808
21809
21810
21811
21812
21813
21814
21815
21816
21817
21834
21835
21836
21837
21838
21839
21840
21841
21842
21843
21964
22268
22273
22276
22278
22279
22280
22281
22282
22285
22288
22289
22290
22291
22292
22293
22295
22296
22297
22298
22306
22307
22308
22309
22310
22311
22314
22315
22316
22317
22318
22319
22320
22321
22323
22324
22325
22326
22327
22376
22377
22378
22379
22380
22381
22382
22383
22384
22385
22386
22387
22388
22389
22390
22391
22392
22393
22394
22395
22396
22397
22402
22403
22404
22405
22406
22407
22408
22409
22432
22434
22436
22438
22439
22446
22447
22448
22449
22450
22451
22826
22827
22828
22829
22830
22831
22832
22833
22834
22835
22836
22837
22838
22839
22840
22841
22842
22843
22844
22891
22892
22893
22894
22895
22896
22898
22899
22922
22923
22924
22925
22926
22927
22928
22929
22985
22986
22987
22988
22989
22990
22991
22992
22993
22994
22995
22996
22997
22998
22999
23000
23001
23002
23003
23004
23005
23006
23007
23008
23009
23010
23011
23012
23013
23014
23015
23016
23017
23018
23019
23020
23021
23022
23023
23024
23025
23026
23027
23028
23029
23030
23031
23032
23033
23034
23035
23275
23277
23278
23279
23283
23287
23289
23290
23292
23840
23842
23847
23848
23849
23850
23852
23853
23863
23866
23869
23870
23871
23872
23873
23883
23884
23885
23886
23887
23888
23889
23890
23891
23892
23893
23894
23895
23897
23898
23901
23902
23903
23904
23913
23914
23915
23916
23917
23918
23919
23920
23921
23922
23923
23924
23925
23926
23928
23929
23930
23931
23932
23933
23934
23935
23936
23937
23938
23939
23940
23941
23942
23943
23944
23945
24032
24033
24034
24035
24036
24037
24038
24039
24040
24041
24042
24043
24044
24045
24046
24047
24048
24049
24050
24051
24052
24053
24054
24055
24056
24057
24058
24059
24060
24061
24062
24063
24064
24065
24066
24067
24068
24069
24070
24071
24072
24073
24084
24086
24091
24092
24096
24101
24103
24104
24105
24106
24107
24108
24109
24110
24111
24112
24113
24114
24115
24116
24117
24118
24119
24120
24121
24122
24123
24124
24125
24126
24127
24128
24129
24130
24131
24132
24133
24134
24135
24136
24137
24138
24154
24155
24164
24175
24184
24185
24196
24198
24200
24207
24216
24239
24240
24241
24282
24283
24284
24285
24286
24287
24299
24301
24302
24310
24314
24320
24324
24325
24326
24327
24331
24332
24335
24342
24343
24360
24367
24368
24371
24376
24378
24380
24416
24417
24418
24419
24420
24421
24427
24428
24433
24435
24436
24437
24439
24448
24489
24490
24492
24519
24520
24521
24522
24523
24537
24538
24567
24568
24569
24594
24595
24596
24642
24643
24644
24645
24704
24705
24719
24720
24723
24732
24739
24740
24741
24742
24743
24757
24779
24780
24782
24783
24784
24785
24788
24789
24837
24838
24839
24840
24841
24842
24848
24849
24853
24866
24867
24901
24902
24963
24965
24966
24967
24968
24969
24970
25090
25091
25092
25093
25094
25095
25096
25097
25098
25099
25100
25101
25102
25103
25104
25105
25106
25117
25119
25130
25138
25169
25236
25254
25255
25256
25301
25302
25359
25360
25575
25576
25577
25578
25622
25790
25792
25800
25811
25813
26064
26066
26067
26077
26164
26232
26253
26273
26274
26275
26277
26278
26311
26312
26313
26314
26509
26650
26651
26652
26653
26664
26665
26666
26667
26668
26669
26672
26675
26676
26739
26740
26741
26742
26758
26759
26761
26762
26795
26797
26798
26799
26800
26812
26813
26814
26815
26816
26817
26818
26819
26820
26821
26871
26873
26950
26951
26952
26953
26956
26957
26958
26959
26960
26961
26976
26977
26978
26979
26980
26981
26982
26987
26988
26989
26990
26991
26992
26993
27013
27037
27038
27087
27090
27091
27093
27099
27100
27130
27131
27132
27155
27156
27157
27196
27197
27198
27248
27286
27457
27460
27461
27462
27463
27600
27601
27602
27603
27604
27605
27700
27701
27702
27703
27704
28057
28058
28155
28162
28164
28201
28230
28231
28266
28267
28268
28286
28289
28349
28350
28420
28683
28904
28913
29026
29027
29028
29125
29164
29166
29167
29168
29185
29216
29217
29218
29219
29220
29222
29267
29517
29518
29519
29520
29552
29553
29723
29729
29730
29731
29733
29752
29753
29754
29755
29757
30008
30347
30348
30349
30350
30351
30352
30421
30426
30429
30430
30431
30479
30480
30609
30611
30696
30697
30698
30699
30700
30701
30702
30715
30716
30896
30897
30898
30899
30900
30901
30902
30903
30932
30933
30934
30936
30937
30938
30939
30940
30962
30963
31024
31026
31027
31028
31029
31268
31269
31270
31271
31397
31398
31519
31520
31521
31529
31716
31717
31722
31723
31741
31743
31926
31976
31977
32276
32277
32278
32279
32285
32287
32288
32324
32325
32326
32327
32402
32404
32406
32407
32408
32409
32410
32411
32412
32414
32415
32501
32502
32528
32529
32572
32573
32574
32575
32576
32669
32696
32697
32698
32699
32701
32738
32739
32740
32741
32742
32743
32756
32891
32892
32893
32894
33016
33017
33018
33019
33020
33021
33066
33067
33072
33073
33074
33075
33076
33077
33104
33105
33106
33107
33108
33109
33110
33111
33112
33113
33132
33133
33134
33138
33139
33143
33145
33146
33167
33168
33169
33170
33171
33181
33182
33183
33184
33185
33186
33187
33188
33189
33190
33201
33202
33203
33204
33205
33210
33211
33212
33213
33214
33215
33249
33251
33305
33306
33307
33308
33309
33310
33311
33312
33313
33314
33324
33325
33326
33327
33329
33372
33373
33377
33378
33438
33439
33440
33441
33502
33503
33504
33505
33506
33514
33515
33516
33519
33520
33521
33522
33523
33524
33525
33555
33556
33557
33602
33603
33604
33605
33606
33607
33608
33609
33620
33621
33622
33623
33624
33625
33626
33627
33680
33684
33685
33686
33702
33704
33707
33708
33709
33729
33774
33785
33788
33803
33804
33805
33806
33807
33857
33881
33915
33916
33919
33920
33940
33941
33942
33943
33944
33946
33947
33948
33960
33961
33962
33963
33965
33966
33967
33968
33969
33970
33971
33972
33973
33974
33979
33980
33981
33982
33983
33989
33990
34000
34001
34002
34003
34016
34048
34049
34052
34053
34054
34055
34060
34061
34062
34063
34064
34118
34119
34120
34121
34122
34137
34163
34164
34165
34166
34167
34216
34217
34218
34253
34254
34317
34318
34319
34320
34321
34322
34327
34350
34358
34398
34399
34400
34401
34406
34407
34408
34409
34447
34448
34449
34450
34493
34494
34495
34496
34497
34502
34503
34544
34545
34546
34547
34548
34561
34562
34564
34565
34566
34569
34570
34571
34610
34618
34647
34648
34677
34678
34679
34714
34716
34829
34830
34831
34832
34833
34834
35136
35137
35138
35210
35211
35212
35213
35217
35218
35224
35237
35240
35241
35242
35358
35399
35401
35402
35406
35407
35623
35624
35625
35632
35633
35634
36114
36370
36507
36509
36510
36512
36513
36514
36516
36517
36518
36642
36643
37238
37272
37275
37276
37277
37278
37279
37280
37283
37284
37309
37324
37325
37326
37327
37364
37366
37367
37368
37373
37374
37375
37376
37377
37378
37380
37381
37383
37388
37393
37497
37501
38097
38098
38099
38100
38102
38103
38104
38105
38106
38107
38108
38137
38138
38399
38402
38403
38647
38648
38649
38703
38711
38712
38713
38720
38721
38722
38726
38727
38728
38729
38730
38745
38801
38802
38803
38804
38805
38806
38807
38808
38809
38813
38814
38815
38816
38817
38818
38819
38820
38821
38822
38913
38914
38915
38916
38917
38918
38919
38920
38921
38922
38923
38924
38925
39436
39437
39438
39439
39759
39760
39761
39762
39763
39764
39765
39766
39767
39768
39769
39770
39771
39772
39773
39774
39789
39790
39795
39798
39799
39800
39801
39802
39803
39804
39805
39806
39807
39812
39814
39815
39816
39819
39820
39821
39832
39833
39834
39835
39836
39883
39884
40031
40032
40033
40034
40035
40036
40037
40038
40039
40040
40084
40085
40086
40087
40088
40093
40094
40196
40197
40198
40200
40201
40202
40203
40204
40205
40206
40207
40208
40245
40246
40247
40248
40249
40250
40251
40252
40253
40254
40255
40256
40257
40258
40259
40260
40261
40262
40263
40264
40265
40266
40267
40268
40269
40270
40271
40272
40273
40274
40275
40276
40277
40278
40279
40417
40418
40419
40421
40424
40426
40622
40623
40624
40625
40626
40627
40628
40629
40630
40631
40632
40639
40640
40641
40642
40643
40644
40645
40646
40647
40648
40649
40650
40651
40652
40653
40654
40655
40656
40688
40689
40690
40691
40692
40693
40694
40695
40696
40697
40698
40699
40700
40701
40702
40703
40704
40705
40706
40707
40708
40711
40714
40715
40716
40717
40718
40719
40720
40721
40722
40723
40780
40781
40841
40842
40843
40844
40963
40964
40965
40967
40969
40970
40971
40972
40973
40974
40975
40976
40977
40988
40989
40990
40991
40992
40993
40994
41074
41075
41076
41077
41078
41079
41080
41081
41156
41162
41191
41208
41216
41278
41279
41316
41317
41360
41375
41376
41377
41379
41382
41383
41517
41576
41637
41672
41673
41674
41675
41676
41819
41900
41901
42043
42113
42121
42158
42174
42175
42259
42301
42350
42593
42604
42605
42636
42637
42642
42771
42773
42789
42790
42874
42875
42876
43117
43118
43370
43388
43427
43428
43432
43618
43619
43824
43825
43826
44063
44064
44065
44066
44067
44068
44069
44070
44071
44072
44073
44388
44400
44572
44573
44574
44575
44682
44685
44794
44795
44801
44803
44869
44870
)


// ************************************************************************* //
