/*--------------------------------*- C++ -*----------------------------------*\
  =========                 |
  \\      /  F ield         | OpenFOAM: The Open Source CFD Toolbox
   \\    /   O peration     | Website:  https://openfoam.org
    \\  /    A nd           | Version:  8
     \\/     M anipulation  |
\*---------------------------------------------------------------------------*/
/*   Windows 32 and 64 bit porting by blueCAPE: http://www.bluecape.com.pt   *\
|  Based on Windows porting (2.0.x v4) by Symscape: http://www.symscape.com   |
\*---------------------------------------------------------------------------*/
FoamFile
{
    version     2.0;
    format      ascii;
    class       labelList;
    note        "nPoints: 3315 nCells: 2242 nFaces: 7714 nInternalFaces: 6725";
    location    "constant/vegetation/polyMesh";
    object      neighbour;
}
// * * * * * * * * * * * * * * * * * * * * * * * * * * * * * * * * * * * * * //


6725
(
493
494
495
500
501
502
507
508
509
1204
1205
1206
9
14
513
514
515
1397
10
521
522
523
15
528
529
530
18
1211
1212
1213
13
19
535
536
537
21
202
203
1058
1059
1400
546
547
548
22
553
554
555
25
93
94
278
279
280
281
26
560
561
562
21
207
208
1066
1067
1403
571
572
573
23
578
579
580
31
103
104
105
1218
1219
1220
26
585
586
587
27
28
1225
1226
1227
212
1074
1075
1078
1079
1406
592
593
594
599
600
601
29
413
414
415
118
119
306
307
308
309
606
607
608
30
1232
1233
1234
30
216
1088
1089
1091
1092
1225
1227
1229
462
463
134
858
859
860
861
1232
1234
1236
612
36
40
492
1370
1371
1372
34
494
1376
1378
1380
1382
38
496
1369
1370
1373
1374
44
498
1377
1378
1379
76
527
1384
1385
1386
38
63
529
1210
1213
1214
1216
1390
1393
1395
1396
531
1383
1384
1388
1389
65
80
532
1391
1392
1393
76
520
615
616
617
51
78
622
623
624
1409
52
523
629
630
631
53
79
524
614
615
618
619
621
623
625
626
628
630
632
633
694
695
696
526
644
645
646
50
91
559
651
652
653
69
77
560
658
659
660
51
78
223
224
1104
1105
1412
53
79
563
665
666
667
71
96
564
672
673
674
85
545
679
680
681
232
233
1112
1113
1415
548
686
687
688
549
693
694
695
90
551
700
701
702
61
109
584
707
708
709
69
77
585
718
719
720
70
110
130
245
246
1418
65
80
588
725
726
727
72
113
589
732
733
734
67
114
131
250
251
1419
102
570
739
740
741
171
172
713
714
984
985
988
990
1239
1240
1243
66
572
1217
1219
1221
1222
1244
1247
1248
1250
104
613
746
747
748
574
1245
1246
1247
106
575
738
740
743
744
745
747
749
750
107
424
425
426
116
123
605
753
754
755
606
760
761
762
74
124
259
260
1420
120
609
767
768
769
127
610
774
775
776
75
121
128
466
467
468
130
133
780
781
1421
132
135
784
785
786
534
790
791
792
79
514
516
517
518
535
658
659
661
718
719
721
814
816
817
818
801
802
803
1423
538
666
667
668
790
794
795
796
802
804
805
806
539
812
813
814
83
84
142
621
628
1255
1256
1257
1258
83
84
99
541
542
543
544
629
100
626
633
1251
1252
1253
1254
145
634
819
820
821
822
89
90
91
268
270
271
273
499
680
681
684
89
90
501
89
93
271
272
273
274
95
237
238
268
269
272
97
503
505
700
702
704
96
97
282
284
285
287
552
652
653
654
117
219
220
275
276
279
97
285
286
287
288
96
97
118
554
228
229
282
283
286
120
276
277
278
281
556
672
673
675
557
100
101
154
231
685
1263
1264
1265
1266
100
101
566
567
568
569
686
234
689
1259
1260
1261
1262
155
691
823
824
825
826
106
108
109
430
432
433
435
506
740
741
744
1268
1271
1273
106
108
509
106
431
432
433
436
612
747
748
750
108
112
433
434
435
436
1276
1277
1278
510
114
424
426
427
430
431
434
834
838
840
115
512
577
1267
1268
1271
124
215
827
828
831
115
125
580
1224
1226
1228
1230
1284
1285
1286
1287
216
1275
1276
1277
127
581
1281
1282
1285
217
834
835
838
583
1270
1271
1272
1273
1274
1277
1278
1280
120
122
412
480
482
483
485
591
753
755
756
255
256
303
304
307
120
122
593
122
414
483
484
485
486
303
305
306
308
595
767
768
771
132
416
466
467
469
480
481
484
417
596
412
598
1288
1289
1292
133
841
842
845
129
601
1231
1233
1235
1237
1305
1306
1307
1308
134
415
1296
1297
1298
602
1302
1303
1306
135
416
437
441
466
468
470
1188
1190
1193
1194
418
604
1291
1292
1293
1294
1295
1298
1299
1301
215
848
849
1426
217
851
852
1428
464
487
784
785
787
215
780
781
782
842
845
847
855
856
859
463
864
865
866
867
1296
1297
1300
464
784
786
788
862
865
139
140
141
1210
1390
140
141
171
1211
1238
1239
1242
1243
139
141
172
472
1238
1240
1241
1243
1392
473
1309
1310
1312
1314
1394
1215
1309
1311
1313
1314
174
1216
1396
144
145
419
643
1315
1316
1317
1318
144
145
635
636
637
638
646
422
648
874
875
876
877
649
870
871
872
873
150
201
671
879
880
881
148
185
218
219
220
221
276
673
885
888
890
891
152
277
329
330
331
332
675
878
879
883
884
186
205
677
886
887
888
222
650
893
894
895
152
157
227
228
229
230
282
652
899
901
903
905
284
337
338
339
340
654
892
893
896
897
158
226
656
900
901
902
155
156
699
910
911
912
913
916
917
920
705
906
907
908
909
231
678
915
916
917
159
236
237
238
239
268
680
921
923
925
926
235
682
922
923
924
270
353
354
355
356
684
914
916
918
920
165
206
731
929
930
931
189
289
734
936
937
938
167
290
319
366
367
1429
169
291
736
943
944
945
191
210
737
950
951
952
240
706
957
958
959
178
296
709
964
965
966
297
323
379
380
1430
181
243
710
971
972
973
298
712
978
979
980
174
175
176
177
1217
1244
174
176
1218
174
175
241
1246
179
985
986
987
1222
1248
181
243
984
986
988
989
1249
183
984
987
989
990
1223
181
182
183
738
745
181
182
423
424
427
428
430
741
964
965
969
447
448
449
182
183
423
426
427
429
431
748
446
448
450
451
742
972
973
976
432
744
750
446
449
451
452
751
193
211
766
992
993
994
187
254
255
256
257
303
768
998
1001
1003
1004
213
770
999
1000
1001
196
305
391
392
393
394
771
991
993
996
997
193
211
773
1006
1007
1008
310
776
1013
1014
1015
195
263
311
404
405
1431
214
777
1020
1021
1022
197
312
779
1027
1028
1029
752
1034
1035
1036
196
437
465
466
469
470
480
755
1040
1042
1044
1045
199
438
454
455
1432
482
488
489
490
491
756
1033
1034
1037
1038
439
758
1041
1042
1043
200
267
854
1047
1048
1433
263
862
1050
1051
1436
265
863
1053
1054
1438
204
205
222
657
880
881
882
1060
1061
1062
1063
204
205
212
514
658
204
223
515
1062
1063
1441
225
516
661
213
663
886
887
889
1056
1057
1058
1059
209
210
240
717
930
931
932
1068
1069
1070
1071
209
513
1070
1071
1320
1321
1444
209
210
212
514
718
242
517
721
214
723
950
951
953
1064
1065
1066
1067
213
214
759
992
994
995
1006
1008
1009
1080
1081
1082
1083
213
214
760
763
999
1000
1002
1072
1073
1074
1075
764
1020
1021
1023
1076
1077
1078
1079
828
831
832
848
849
850
1086
1087
1088
1095
1096
1098
1099
1275
1276
1279
835
838
839
851
852
853
1093
1094
1095
220
221
325
329
220
221
255
331
257
328
225
226
664
894
895
898
1106
1107
1108
1109
225
801
1108
1109
1447
225
226
233
667
802
668
805
235
670
900
902
904
1102
1103
1104
1105
229
230
337
341
229
230
237
339
239
344
234
235
692
915
917
919
1114
1115
1116
1117
234
622
1115
1117
1260
1262
1450
234
235
623
694
626
696
697
922
924
927
1110
1111
1112
1113
238
239
349
353
238
239
355
351
242
243
724
957
959
961
1122
1123
1124
1125
242
243
472
713
714
715
716
726
474
728
1319
1320
1321
1322
729
971
973
975
1118
1119
1120
1121
247
248
361
365
935
1453
247
248
259
827
936
247
366
828
848
1454
368
829
939
262
364
941
1857
252
253
374
378
963
1455
252
253
424
834
964
252
379
835
852
1456
381
836
967
377
428
969
1858
256
257
387
391
256
257
393
390
261
262
399
403
1012
1457
261
262
841
1013
261
404
780
842
1458
406
843
1016
402
1017
1859
855
1126
1127
1459
266
320
856
1129
1130
1461
267
857
1132
1133
1464
444
868
1323
1324
1467
869
1326
1327
1470
270
273
282
270
274
354
355
271
273
274
273
274
286
287
277
280
283
330
331
277
281
303
278
284
280
281
285
280
281
307
288
308
284
287
284
288
338
339
285
287
288
287
288
291
294
310
827
829
830
833
936
937
939
1282
297
1086
1135
1136
1139
292
298
944
945
946
1136
1137
1138
1141
1283
294
295
299
1224
1284
294
295
314
830
831
832
833
1088
1225
315
1228
1287
302
1089
1138
1139
1140
1141
1229
298
301
430
834
836
837
840
964
966
967
1268
1094
1142
1143
1146
299
979
980
981
1143
1144
1145
1148
1269
301
302
1270
1274
301
302
434
837
838
839
840
1095
1276
435
1273
1278
1096
1145
1146
1147
1148
1279
305
308
305
309
392
393
481
306
482
308
309
483
308
309
486
312
315
841
843
844
846
1013
1015
1016
1303
438
855
1149
1150
1153
313
439
1028
1029
1030
1150
1151
1152
1154
1304
315
316
440
1231
1305
315
316
844
845
846
847
859
1232
1235
1307
443
860
1152
1153
1154
1155
1236
322
1084
1156
1157
1473
324
445
1085
1159
1160
1474
323
1086
1162
1163
1477
444
1087
1165
1166
1479
324
445
1090
1168
1169
1482
1093
1171
1172
1485
1094
1174
1175
1486
1097
1329
1330
1488
327
328
333
885
1491
327
328
388
887
1056
1779
335
889
1057
1861
390
891
1860
331
332
333
331
332
338
336
340
335
336
878
1492
335
336
346
880
1060
1781
882
1061
1863
347
883
1865
339
340
345
339
340
347
343
344
345
899
1493
343
344
350
902
1102
1783
348
904
1103
1867
351
905
1866
347
348
892
1494
347
348
895
1106
1785
897
1869
898
1107
1870
351
352
357
921
1495
351
352
924
1110
1791
925
1872
359
927
1111
1873
355
356
357
355
356
360
359
360
914
1496
359
360
911
917
1114
1793
919
1116
1875
913
920
1877
363
364
370
949
1497
363
364
400
951
1064
1795
372
953
1065
1880
402
955
1878
368
369
370
942
1499
368
1135
1162
1500
368
369
380
945
1136
946
1137
373
382
948
1883
372
373
928
1501
372
373
384
931
1068
1798
932
1069
1884
386
934
1887
376
377
383
970
1503
376
377
448
973
1118
1801
385
975
1119
1890
450
976
1889
381
382
383
977
1505
381
1142
1174
1506
381
382
980
1143
981
1144
386
983
1892
385
386
956
1507
385
386
959
1122
1802
961
1123
1893
962
1896
389
390
395
998
1509
389
390
1000
1072
1805
397
1002
1073
1899
1003
1898
393
394
395
393
394
489
398
491
397
398
991
1510
397
398
459
994
1080
1807
995
1081
1901
460
997
1903
401
402
408
1019
1511
401
402
1021
1076
1809
410
1023
1077
1906
1024
1904
406
407
408
1026
1513
406
1126
1149
1514
406
407
455
1029
1150
1030
1151
411
457
1032
1909
410
411
1005
1515
410
411
459
1008
1080
1812
1009
1082
1910
461
1011
1913
417
418
1177
1180
1181
1182
1203
1289
1292
1294
417
418
1206
417
462
1178
1180
1182
1183
418
463
1179
1181
1182
1183
1297
1298
1299
464
1177
1178
1179
1207
1209
421
422
614
621
1336
1337
1338
1339
421
422
476
616
639
640
641
642
478
618
625
1332
1333
1334
1335
620
1184
1185
1186
1187
427
428
429
446
427
428
428
429
447
427
429
450
452
432
435
432
436
433
435
436
435
436
439
442
1177
1289
862
1188
1189
1191
440
1042
1043
1044
1189
1190
1192
1193
1290
442
443
1291
1295
442
443
865
1179
1297
1181
1294
1299
866
1191
1192
1193
1194
1300
1100
1340
1341
1517
1101
1343
1344
1520
450
451
452
450
452
450
451
986
451
452
987
989
456
457
458
465
1040
1523
456
468
1050
1188
1524
456
457
1043
1189
470
1044
1190
461
1046
1922
460
461
488
1033
1525
460
461
1036
1815
491
1038
1924
1039
1925
1347
1349
1351
1352
1348
1350
1351
1352
1346
1347
1348
469
470
471
488
469
470
469
471
785
470
471
786
490
789
1923
473
474
797
798
799
800
813
475
477
815
1195
1196
1197
1198
475
517
816
1353
1354
1355
1356
479
518
817
1357
1358
1359
1360
477
478
791
808
809
810
811
479
793
1199
1200
1201
1202
479
794
804
1361
1362
1363
1364
795
806
1365
1366
1367
1368
482
485
1177
482
486
489
490
483
485
486
485
486
487
1178
1180
1347
490
491
490
491
496
497
498
520
527
1370
1372
1373
497
498
521
496
498
496
497
528
531
525
533
526
1377
1378
1380
503
504
505
545
552
504
505
546
503
505
503
504
553
557
550
558
551
510
511
512
570
577
510
511
571
511
512
578
510
512
575
576
582
583
517
519
1353
1356
1526
516
517
516
519
801
1529
518
805
518
519
806
807
1358
1359
1532
524
525
526
534
615
617
619
525
526
524
525
536
547
524
526
548
630
631
632
538
549
540
644
645
647
531
532
533
534
1384
1386
1389
531
533
531
532
572
532
533
537
573
539
574
1391
1393
1395
540
538
539
540
790
792
796
538
539
560
585
538
540
561
539
540
586
563
588
812
814
818
543
544
819
1251
1535
543
544
567
1737
568
1253
1941
822
1944
549
550
551
559
679
681
683
550
551
549
550
561
549
551
687
688
690
563
693
695
698
565
700
701
703
556
557
558
559
557
558
556
557
593
556
558
562
594
564
595
565
563
564
565
651
653
655
563
564
606
659
660
662
563
565
564
565
607
665
666
669
609
672
674
676
568
569
823
1259
1538
568
569
1740
1261
1947
826
1950
574
575
576
584
739
740
743
575
576
574
575
574
576
586
588
1245
1247
1250
590
581
582
583
584
1267
1271
1272
582
583
581
582
587
600
581
583
601
589
602
1281
1285
1286
590
588
589
590
707
708
711
588
589
606
719
720
722
588
590
589
590
608
725
727
730
610
732
733
735
595
596
597
605
1203
596
597
1204
595
596
595
597
607
609
1207
611
1208
602
603
604
605
1203
1288
1292
1293
603
604
1205
602
603
608
602
604
610
1302
1306
1308
611
1208
1209
609
610
611
753
754
757
609
610
761
762
765
609
611
610
611
767
769
772
774
775
778
613
746
747
749
618
619
620
643
618
619
790
618
620
791
1371
619
620
644
1372
794
647
648
1375
625
626
627
626
627
1252
1254
1748
625
626
802
625
627
803
1333
1334
1541
804
1256
1257
1336
1339
1757
632
633
634
643
633
634
686
632
633
687
632
634
645
647
689
649
637
638
870
874
1544
637
638
1743
876
1955
873
1953
640
642
808
1744
641
1185
1956
642
1187
1332
1959
810
1335
1957
647
648
649
647
648
1377
647
649
648
649
1379
1381
654
655
656
664
671
893
894
896
655
656
665
679
654
656
680
654
655
672
675
669
676
670
682
900
901
903
661
662
663
664
671
661
663
760
661
662
666
662
663
674
761
668
669
676
677
763
668
669
670
669
670
693
668
669
668
670
694
697
675
676
677
879
881
884
675
676
675
677
768
676
677
769
770
886
888
890
682
683
684
692
699
915
916
918
682
683
693
682
684
683
684
700
697
922
923
926
698
703
704
689
690
691
692
699
689
691
689
690
695
690
691
701
696
698
703
705
696
697
698
697
698
696
697
696
698
703
704
705
703
704
703
705
704
705
710
711
712
724
731
957
958
960
710
711
725
739
711
712
732
1267
710
712
741
965
966
968
1268
729
742
971
972
974
730
735
736
978
979
982
1269
714
716
797
1745
715
1120
1961
716
1121
1319
1546
799
1322
1962
721
722
723
724
731
721
723
760
721
722
727
722
723
733
762
728
730
735
737
764
728
729
730
729
730
1245
728
729
813
1246
728
730
814
816
1249
735
736
737
929
930
933
735
736
1281
735
737
775
736
737
776
937
938
940
1282
943
944
947
1283
777
950
952
954
742
743
744
1244
742
743
1245
743
744
742
744
1249
1250
749
750
751
1217
749
751
1220
749
750
750
751
1221
1223
756
757
758
766
773
1034
1035
1037
756
757
767
757
758
774
1288
756
758
1289
771
772
778
779
1041
1042
1045
1290
763
764
765
766
773
763
764
763
765
769
764
765
775
770
777
772
778
770
771
772
992
993
996
771
772
770
771
770
772
999
1001
1004
777
778
779
1006
1007
1010
778
779
1302
777
778
777
779
1014
1015
1018
1303
1020
1022
1025
1027
1028
1031
1304
782
1126
1548
782
849
1129
1550
1128
1131
1964
787
788
789
1553
787
788
787
789
788
789
1050
1052
1554
794
796
793
794
1385
793
796
812
1386
795
815
1387
795
796
817
818
798
799
1240
1746
800
1196
1241
1967
800
1354
1968
1197
1355
1970
805
807
1555
804
805
804
807
1361
1364
1558
806
806
807
1366
1368
1561
809
810
1747
811
1200
1972
811
1362
1973
1201
1363
1975
815
818
1391
815
816
1392
816
818
817
1394
817
818
821
822
1255
1564
821
822
871
1754
872
1258
1980
1977
825
826
1263
1567
825
826
907
1766
908
1266
1986
1983
829
833
841
829
832
1135
830
1137
832
833
1138
832
833
845
1140
846
836
840
836
839
1142
837
1144
839
840
1145
839
840
1147
843
846
843
847
1149
844
1151
846
847
1152
846
847
1155
850
1162
1570
850
1165
1572
1164
1167
1989
853
1171
1575
853
1174
1576
1173
1176
1992
863
869
1047
1048
1049
857
860
862
1126
1127
1128
1149
1153
1155
857
861
868
1087
1129
1130
1131
858
863
869
1132
1133
1134
860
861
864
860
861
1088
866
1091
863
866
1050
1051
1052
1188
1191
1194
864
1053
1054
1055
866
867
866
867
1348
1350
869
1100
1323
1324
1325
1326
1327
1328
872
873
1315
1578
872
873
1772
1317
1997
1994
876
877
1315
1581
876
877
1184
1775
2000
1186
1318
2001
882
883
884
885
883
884
893
882
883
895
882
884
886
889
897
890
889
890
891
889
890
889
891
1000
890
891
1001
1003
896
897
898
899
896
897
896
898
900
897
898
903
904
903
904
905
903
904
903
905
923
904
905
924
925
908
909
910
1583
908
909
1787
912
2004
2003
912
913
1584
912
913
1264
1789
1266
2006
2008
918
919
920
921
918
919
922
918
920
919
920
926
927
925
926
927
926
927
925
926
925
927
932
933
934
942
949
933
934
943
958
932
933
950
932
934
959
953
947
954
948
962
939
940
941
942
949
939
941
1013
939
940
944
940
941
952
1014
946
947
954
955
1017
946
947
948
947
948
978
946
947
946
948
980
983
953
954
955
953
954
953
955
1021
954
955
1022
1024
960
961
962
970
977
960
961
971
960
962
978
961
962
974
982
975
983
967
968
969
970
977
967
969
968
969
972
967
968
979
981
974
982
976
974
975
976
974
975
974
976
975
976
981
982
983
982
983
981
982
981
983
988
989
990
988
990
988
989
1118
989
990
1120
995
996
997
998
995
996
999
996
997
1034
995
997
1036
1002
1004
1038
1002
1003
1004
1002
1004
1002
1003
1003
1004
1009
1010
1011
1019
1026
1009
1010
1020
1010
1011
1027
1035
1009
1011
1036
1023
1025
1031
1032
1039
1016
1017
1018
1019
1026
1016
1017
1017
1018
1022
1016
1018
1028
1030
1024
1025
1031
1023
1024
1025
1023
1025
1023
1024
1024
1025
1030
1031
1032
1031
1032
1041
1030
1031
1030
1032
1043
1046
1037
1038
1039
1040
1037
1038
1037
1039
1041
1038
1039
1045
1046
1044
1045
1046
1045
1046
1044
1045
1044
1046
1049
1053
1585
1049
1326
1587
2009
1052
1590
1052
1054
1127
1592
1055
2013
1055
1595
1055
1132
1597
2015
1057
1059
1072
1817
1058
1061
2019
1059
1062
1600
1075
2022
1061
1063
1106
1820
1062
2025
1063
1603
1109
2028
1065
1067
1076
1823
1066
1069
2031
1067
1070
1606
1079
2034
1069
1071
1122
1826
1070
2037
1071
1609
1125
2040
1073
1075
1829
1074
1081
2043
1075
1083
1612
2046
1077
1079
1832
1078
1082
2049
1079
1083
1615
2052
1081
1082
1835
1083
2055
1083
2058
1618
1085
1093
1156
1157
1158
1097
1101
1159
1160
1161
1089
1090
1094
1135
1139
1140
1162
1163
1164
1090
1091
1100
1165
1166
1167
1089
1091
1092
1096
1092
1097
1101
1168
1169
1170
1092
1099
1097
1098
1171
1172
1173
1096
1097
1142
1146
1147
1174
1175
1176
1096
1098
1099
1099
1329
1330
1331
1099
1101
1340
1341
1342
1343
1344
1345
1103
1105
1110
1838
1104
1107
2061
1105
1108
1621
1113
2064
1107
1109
1841
1108
2067
1109
1624
2070
1111
1113
1844
1112
1116
2073
1113
1117
1627
2076
1115
1116
1264
1847
1117
1265
2079
1117
2082
1630
1119
1120
1853
1121
1123
2086
1121
2085
1124
1633
1123
1125
1854
1124
2088
1125
1319
1635
1321
2091
1128
1638
1128
1132
1640
1134
2094
1131
1165
1643
1131
1133
1324
1646
1134
2097
1134
1649
1134
1327
1652
2100
1137
1140
1137
1141
1143
1138
1140
1141
1140
1141
1146
1148
1144
1147
1144
1148
1145
1147
1148
1147
1148
1151
1155
1151
1154
1189
1152
1154
1155
1154
1155
1191
1192
1158
1655
1158
1159
1172
1656
1161
2103
1161
1329
1658
1161
1344
1661
2105
1164
1664
1164
1168
1175
1666
1170
2108
1167
1669
1167
1169
1341
1672
1170
2111
1170
1330
1675
1170
1343
1678
2114
1173
1681
1173
1329
1682
1331
2117
1176
1684
1176
1330
1686
1331
2119
1180
1181
1180
1183
1347
1181
1183
1348
1182
1182
1183
1351
1185
1186
1918
1187
2122
1187
1337
2123
1338
2125
1190
1194
1190
1192
1193
1192
1194
1193
1194
1196
1198
1199
1310
1930
1197
1312
2127
1198
1357
2130
1202
1360
2128
1200
1202
1934
1201
2132
1202
1365
2135
1367
2133
1207
1208
1209
1207
1208
1208
1209
1207
1209
1214
1215
1216
1215
1216
1218
1214
1215
1214
1216
1219
1222
1221
1222
1223
1222
1223
1221
1222
1221
1223
1228
1229
1230
1274
1228
1229
1232
1228
1230
1233
1229
1230
1275
1235
1279
1280
1235
1236
1237
1295
1235
1236
1235
1237
1236
1237
1296
1300
1301
1241
1242
1243
1309
1242
1243
1241
1243
1312
1313
1248
1249
1250
1249
1250
1248
1249
1392
1248
1250
1393
1396
1253
1254
1255
1689
1253
1254
1260
1751
1261
2137
1257
2140
1257
1258
1692
1257
1258
1316
1760
2143
1317
2146
1261
1262
1263
1695
1261
1262
1763
2149
1265
2152
1265
1266
1698
1265
1266
1769
2155
2158
1269
1272
1281
1269
1273
1270
1283
1272
1273
1284
1272
1273
1286
1278
1279
1280
1279
1280
1278
1279
1278
1280
1283
1286
1283
1287
1303
1284
1286
1287
1286
1287
1306
1307
1290
1293
1302
1290
1294
1291
1304
1293
1294
1305
1293
1294
1308
1299
1300
1301
1300
1301
1299
1300
1299
1301
1304
1308
1304
1307
1305
1307
1308
1307
1308
1312
1313
1314
1312
1314
1313
1314
1317
1318
1701
1317
1318
1336
1776
2161
1337
2164
1321
1322
1704
1321
1322
1353
1850
2170
1354
2167
1325
1340
1707
1325
1327
1710
1328
2173
1328
1713
1328
1716
2176
1331
1719
1331
1722
2179
1334
1335
1338
2188
1334
1335
1361
1915
1339
2185
1362
2182
1337
1339
1919
1338
2191
1339
2197
2194
1342
1725
1342
1343
1728
1345
2200
1345
1731
1345
1734
2203
1349
1350
1349
1351
1350
1351
1352
1352
1352
1354
1356
1927
1355
2206
1356
1357
2212
1359
2209
1359
1360
2221
1359
1360
1366
1931
2215
1367
2218
1362
1364
1935
1363
2224
1364
1365
2230
1368
2227
1367
1368
2239
1367
1368
1938
2233
2236
1373
1374
1375
1376
1373
1374
1384
1374
1375
1385
1373
1375
1377
1380
1388
1381
1380
1381
1382
1380
1381
1380
1382
1381
1382
1387
1388
1389
1390
1388
1389
1387
1388
1387
1389
1391
1394
1395
1394
1395
1396
1394
1395
1394
1396
1395
1396
1398
1400
1403
1526
1529
1399
1401
1404
1527
1530
1402
1405
1528
1531
1401
1406
1441
1600
2022
1402
1407
1442
1601
2023
1408
1443
1602
2024
1404
1406
1444
1606
2034
1405
1407
1445
1607
2035
1408
1446
1608
2036
1407
1612
1615
2046
2052
1408
1613
1616
2047
2053
1614
1617
2048
2054
1410
1415
1423
1541
1748
1411
1416
1424
1542
1749
1417
1425
1543
1750
1413
1415
1423
1447
1621
2064
1414
1416
1424
1448
1622
2065
1417
1425
1449
1623
2066
1416
1450
1627
2076
1417
1451
1628
2077
1452
1629
2078
1420
1426
1427
1454
1428
1456
1421
1422
1458
1422
1426
1548
1550
1551
1427
1549
1552
1424
1555
1558
1425
1556
1559
1557
1560
1427
1570
1572
1573
1571
1574
1575
1576
1577
1430
1477
1478
1500
1486
1487
1506
1432
1459
1460
1514
1436
1437
1524
1434
1438
1470
1585
1587
1435
1439
1471
1585
1588
1440
1472
1586
1589
1437
1459
1590
1592
1593
1460
1591
1594
1439
1464
1595
1597
1440
1465
1595
1598
1466
1596
1599
1442
1447
1529
1603
2028
1443
1448
1530
1604
2029
1449
1531
1605
2030
1445
1526
1609
1850
2040
2170
1446
1527
1610
1851
2041
2171
1528
1611
1852
2042
2172
1448
1555
1624
2070
1449
1556
1625
2071
1557
1626
2072
1451
1630
1748
1763
2079
2152
1452
1631
1749
1764
2080
2153
1632
1750
1765
2081
2154
1497
1498
1499
1857
1500
1570
1571
1503
1504
1505
1858
1506
1576
1577
1511
1512
1513
1859
1514
1548
1549
1460
1638
1640
1641
1639
1642
1462
1467
1479
1643
1646
1463
1468
1480
1644
1647
1469
1481
1645
1648
1465
1470
1649
1652
1466
1471
1650
1653
1472
1651
1654
1468
1517
1707
1710
1469
1518
1708
1711
1519
1709
1712
1471
1713
1716
1472
1714
1717
1715
1718
1485
1655
1656
1657
1475
1488
1520
1658
1661
1476
1489
1521
1659
1662
1490
1522
1660
1663
1478
1486
1664
1666
1667
1487
1665
1668
1480
1517
1669
1672
1481
1518
1670
1673
1519
1671
1674
1483
1488
1520
1675
1678
1484
1489
1521
1676
1679
1490
1522
1677
1680
1681
1682
1683
1487
1684
1686
1687
1685
1688
1489
1719
1722
1490
1720
1723
1721
1724
1492
1860
1861
1862
1863
1864
1865
1494
1866
1867
1868
1869
1870
1871
1496
1872
1873
1874
1875
1876
1877
1498
1501
1878
1880
1881
1502
1879
1882
1501
1502
1883
1664
1665
1502
1884
1885
1887
1886
1888
1504
1507
1889
1890
1508
1889
1891
1507
1508
1892
1684
1685
1508
1893
1894
1896
1895
1897
1510
1898
1899
1900
1901
1902
1903
1512
1515
1904
1906
1907
1516
1905
1908
1515
1516
1909
1638
1639
1516
1910
1911
1913
1912
1914
1518
1725
1728
1519
1726
1729
1727
1730
1521
1731
1734
1522
1732
1735
1733
1736
1525
1922
1590
1591
1923
1924
1925
1926
1527
1532
1927
2209
1528
1533
1928
2210
1534
1929
2211
1530
1532
1555
1531
1533
1556
1534
1557
1533
1561
1931
2215
1534
1562
1932
2216
1563
1933
2217
1536
1564
1689
1941
1944
1537
1565
1690
1942
1945
1566
1691
1943
1946
1539
1567
1695
1947
1950
1540
1568
1696
1948
1951
1569
1697
1949
1952
1542
1558
1757
1915
2185
1543
1559
1758
1916
2186
1560
1759
1917
2187
1545
1578
1579
1581
1953
1955
1580
1582
1954
1955
1547
1633
1704
1705
1961
1962
1634
1706
1961
1963
1549
1638
1964
1965
1639
1966
1551
1572
1643
1964
1552
1573
1644
1965
1574
1645
1966
1554
2013
2014
2017
1590
1591
1923
1556
1561
1557
1562
1563
1559
1561
1935
2227
1560
1562
1936
2228
1563
1937
2229
1562
1938
2236
1563
1939
2237
1940
2238
1565
1692
1977
1980
1566
1693
1978
1981
1694
1979
1982
1568
1698
1983
1986
1569
1699
1984
1987
1700
1985
1988
1571
1664
1989
1990
1665
1991
1573
1669
1989
1574
1670
1990
1671
1991
1681
1992
1993
1577
1684
1992
1685
1993
1579
1701
1994
1997
1580
1702
1995
1998
1703
1996
1999
1582
1701
1702
2000
2001
1703
2000
2002
1584
2003
2004
2005
2006
2007
2008
1586
1595
2009
2012
1596
2010
2012
1588
1713
2009
1589
1714
2009
1715
2010
1591
2013
2014
1593
1597
1640
2013
1594
1598
1641
2013
1599
1642
2014
1596
2015
2018
2016
2018
1598
1649
2015
1599
1650
2015
1651
2016
1601
1603
2019
2022
1602
1604
2020
2023
1605
2021
2024
1604
2025
2028
1605
2026
2029
2027
2030
1607
1609
2031
2034
1608
1610
2032
2035
1611
2033
2036
1610
2037
2040
1611
2038
2041
2039
2042
1613
1618
2043
2046
1614
1619
2044
2047
1620
2045
2048
1616
1618
2049
2052
1617
1619
2050
2053
1620
2051
2054
1619
2055
2058
1620
2056
2059
2057
2060
1622
1624
2061
2064
1623
1625
2062
2065
1626
2063
2066
1625
2067
2070
1626
2068
2071
2069
2072
1628
1630
2073
2076
1629
1631
2074
2077
1632
2075
2078
1631
2079
2082
1632
2080
2083
2081
2084
1634
1635
1636
2085
2086
1637
2085
2087
1636
1704
2088
2091
1637
1705
2089
2092
1706
2090
2093
1639
2094
2095
2096
1641
1649
2094
1642
1650
2095
1651
2096
1644
1669
2097
1645
1670
2098
1671
2099
1647
1652
1710
2097
1648
1653
1711
2098
1654
1712
2099
1650
2100
1651
2101
2102
1653
1716
2100
1654
1717
2101
1718
2102
2103
2104
1657
1658
1659
1682
2103
1660
1683
2104
1659
1719
2105
1660
1720
2106
1721
2107
1662
1734
2105
1663
1735
2106
1736
2107
1665
2108
2109
2110
1667
1675
1686
2108
1668
1676
1687
2109
1677
1688
2110
1670
2111
1671
2112
2113
1673
1678
1728
2111
1674
1679
1729
2112
1680
1730
2113
1676
1722
2114
1677
1723
2115
1724
2116
1679
1731
2114
1680
1732
2115
1733
2116
2117
2118
1683
1719
1720
2117
1721
2118
1685
2119
2120
2121
1687
1722
2119
1688
1723
2120
1724
2121
1690
1692
2137
2140
1691
1693
2138
2141
1694
2139
2142
1693
2143
2146
1694
2144
2147
2145
2148
1696
1698
2149
2152
1697
1699
2150
2153
1700
2151
2154
1699
2155
2158
1700
2156
2159
2157
2160
1702
2161
2164
1703
2162
2165
2163
2166
1705
2167
2170
1706
2168
2171
2169
2172
1708
1725
2173
1709
1726
2174
1727
2175
1711
1716
2173
1712
1717
2174
1718
2175
1714
2176
1715
2177
2178
1717
2176
1718
2177
2178
1720
2179
1721
2180
2181
1723
2179
1724
2180
2181
1726
2200
1727
2201
2202
1729
1731
2200
1730
1732
2201
1733
2202
1732
2203
1733
2204
2205
1735
2203
1736
2204
2205
1738
1740
1941
1944
1739
1741
1942
1945
1742
1943
1946
1741
1947
1950
1742
1948
1951
1949
1952
1953
1954
1955
1747
1956
1957
1958
1746
1961
1962
1963
1967
1968
1969
1972
1973
1974
1749
1751
1757
2140
1750
1752
1758
2141
1753
1759
2142
1752
1763
2137
2140
1753
1764
2138
2141
1765
2139
2142
1755
1772
1977
1980
1756
1773
1978
1981
1774
1979
1982
1758
1760
1919
2143
2194
1759
1761
1920
2144
2195
1762
1921
2145
2196
1761
1776
2143
2146
1762
1777
2144
2147
1778
2145
2148
1764
2149
2152
1765
2150
2153
2151
2154
1767
1787
1983
1986
1768
1787
1984
1987
1788
1985
1988
1770
1789
1847
2155
2158
1771
1789
1848
2156
2159
1790
1849
2157
2160
1773
1994
1997
1774
1995
1998
1996
1999
1918
2000
2001
2002
1777
1919
2161
2164
1778
1920
2162
2165
1921
2163
2166
1780
1805
1817
1818
1860
1861
1806
1819
1860
1862
1782
1785
1820
1821
1863
1865
1786
1822
1864
1865
1784
1791
1838
1839
1866
1867
1792
1840
1866
1868
1786
1841
1842
1869
1870
1843
1869
1871
1788
2003
2004
2003
2005
1790
1793
2006
2008
1794
2007
2008
1792
1844
1845
1872
1873
1846
1872
1874
1794
1847
1848
1875
1877
1849
1876
1877
1796
1809
1823
1878
1880
1797
1810
1824
1878
1881
1811
1825
1879
1882
1799
1802
1826
1884
1887
1800
1803
1827
1885
1887
1804
1828
1886
1888
1853
1889
1890
1891
1803
1854
1893
1896
1804
1855
1894
1896
1856
1895
1897
1806
1829
1830
1898
1899
1831
1898
1900
1808
1815
1835
1836
1901
1903
1816
1837
1902
1903
1810
1832
1904
1906
1811
1833
1904
1907
1834
1905
1908
1813
1815
1835
1910
1913
1814
1815
1836
1911
1913
1816
1837
1912
1914
1816
1924
1925
1924
1926
1818
1829
2019
2022
1819
1830
2020
2023
1831
2021
2024
1821
1841
2025
2028
1822
1842
2026
2029
1843
2027
2030
1824
1832
2031
2034
1825
1833
2032
2035
1834
2033
2036
1827
1854
2037
2040
1828
1855
2038
2041
1856
2039
2042
1830
2043
2046
1831
2044
2047
2045
2048
1833
2049
2052
1834
2050
2053
2051
2054
1836
2055
2058
1837
2056
2059
2057
2060
1839
1844
2061
2064
1840
1845
2062
2065
1846
2063
2066
1842
2067
2070
1843
2068
2071
2069
2072
1845
2073
2076
1846
2074
2077
2075
2078
1848
2079
2082
1849
2080
2083
2081
2084
1851
1927
2167
2170
1852
1928
2168
2171
1929
2169
2172
2085
2086
2087
1855
2088
2091
1856
2089
2092
2090
2093
1859
1878
1879
1889
1904
1905
1898
1862
1863
2019
2020
1864
2021
1864
2025
2026
2027
1869
1872
1868
1870
2061
2062
1871
2063
1871
2067
2068
2069
1874
1875
2073
2074
1876
2075
1876
2082
2083
2084
2008
1879
1904
1905
1881
1884
2031
1882
1885
2032
1886
2033
1887
1888
1892
1885
2037
1886
2038
2039
1888
1896
1897
1891
1893
1894
2086
1895
2087
1896
1897
1894
2088
1895
2089
2090
1897
1900
1901
2043
2044
1902
2045
1902
2055
2056
2057
1924
1905
1907
1910
2049
1908
1911
2050
1912
2051
1913
1914
1922
1911
2058
1912
2059
2060
1914
1925
1926
1916
1935
2182
2185
1917
1936
2183
2186
1937
2184
2187
2122
2123
2124
1920
2191
2194
1921
2192
2195
2193
2196
1925
1926
1926
1928
2206
2209
1929
2207
2210
2208
2211
1934
2127
2128
2129
1932
1938
2215
2218
1933
1939
2216
2219
1940
2217
2220
2132
2133
2134
1936
2224
2227
1937
2225
2228
2226
2229
1939
2233
2236
1940
2234
2237
2235
2238
1942
1947
2137
1943
1948
2138
1949
2139
1945
1977
1946
1978
1979
1948
2149
1949
2150
2151
1951
1983
1952
1984
1985
1954
1994
1995
1996
2000
1959
1960
2122
1958
1959
1973
2182
2183
1960
1974
2184
1960
2125
2188
2189
2126
2190
2085
1963
1968
2167
2168
1969
2169
1965
2094
2097
1966
2095
2098
2096
2099
1970
1971
2127
1969
1970
2206
2207
1971
2208
1971
2130
2212
2213
2131
2214
1975
1976
2132
1974
1975
2224
2225
1976
2226
1976
2135
2230
2231
2136
2232
1978
1979
1981
1997
2146
1982
1998
2147
1999
2148
1984
1985
1987
2004
2158
1988
2004
2159
2005
2160
1990
2108
2111
1991
2109
2112
2110
2113
1993
2117
2119
2120
2118
2121
1995
1996
1998
2161
1999
2162
2163
2002
2123
2164
2165
2124
2166
2005
2006
2007
2007
2158
2159
2160
2010
2011
2011
2012
2018
2014
2015
2016
2016
2017
2017
2018
2020
2025
2021
2026
2027
2023
2046
2024
2047
2048
2026
2027
2029
2070
2030
2071
2072
2032
2037
2033
2038
2039
2035
2052
2036
2053
2054
2038
2039
2041
2091
2042
2092
2093
2044
2055
2045
2056
2057
2047
2048
2050
2058
2051
2059
2060
2053
2054
2056
2057
2059
2060
2062
2067
2063
2068
2069
2065
2076
2066
2077
2078
2068
2069
2071
2072
2074
2082
2075
2083
2084
2077
2078
2080
2155
2081
2156
2157
2083
2084
2087
2088
2089
2090
2089
2090
2092
2170
2093
2171
2172
2095
2100
2096
2101
2102
2098
2100
2099
2101
2102
2101
2102
2104
2105
2106
2107
2106
2107
2109
2114
2110
2115
2116
2112
2114
2113
2115
2116
2115
2116
2118
2179
2180
2181
2120
2179
2121
2180
2181
2125
2126
2124
2125
2191
2192
2126
2193
2126
2197
2198
2199
2130
2131
2129
2130
2133
2218
2219
2131
2134
2220
2131
2221
2222
2223
2135
2136
2134
2135
2233
2234
2136
2235
2136
2239
2240
2241
2138
2149
2139
2150
2151
2141
2143
2142
2144
2145
2144
2145
2147
2161
2148
2162
2163
2150
2151
2153
2155
2154
2156
2157
2156
2157
2159
2160
2162
2163
2165
2191
2166
2192
2193
2168
2206
2169
2207
2208
2171
2172
2174
2176
2175
2177
2178
2177
2178
2180
2181
2183
2188
2224
2184
2189
2225
2190
2226
2186
2188
2194
2187
2189
2195
2190
2196
2189
2197
2190
2198
2199
2192
2197
2193
2198
2199
2195
2197
2196
2198
2199
2198
2199
2201
2203
2202
2204
2205
2204
2205
2207
2212
2208
2213
2214
2210
2212
2215
2211
2213
2216
2214
2217
2213
2221
2214
2222
2223
2216
2221
2217
2222
2223
2219
2221
2233
2220
2222
2234
2223
2235
2222
2223
2225
2230
2226
2231
2232
2228
2230
2236
2229
2231
2237
2232
2238
2231
2239
2232
2240
2241
2234
2239
2235
2240
2241
2237
2239
2238
2240
2241
2240
2241
)


// ************************************************************************* //
