/*--------------------------------*- C++ -*----------------------------------*\
  =========                 |
  \\      /  F ield         | OpenFOAM: The Open Source CFD Toolbox
   \\    /   O peration     | Website:  https://openfoam.org
    \\  /    A nd           | Version:  8
     \\/     M anipulation  |
\*---------------------------------------------------------------------------*/
/*   Windows 32 and 64 bit porting by blueCAPE: http://www.bluecape.com.pt   *\
|  Based on Windows porting (2.0.x v4) by Symscape: http://www.symscape.com   |
\*---------------------------------------------------------------------------*/
FoamFile
{
    version     2.0;
    format      ascii;
    class       labelList;
    location    "constant/vegetation/polyMesh";
    object      pointProcAddressing;
}
// * * * * * * * * * * * * * * * * * * * * * * * * * * * * * * * * * * * * * //


3315
(
3
4
17
18
32
47
49
51
76
77
78
94
101
110
123
127
144
147
148
170
171
172
173
174
175
204
205
206
207
208
209
244
245
246
247
248
290
291
294
295
296
298
299
338
339
340
341
342
343
375
376
378
418
422
423
427
428
429
458
462
466
473
474
475
480
491
497
507
545
546
547
573
574
576
577
578
657
658
698
756
758
759
760
788
801
802
803
804
805
871
872
873
874
882
883
884
885
886
887
888
891
894
944
945
1018
1020
1021
1022
1024
1025
1026
1027
1028
1029
1030
1031
1032
1033
1127
1128
1129
1130
1134
1136
1137
1138
1139
1141
1185
1187
1208
1246
1247
1256
1353
1354
1355
1356
1357
1358
1359
1361
1362
1363
1364
1456
1457
1458
1459
1460
1461
1467
1468
1469
1470
1471
1472
1473
1474
1475
1476
1483
1585
1586
1598
1633
1634
1668
1669
1670
1673
1674
1675
1676
1681
1733
1735
1801
1802
1803
1804
1811
1812
1813
1814
1815
1816
1817
1822
1823
1913
1915
1946
1948
1949
1985
1986
1987
1989
2001
2018
2019
2020
2021
2022
2062
2066
2067
2068
2073
2123
2124
2165
2166
2232
2234
2235
2237
2238
2239
2240
2241
2242
2278
2280
2281
2287
2288
2289
2349
2350
2351
2352
2353
2354
2355
2356
2357
2358
2359
2360
2403
2457
2458
2460
2461
2462
2463
2464
2465
2466
2467
2468
2469
2602
2603
2605
2606
2607
2608
2609
2610
2611
2612
2613
2728
2729
2730
2731
2732
2733
2734
2735
2736
2743
2744
2745
2746
2747
2748
2749
2750
2751
2752
2753
2754
2755
2880
2881
2934
2935
2936
2962
2963
2964
2965
2966
2967
2974
2975
2976
3047
3048
3049
3056
3057
3058
3059
3060
3075
3076
3268
3269
3270
3271
3272
3273
3274
3276
3278
3279
3280
3281
3284
3285
3286
3287
3288
3289
3290
3385
3388
3389
3390
3393
3398
3399
3455
3456
3511
3518
3594
3595
3596
3598
3599
3600
3601
3602
3785
3786
3787
3789
3790
3791
3792
3793
3794
3795
3796
3797
3804
3816
3817
3818
3819
3820
3821
3822
3823
3824
3825
3826
3827
3828
3829
3830
3831
3832
3833
3834
3835
3836
3837
3838
3839
3842
3850
3855
3856
3862
3863
3864
4081
4084
4085
4088
4090
4091
4092
4093
4095
4096
4268
4269
4270
4271
4272
4273
4274
4275
4276
4277
4292
4293
4294
4295
4296
4297
4298
4299
4300
4301
4302
4303
4304
4305
4306
4307
4309
4310
4311
4325
4488
4489
4495
4513
4521
4522
4551
4576
4596
4597
4612
4614
4658
4662
4663
4665
4786
4787
4788
4789
4790
4799
4800
4801
4802
4803
4945
4946
4947
4955
4956
4957
4958
5116
5117
5118
5119
5120
5121
5122
5123
5124
5125
5126
5127
5128
5129
5130
5131
5132
5133
5134
5135
5136
5237
5238
5239
5449
5451
5452
5453
5454
5455
5456
5457
5458
5459
5460
5461
5462
5691
5692
5693
5695
5709
5710
5711
5712
5713
5714
5717
5815
5818
5871
5872
5873
5874
5875
5876
5877
5878
5951
6051
6066
6072
6073
6074
6076
6077
6284
6288
6289
6290
6292
6293
6294
6296
6298
6302
6303
6305
6306
6307
6308
6309
6310
6311
6312
6313
6314
6315
6316
6317
6318
6319
6320
6321
6322
6436
6437
6439
6487
6594
6595
6596
6597
6600
6601
6602
6603
6604
6772
6773
6774
6775
6776
6781
6782
6783
6784
6785
6786
6787
7048
7049
7050
7051
7052
7053
7054
7055
7056
7057
7058
7059
7060
7061
7062
7079
7080
7081
7082
7083
7084
7085
7086
7087
7088
7089
7090
7091
7092
7093
7094
7095
7096
7097
7098
7120
7122
7123
7295
7296
7297
7303
7304
7305
7343
7354
7470
7472
7474
7475
7476
7477
7479
7480
7481
7482
7483
7484
7485
7486
7507
7508
7509
7550
7551
7552
7553
7621
7622
7623
7624
7627
7629
7631
7632
7633
7636
7637
7638
7639
7641
7816
7817
7818
7819
7820
7827
7828
7829
7830
7831
7832
7833
7945
7946
7947
7948
7949
7950
7951
7952
7953
7954
8269
8270
8271
8272
8276
8277
8278
8281
8282
8283
8284
8288
8289
8290
8291
8292
8293
8294
8295
8296
8297
8298
8299
8377
8378
8379
8476
8477
8660
8661
8662
8663
8664
8665
8694
8695
8698
8699
8700
8701
8702
8703
8704
8705
8706
8707
8708
8709
8710
8719
8720
8721
8722
8723
8724
8725
9020
9338
9339
9341
9342
9343
9344
9345
9346
9347
9348
9349
9350
9352
9353
9354
9355
9356
9357
9359
9360
9361
9362
9387
9388
9389
9390
9391
9392
9393
9394
9395
9396
9397
9398
9399
9400
9401
9402
9403
9405
9406
9407
9408
9409
9410
9411
9412
9413
9452
9461
9462
9466
9985
9986
9987
9988
9989
9990
9991
9992
9993
9994
9995
9996
9997
10011
10012
10013
10014
10015
10016
10017
10018
10019
10020
10021
10022
10023
10024
10025
10026
10027
10029
10031
10032
10033
10497
10498
10499
10500
10501
10502
10503
10504
10505
10506
10507
10508
10509
10510
10511
10512
10513
10514
10515
10516
10517
10530
10531
10532
10533
10534
10535
10536
10537
10538
10539
10540
10541
10542
10543
10544
10545
10546
10547
10548
10549
10550
10551
10552
10553
10554
10555
10556
10557
10558
10837
10859
10918
10941
10986
10987
11026
11027
11028
11470
11471
11472
11486
11488
11569
11570
11597
11674
11750
11843
11994
12056
12172
12173
12174
12457
12516
12517
12518
12562
12563
12564
12565
12566
12567
12568
12569
12712
12713
12755
12756
12757
12758
12945
12946
12949
14797
14811
14908
14909
15133
15252
15253
15254
15403
15404
15405
15406
15407
15651
15652
15653
15654
15655
15656
15657
15658
15859
15860
15861
15862
15863
15864
15865
15866
17242
17292
17306
17336
17340
17341
17349
17350
17357
18043
18140
18141
18142
18143
18243
18244
18298
18376
18377
18378
18405
18412
18421
18422
18460
18461
18462
18472
18473
18474
18475
18476
18498
21439
21472
21646
21647
21648
21649
21650
21651
21675
21676
21677
21678
21709
21710
21711
21712
21713
21716
21752
24140
24169
25129
25141
25142
25159
25160
25161
25162
25163
25206
25207
25208
25209
25210
25211
25212
25213
25214
25215
25258
25259
25335
25336
25337
25338
25339
25340
25447
25448
25449
25450
25451
25452
25453
25454
25463
25464
25465
25466
25467
25468
25469
25470
25471
25472
25473
25482
25483
25599
25600
25601
25602
25603
25604
25694
25703
25704
25705
25707
25708
25722
25723
25724
25725
25835
25836
25954
25955
25956
25957
25958
25960
25961
25962
25980
25981
25982
25983
25984
25985
25986
25987
25988
25989
25990
25991
25992
25993
25994
25995
25996
26000
26001
26003
26162
26163
26180
26181
26182
26183
26184
26189
26190
26191
26192
26388
26389
26390
26391
26403
26404
26416
26417
26418
26586
26587
26588
26589
26591
26592
26593
26594
26595
26596
26694
26763
26790
27020
27021
27147
27148
27149
27150
27151
27152
27165
27166
27167
27221
27222
27223
27224
27225
27226
27227
27228
27229
27230
27231
27232
27257
27258
27259
27260
27261
27277
27298
27299
27300
27301
27302
27321
27343
27344
27345
27346
27347
27378
27379
27380
27381
27382
27384
27385
27386
27387
27388
27389
27390
27391
27392
27432
27433
27434
27435
27436
27437
27438
27439
27485
27486
27487
27488
27490
27491
27492
27493
27541
27542
27544
27545
27546
27547
27548
27549
27550
27551
27652
27653
27654
27655
27656
27657
27658
27661
27662
27663
27664
27669
27670
27671
27727
27728
27729
27730
27731
27733
27780
27781
27782
27783
27784
27786
27787
27788
27789
27863
27864
27865
27866
27869
27870
27871
27872
27873
27874
27940
27941
27942
27964
27965
27966
28048
28049
28050
28105
28106
28107
28108
28109
28110
28111
28112
28113
28116
28117
28118
28119
28120
28121
28122
28123
28124
28125
28126
28127
28128
28187
28326
28327
28329
28371
28372
28396
28397
28398
28399
28400
28401
28402
28520
28521
28522
28523
28524
28525
28526
28546
28547
28548
28549
28550
28551
28552
28553
28554
28555
28556
28557
28558
28559
28561
28568
28784
28785
28795
28796
28797
28798
28799
28800
28801
28802
28803
28804
28805
28806
28807
28808
28809
28810
28811
28812
28813
28814
28815
28816
28817
28818
28819
28960
28961
28962
28963
28964
28965
28966
28967
28968
28969
28971
28981
29063
29064
29254
29386
29387
29388
29389
29390
29391
29392
29393
29408
29409
29410
29411
29412
29413
29414
29415
29416
29417
29418
29419
29420
29421
29422
29430
29431
29432
29433
29434
29435
29571
29572
29573
29574
29575
29632
29633
29634
29635
29636
29653
29654
29655
29775
29776
29777
29778
29779
29874
29875
29877
29878
29879
29880
29881
29897
29898
29899
29900
29901
29902
29903
29904
29906
29907
30072
30073
30074
30075
30076
30077
30079
30138
30327
30328
30330
30331
30332
30333
30334
30335
30336
30339
30340
30341
30342
30343
30395
30396
30398
30399
30402
30457
30458
30459
30494
30495
30496
30497
30502
30575
30576
30577
30578
30579
30580
30581
30582
30828
30829
30830
30831
30832
30833
30834
30835
30836
30837
30838
30839
30840
30841
30847
30848
30849
30850
30851
30852
30853
30854
30855
30856
30857
30858
30859
30860
30861
30862
30863
30864
30930
30931
30998
30999
31000
31001
31002
31003
31004
31005
31006
31097
31098
31099
31111
31112
31113
31114
31115
31116
31128
31129
31130
31131
31132
31334
31335
31336
31337
31340
31341
31342
31343
31344
31346
31347
31348
31349
31350
31351
31352
31353
31354
31355
31356
31357
31358
31423
31424
31425
31429
31544
31545
31629
31631
31647
31648
31649
31650
31651
31652
31653
31654
31655
31656
31657
31658
31659
31660
31661
31662
31663
31670
31729
31731
31770
31771
31776
31777
31874
31875
31876
31885
31886
31887
31888
31889
31890
32049
32050
32051
32052
32053
32065
32066
32067
32081
32235
32236
32237
32238
32239
32240
32241
32242
32243
32244
32245
32246
32313
32314
32458
32463
32464
32465
32466
32467
32468
32469
32550
32621
32622
32721
32722
32836
32837
32838
32949
32950
32951
32952
32953
32954
32955
32956
32957
32958
32959
32960
32961
33160
33161
33330
33345
33369
33393
33442
33493
33871
34333
34341
34342
34430
34431
34643
34644
34645
34682
34687
34688
34690
34691
34692
34693
34781
34782
34783
34784
34785
34786
34787
34788
34790
34791
34792
34793
34794
34795
34796
34797
34798
34799
34800
34801
34989
34990
34991
34992
34993
34994
34996
34997
34998
34999
35000
35001
35002
35003
35004
35005
35009
35010
35011
35012
35013
35014
35015
35016
35017
35018
35019
35020
35021
35022
35023
35024
35025
35026
35027
35028
35029
35035
35039
35231
35232
35233
35521
35522
35525
35527
35529
35530
35531
35532
35533
35535
35537
35538
35539
35540
35541
35542
35543
35544
35545
35546
35547
35548
35549
35550
35551
35552
35553
35554
36000
36001
36002
36003
36004
36005
36006
36007
36008
36009
36010
36011
36012
36013
36014
36015
36016
36017
36018
36019
36020
36021
36022
36023
36024
36026
36028
36057
36058
36059
36060
36061
36062
36063
36064
36065
36066
36067
36068
36069
36070
36071
36072
36073
36074
36075
36076
36077
36078
36079
36080
36081
36082
36083
36084
36085
36086
36087
36088
36089
36090
36091
36092
36093
36094
36095
36096
36097
36098
36099
36100
36101
36102
36103
36104
36105
36140
36141
36142
36143
36144
36145
36146
36147
36586
36587
36588
36589
36590
36591
36592
36593
36594
36595
36596
36597
36598
36599
36917
36920
36921
36922
36923
36924
36956
36957
36958
36959
36960
36961
36962
36963
36964
36965
36966
36967
36968
36969
36970
36973
36975
36976
36977
36978
36979
36980
37034
37035
37038
37040
37041
37042
37043
37044
37045
37046
37047
37049
37050
37051
37052
37053
37442
37445
37446
37447
37449
37450
37451
37452
37453
37454
37777
37778
37779
37780
37781
37782
37783
37784
37785
37786
37787
37788
37789
37790
37791
37792
37793
37795
37797
37798
37799
37800
37801
37843
37844
37845
37846
37847
37848
37849
37850
37851
37852
37853
37854
37855
37856
37857
37858
37859
37860
37861
37862
37863
37864
37865
37866
37867
37868
37869
37870
37871
37872
37873
37874
37875
37876
37877
37878
37879
37880
37881
37882
37883
37884
37885
37886
37887
37888
37893
37894
37899
37900
37902
37903
37904
37907
38392
38393
38394
38395
38396
38397
38443
38444
38445
38446
38447
38448
38449
38450
38451
38452
38453
38471
38472
38474
38476
38477
38478
38479
38480
38481
38482
38483
38485
38486
38487
39113
39114
39115
39116
39117
39118
39119
39120
39121
39154
39155
39156
39157
39191
39192
39193
39194
39195
39623
39624
39625
39626
39627
39628
39629
39630
39631
39632
39633
39636
39637
39638
39639
39640
39641
39642
39643
39644
39645
39893
39894
39895
39896
40095
40096
40181
40182
40796
40797
40798
40799
40800
41102
41105
41106
41113
41119
41120
41127
41128
41129
41144
41145
41146
41147
41148
41149
41150
41151
41152
41155
41163
41173
41174
41186
41187
41233
41234
41235
41264
41265
41292
41302
41329
41350
41391
41402
41405
41412
41423
41426
41439
41440
41441
41474
41497
41526
41527
41550
41551
41552
41553
41554
41555
41556
41557
41580
41582
41732
41738
41739
41786
41834
41835
41867
41869
41898
41902
41903
41904
41905
41933
41934
41935
41967
41986
41987
41988
41989
41997
41998
42058
42059
42060
42061
42062
42063
42079
42094
42136
42147
42148
42165
42166
42167
42169
42178
42207
42208
42211
42245
42246
42263
42264
42303
42322
42338
42339
42340
42341
42342
42358
42359
42360
42361
42464
42465
42466
42467
42468
42469
42470
42485
42486
42487
42488
42513
42514
42540
42541
42542
42543
42544
42545
42546
42606
42607
42608
42609
42650
42651
42652
42653
42678
42707
42708
42740
42758
42759
42810
42942
42943
42944
42968
42969
42970
43047
43048
43049
43104
43144
43159
43208
43226
43227
43228
43229
43261
43268
43269
43276
43277
43278
43312
43313
43314
43315
43361
43362
43363
43364
43365
43366
43367
43368
43369
43452
43453
43454
43455
43459
43544
43545
43553
43653
43654
43655
43656
43657
43658
43659
43739
43740
43741
43742
43745
43746
43747
43748
43749
43750
43751
43752
43753
43754
43755
43756
43757
43758
43759
43760
43761
43762
43763
43764
43835
43836
43837
43840
43841
44005
44194
44195
44206
44209
44210
44211
44212
44322
44429
44430
44431
44432
44433
44434
44508
44509
44510
44513
44567
44568
44569
44576
44577
44578
44579
44580
44581
44582
44583
44584
44585
44586
44646
44652
44691
44696
44701
44710
44714
44729
44730
44731
44732
44769
44777
44780
44781
44804
44805
44806
44807
44808
44816
44817
44822
44878
44879
44880
44881
44882
44883
44884
44885
44886
44887
44888
44965
44991
44992
44993
44994
44995
44996
44997
44998
44999
45000
45001
45002
45048
45049
45050
45051
45052
45053
45054
45055
45056
45057
45058
45059
45060
45061
45062
45063
45064
45065
45066
45067
45068
45069
45070
45071
45072
45073
45074
45254
45255
45256
45257
45258
45259
45260
45261
45262
45263
45264
45265
45752
45753
45754
45755
45756
45757
45758
45759
45760
45761
45762
45763
45764
45765
45766
45767
45768
45769
45836
45837
45838
45839
45840
45841
45842
45843
45891
45892
45893
45894
45895
45896
45915
45916
45917
45918
45919
45920
45921
45922
45923
46277
46278
46279
46518
46519
46520
46521
46522
46523
46524
46525
46526
46527
46528
47461
47462
47463
47464
47465
47466
47471
47472
47473
47474
47475
47476
47563
47564
47565
47566
47567
47568
47569
47570
47571
47572
47573
47574
47575
47576
47577
47578
47579
47580
47581
47582
47583
47584
47585
47586
48179
48180
48181
48182
48183
48184
48185
48186
48187
48215
48216
48217
48218
48219
48220
48221
48222
48223
48224
48225
48226
48811
48812
48813
48820
48821
48822
48823
48824
48825
48826
48827
48828
48829
48830
48831
48881
48882
48883
48884
48885
48886
48887
48888
48889
48890
48891
48892
48897
48898
48899
48900
48901
48902
48991
48992
48993
48994
48995
48996
48997
48998
48999
49000
49001
49002
49003
49004
49005
49006
49007
49008
49009
49010
49011
49018
49019
49020
49021
49022
49023
49024
49025
49026
49960
49961
49962
49963
49976
49977
49978
49979
49980
49981
49982
49983
49984
49985
49986
49987
49988
49989
49990
49991
49992
49993
49994
49995
49996
49997
49998
49999
50000
50001
50002
50003
50004
50005
50006
50007
50008
50009
50010
50011
50012
50013
50014
50015
50016
50629
50630
50631
50632
50637
50638
50641
50642
50643
50644
50645
50646
50647
50648
50649
50650
50655
50656
50657
50658
50659
50660
50661
50662
50663
50664
50665
50666
50667
50668
50669
50670
50671
50672
50673
50674
50675
50676
50677
50678
50679
50680
50681
50686
50687
50688
50689
50690
50691
50692
50693
50694
50695
50696
50697
50698
51084
51085
51086
51093
51094
51095
51208
51209
51210
51211
51212
51213
51643
51644
51645
51646
51647
51648
51649
51650
51651
51652
51653
51654
51655
51656
51657
51658
51659
51660
51661
51662
51663
51664
51665
51666
51667
51668
51669
51691
51692
51693
51694
51695
51696
51697
51698
51699
51700
51701
51702
51718
51719
51720
51721
51722
51723
51724
51725
51726
51727
51728
51729
51730
51731
51732
51733
51734
51735
51736
51838
51839
51840
51841
51842
51843
51844
51845
51846
51847
51848
51849
51850
51851
51852
51853
51854
51855
51856
51857
51858
51859
51860
51935
51936
51937
51938
51939
51940
51941
51942
51943
51944
51945
51946
51947
51948
51949
52042
52043
52044
52045
52046
52047
52048
52049
52056
52057
52058
52059
52060
52061
52062
52063
52064
52065
52066
52185
52186
52187
52188
52189
52190
52191
52192
52193
52194
52195
52267
52268
52269
52270
52275
52276
52295
52296
52297
52298
52299
52300
52301
52302
52303
52304
52305
52306
52307
52308
52309
52310
52311
52312
52514
52515
52516
52517
52518
52519
52520
52521
52522
52538
52539
52540
52541
52542
52543
52544
52545
52546
52547
52548
52549
52550
52551
52552
52553
52554
52555
52556
52557
52558
52559
52560
52561
53017
53018
53019
53020
53021
53022
53023
53024
53025
53026
53027
53028
53029
53030
53031
53032
53033
53034
53047
53048
53049
53050
53051
53052
53053
53054
53055
53056
53057
53076
53077
53078
53079
53080
53081
53082
53083
53084
53423
53424
53425
53426
53427
53428
53429
53430
53431
53432
53433
53434
53435
53436
53437
53438
53439
53440
53441
53442
53443
53444
53445
53446
53447
53448
53449
53450
53451
53452
53648
53649
53650
53651
53652
53653
53654
53655
53656
53675
53676
53677
53678
53679
53680
53681
53682
53683
53690
53691
53692
53756
53757
53758
53759
53760
53761
53762
53763
53764
53813
53814
53815
53816
53817
53818
53926
53927
53928
53929
53930
53931
53932
53933
53934
53980
53981
53982
54065
54066
54067
54068
54069
54070
54143
54144
54260
54261
54262
54263
54264
54265
54266
54267
54268
54269
54270
54271
54272
54273
54274
54275
54276
54277
54278
54279
54280
54281
54282
54283
54284
54285
54286
54287
54288
54289
54290
54291
54292
54293
54475
54476
54477
54478
54479
54480
54481
54482
54483
54484
54485
54486
54487
54488
54489
54490
54491
54492
54594
54595
54596
54597
54598
54599
54600
54601
54852
54853
54854
54855
54856
54857
54858
54859
54860
54861
54862
54863
54864
54865
54866
54867
54868
54869
54870
54871
54872
54873
54874
54875
54876
54877
54878
54879
54880
54881
54882
54883
54884
54885
54886
54887
54888
54889
54890
54891
54892
54893
54894
54895
54896
54897
54898
54899
54900
54901
54902
54903
54904
54905
54906
54907
54908
54909
54910
54911
54912
54913
54914
54915
54916
54917
54918
54919
54920
54921
54922
54923
54924
54925
54926
54927
54928
54929
54930
54931
55138
55139
55140
55141
55142
55143
55144
55145
55146
55147
55148
55149
55424
55425
55426
55427
55428
55429
55430
55431
56182
56183
56184
56185
56186
56187
56188
56189
56190
56435
56436
56437
56438
56439
56440
56441
56442
56443
56444
56445
56446
56447
56448
56449
56450
56756
56757
56758
56759
56760
56761
56762
56763
56764
56765
56766
58123
58124
58125
58126
58127
58128
58129
58130
58131
58132
58133
58134
58135
58136
58137
58138
58139
58140
58141
58142
58143
58350
58351
58352
58353
58354
58355
58363
58364
58365
58372
58373
58374
58375
58376
58377
58378
58379
58380
58381
58382
58383
58384
58385
58415
58416
58417
58418
58419
58420
58454
58455
58456
58457
58458
58459
58460
58461
58462
58463
58464
58465
58466
58467
58468
58469
58470
58471
58472
58513
58514
58515
58516
58517
58518
58519
58520
58521
58522
58523
58524
58558
58559
58560
58570
58571
58980
58981
58982
59109
59110
59111
59112
59113
59114
59115
59116
59117
59133
59134
59135
59142
59143
59144
59145
59146
59147
)


// ************************************************************************* //
