/*--------------------------------*- C++ -*----------------------------------*\
  =========                 |
  \\      /  F ield         | OpenFOAM: The Open Source CFD Toolbox
   \\    /   O peration     | Website:  https://openfoam.org
    \\  /    A nd           | Version:  8
     \\/     M anipulation  |
\*---------------------------------------------------------------------------*/
/*   Windows 32 and 64 bit porting by blueCAPE: http://www.bluecape.com.pt   *\
|  Based on Windows porting (2.0.x v4) by Symscape: http://www.symscape.com   |
\*---------------------------------------------------------------------------*/
FoamFile
{
    version     2.0;
    format      ascii;
    class       labelList;
    location    "constant/air/polyMesh";
    object      faceProcAddressing;
}
// * * * * * * * * * * * * * * * * * * * * * * * * * * * * * * * * * * * * * //


7756
(
16
17
18
19
20
21
22
36
37
38
39
40
41
175
176
177
178
179
180
428
429
430
431
432
433
434
435
436
437
438
440
441
442
443
444
445
446
447
448
449
450
451
452
453
454
455
582
583
584
585
586
587
1161
1162
1163
1164
1165
1166
1167
1168
1169
1170
1171
1172
1173
1174
1175
1176
1177
1203
1204
1205
1206
1207
1208
1209
1210
1211
1229
1230
1231
1238
1239
1240
1241
2045
2046
2047
2048
2049
2050
2051
2052
2053
2054
2055
2056
2057
2058
2059
2060
2061
2062
2064
2065
2066
2067
2068
2069
2070
2071
2072
2074
2075
2076
2077
2078
2079
2080
2081
2082
2083
2084
2085
2086
2087
2088
2096
2097
2098
2099
2100
2123
2124
2125
2126
2127
2128
2129
2130
2131
2132
2133
2134
2137
2138
2139
2154
2166
2169
2170
2171
2961
2962
2963
2964
2965
2966
2967
2968
2969
2970
2971
2972
2973
2974
2975
2976
2977
2978
2979
2980
2981
2982
2983
2984
2985
2986
2987
2988
2989
2990
2991
2992
2993
2994
2995
2996
2997
2998
2999
3000
3001
3002
3003
3004
3005
3006
3007
3008
3009
3010
3011
3012
3013
3014
3015
3016
3017
3018
3019
3020
3021
3022
3023
3024
3025
3026
3027
3028
3029
3030
3031
3032
3033
3034
3035
3036
3037
3038
3039
3040
3041
3042
3043
3044
3045
3046
3047
3048
3049
3050
3051
3052
3053
3054
3055
3056
3057
3058
3059
3060
3061
3062
3063
3064
3065
3066
3067
3068
3069
3070
3071
3072
3543
3544
3545
3546
3547
3548
3549
3550
3551
3552
3553
3554
4890
4891
4892
4893
4894
4895
4896
4897
4898
4899
4900
4901
4902
4903
4904
4905
4906
4907
4908
4909
4910
4911
4912
4913
4914
4915
4916
4917
4918
4919
4920
4921
4922
4923
4924
4925
4926
4927
4928
4929
4930
4931
4932
4933
4940
4941
4942
4943
4944
4945
4946
4947
4948
4949
4950
4951
4952
4953
4954
4955
4963
4964
4965
4966
5023
5024
5025
5026
5027
5028
5029
5030
5031
5032
5033
5034
5035
5036
5043
5044
5045
5046
5047
5114
5115
5116
5117
5813
5814
5815
5816
5817
5818
5819
5820
5821
5822
5823
5824
5825
5826
5827
5828
5829
5830
5831
5832
5833
5834
5835
5836
5837
5838
5839
5840
5841
5842
5843
5844
5845
5846
5847
5848
5849
5850
5851
5852
5853
5854
5855
5856
5857
5858
5864
5866
5867
5868
5869
5870
5871
5872
5873
5874
5875
5876
5877
5878
5879
5880
5881
5882
5883
5884
5885
5887
5888
5889
5890
5891
6777
6778
6779
6780
6781
6782
6783
6784
6785
6786
6787
6788
6789
6790
6791
6792
6793
6794
6795
6796
6797
6798
6799
6800
6801
6802
6803
6804
6805
6806
6807
6808
6809
6810
6811
6812
6813
6814
6815
6816
6817
6818
6819
6820
6821
6822
6823
6824
6825
6834
6835
6836
6837
6838
6839
6840
6841
6842
6843
6844
6845
6846
6847
6848
6849
6850
6851
6852
6853
6854
6855
6856
6857
6858
6859
6860
6861
6862
6863
6864
6865
6866
6867
6868
6869
6870
6871
6872
6873
6874
6875
6876
6877
6878
6879
6880
6881
6882
6883
6884
6885
6886
6887
6888
6889
6890
6891
6892
6893
8986
8987
8988
8989
8990
8991
8992
8993
8994
8995
8996
8997
8998
8999
9000
9001
9002
9003
9004
9005
9006
9007
9008
9009
9010
9011
9012
9013
9014
9015
9016
9017
9018
9019
9020
9021
9159
9161
9162
9163
9164
9165
9166
9168
9169
9170
9171
9176
9177
9178
9180
9181
11505
11506
11507
11508
11509
11510
11511
11512
11513
11514
11515
11516
11517
11518
11519
11520
11521
11522
11523
11524
11525
11526
11527
11528
11529
11530
11531
11532
11533
11534
11535
11536
11537
11538
11539
11540
11541
11542
11543
11544
11545
11546
11547
11548
11549
11550
11551
11552
11553
11554
11555
11556
11557
11558
11559
11560
11561
11562
11563
11564
11565
11566
11567
11568
11569
11570
11571
11572
11573
11574
11575
11576
11577
11578
11579
11580
11581
11582
11583
11584
11585
11586
11587
11588
11589
11590
11591
11592
11593
11594
11595
11596
11597
11598
11599
11600
11601
11602
11603
11604
11605
11606
11607
11608
11609
11610
11611
11612
11613
11614
11615
11616
11617
11618
11619
11620
11621
11622
11623
11624
11625
11626
11627
11628
11629
11630
11631
11632
11633
11634
11635
11636
11637
11638
11639
11640
11641
11642
11643
11644
11645
11646
11647
11648
11649
11650
11651
11652
11653
11654
11655
11656
11657
11658
11659
11660
11661
11662
11663
11664
11665
11666
11667
11668
11669
11670
11671
11672
11673
11674
11675
11676
11677
11678
11679
11680
11681
11682
11683
11684
11685
11686
11687
11688
11689
11690
11691
11692
11693
11694
11695
11696
11697
11698
11699
11700
11701
11702
11703
11704
11705
11706
11707
11708
11709
11710
11711
11712
11713
11714
11715
11716
11717
11718
11719
11720
11721
11722
11723
11724
11725
11726
11727
11728
11729
11730
11731
11732
11733
11734
11735
11736
11737
11738
11739
11740
11741
11742
11743
11744
11745
11746
11747
11748
11749
11750
11751
11752
11753
11754
11755
11756
11757
11758
11759
11760
11761
11762
11763
11764
12531
12532
12533
12534
12535
12536
12537
12538
12539
12540
12541
12542
12543
12544
12545
12546
12553
12554
12555
12556
12557
12558
12559
12560
12561
14833
14834
14835
14836
14837
14838
14839
14840
14841
14842
14843
14844
14845
14846
14847
14848
14849
14850
14851
14852
14853
14854
14855
14856
14857
14858
14859
14860
14861
14862
14863
14864
14865
14866
14867
14868
14869
14870
14871
14872
14873
14874
14875
14876
14877
14878
14879
14880
14881
14882
14883
14884
14885
14886
14887
14888
14889
14890
14891
14892
14893
14894
14895
14896
14897
14898
14899
14900
14901
14902
14903
14904
14905
14906
14907
14908
14909
14910
14911
14912
14913
14914
14915
14916
14919
14920
14922
14923
14924
14925
14947
14948
14949
14950
14951
14952
14967
14969
14970
14971
14972
14973
14974
14980
14981
14982
14983
14984
14985
14987
14988
14989
14990
14991
14992
14993
14994
14995
14996
14997
14998
14999
15000
15001
15002
15003
15011
15012
15013
15014
15015
15016
15023
15024
15025
15026
15027
15028
15038
15039
15040
15041
15042
15049
15050
15051
15052
15053
15054
15109
15111
15112
15113
15114
15115
15116
15119
15120
15121
15122
15123
15139
15140
15141
15142
15143
15144
15145
15146
15147
15148
15149
15150
15159
15161
15162
15163
15164
15165
15172
15173
15174
15175
15176
15185
15186
15187
15188
15189
15191
15192
15193
15194
15195
15320
15321
15322
15323
16845
16846
16847
16848
16849
16850
16851
16852
16853
16854
16855
16856
16861
16862
16863
16864
16865
16866
16867
16868
16869
16870
16871
16872
16873
16875
16876
16877
16878
16879
16885
16886
16887
16888
16889
16894
16896
16897
16898
16899
16900
16901
16902
16903
16910
16911
16912
16913
16920
16921
16922
18299
18300
18301
18302
18303
18304
18305
18306
18307
18308
18309
18310
18311
18312
18313
18314
18315
18316
18317
18318
18319
18320
18321
18322
18323
18324
18325
18326
18327
18328
18329
18330
18331
18332
18333
18334
18335
18336
18337
18338
18339
18340
18341
18342
18343
18344
18345
18346
18347
18348
18349
18350
18351
18352
18353
18354
18355
18356
18357
18358
18359
18360
18361
18362
18363
18364
18365
18366
18367
18368
18369
18370
18371
18372
18373
18374
18375
18376
18377
18378
18379
18380
18381
18382
18383
18384
18385
18386
18387
18388
18389
18390
18391
18392
18393
18394
18395
18396
18397
18398
18399
18400
18401
18402
18403
18404
18405
18406
18407
18408
18409
18410
18411
18412
18413
18414
18415
18416
18417
18418
18419
18420
18421
18422
18423
18424
18425
18426
18427
18428
18429
18430
18431
18432
18433
18434
18435
18436
18437
18438
18439
18440
18441
18442
18443
18444
18445
18446
18447
18448
18449
18450
18451
18452
18453
18454
18455
18456
18457
18458
18459
18460
18461
18462
18463
18464
18465
18466
18467
18468
18469
18470
18471
18472
18473
18474
18475
18476
18477
18478
18479
18480
18481
18482
18483
18484
18485
18486
18487
18488
18489
18490
18491
18492
18493
18494
18495
18496
18497
18498
18499
18500
18501
18502
18503
18504
18505
18655
18656
18657
18658
18659
18660
18661
18662
18668
18669
18670
18671
18672
18673
18674
18675
18676
18677
18678
18679
18680
18681
18682
18683
18684
18685
18686
18687
20305
20306
20307
20308
20309
20310
20311
20312
20313
20314
20315
20316
20317
20318
20319
20320
20321
20322
20323
20324
20325
20326
20327
20328
20329
20330
20331
20332
20333
20334
20335
20336
20337
20338
20339
20340
20341
20342
20344
20345
20346
20349
20350
20351
20353
20354
20356
20358
20456
20457
20458
20459
20460
20461
20462
20463
20464
20465
20466
20467
20468
20469
20470
20471
20472
20473
20474
20475
20476
20477
20478
20479
20480
20481
20482
20483
20484
20485
20486
20487
20488
20489
20490
20491
20492
20493
20494
20495
20496
20497
20498
20499
20500
20501
20502
20503
20504
20505
20506
20507
20508
20509
20510
20511
20512
20513
20514
20515
20516
20517
20518
20519
20520
20521
20522
20523
20524
20525
20526
20527
20528
20529
20530
20531
20532
20533
20534
21875
21876
21877
21878
21879
21880
21881
21882
21883
21884
21885
21886
21887
21888
21889
21890
21891
21892
21893
21894
21895
21896
21897
21898
21899
21900
21901
21902
21903
21904
21905
21906
21907
21908
21909
21910
21911
21912
21913
21914
21915
21916
21922
21923
21924
21925
21926
21927
21928
21929
21930
21931
21932
21933
21934
21935
21936
21937
21938
21939
21940
21941
21942
21943
21944
21945
21946
21947
21948
21949
21950
21951
21952
21953
21954
21955
21956
21957
21958
21959
21960
21961
21962
21963
23219
23222
23223
23225
23226
23998
23999
24000
24001
24002
24003
24004
24005
24006
24007
24008
24009
24010
24011
24012
24013
24014
24015
24016
24017
24018
24019
24020
24021
24022
24023
24024
24025
24026
24027
24028
24029
24030
24031
24032
24033
24034
24035
24036
24037
24038
24039
24040
24041
24042
24043
24044
24045
24046
24047
24048
24049
24050
24051
24052
24053
24054
24055
24056
24057
24058
24059
24060
24061
24062
24063
24064
24065
24066
24067
24068
24069
24070
24071
24072
24073
24074
24075
24076
24077
24078
24079
24080
24081
24082
24083
24084
24085
24086
24087
24088
24089
24090
24091
24092
24093
24094
24095
24096
24097
24098
24099
24100
24101
24102
24103
24104
24105
24106
24107
24108
24109
24110
24111
24112
24113
24114
24115
24116
24117
24118
24119
24120
24121
24122
24123
24124
24125
24126
24127
24128
24129
24130
24131
24132
24133
24134
24135
24136
24137
24138
24139
24140
24141
24142
24143
24144
24145
24146
24147
24148
24149
24150
24151
24152
24153
24154
24155
24156
24157
24158
24159
24160
24161
24162
24163
24164
24165
25987
25988
25989
25990
25991
25992
25993
25994
25995
25996
25997
25998
25999
26000
26001
26002
26003
26004
26005
26006
26007
26008
26009
26010
26011
26012
26013
26014
26015
26016
26017
26018
26019
26020
26021
26022
26023
26043
26044
26045
26046
26047
26048
26049
26050
26051
26052
26053
26054
26055
26056
26057
26058
26059
26060
26061
26062
26063
26064
26065
26066
26067
26068
26069
26070
26071
26072
26073
26074
26075
26076
26077
26078
26079
26080
26081
26082
26083
26084
26085
26086
26087
26088
26090
26091
26092
26093
26094
26095
26096
26097
26098
26099
26100
26101
26102
26103
26104
26122
26123
26124
26125
26126
26127
26128
26129
26130
26131
26132
26133
26134
26135
26136
26137
26138
26139
26154
26155
26156
26157
26158
26159
26160
26161
26162
26163
26164
26165
26166
26167
26168
26169
26170
26171
26172
26173
26174
26175
26176
26177
26178
26179
26180
26181
26182
26183
26184
26185
26186
26187
27812
27813
27814
27815
27816
27817
27818
27819
27820
27821
27822
27823
27824
27825
27826
27827
27828
27829
27830
27831
27832
27833
27834
27835
27836
27837
27838
27839
27840
27841
27842
27843
27844
27845
27846
27847
27848
27849
27850
27851
27852
27853
27854
27950
27951
27952
27953
27954
27955
27956
27957
27958
27959
27960
27961
27962
27963
27964
27965
27966
27967
27968
27969
27970
27971
27972
27973
27974
27975
27976
27977
30143
30144
30145
30146
30147
30148
30149
30150
30151
30152
30153
30154
30155
30156
30157
30158
30159
30160
30161
30162
30163
30164
30165
30166
30167
30168
30169
30170
30171
30172
30173
30174
30175
30176
30177
30178
30179
30180
30181
30182
30183
30184
30185
30186
30187
30188
30189
30190
30191
30192
30193
30194
30195
30196
30197
30198
30199
30200
30201
30202
30203
30204
30205
30206
30207
30208
30209
30210
30211
30212
30213
30214
30215
30216
30217
30218
30219
30220
30221
30222
30223
30224
30225
30226
31707
31708
31709
31710
31711
31712
31713
31714
31715
31716
31717
31718
31719
31720
31721
31722
31723
31724
31725
31726
33485
33486
33487
33488
33489
33490
33491
33492
33493
33494
33495
33496
33497
36372
36373
36374
36375
36376
36377
36378
36379
36380
36381
36382
36383
36384
36385
36386
36387
36388
36389
36390
36391
36392
36393
36394
36395
36396
36397
36398
36400
36401
36402
36404
36405
36406
36407
36408
36409
36410
36411
36412
36413
36414
36415
36416
36417
36418
36419
36420
36421
36422
36423
36424
36425
36426
36427
36428
36429
36430
36433
36434
36435
36436
36437
36438
36439
36440
36441
36442
36443
36444
36445
36446
36447
36448
36449
36450
36451
36452
36453
36454
36455
36457
36458
36459
36460
36461
36462
36463
36464
36466
36467
36468
36469
36470
36471
36473
36474
36475
36477
36533
36534
36535
36536
36537
36538
36539
36540
36541
36542
36543
36544
36545
36546
36547
36550
36551
36552
36553
36608
36609
36610
36611
36634
36635
36636
38275
38276
38277
38278
38279
38280
38281
38282
38283
38284
38285
38286
38287
38288
38289
38290
38291
38292
38293
38294
38295
38296
38297
38298
38299
38300
38301
38302
38303
38304
38305
38306
38307
38308
38309
38310
38311
38312
38313
38314
38315
38316
38317
38318
38319
38320
38321
38322
38323
38324
38325
38326
38327
38328
38329
38330
38331
38332
38333
38334
38335
38336
38337
38338
38339
38340
38341
38342
38343
38344
38345
38346
38347
38348
38349
38350
38351
38352
38353
38354
38355
38356
38357
38358
38359
38360
38361
38362
38363
38364
38365
38366
38367
38368
38369
38370
38371
38372
38373
38374
38375
38376
38377
38378
38379
38380
38381
38382
38383
38384
38385
38386
38387
38388
38389
38390
38391
38392
38393
38394
38395
38396
38397
38398
38399
38400
38401
38402
38403
38404
38405
38406
38407
38408
38409
38410
38411
38412
38413
38414
38415
38416
38417
38418
38419
38420
38421
38422
38423
38424
38425
38426
38427
38428
38429
38430
38431
38966
38967
38968
38969
38970
38971
38972
38973
38974
38975
38976
38977
38978
38979
38980
38981
38982
38983
38984
38985
38986
41879
41880
41881
41882
41883
41884
41885
41886
41887
41888
41889
41890
41891
41892
41893
41894
41895
41896
41897
41898
41899
41900
41901
41902
41903
41904
41905
41906
41907
41908
41909
41910
41911
41912
41913
41914
41915
41916
41917
41918
41919
41920
41921
41922
41923
41924
41925
41926
41927
41928
41929
41930
41932
41933
41935
41936
41938
41939
41940
41941
41942
41943
41944
41945
41946
41947
41948
41949
41950
41951
41952
41953
41954
41955
41956
41957
41958
41959
41960
41961
41962
41963
41964
41965
41966
41967
41968
41969
41970
41972
41973
41974
41975
41976
41978
41980
41981
41982
41983
41984
41985
41986
41987
41989
41990
41991
41992
41993
41994
41995
41997
41998
41999
42000
42002
42023
42024
42025
42027
42028
42029
42030
42031
42032
42033
42034
42037
42038
42103
42104
42105
42107
42108
42109
42110
42111
42112
42113
42114
42115
42116
42117
42119
42121
42122
42123
42125
42143
42144
42145
42146
42147
42148
42149
42150
42151
42152
42153
42154
42155
42156
42157
42158
42159
42160
42161
42162
42163
42164
42165
43386
43387
43388
43389
43390
43391
43392
43393
43394
43395
43396
43397
43398
43399
43400
43401
43402
43403
43404
43405
43406
43407
43408
43409
43410
43411
43412
43413
43414
43415
43416
43417
43418
43419
43420
43421
43422
43423
43424
43425
43426
43427
43428
43429
43430
43431
43432
43433
43434
43435
43436
43437
43438
43439
43440
43441
43442
43443
43444
43445
43446
43447
43448
43449
43450
43451
43452
43453
43454
43455
43456
43457
43458
43459
43460
43461
43462
43463
43464
43465
43466
43467
43468
43469
43470
43471
43472
43473
43474
43475
43476
43477
43478
43479
43480
43481
43482
43483
43484
43485
43486
43487
43488
43489
43490
43491
43492
43500
43501
43502
43503
43504
43505
43506
43507
43508
43509
43510
43511
43513
43514
43516
43517
43518
43519
43520
43521
43522
43523
43524
43525
43526
43527
43528
43529
43530
43531
43532
43533
43534
43535
43536
43537
43538
43539
43540
43541
43542
43543
43544
43545
43546
43547
43548
43549
43550
43551
43552
43553
43554
43555
43556
43557
43558
43559
43560
43561
43568
43569
43570
43571
43572
43573
43574
43575
43576
43577
43578
43579
43580
44356
44357
44358
44359
44360
44361
44362
44363
44364
44365
44366
44367
44368
44369
44370
44371
44372
44373
44374
44375
44376
44377
44378
44379
44380
44381
44382
44383
44384
44385
44386
44387
44388
44389
44390
44391
44392
44393
44394
44395
44396
44397
44398
44399
44400
44402
44403
44404
44406
44409
47518
47519
47521
47522
47523
47525
47526
47527
47529
47530
47531
47532
47533
47534
47535
47536
47537
47538
47539
47540
47541
47542
47543
47544
47545
47546
47547
47548
47549
47550
47551
47552
47553
47554
47555
47556
47557
47558
47559
47560
47561
47562
47563
47564
47565
47566
47567
47569
47570
47572
47573
47575
47576
47577
47578
47579
47580
47581
47582
47583
47584
47585
47586
47587
47588
47589
47590
47591
47592
47593
47594
47595
47596
47597
47598
47600
47601
47603
47604
47605
47607
47608
47609
47610
47611
47613
47614
47615
47617
47618
47620
47621
47622
47623
47624
47625
47626
47627
47628
47629
47630
47631
50668
50669
50670
50671
50672
50673
50674
50675
50676
50677
50678
50679
50680
50681
50682
50683
50684
50685
50686
50687
50688
50689
50690
50691
50692
50693
50694
50695
50696
50697
50698
50699
50700
50701
50702
50703
50704
50705
50706
50707
50708
50709
50710
50711
50712
50713
50714
50715
50716
50717
50718
50719
50720
50721
50722
50723
50724
50725
50726
50727
50728
50729
50730
50731
50732
50733
50734
50735
50736
50737
50738
50739
50740
50741
50742
50743
50744
50745
50746
50747
50748
50749
50750
50751
50752
50753
50754
50755
50756
50757
50758
50759
50760
50761
50762
50763
50764
50765
50766
50767
50768
50769
50770
50771
50772
50773
50774
50775
50776
50777
50778
50779
50780
50781
50782
50783
50784
50785
50786
50787
50788
50789
50790
50791
50792
50793
50794
50795
50796
50797
50798
50799
50800
50801
50802
50803
50804
50805
50806
50807
50808
50809
50810
50811
50812
50813
50814
50815
50816
50817
50818
50819
50820
50821
50822
50823
50824
50825
50826
50827
50828
50829
50830
50831
50832
50833
50834
50835
50836
50837
50838
50839
50840
50841
50842
50843
51042
51043
51044
51045
51046
51047
51048
51049
51050
51051
51052
51053
51054
51055
51056
51057
51058
51059
51060
51061
51062
51063
51064
51065
51066
51067
51068
51069
51070
51071
51072
51073
51074
51075
51076
51077
51078
51079
51080
51081
51082
51083
51084
51085
51086
51087
51088
51089
51090
51091
51092
51093
51094
51095
51096
51097
51098
51099
51100
51124
51125
51126
51127
51128
51129
51130
51131
51132
51133
51134
51135
51136
51137
51138
51139
51140
51141
51142
51143
51144
51145
51146
51147
51148
51149
51150
51151
51152
51153
51154
51155
51156
53482
53483
53484
53485
53486
53487
53488
53489
53490
53491
53492
53493
53494
53495
53496
53497
53498
53499
53500
53501
53502
53503
53504
53505
53506
53508
53509
53510
53511
53512
53513
53514
53515
53516
53518
53519
53521
53522
53523
53524
53525
53526
53527
53528
53529
53530
53531
53532
53533
53534
53535
53536
53537
53538
53539
53540
53541
53544
53545
53546
53547
53549
53550
53551
53553
53558
53691
53693
53696
53697
54472
54473
54474
54475
54476
54477
54478
54479
54480
54481
54482
54483
54484
54485
54486
54487
54488
54489
54490
54491
54492
54493
54494
54495
54496
54497
54504
54505
54506
54507
54508
54509
54510
54511
54512
54513
54514
54515
54516
54517
54518
54519
54520
54521
54522
54523
54524
54525
54526
54527
54528
54529
54530
54531
54532
54533
54534
54535
54536
54537
54538
54539
54540
54541
54542
54543
54544
54545
54546
54552
54553
54554
54555
54556
54557
54558
54559
54560
54561
54562
54563
54569
54570
54572
54573
54574
54575
54576
54577
54578
54579
54580
54581
54587
54588
54589
54590
54591
54592
54593
54594
54595
54596
54597
54598
54599
54600
54601
54602
54603
54604
54605
54606
54607
54608
54609
54610
54611
54612
54613
54614
54622
54623
54625
54626
54627
54628
54630
54631
54632
54636
54637
54638
54642
54643
54644
54645
54646
54647
54648
54649
54650
54651
54652
54657
57610
57611
57612
57613
57614
57615
57616
57617
57618
57619
57620
57621
57622
57623
57624
57625
57626
57627
57628
57629
57630
57631
57632
57633
57634
57635
57636
57637
57638
57639
57640
57641
57642
57643
57644
57645
57646
57647
57648
57649
57650
57651
57652
57653
57654
57655
57656
57657
57658
57659
57660
57661
57662
57663
57664
57665
57666
57667
57668
57669
57670
57671
57672
57673
57674
57675
57676
57677
57678
57679
57680
57681
57682
57683
57684
57685
57686
57687
57688
57689
57690
57691
57692
57693
57694
57695
57696
57697
57698
57699
57700
57701
57702
57703
57704
57705
57706
57707
57708
57709
57710
57711
57712
57713
57714
57715
57716
57717
57718
57719
57720
57721
57722
57723
57724
57725
57726
57727
57728
57729
57730
57731
57732
57733
57734
57735
57736
57737
57738
57739
57740
57741
57742
57743
57744
57745
57746
57747
57748
57749
57750
57751
57752
57753
57754
57755
57756
57757
57758
57759
57760
57761
58961
58962
58963
58964
58965
58966
58967
58968
58969
58970
58971
58972
58973
58974
58975
58976
58977
58978
58979
58980
58981
58982
58983
58984
58985
58986
58987
58988
58989
58990
58991
58992
58993
58994
58995
58996
58997
58998
58999
59000
59001
59002
59003
59004
59005
59006
59007
59086
59087
59088
59089
59090
59091
59092
59093
59094
59095
59096
59097
59098
59099
59100
59101
59102
59103
59104
59105
59106
59107
59108
59109
59110
59111
59112
59113
59114
59115
59116
59117
59118
59120
59121
59122
59123
59124
59125
59126
59128
59129
59130
59132
59133
59134
59135
59136
59137
59138
59139
59140
59141
59142
59143
59144
59145
59146
59147
59148
59149
59150
59151
59866
59867
59868
59869
59870
59871
59872
59873
59874
59875
59876
59877
59878
59879
59880
59881
59882
59883
59884
59885
59886
59887
59888
59889
59890
59891
59892
59893
59894
59895
59896
59897
59898
59899
59900
59901
59902
59903
59904
59905
59906
59907
59908
59909
59910
59911
59912
59913
59914
59915
59916
59917
59918
59919
59920
59921
59922
59923
59924
59925
59926
59927
59928
59929
59930
59931
59932
59933
59934
59935
59936
59937
59938
59939
59940
59941
59962
59963
59964
59965
59966
59967
59968
59969
59970
59971
59972
59973
59974
59975
59976
59977
61204
61205
61207
61208
61209
61210
61211
61212
61213
61215
61217
61218
61219
61220
61221
61222
61855
61856
61858
61859
61860
61861
61863
61865
61866
61867
61868
61869
61870
61871
61872
61873
61874
61875
61876
61877
61878
61880
61881
61882
61884
61886
61887
61888
61889
61890
61891
61892
61893
61894
61895
62070
62071
62072
62073
62074
62075
62076
62077
62078
62079
62080
62081
62082
62083
62084
62085
62579
62580
62581
62582
62583
62584
62585
62586
62587
62588
62589
62590
62591
62592
62593
62594
62595
62596
62597
62598
62599
64725
64726
64727
64728
64729
64730
64731
64732
64733
64734
64735
64736
64737
64738
64739
64740
64741
64742
64743
64744
64745
64746
64747
64748
64749
64750
64751
64752
64753
64754
64755
64756
64757
64758
67100
67101
67102
67103
67104
67105
67106
67107
67108
67109
67110
67111
67112
67113
67114
67115
67116
67117
67118
67119
67120
67121
67122
67123
67124
67125
67126
67127
67128
67129
67130
67131
67132
67133
67134
67135
67136
67137
67138
67139
67598
67599
67600
67601
67602
67603
67604
67605
67606
67607
67608
67609
67610
67611
67612
67613
67614
67615
67616
67617
67618
67619
67620
67621
67622
67623
67624
67625
67626
67627
67628
67629
67630
67631
67632
67633
67634
67635
67636
67637
67638
67639
67640
67641
67642
67643
68483
68484
68485
68486
68487
68488
68489
68490
68491
68492
68493
68494
68495
68496
68497
68498
68499
68500
68501
68502
68503
68504
68505
68506
68507
68508
68509
68510
68511
68512
68513
68514
68515
68516
68517
68518
68519
68520
68521
68522
68523
68524
68525
68526
68527
68528
68529
68530
68531
68532
68533
68534
68535
68621
68622
68623
68624
68625
68626
68627
68628
68629
68630
68631
68632
68633
68634
68635
68636
68637
68638
68639
68640
68641
68642
68643
68644
68645
68646
68647
68648
68649
68650
68651
68652
68653
68654
68655
68656
68657
68658
68659
68660
68661
68662
68663
68664
68665
68666
69543
69544
69545
69546
69547
69548
69549
69550
69551
69552
69553
69554
69555
69556
69557
70236
70237
70238
70239
70240
70241
70242
70243
70244
70245
70246
70247
70248
70249
70250
70251
70252
70253
70254
70255
70256
70257
70258
70259
70260
70261
70262
70263
70264
70265
70266
70302
70303
70304
70305
70306
70307
70308
70309
70310
70311
70312
70313
70314
70315
70316
70317
70318
70319
70320
70321
70322
70323
70324
70325
70326
70327
70328
70329
70330
70331
70332
70333
70334
70335
70336
70337
70338
70339
70340
70341
70342
70343
70344
70345
70346
70347
71059
71060
71061
71062
71063
71064
71065
71066
71067
71068
71069
71070
71071
71072
71073
71074
71075
71076
71077
71078
71079
71080
71081
71082
71083
71084
71085
71086
71087
71088
71089
71090
71091
71092
71093
71094
71095
71096
71097
71098
71099
71100
71101
71102
71103
71104
71105
71106
71107
71108
71109
71110
71111
71112
71113
71114
71115
71116
71117
89224
89225
89226
89227
89228
89229
89230
89231
89232
109488
109489
109490
109491
109492
109493
109494
109495
109496
109497
109498
109499
109500
109501
109502
109503
109504
109505
109506
109507
109508
109509
109510
109511
109512
109513
109514
109515
109516
109517
109518
109519
109520
109521
109522
109523
109524
109525
109526
109527
109528
109529
109530
109531
109532
109533
109534
109535
109536
109537
109538
109539
109540
109541
109712
109713
109714
109715
109716
109717
109718
109719
109720
109721
109722
109723
109724
109725
110426
110427
110428
110429
110430
110431
110432
110433
110434
110435
110436
110437
110438
110439
110440
110441
110442
110443
110444
110445
110446
110447
110448
110449
110450
110451
110452
110453
110454
110455
110456
110457
110458
110459
110460
110461
110462
110463
110464
110465
110466
110467
110468
110469
110470
110471
110472
110473
110474
110513
110514
110515
110516
110517
110518
110519
110520
110521
110522
110523
110524
110525
110526
110527
110528
110529
110530
110852
110853
110854
110855
110856
110857
110858
110859
110860
110861
110862
110863
110864
110865
111318
111319
111320
111321
111322
111323
111324
111325
111326
111327
111328
111329
111330
111331
111332
111333
111334
111335
111336
111337
111338
111339
111742
111743
111744
111745
111746
111747
111748
111749
111750
111751
111752
111753
111754
111755
111756
111757
111758
111759
111760
111761
111762
111763
111764
111765
111766
111767
111768
111769
111770
111771
111772
111773
111774
111775
111776
111777
111778
111779
111780
111781
111782
111783
111784
111785
111786
111787
111788
111789
111790
111791
111792
111793
111794
111795
111796
111797
111798
111799
111800
111801
111802
111803
111804
111805
111806
111807
111808
111809
111810
111811
111812
111813
111814
111815
111816
111817
111818
111819
111820
111821
111822
111823
111824
111825
111826
111827
111828
111829
111830
111831
111832
111833
111834
111835
111836
112685
112686
112687
112688
112689
112690
112691
112692
112693
112694
112695
112696
112697
112698
112699
112700
112701
112702
112703
112704
112705
112706
112707
112708
112709
112710
112711
112712
112713
112714
112715
112716
112717
112718
112719
112720
112721
112722
112723
112724
112725
112726
112727
112728
112729
112730
112731
112732
112733
112734
112735
112736
112737
112738
112739
112740
112741
112742
112743
112744
112745
112746
112747
112748
112749
112750
112751
112752
112753
112754
112755
112756
112757
112758
112759
112760
112761
112762
112763
112764
112765
112766
112767
112768
112769
112770
112771
112772
112773
112774
112775
112776
112777
112778
112779
112780
112781
112782
112783
112784
112785
112786
112833
112834
112835
112836
112837
112838
112839
112840
112841
112842
112843
112844
112845
112846
112847
112848
112849
112850
112851
112852
112853
112854
112855
112856
112857
112858
112859
112860
112861
112862
113331
113332
113333
113334
113335
113336
113337
113338
113615
113616
113617
113618
113619
113620
113621
113622
113623
113624
113625
113626
113627
113628
113629
113630
113631
113632
113633
113634
113635
113636
113637
113638
113639
113640
113641
113642
113643
113644
113645
113646
113647
113648
113649
113650
113651
113652
113653
113654
113655
113656
113657
113658
113659
113660
113661
113662
113663
113664
113665
113666
113667
113668
113669
113670
113671
113672
113673
113674
113675
113676
113677
113678
113679
113680
113681
113682
113683
113684
113685
113686
113687
113688
113689
113690
113691
113692
113693
113694
113695
113696
113697
113698
113699
113700
113701
113702
113703
113704
113705
113706
113707
113708
113709
113710
113711
113712
113713
113786
113787
113788
113789
113790
113791
113792
113793
113794
113795
113796
113797
113798
113799
113800
113801
113802
113803
113804
113805
113806
113807
113808
113809
113810
114779
114780
114781
114782
114783
114784
114785
114786
114787
114788
114789
114790
114791
114792
114793
114794
114795
114796
114797
114798
114799
114800
114801
114802
114803
114804
114805
114868
114869
114870
114871
114872
114873
114874
114875
114876
114877
114878
114879
114880
114881
114882
114883
114884
114885
114886
114887
114888
114889
114890
114891
114892
114893
114894
114895
114896
114897
114898
114899
114900
114901
114902
114903
114904
114905
114906
114907
114908
114909
114910
114911
114912
114913
114914
114915
114916
114917
114918
114919
114920
114921
114922
114923
114924
114925
116457
116458
116459
116460
116461
116462
116463
116464
116465
116466
116467
116468
116469
116470
116471
116472
116473
116474
116475
116476
116477
116478
116479
116480
116481
116482
116483
116484
116485
116486
116487
116488
116489
116490
116491
116492
116493
116494
116495
116496
116497
116498
116499
116500
116501
116502
116503
116504
116505
116506
116507
116508
116509
116510
116511
117311
117312
117313
117314
117315
117316
117317
117318
117319
117320
117321
117322
117323
117324
117325
117326
117327
117328
117333
117334
117335
117336
117337
117338
117339
117340
117341
117342
117343
117344
117345
117346
117347
117348
117349
117350
117351
117352
117353
117354
117355
117356
117357
117358
117359
117360
117361
117362
117363
117364
117365
117366
117367
117368
117369
117370
117371
117372
117373
117374
117375
117376
117377
117378
117379
117380
117381
117382
117383
117384
117385
117811
117812
117813
117814
117815
117816
117817
117818
117819
117820
117821
117822
117823
117824
117825
117826
117827
117828
117829
117830
117831
117832
117833
117834
117835
119278
119279
119280
119281
119282
119283
119284
119285
119286
119287
119288
119289
119290
119291
119292
119293
119294
119295
119296
119297
119298
119299
119300
119301
119302
119303
119304
119305
119306
119307
119308
119309
119310
120089
120090
120091
120092
120093
120094
120095
120096
120097
120098
120099
120100
120101
120102
120103
120104
120105
120106
120107
120108
120109
120110
120111
120112
120113
120114
120115
120116
120117
120118
120119
120120
120121
120122
120123
120124
120125
120126
120127
120128
120129
120130
120131
120132
120133
120134
120135
120136
120137
120138
120139
120140
120141
120142
120804
120805
120806
120807
120808
120809
120810
120811
120828
120829
120830
120831
120832
120833
120834
120835
120836
120837
120838
120839
120840
120841
120842
120843
120844
120845
121530
121531
121532
121533
121534
121535
121536
121537
121538
121539
121540
121541
121542
121543
121544
121545
121546
121547
121548
121549
121550
121551
121552
121553
121554
121555
121556
121557
121558
121559
121560
121561
121562
121563
121564
121565
121566
121567
121568
121569
121570
121571
121572
121573
121574
121575
121576
121577
121578
121579
121580
121581
121582
121583
121584
121585
121586
121587
121588
121589
121590
121591
121592
121593
121594
121595
121596
121597
121598
121599
121600
121601
121602
121603
121604
121605
121606
121607
121608
121609
121610
121611
121612
121613
121614
121615
121616
121617
121618
121619
121620
121621
121622
121623
121624
121625
121626
121627
121628
121629
121630
121631
121632
121633
121634
121635
121636
121637
122431
122432
122433
122434
122435
122436
122437
122438
122439
122440
122441
122442
122443
122444
122445
122446
122447
122448
122449
122450
122451
122452
122453
122454
122455
122456
122457
122458
122459
122460
122461
122462
122463
122464
122465
122466
122467
122468
122469
122470
122471
122472
122473
122474
122475
122476
122477
122478
122479
122480
122481
122525
122526
122527
122528
122529
122530
122531
122532
122533
122534
122535
122536
122537
122538
122539
122540
122541
122542
122543
122544
122545
122546
122547
122548
122549
122550
122551
122552
122553
122554
122555
122556
122557
122558
122559
122560
122561
122562
122563
122564
122565
122566
122567
122568
122569
122570
122571
122572
122573
122574
122575
122576
122577
122578
122579
122580
122581
125287
125288
125289
125290
125291
125292
125293
125294
125295
125296
126191
126192
126193
126194
126195
126196
126197
126198
126199
126200
128790
128791
128792
128793
128794
128795
128796
128797
128798
128799
128800
128815
128816
128817
128826
128827
128828
128829
128830
128831
128832
128833
128937
128938
128939
128940
128941
128942
128943
128944
128945
128946
128947
128948
128949
128950
128951
128952
128953
128954
128955
128956
128957
128958
128959
128960
128961
128962
128963
128964
128965
128966
128967
128968
128969
128970
128971
128972
128973
128974
128975
128976
128977
128978
128979
128980
128981
128982
128983
128984
128985
128986
128987
128988
128989
128990
128991
128992
128993
128994
128995
128996
128997
128998
128999
129000
129001
129002
129003
129004
129005
129006
129007
129008
129009
129010
129011
129012
129013
129014
129015
129016
129017
129018
129019
129020
129021
129022
129023
129024
129025
129026
129027
129028
129029
129030
129031
129032
129033
129034
129035
129036
129037
129038
129039
129040
129041
129042
129043
129044
129045
129046
129047
129048
129049
129050
129051
129052
129053
129054
129055
129056
129057
129058
129059
129060
129061
129062
129063
129064
129065
129066
129067
129068
129069
129070
129071
129072
129073
129074
129075
129076
129077
129078
129079
129080
129081
129082
129083
129084
129085
129086
129087
129088
129089
129090
129091
129092
129093
129094
129095
129096
129097
129098
129099
129100
129101
129102
129103
129104
129105
129106
129107
129108
129109
129110
129111
129112
129113
129114
129115
129116
129117
129118
129119
129120
129121
129122
129123
129124
129125
129126
129127
129128
129129
129130
129131
129132
129133
129134
129135
129136
129137
129138
129139
129140
129141
129142
129143
129144
129145
129146
129147
129148
129149
129150
129151
129152
129153
129154
129155
129156
129157
129158
129159
129160
129161
129162
129163
129164
129165
129166
129167
129168
129169
129170
129171
129172
129173
129174
129175
129176
129177
129178
129179
129180
129181
129210
129211
129212
129213
129214
129215
129216
129217
129218
129219
129220
129221
129222
129223
129224
129225
129226
129227
129228
129229
129230
129231
129232
129233
129234
129235
129236
129237
129238
129239
129240
129241
129242
129243
129244
129245
129246
129247
129248
129249
129250
129251
129252
129253
129254
129255
129256
129257
129258
129259
129260
129261
129262
129263
129264
129265
129266
129267
129268
129269
129270
129271
129272
129273
129274
129275
129276
129277
129278
129279
129280
129281
129282
129283
129284
129285
129286
129287
129288
129289
129290
129291
129292
129293
129294
129295
129296
129297
129298
129299
129300
129301
129302
129303
129304
129305
129306
129307
129308
129309
129310
129311
129312
129313
129314
129315
129316
129317
129318
129319
129320
129321
129322
129323
129324
129325
129326
129327
129328
129329
129330
129331
129332
129333
129334
129335
129336
129337
129338
129339
129340
129342
129343
129344
129345
129347
129348
129349
129351
129352
129353
129354
129355
129356
129357
129358
129359
129360
129361
129362
129363
129365
129366
129368
129370
129371
129372
129373
129374
129375
129446
129447
129448
129449
129450
129451
129452
129453
129454
129455
129456
129457
129458
129459
129460
129461
129462
129463
129464
129465
130988
130993
131498
131499
131500
131501
131502
131503
131504
131505
131506
131507
131508
131509
131510
131511
131512
131513
131514
131515
131516
131517
131518
131519
131520
131521
131522
131523
131524
132136
132137
132138
132139
132140
132141
132142
132143
132144
132145
132146
132161
132162
132163
132164
132165
132166
132191
132192
132193
132194
132195
132196
132197
132198
132199
132200
132201
132202
132203
132204
132205
132206
132207
132208
132209
132210
132211
132212
132213
132214
132218
132219
132220
132227
132228
132229
132230
132231
132232
132239
132240
132241
132242
132243
132244
132245
132246
132247
132251
132252
132253
132254
132255
132256
132257
132258
132267
132268
132269
132270
132271
132272
132616
132617
132618
132619
132620
132621
132622
132623
132632
132633
132634
132635
132640
132641
132642
132643
132644
132645
132646
132647
132648
132649
132650
132662
132663
132664
132668
132669
132670
132671
132672
132673
132674
132675
132684
132685
132686
132687
132688
132689
132690
132691
132706
132707
132708
132709
132710
132711
132712
132713
132714
132715
132716
132717
132718
132719
132720
132721
132722
132723
132724
132725
132726
132727
132728
132729
132730
132731
132732
132733
132734
132735
132736
132737
132738
132739
132740
132741
132742
132743
132744
132745
132746
132747
132748
132749
132750
132751
132752
132753
132754
132755
132756
132757
132758
132759
132760
132761
132762
132763
132764
132765
132766
132767
132768
132769
132770
132771
132772
132773
132774
132775
132776
132777
132778
132779
132780
132781
132782
132783
132784
132785
132786
132787
132788
132789
132790
132791
132792
132793
132794
132795
132796
132797
132798
132799
132800
132801
132802
132803
132804
132805
132806
132807
132808
132809
132810
132811
132812
132813
132814
132815
132816
132817
132818
132819
132820
132821
132822
132823
133723
133724
133725
133726
133727
133728
133729
133730
133731
133732
133733
133734
133735
133736
133737
133738
133739
133740
133741
133742
133743
133744
133745
133746
133747
133748
133749
133750
133751
133752
133753
133754
133755
133756
133757
133758
133759
133760
133761
133762
133763
133764
133765
133766
133767
133768
133769
133770
133771
133772
133773
133774
133775
133776
133777
133778
133779
133780
133781
133782
133783
133784
133785
133786
133787
133788
133789
133790
133791
133792
133793
133794
133795
133796
133797
133798
133799
133800
133801
133802
133803
133804
133805
133806
133807
133808
133809
133810
133811
133812
133813
133814
133815
133816
133817
133818
133819
133820
133821
133822
133823
133824
133825
133826
133827
133828
133829
133830
133831
133834
133835
133837
133841
133842
133843
133844
133845
133846
133847
133848
133849
133850
133851
133852
133853
133854
133855
133888
133889
133890
133891
133892
133893
133894
133895
133896
133897
133898
133899
133900
133901
133902
133903
133904
133905
133906
133907
133908
133909
133910
133911
133912
133913
134798
134799
134808
134809
134810
134811
134812
134813
134814
134815
134820
134821
134822
134823
134845
134846
134847
134848
134849
134850
134851
134852
134853
134854
134855
134856
134857
134858
134859
134860
134861
134862
134863
134864
134865
134868
134869
134876
134877
134878
134879
134880
134881
134886
134887
134888
134889
134908
134909
134910
134911
134912
134913
134914
134915
134916
134917
134918
134919
134920
134921
134922
134923
134924
134925
134926
134927
134930
134931
134932
134936
135432
135433
135434
135438
135439
135440
135441
135442
135443
135450
135451
135452
135453
135454
135455
135462
135463
135464
135468
135469
135470
135471
135472
135473
135480
135481
135482
135483
135484
135485
135659
135660
135663
135664
135665
135666
135667
135668
135669
135670
135679
135680
135681
135682
135687
135688
135691
135692
135693
135694
135695
135696
135703
135704
135705
135706
136637
136638
136639
136640
136641
136642
136643
136644
136645
136646
136647
136648
136649
136650
136651
136652
136653
136654
136655
136656
137013
137014
137015
137016
137017
137018
137019
137020
137021
137022
137023
137024
137025
137026
137027
137028
137029
137030
137031
137032
137033
137034
137035
137036
137037
137038
137039
137040
137041
137042
137043
137044
137045
137046
137047
137048
137049
137050
137051
137052
137053
137054
137055
137056
137057
137058
137059
137060
137061
137062
137063
137064
137065
137066
137067
137068
137069
137070
137071
137072
137073
137074
137075
137076
137077
137078
137079
137080
137081
137082
137083
137084
137085
137086
137087
137088
137089
137090
137091
137092
137093
137094
137095
137096
137097
137098
137099
137100
137101
137102
137103
137104
137105
137106
137107
137108
137109
137110
137111
137112
137113
137114
137115
137116
137117
137118
137119
137120
137121
137122
137123
137124
137125
137126
137127
137128
137129
137201
137202
137203
137204
137205
137206
137207
137208
137209
137210
137211
137212
137213
137215
137216
137218
137220
137221
137223
137224
137226
137228
137229
137230
137231
137232
137259
137260
137261
137262
137263
137264
137265
137266
137267
137268
137269
137270
137271
137272
137273
137274
137275
137276
137277
137278
137279
137280
137281
137282
137283
137284
137285
137286
137287
137288
137289
137290
137291
137292
137293
137294
137295
137296
137297
137298
137299
137300
137301
137302
137303
137304
139242
139243
139244
139245
139246
139247
139248
139249
139250
139251
139252
139253
139254
139255
139256
139257
139258
139259
139260
139261
139262
139299
139300
139301
139302
139303
139304
139305
139306
139307
139308
139309
139310
139311
139312
139313
139347
139348
139349
139350
139351
139352
139353
139354
139355
139356
139357
139358
139359
139360
139361
139362
139363
139364
139365
139366
139367
139368
139369
139370
139371
139372
139373
139374
139375
139376
139377
139378
139379
139392
139393
139394
139395
139396
139397
139398
139399
139400
139401
139402
139403
139423
139424
139425
139426
139427
139428
139429
139430
139431
139432
139433
139434
139435
139436
139437
139642
139643
139644
139645
139646
139647
139648
139649
139650
139651
139652
139653
139654
139655
139656
139657
139658
139659
139660
139661
139662
139663
139664
139665
139666
139667
139668
139669
139670
139671
139672
139673
139674
139675
139676
139677
139678
139679
139680
139681
139682
139683
139684
139685
139686
139687
139688
139689
139690
139691
139692
139693
139694
139695
139696
139697
139698
139699
139700
139701
139702
139703
139704
139705
139706
139707
139708
139709
139710
139711
139712
139713
140306
140307
140308
140309
140310
140311
140312
140313
140314
140315
140316
140317
140318
140319
140320
140321
140322
140323
140342
140343
140344
140345
140346
140347
140348
140349
140350
140351
140352
140353
140354
140355
140356
140372
140373
140374
140375
140376
140377
140378
140379
140380
140381
140382
140383
140384
140385
140386
140387
140388
140389
140408
140409
140410
140411
140412
140413
140414
140415
140416
140417
140418
140419
141167
141170
141173
141177
141178
141179
141188
141190
141193
141195
141196
141197
141198
141199
141200
141201
141202
141203
141210
141211
141212
141213
141214
141215
141228
141234
141235
141236
141240
141241
141242
141270
141271
141272
141273
141274
141275
141398
141414
141415
141416
141429
141430
141710
141716
141719
141739
141740
141754
141783
141784
141785
141787
141788
141826
141827
141828
141829
141830
141852
141863
141864
141865
141894
141895
141896
141897
141899
141918
141919
141920
141996
141997
141998
141999
142000
142001
142002
142003
142033
142034
142048
142049
142050
142051
142052
142053
142192
142193
142194
142228
142229
142230
142293
142294
142295
142296
142297
142298
142302
142303
142304
142386
142387
142388
142389
142390
142391
142392
142393
142394
142395
142396
142397
142444
142445
142446
142470
142471
142472
142473
142474
142475
142476
142477
142478
142545
142546
142547
142548
142549
142550
142551
142552
142553
142554
142555
142556
142586
142587
142588
142704
142705
142706
142707
142708
142709
142710
142711
142712
142713
142714
142715
142738
142739
142740
142741
142742
142743
142758
142759
142760
142761
142762
142763
142857
142858
142859
143255
143256
143257
143258
143283
143284
143285
143312
143313
143314
143315
143316
143317
143354
143355
143356
143423
143424
143502
143503
143504
143505
143506
143507
143508
143509
143510
143511
143512
143513
143514
143515
143516
143517
143518
143519
143520
143521
143522
143523
143529
143530
143531
143532
143533
143534
143535
143536
143537
143538
143539
143540
143547
143548
143549
143550
143551
143552
143663
143664
143665
143718
143719
143720
143723
143724
143725
143726
143727
143779
143780
143781
143785
143786
143787
144427
144428
144429
144447
144510
144511
144512
144513
144514
144518
144519
144548
144601
144602
144603
144604
144651
144652
144653
144654
144655
144656
144657
144658
144659
144755
144756
144757
144758
144759
144760
144761
144762
144763
144764
144765
144770
144771
144772
144773
144828
144860
144861
144862
144863
144864
144865
144866
144867
144868
144876
144877
144996
144997
144998
145006
145007
145008
145009
145010
145011
145184
145185
145186
145187
145188
145189
145190
145191
145192
145193
145194
145195
145196
145197
145198
145199
145200
145201
145359
145360
145361
145362
145363
145364
145367
145368
145369
145370
145371
145372
145373
145374
145375
145376
145377
145378
145379
145380
145381
145382
145383
145384
145495
145496
145664
145665
145666
145762
145763
145764
145765
145766
145767
145872
145875
145876
145877
145959
145960
145961
145962
145963
145964
145965
145966
145967
145968
145969
145970
145971
145972
145973
145974
145975
145976
146087
146088
146089
146090
146091
146092
146093
146094
146095
146102
146103
146104
146105
146106
146107
146108
146109
146110
146510
146511
146629
146630
146972
146975
146977
147011
147012
147013
147014
147015
147016
147017
147018
147019
147020
147021
147022
147023
147024
147025
147026
147027
147028
147029
147030
147031
147032
147033
147034
147035
147036
147037
147038
147039
147040
147041
147042
147043
147044
147045
147046
147047
147048
147059
147060
147061
147062
147063
147064
147065
147066
147067
147068
147069
147070
147071
147072
147073
147074
147075
147076
147077
147078
147087
147088
147089
147090
147377
147379
147380
147481
147482
147483
147570
147571
147574
147578
147579
147580
147582
147584
147586
147587
147589
147591
147674
147676
147678
147680
147682
147684
147689
147690
147691
147692
147693
147694
147695
147696
147697
147698
147699
147700
147701
147702
147703
147704
147705
147706
147707
147849
147850
147851
147852
147853
147854
147855
147856
147857
147858
147859
147860
147861
147862
147863
147864
147865
147866
147867
147868
147869
147870
147871
147872
147877
147878
147879
147880
148024
148026
148028
148032
148033
148034
148036
148038
148040
148044
148045
148046
148047
148049
148051
148139
148141
148143
148145
148147
148149
148185
148187
148189
148191
148193
148195
148454
148455
148456
148457
148553
148554
148555
148556
148557
148558
148559
148560
148561
148562
148563
148564
148565
148566
148567
148568
148569
148570
148587
148588
148589
148590
148595
148596
148597
148598
148599
148600
148601
148602
148976
148977
148978
148985
148986
148987
148994
148995
148996
148997
148998
148999
149003
149004
149005
149011
149012
149013
149060
149061
149062
149063
149064
149065
149066
149067
149068
149069
149070
149071
149183
149184
149185
149189
149190
149191
149195
149196
149197
149201
149202
149203
-3537
-5861
-5863
5865
5886
-5897
-5898
-16882
-16884
16895
16909
-16914
-38991
-38999
-39005
-39009
-43493
-43494
43512
43515
-43562
-43563
43581
43582
-51104
-51111
-51118
-51119
-54564
-54565
54571
54582
-54618
-54619
54624
54629
-54633
-54655
-68603
-68609
-68613
-68620
-109698
-109704
-109709
-113316
-113319
-113321
-120814
-120817
-120819
-120852
-120854
-120855
129341
129346
129350
129364
129367
129369
-129380
-129385
-129389
-129410
-129412
-129413
137214
137217
137219
137222
137225
137227
439
581
1232
2063
2073
2122
2135
2136
2155
2156
2167
2168
4962
-5002
-5110
-5112
-6828
-7441
-9078
-9079
-9084
-9085
9158
9160
9167
9179
14917
14918
14921
14968
14986
-15009
15010
15017
-15030
15055
15110
15117
-15130
15151
15160
15166
-15177
15190
-15301
-15311
15324
-16859
-16860
16874
-16892
-16893
-16908
-16918
20343
20347
20348
20352
20355
20357
20359
-20364
-20372
-20378
-20381
-20441
-20445
-20452
-20455
-20539
-20546
-20550
-20552
-23212
23218
-23220
23224
23227
23228
23229
-25971
-25977
-25983
-25985
-26027
-26033
-26039
-26041
-26108
-26114
-26119
-26120
-26143
-26149
-26152
-26153
36399
36403
36431
36432
36476
36479
36548
36549
36577
36578
36606
36607
36632
42026
42035
42036
42039
-42044
-42048
-42056
-42059
-42074
-42086
-42088
42106
42118
42120
42124
-42130
-42133
-42140
-42141
44401
44405
44407
44408
-45503
-45505
-45526
-45527
-47891
-47893
-47914
-47915
53542
53543
53548
53552
53554
53555
53556
53557
-54498
-54499
-54547
-54548
-54583
-54584
-54615
-54616
-54639
-54653
-59945
-59955
-59957
-59959
-65562
-65568
-65572
-65574
-70292
-70296
-70299
-70301
-110840
-110845
-110849
-113325
-113328
-113330
-120822
-120825
-120827
-120847
-120849
-120850
-133392
-133407
-133409
133832
133833
133836
133838
133839
133840
-133859
-133863
-133866
-133881
-133884
-133886
-139631
-139634
-139636
-139638
-139640
-139641
-4803
-4809
-4810
-4811
-4832
-4843
-4848
-4852
-4857
-4858
-4879
-4885
5042
-5130
-5131
-5132
-14669
-14673
-14688
-14699
-14712
-14723
-14750
-14757
-14763
-14789
-14797
-14815
15118
-15309
15319
-15327
-15330
-15338
-15339
-15346
-15347
-15356
-15357
-15362
26089
36456
36465
-36489
-36495
-36511
41931
41934
41937
41971
41977
41979
41988
41996
42001
47520
47524
47528
47568
47571
47574
47599
47602
47606
47612
47616
47619
53507
53517
53520
53692
-53694
53698
-53700
53702
59119
59127
59131
61206
61214
61216
61857
61862
61864
61879
61883
61885
-89205
-89211
-89214
-182
-2101
-2188
36472
36478
-36502
-36508
36633
-62603
-62607
-62618
-62625
)


// ************************************************************************* //
