/*--------------------------------*- C++ -*----------------------------------*\
  =========                 |
  \\      /  F ield         | OpenFOAM: The Open Source CFD Toolbox
   \\    /   O peration     | Website:  https://openfoam.org
    \\  /    A nd           | Version:  8
     \\/     M anipulation  |
\*---------------------------------------------------------------------------*/
/*   Windows 32 and 64 bit porting by blueCAPE: http://www.bluecape.com.pt   *\
|  Based on Windows porting (2.0.x v4) by Symscape: http://www.symscape.com   |
\*---------------------------------------------------------------------------*/
FoamFile
{
    version     2.0;
    format      ascii;
    class       cellSet;
    location    "constant/air/polyMesh/sets";
    object      vegetation;
}
// * * * * * * * * * * * * * * * * * * * * * * * * * * * * * * * * * * * * * //


1137
(
4096 
4097 
4098 
4099 
2051 
4100 
4101 
4102 
2054 
4103 
4104 
4105 
2057 
4106 
4107 
4108 
4109 
4110 
2062 
4111 
4112 
4113 
2065 
4114 
4115 
4116 
2068 
4117 
2069 
4118 
4119 
4120 
4121 
4122 
4123 
4124 
2082 
4132 
4133 
4134 
4135 
4136 
4137 
4138 
2100 
2104 
4153 
4154 
4155 
2107 
4156 
4157 
4158 
2110 
4159 
4160 
4161 
4162 
4163 
4164 
4165 
4166 
4173 
2162 
2164 
4217 
121 
4218 
4219 
123 
4220 
4221 
4222 
2176 
128 
2179 
2181 
4239 
4240 
4241 
4242 
148 
4262 
4287 
4298 
2250 
4300 
4301 
4302 
4303 
4304 
4305 
4306 
2261 
2262 
2263 
2265 
2266 
2267 
2268 
2269 
2270 
2271 
2272 
4321 
2273 
4322 
2274 
4323 
2275 
4324 
2276 
228 
4325 
2277 
4326 
2278 
4327 
2279 
4328 
2280 
4329 
2281 
4330 
2282 
4331 
2283 
235 
4332 
2284 
4333 
2285 
4334 
2286 
238 
2287 
2288 
2289 
2290 
4339 
2291 
243 
2292 
2293 
2294 
2295 
2296 
2297 
2298 
2299 
2300 
2301 
2302 
2303 
2306 
2307 
2308 
2309 
2319 
2322 
2332 
2333 
2334 
2335 
2336 
4391 
2345 
2346 
4395 
2347 
4396 
4397 
2349 
2350 
2351 
2352 
2353 
2354 
2356 
2357 
2358 
2359 
2360 
2361 
2362 
2363 
2364 
2365 
2366 
2367 
2368 
2370 
2371 
4420 
2372 
2373 
4422 
2374 
4423 
2375 
4424 
2376 
2377 
2378 
2379 
2380 
2381 
2382 
2383 
2384 
4433 
2385 
4434 
2386 
4435 
2387 
4436 
4437 
4438 
4439 
2392 
2395 
2403 
2404 
2405 
2406 
4455 
4456 
4457 
4458 
4459 
2416 
2417 
2418 
2419 
2420 
2437 
2440 
2451 
2453 
2454 
2455 
4532 
4534 
4536 
4548 
4556 
2514 
471 
476 
483 
4581 
2542 
4594 
2547 
4598 
4599 
4616 
4618 
2570 
4619 
2571 
4620 
2572 
2573 
2575 
532 
4630 
4632 
4633 
538 
539 
2589 
2593 
553 
2628 
2655 
2656 
2659 
2661 
613 
2674 
2675 
2676 
2677 
2678 
2679 
2680 
2681 
2682 
2683 
2684 
2685 
2686 
2687 
2688 
2689 
2690 
2691 
2692 
2693 
2694 
2695 
2696 
2697 
2698 
2699 
2700 
2701 
2702 
2703 
2704 
2705 
2706 
2707 
2708 
2709 
2710 
2711 
2712 
2713 
2714 
2715 
2716 
2717 
2718 
2719 
2720 
2721 
2722 
2726 
2727 
2739 
2742 
2743 
2744 
2746 
2747 
2748 
2749 
2751 
2752 
2753 
2754 
2755 
2756 
2757 
2763 
2775 
2776 
2786 
2788 
2789 
2791 
2792 
2793 
2794 
2795 
2796 
2797 
2798 
2799 
2803 
2806 
2807 
2808 
2809 
2810 
2811 
2812 
2813 
2814 
2815 
2816 
2818 
2819 
2820 
2821 
2822 
2823 
2824 
2825 
2826 
2827 
2828 
2829 
2830 
2831 
2832 
2833 
2834 
2835 
2836 
2837 
2838 
2839 
2840 
2841 
2842 
2843 
2844 
2845 
2846 
2847 
2848 
2849 
2850 
2851 
2852 
2853 
2854 
2855 
2856 
2860 
812 
2861 
2862 
826 
829 
830 
831 
832 
833 
839 
2892 
844 
845 
846 
847 
851 
853 
880 
2977 
2978 
2979 
2980 
2981 
2982 
2983 
2984 
2987 
2990 
2998 
2999 
3000 
3002 
3003 
3004 
3005 
3006 
3007 
3008 
3009 
3010 
3011 
3041 
3044 
3045 
3047 
3048 
3049 
3050 
3051 
3052 
3053 
3054 
3057 
3058 
3059 
3070 
3071 
3076 
3077 
3078 
3080 
3082 
3083 
3084 
3086 
3087 
3088 
3089 
3090 
3091 
3092 
3093 
3094 
3095 
3096 
3097 
3098 
3099 
3100 
3101 
3102 
3104 
3117 
3118 
3119 
3120 
3121 
3122 
3123 
3132 
3136 
3160 
3163 
3164 
3165 
3188 
3189 
3190 
3191 
3192 
3193 
3223 
3227 
1190 
3243 
3244 
3245 
3246 
3247 
3248 
3249 
1211 
1223 
3272 
3277 
1230 
3279 
3283 
1235 
3284 
1236 
1237 
3286 
1238 
1239 
1241 
3290 
1245 
1246 
1247 
1252 
1253 
1255 
1257 
1258 
1259 
1260 
1261 
1298 
3355 
3356 
3357 
3358 
3359 
3360 
3361 
3362 
3363 
3364 
3365 
3366 
3367 
3368 
3369 
3370 
3371 
3372 
3373 
3374 
3375 
3376 
3377 
3378 
3379 
3380 
3381 
3382 
3383 
3384 
3385 
3386 
3387 
3388 
3389 
3390 
3391 
3392 
3393 
3394 
3395 
3396 
3397 
3404 
3405 
3406 
3407 
3408 
3409 
3410 
3411 
3412 
3413 
3414 
3415 
3416 
3417 
3418 
3419 
3421 
3422 
3423 
3425 
3426 
3427 
3428 
3429 
3430 
3431 
3432 
3433 
3434 
3435 
3436 
3437 
3438 
3439 
3440 
3441 
3442 
3443 
3444 
3445 
3468 
3475 
3476 
3478 
3479 
3489 
3490 
3491 
3492 
3493 
3500 
3502 
3503 
3504 
3505 
3506 
3507 
3508 
3509 
3510 
3511 
3512 
3513 
3514 
3515 
1471 
3523 
3524 
3525 
3527 
3528 
3535 
3537 
3538 
3539 
3540 
3541 
3542 
3543 
3544 
3545 
3546 
3547 
3548 
3549 
3550 
3551 
3552 
3553 
3554 
3555 
3556 
3557 
3558 
1513 
3562 
3564 
3565 
3566 
1518 
3567 
3569 
3570 
3571 
3572 
3573 
3574 
3575 
3576 
3577 
3578 
3579 
3580 
3581 
3582 
3583 
3584 
3585 
3586 
3587 
3588 
3589 
3590 
3591 
3592 
3593 
3594 
3595 
3596 
3597 
3598 
3599 
3600 
3601 
3602 
3603 
3604 
3605 
3606 
3607 
3608 
3609 
3610 
3611 
3612 
3613 
3614 
3615 
3616 
3617 
3618 
3619 
3620 
3621 
3622 
3623 
3624 
3625 
3626 
3627 
3628 
3629 
3630 
3631 
3632 
3633 
3634 
3638 
3640 
3642 
3643 
3644 
3645 
3646 
3647 
3648 
3649 
3650 
3651 
3652 
3653 
3654 
3655 
3663 
3664 
3665 
3666 
3667 
3668 
3669 
3670 
3672 
1625 
1626 
3675 
1627 
1628 
1629 
1630 
1631 
1639 
1640 
1641 
1642 
1643 
1644 
1645 
1654 
1655 
1656 
1657 
1658 
1659 
3741 
3742 
1696 
1698 
3750 
1727 
1728 
1729 
1730 
1731 
1732 
1733 
3782 
3786 
3787 
1741 
1742 
1743 
1744 
1745 
1746 
1747 
3804 
3805 
3807 
1759 
1762 
3811 
1763 
1764 
3813 
1765 
3814 
1766 
1767 
1768 
1770 
1772 
1775 
3824 
3825 
3826 
3827 
3828 
3829 
3830 
3831 
3832 
3833 
3834 
3835 
3836 
3837 
3838 
3839 
3840 
3841 
3842 
3843 
3844 
3845 
3846 
3847 
3848 
3849 
3850 
3851 
3852 
3856 
3859 
3860 
3861 
3862 
3863 
3864 
3865 
3866 
3867 
3868 
3869 
3870 
3871 
3872 
3873 
3874 
3875 
3876 
3877 
3878 
3879 
3880 
3881 
3882 
3883 
3884 
3885 
3886 
3887 
3888 
3890 
3891 
3892 
3893 
3894 
3895 
3896 
3897 
3898 
3899 
3900 
3912 
1866 
1867 
1868 
1869 
1870 
3919 
1871 
1872 
1873 
3922 
3923 
1875 
3924 
1876 
3925 
3926 
1878 
3927 
1879 
1880 
3930 
1885 
3934 
1887 
3937 
1889 
1890 
1892 
3941 
1894 
1895 
3944 
1896 
3945 
3946 
1899 
3948 
1900 
1901 
3950 
1902 
3951 
1903 
3952 
1904 
3953 
1905 
3954 
1906 
3955 
1907 
3956 
1908 
3957 
3958 
1910 
3959 
1911 
3960 
3961 
1913 
3962 
3963 
3964 
3965 
3966 
3967 
3968 
3969 
3970 
3971 
3975 
3978 
3980 
3982 
3983 
3985 
3986 
3987 
3988 
3989 
3990 
3991 
1943 
3993 
3994 
3995 
3997 
3999 
4000 
4001 
4002 
4003 
4004 
4005 
1957 
4006 
4007 
4008 
1960 
4009 
1961 
4010 
4011 
4012 
4013 
4014 
1966 
4015 
1967 
4016 
1968 
4017 
1969 
4018 
1970 
4019 
1971 
4020 
1972 
1973 
4022 
1975 
4024 
1976 
4025 
1977 
1978 
4027 
4028 
1980 
4029 
4030 
4031 
4032 
1984 
4033 
4034 
4036 
1988 
1989 
4038 
1990 
4039 
4041 
1993 
4042 
4043 
1995 
4044 
1996 
4045 
1997 
4046 
4047 
1999 
4048 
4049 
2001 
4050 
2002 
4051 
2003 
4052 
4053 
2005 
4054 
2006 
4055 
4056 
2008 
4057 
2009 
4058 
2010 
4059 
2011 
4060 
2012 
4061 
2013 
4062 
2014 
4064 
2016 
4066 
4067 
2019 
4068 
2020 
4069 
4070 
4071 
4072 
4073 
4074 
2026 
4075 
4076 
4077 
4078 
4079 
4080 
4081 
4082 
4083 
4084 
4085 
4087 
4088 
4089 
4090 
4091 
4092 
4093 
4094 
4095 
)

// ************************************************************************* //
