/*--------------------------------*- C++ -*----------------------------------*\
  =========                 |
  \\      /  F ield         | OpenFOAM: The Open Source CFD Toolbox
   \\    /   O peration     | Website:  https://openfoam.org
    \\  /    A nd           | Version:  8
     \\/     M anipulation  |
\*---------------------------------------------------------------------------*/
/*   Windows 32 and 64 bit porting by blueCAPE: http://www.bluecape.com.pt   *\
|  Based on Windows porting (2.0.x v4) by Symscape: http://www.symscape.com   |
\*---------------------------------------------------------------------------*/
FoamFile
{
    version     2.0;
    format      ascii;
    class       labelList;
    note        "nPoints: 3370 nCells: 2218 nFaces: 7681 nInternalFaces: 6489";
    location    "constant/vegetation/polyMesh";
    object      neighbour;
}
// * * * * * * * * * * * * * * * * * * * * * * * * * * * * * * * * * * * * * //


6489
(
1
2
621
622
625
3
45
46
47
3
628
629
631
52
53
54
8
13
475
476
477
1139
1140
1141
15
66
67
68
9
10
156
158
853
856
857
858
16
634
635
636
11
76
78
745
746
747
748
11
167
169
891
894
895
896
92
791
792
793
794
13
14
1145
1146
1148
16
561
562
565
16
1146
1148
1151
1153
1155
1158
640
641
1152
1153
1155
60
1161
1256
25
44
72
177
178
179
36
45
568
644
645
646
27
152
651
652
653
672
675
677
835
839
841
37
153
184
185
914
915
916
917
1257
29
48
569
658
659
660
30
154
192
193
928
929
930
931
1260
39
49
75
198
199
200
63
65
205
206
207
60
664
665
668
1263
61
488
671
672
675
67
489
679
680
681
69
490
686
687
688
62
220
221
956
957
958
959
1265
70
226
227
228
34
64
82
1178
1179
1268
43
73
77
233
1181
1182
1271
74
79
237
1187
1188
1274
41
51
88
240
241
242
52
174
693
694
695
58
247
248
970
971
972
973
1277
59
699
700
703
1280
55
90
261
262
263
42
56
175
707
708
709
84
144
145
240
242
245
816
817
820
821
86
570
1163
1164
1165
89
93
1200
1201
1202
1204
1281
65
155
177
179
180
269
270
273
48
52
277
278
279
281
621
645
646
648
48
50
66
622
50
53
156
279
280
281
282
69
269
271
272
274
623
658
659
662
55
160
198
199
201
276
277
280
71
161
272
273
274
275
84
166
241
242
243
283
284
287
56
291
292
293
295
628
694
695
697
57
167
293
294
295
296
56
57
85
629
170
261
262
264
290
291
294
86
284
285
286
289
630
707
708
711
87
172
286
287
288
289
153
297
298
1285
713
714
717
1288
720
721
723
1289
152
173
503
504
505
154
311
312
1039
1040
1042
1043
1291
72
162
727
728
1294
74
164
1219
1220
1295
162
205
207
209
317
318
321
69
71
640
69
325
326
327
329
641
680
681
684
71
327
328
329
330
317
319
320
322
642
686
688
691
226
228
230
324
325
328
165
320
321
322
323
155
730
731
1298
89
157
510
1222
1223
1299
159
513
1228
1229
1302
90
160
733
734
1305
80
92
758
759
760
761
93
157
742
743
746
80
81
158
752
753
754
755
82
159
749
750
753
83
738
739
740
741
83
163
768
769
770
771
164
767
769
763
764
765
766
772
773
776
86
87
1159
772
774
775
777
1160
1163
1165
1168
775
776
777
778
166
779
780
1306
168
1233
1235
1237
1238
1307
170
782
783
1310
171
785
786
1311
797
798
799
800
168
788
789
792
572
1169
1312
99
100
102
190
360
361
365
366
657
99
100
110
176
177
180
182
269
658
111
191
347
348
349
1314
103
270
331
354
355
356
106
271
353
355
357
359
662
114
195
346
348
351
352
663
107
196
361
362
363
1317
106
108
183
381
382
386
387
643
276
334
368
369
370
106
108
137
197
199
201
203
277
646
138
186
375
376
377
1320
278
367
369
371
373
648
188
382
383
384
1323
140
189
374
377
379
380
649
114
115
116
218
402
403
407
408
685
114
115
204
205
209
210
317
686
219
389
390
391
1326
117
318
396
397
398
121
223
403
404
405
1329
224
388
391
393
394
690
122
319
395
398
400
401
691
120
122
211
423
424
428
429
678
324
410
411
412
214
417
418
419
1332
120
122
225
228
230
231
325
681
216
416
418
421
422
683
217
424
425
426
1334
326
409
412
414
415
684
124
232
762
801
802
1337
236
736
804
805
1340
127
238
737
807
808
1343
149
234
756
810
811
1346
235
757
813
814
1349
132
134
135
253
444
445
449
450
706
143
254
431
432
433
1352
136
283
337
438
439
440
132
134
144
239
242
243
245
284
707
139
285
437
439
441
443
711
141
258
445
446
447
1353
147
259
430
433
435
436
712
139
140
246
465
466
470
471
692
290
340
452
453
454
139
140
260
262
264
266
291
694
249
459
460
461
1356
292
451
453
455
457
697
251
458
460
463
464
698
252
466
467
468
1359
146
147
148
1162
817
818
819
147
148
772
1163
146
148
773
816
818
820
822
816
819
821
822
1167
774
1168
267
795
823
824
1362
297
473
484
828
829
832
833
299
300
485
829
830
831
835
836
839
842
843
1365
526
527
1368
162
730
731
732
845
846
847
161
167
867
869
871
872
168
852
853
854
161
163
861
863
864
865
164
859
860
861
170
733
734
735
866
867
868
165
847
848
850
851
727
728
729
873
874
165
879
880
881
882
878
879
874
875
876
877
779
780
781
883
884
885
172
898
900
902
903
890
891
892
172
906
908
909
910
782
783
784
897
898
899
785
786
787
904
905
906
885
886
888
889
488
578
579
582
175
568
628
693
695
696
570
630
708
709
710
180
181
182
346
353
180
182
205
181
182
206
347
1371
180
181
354
730
357
350
358
1372
210
352
187
189
190
918
920
921
923
1138
187
189
247
842
1141
187
193
843
921
922
923
924
1373
249
911
912
915
1376
194
844
1143
196
918
919
922
1379
251
912
913
914
916
1144
194
195
650
932
934
935
937
219
925
926
929
1382
194
195
221
526
653
194
527
935
936
937
938
1385
528
655
224
656
925
927
928
930
932
933
936
1388
201
202
203
367
374
201
202
368
733
201
203
262
202
203
263
375
1391
371
372
378
1392
266
380
208
209
210
388
395
209
210
208
210
389
1393
208
209
396
727
392
399
1394
400
393
215
216
218
633
946
948
949
951
215
216
571
634
664
666
667
669
220
573
1171
1172
1173
1395
939
940
941
1398
222
575
638
1170
1172
1174
1175
639
940
942
943
944
223
946
947
950
1400
222
224
491
960
962
963
965
953
954
957
1403
222
311
963
964
965
966
1172
1173
1174
1406
222
224
312
494
313
496
960
961
964
1409
497
954
955
956
958
229
230
231
409
416
229
230
410
229
231
417
1412
230
231
413
420
1413
414
421
236
767
1177
1178
1414
237
510
742
1184
1185
1417
267
743
1180
1181
1420
238
744
1183
1184
1423
749
1186
1187
1426
513
750
1190
1191
1429
751
1189
1190
1432
243
244
245
430
437
244
245
431
1435
243
244
438
779
243
245
441
434
442
1436
436
250
251
253
482
974
976
977
979
250
251
297
484
250
255
298
977
978
979
980
1194
1195
1196
1437
967
968
971
1440
257
299
485
486
967
969
970
972
258
974
975
978
1443
257
259
498
988
990
991
993
981
982
983
1446
301
1193
1194
1195
1447
257
259
302
499
700
701
702
704
303
500
1192
1194
1196
1197
988
989
992
1450
501
983
984
985
986
264
265
266
451
458
264
265
452
782
264
266
265
266
459
1453
455
456
462
1454
463
788
1199
1200
1455
516
789
1202
1203
1458
271
274
317
271
275
276
354
355
357
845
272
278
274
275
279
274
275
321
847
322
282
848
278
282
368
369
371
866
278
281
291
279
281
282
281
282
294
867
295
869
285
288
290
438
439
441
883
285
289
772
286
292
288
289
293
288
289
776
885
296
886
777
292
296
452
453
455
897
292
295
293
295
296
295
296
898
900
299
842
299
301
999
1000
1001
1002
1210
1211
1214
1464
303
829
831
833
995
996
997
998
303
500
1004
1005
1006
1209
1210
1211
1467
303
714
715
716
719
1005
1006
1009
1010
1011
1012
1013
1208
1210
1213
1214
476
492
529
1019
1020
1021
312
494
524
1026
1027
1028
313
479
496
1033
1034
1035
314
480
587
588
589
481
530
550
551
477
534
553
554
557
558
481
535
554
555
556
313
315
573
1243
1244
1246
1470
313
526
1027
1028
1031
1045
1046
1048
1050
314
575
1034
1035
1038
315
576
587
588
592
1045
1047
1049
1050
577
1039
1041
1042
1044
1250
1251
1253
1473
332
509
873
1051
1052
1476
319
322
319
323
324
396
398
400
320
326
322
323
327
322
323
874
330
875
326
330
410
412
414
326
329
327
329
330
329
330
334
845
1054
1055
1479
514
846
1057
1058
1480
336
515
849
1060
1061
1483
866
1063
1064
1486
341
511
868
1066
1067
1487
512
870
1069
1070
1490
340
883
1072
1073
1493
343
884
1075
1076
1494
342
345
887
1215
1216
1495
897
1078
1079
1498
517
899
1081
1082
1499
518
901
1084
1085
1502
904
1087
1088
1505
516
905
1090
1091
1506
518
907
1093
1094
1509
350
351
352
360
350
352
389
1512
351
352
391
925
350
351
362
926
1514
364
1517
365
927
393
357
358
359
360
357
358
1054
357
359
369
358
359
363
370
1519
364
1520
366
373
364
365
366
365
366
382
932
364
365
933
1521
364
366
383
1524
1526
934
386
371
372
373
381
371
372
1063
371
373
372
373
383
1528
385
1529
386
378
379
380
381
378
380
459
1530
378
379
384
911
1532
379
380
460
912
385
1535
387
913
463
385
386
387
386
387
918
385
386
1537
385
387
919
1539
1542
920
392
393
394
402
392
393
1544
392
394
404
953
1546
393
394
954
406
1549
407
955
399
400
401
402
399
400
399
401
405
411
1551
400
401
412
406
1552
408
415
406
407
408
407
408
424
960
406
407
961
1553
406
408
425
1556
1558
962
428
413
414
415
423
413
414
413
415
425
1560
414
415
427
1561
428
420
421
422
423
420
421
1562
421
422
940
420
422
426
941
1564
427
1567
429
943
427
428
429
428
429
946
427
428
1569
427
429
947
1571
1574
948
434
435
436
444
434
436
817
1576
434
435
446
982
1577
435
436
819
983
448
1579
449
984
821
441
442
443
444
441
442
1072
441
443
453
442
443
447
454
1581
448
1582
450
457
448
449
450
449
450
466
988
448
449
989
1583
448
450
467
1586
1588
990
470
455
456
457
465
455
456
1078
455
457
456
457
467
1590
469
1591
470
462
463
464
465
462
463
1592
463
464
967
462
464
468
968
1594
469
1597
471
969
469
470
471
470
471
974
469
470
1599
469
471
975
1601
1604
976
474
523
1140
474
842
1141
525
844
1143
478
479
571
634
479
561
635
1020
1021
1022
1096
1099
1101
1102
478
562
1097
1100
1101
1102
480
574
480
575
638
1033
1035
1036
576
587
589
590
1098
1099
1100
1101
563
1096
1097
1098
485
486
498
692
486
693
1139
485
486
1141
500
829
830
832
698
1144
1146
1147
1150
1151
578
582
584
593
594
596
671
675
676
490
641
679
680
682
1153
1154
1157
1158
569
594
595
598
599
642
687
688
689
495
496
497
633
685
495
496
593
635
671
673
674
676
1019
1020
1024
495
497
594
652
674
675
676
677
687
496
497
653
672
673
674
677
1026
1027
1030
595
637
689
638
1033
1034
1037
656
690
500
501
706
500
501
1004
1005
1008
712
506
507
508
1018
1025
507
508
578
671
1019
506
508
672
835
1026
506
507
579
836
837
1029
580
1023
673
1024
1030
514
878
1218
1219
1606
513
852
1225
1226
1609
517
854
1221
1222
1612
515
855
1224
1225
1615
859
1231
1232
1618
860
1227
1228
1621
862
1230
1231
1624
890
1233
1234
1627
892
1236
1237
1630
893
1239
1240
1633
521
522
828
521
522
541
831
996
833
997
542
834
525
651
838
839
840
841
526
653
1103
1104
1105
528
655
1104
1107
1108
1109
528
1104
1105
1109
528
843
1636
844
561
593
1110
1111
1114
538
563
603
606
539
564
585
1118
1119
1120
533
581
582
583
584
596
567
597
1113
1114
1115
1116
1117
1120
1121
1123
537
562
609
611
612
614
538
563
609
610
613
537
539
564
612
613
614
615
618
619
620
566
616
618
619
542
543
1003
542
543
1006
1011
1007
1009
1013
547
548
586
1025
547
548
601
1028
1046
548
588
1047
602
1029
592
1031
1050
552
586
1018
552
603
1021
1096
552
560
589
1098
590
1022
1099
557
558
559
557
558
609
1097
558
559
610
557
559
560
1098
1100
611
567
1111
1114
1115
1124
1127
1128
1130
1152
566
1125
1127
1129
1130
1145
1124
1125
1126
566
567
1118
1120
1121
1126
1128
1129
1130
566
567
1148
1155
1149
1156
569
621
644
645
647
623
659
660
661
1160
1164
1165
1166
574
575
720
722
724
726
1131
1132
1134
2000
1242
1243
1244
2002
576
1132
1133
1135
1137
576
1243
1245
1246
1248
1251
1252
1253
1255
1249
1250
1251
2005
580
584
1110
580
583
581
1112
583
584
1113
583
584
1116
1119
1120
1123
590
591
592
1032
590
592
1035
591
592
590
591
1036
1038
595
597
1110
1114
1116
1152
595
599
598
1154
597
599
598
1156
599
1157
602
837
602
1105
1106
604
607
1111
1124
605
1112
607
608
1113
1117
607
608
616
1118
1126
1115
1121
1128
1122
611
614
1125
611
615
612
614
615
614
615
616
1126
1129
617
617
618
620
620
1118
620
623
626
628
623
627
640
624
642
626
627
626
627
631
632
630
632
630
1159
1160
632
637
638
639
678
638
639
637
638
1152
637
639
679
1153
682
1154
683
642
642
647
648
649
657
1138
647
649
693
1139
647
648
659
648
649
694
661
1142
662
698
1144
654
655
656
657
1138
654
655
1140
654
656
660
655
656
1103
1104
1108
661
1142
1143
663
661
662
663
662
663
686
661
662
661
663
687
690
666
669
720
666
670
939
1987
667
942
669
670
944
1170
669
670
723
1171
1989
724
1175
945
1176
1992
673
676
673
677
674
676
677
676
677
682
683
684
685
682
683
682
684
688
683
684
689
691
689
690
691
690
691
689
690
689
691
696
697
698
706
696
698
697
698
696
697
708
710
711
701
705
981
1995
701
704
714
702
985
704
705
986
1192
704
705
717
1193
1996
719
1197
987
1198
1998
710
711
712
711
712
1163
710
711
710
712
1164
1167
715
718
2021
715
719
716
718
719
1208
718
719
1209
2022
1212
2024
1213
722
724
722
725
1131
1161
2026
726
1133
724
725
1242
2028
726
1245
726
1136
1247
2031
1137
1248
729
1641
729
731
1051
1642
1053
2043
732
1054
1644
732
1057
1645
1056
1059
2045
735
1063
1647
735
783
1066
1648
1065
1068
2047
737
741
749
762
804
805
806
738
751
757
807
808
809
740
741
752
758
740
741
764
760
755
766
744
747
750
852
744
748
756
788
1180
1181
1182
745
751
757
1183
1184
1185
747
748
752
758
747
748
792
853
754
856
761
793
751
755
767
1186
1187
1188
751
754
859
752
1189
1190
1191
754
755
754
755
769
861
863
771
757
761
795
810
811
812
758
813
814
815
760
761
760
761
798
800
766
767
801
802
803
765
766
768
765
766
771
771
1177
1178
1179
770
771
770
771
879
880
774
777
774
778
775
777
778
777
778
781
1072
1650
781
1075
1651
1074
1077
2049
784
1078
1652
784
1081
1653
1080
1083
2051
787
1087
1655
787
1090
1656
1089
1092
2053
790
793
795
1199
1200
1201
790
794
890
1202
1203
1204
791
796
1205
1206
1207
793
794
797
793
794
891
800
894
796
800
823
824
825
797
826
827
799
800
799
800
803
804
1659
803
1177
1661
2055
806
1664
806
807
1186
1666
809
2059
809
1189
1669
809
813
1672
2063
812
823
1674
812
814
1180
1676
815
2067
815
1679
815
1183
1681
2071
820
821
822
820
821
820
822
821
822
825
1684
825
826
1199
1686
827
2075
827
1205
1689
2079
832
833
834
832
833
832
834
1004
833
834
1006
1007
837
841
1103
837
840
838
1106
840
841
1107
840
841
1108
844
844
1692
848
849
866
1054
1055
1056
849
851
860
873
1057
1058
1059
848
851
874
850
869
850
862
870
1060
1061
1062
851
864
871
865
877
855
856
859
856
858
891
855
858
868
892
1221
1222
1223
857
862
870
1224
1225
1226
857
863
858
864
871
872
896
862
863
862
865
878
1227
1228
1229
863
865
879
864
1230
1231
1232
864
865
882
869
870
1063
1064
1065
869
872
898
870
872
899
1066
1067
1068
871
871
1069
1070
1071
872
903
877
878
1051
1052
1053
875
877
876
877
881
882
882
1218
1219
1220
880
882
881
882
886
887
897
1072
1073
1074
887
888
904
1075
1076
1077
886
888
889
900
889
901
907
1215
1216
1217
889
908
902
910
893
894
905
1233
1234
1235
894
896
893
896
899
1236
1237
1238
895
901
907
1239
1240
1241
895
909
896
902
910
903
900
901
1078
1079
1080
900
903
901
903
1081
1082
1083
902
902
1084
1085
1086
903
907
908
1087
1088
1089
907
909
1090
1091
1092
908
909
910
1093
1094
1095
910
910
913
917
919
1695
913
916
967
914
920
916
917
921
916
917
971
1698
972
924
1701
920
923
932
920
924
1704
921
923
924
923
924
936
1707
937
1710
927
930
954
927
931
933
1713
928
934
930
931
935
930
931
957
1716
958
938
1719
934
937
934
938
1722
935
937
938
937
938
1725
1728
942
945
2008
942
943
943
945
947
2010
944
944
948
945
949
952
2013
948
951
960
948
952
1731
949
951
952
1170
951
952
964
1173
1734
965
1174
1176
1737
955
959
961
1740
955
958
956
962
958
959
963
958
959
1743
966
1746
962
965
962
966
1749
963
965
966
965
966
1752
1755
969
972
969
973
975
1758
970
976
972
973
977
972
973
1761
980
1764
976
979
988
976
980
1767
977
979
980
979
980
992
1770
993
1773
985
987
2016
984
987
989
2017
984
985
986
990
986
987
991
994
2019
990
993
990
994
1776
991
993
994
1192
993
994
1195
1779
1196
1198
1782
997
998
999
997
998
1011
1002
1012
1001
1002
1001
1002
1015
1788
1791
1017
1007
1008
1009
1007
1008
1008
1009
1007
1009
1012
1013
1014
1012
1013
1017
1016
1017
1208
1016
1017
1211
1794
1212
1797
1214
1022
1023
1024
1032
1023
1024
1110
1022
1024
1033
1022
1023
1111
1036
1112
1037
1029
1030
1031
1032
1029
1030
1103
1030
1031
1034
1029
1031
1105
1106
1037
1038
1036
1037
1038
1036
1037
1037
1038
1036
1038
1042
1043
1044
1045
1042
1043
1800
1042
1044
1803
1806
1048
1049
1048
1049
1050
1048
1050
1049
1050
1053
1057
1809
1053
1218
1812
2082
1056
1815
1056
1060
1064
1816
1062
2094
1059
1818
1059
1061
1227
1821
1062
2096
1062
1069
1824
1062
1230
1827
2099
1065
1830
1065
1069
1831
1071
2102
1068
1081
1833
1068
1070
1221
1836
1071
2104
1071
1839
1071
1224
1842
2107
1074
1845
1074
1079
1215
1846
1217
2110
1077
1848
1077
1088
1216
1849
1217
2112
1080
1851
1080
1084
1852
1086
2123
1083
1854
1083
1085
1236
1857
1086
2125
1086
1215
1860
1086
1240
1863
2128
1089
1866
1089
1093
1867
1095
2131
1092
1869
1092
1094
1234
1872
1095
2133
1095
1216
1875
1095
1239
1878
2136
1099
1102
1124
1100
1102
1125
1099
1100
1101
1101
1102
1127
1106
1108
1108
1109
1106
1109
1107
1108
1109
1112
1116
1112
1115
1113
1115
1116
1115
1116
1121
1122
1123
1121
1122
1122
1123
1121
1123
1127
1128
1127
1129
1128
1129
1130
1130
1130
1133
1136
1169
2034
1133
1135
1137
1135
1136
1249
2036
1137
1252
1137
1254
2039
1255
1142
1143
1144
1142
1144
1142
1143
1143
1144
1147
1149
1147
1151
1150
1149
1151
1150
1151
1154
1156
1154
1158
1157
1156
1158
1157
1158
1160
1169
2042
1166
1167
1168
1167
1168
1166
1167
1166
1168
2166
1174
1175
1176
1175
1176
1242
2085
1174
1175
1243
1174
1176
2088
1245
2091
1179
1881
1179
1187
1884
2167
1182
1183
1887
1182
1200
1890
1185
2170
1185
1893
1185
1190
1896
2173
1188
1189
1899
1188
1902
1191
2176
1191
1905
1191
1908
2179
1196
1197
1198
1197
1198
1209
2114
1196
1197
1210
1196
1198
2117
1213
2120
1201
1205
1911
1201
1914
1207
2182
1204
1233
1917
1204
1206
1920
1207
2185
1207
1923
1207
1926
2188
1212
1213
1214
1212
1213
2139
1213
1214
1212
1214
2142
2145
1217
1929
1217
1932
2191
1220
1935
1220
1228
1938
2194
1223
1224
1941
1223
1237
1944
1226
2197
1226
1947
1226
1231
1950
2200
1229
1230
1953
1229
1956
1232
2203
1232
1959
1232
1962
2206
1235
1965
1235
1239
1968
1241
2209
1238
1240
1971
1238
1974
1241
2212
1241
1977
1241
1980
2215
1245
1247
2148
1245
1246
1246
1247
1250
2151
1248
1248
1253
1248
1254
2154
1255
1252
1254
2157
1253
1254
2160
1252
1253
1255
1255
1255
2163
1289
1290
1983
2042
1258
1277
1365
1373
1698
1701
1259
1278
1366
1374
1699
1702
1279
1367
1375
1700
1703
1261
1265
1368
1385
1716
1719
1262
1266
1369
1386
1717
1720
1267
1370
1387
1718
1721
1264
1289
1983
1987
1989
1990
1290
1983
1988
1991
1266
1291
1406
1743
1746
1267
1292
1407
1744
1747
1293
1408
1745
1748
1269
1274
1295
1884
2167
1270
1275
1296
1885
2168
1276
1297
1886
2169
1272
1281
1299
1417
1890
2170
1273
1282
1300
1418
1891
2171
1283
1301
1419
1892
2172
1275
1302
1429
1902
2176
1276
1303
1430
1903
2177
1304
1431
1904
2178
1278
1285
1437
1761
1764
1279
1286
1438
1762
1765
1287
1439
1763
1766
1288
1995
1996
1997
1282
1307
1914
1917
2182
2185
1283
1308
1915
1918
2183
2186
1309
1916
1919
2184
2187
1311
1639
1640
1286
1365
1464
1287
1366
1465
1367
1466
2021
2022
2023
1290
2026
2028
2029
2027
2030
1292
1368
1470
1800
1806
1293
1369
1471
1801
1807
1370
1472
1802
1808
1298
1641
1642
1643
1296
1302
1938
2194
1297
1303
1939
2195
1304
1940
2196
1644
1645
1646
1300
1307
1609
1944
2197
1301
1308
1610
1945
2198
1309
1611
1946
2199
1303
1618
1956
2203
1304
1619
1957
2204
1620
1958
2205
1310
1647
1648
1649
1650
1651
1308
1965
1974
2209
2212
1309
1966
1975
2210
2213
1967
1976
2211
2214
1652
1653
1654
1655
1656
1657
2000
2001
2166
1398
1399
1658
1984
1315
1326
1382
1512
1514
1316
1327
1383
1512
1515
1328
1384
1513
1516
1318
1323
1388
1521
1524
1319
1324
1389
1522
1524
1325
1390
1523
1525
1321
1356
1376
1530
1532
1322
1357
1377
1530
1533
1358
1378
1531
1534
1324
1379
1537
1539
1325
1380
1537
1540
1381
1538
1541
1327
1403
1544
1546
1328
1404
1544
1547
1405
1545
1548
1330
1334
1409
1553
1556
1331
1335
1410
1554
1556
1336
1411
1555
1557
1333
1398
1562
1564
1565
1984
1399
1563
1566
1984
1335
1400
1569
1571
1336
1401
1569
1572
1402
1570
1573
1338
1340
1414
1659
1661
1339
1341
1415
1659
1662
1342
1416
1660
1663
1341
1426
1664
1666
1342
1427
1664
1667
1428
1665
1668
1344
1349
1432
1669
1672
1345
1350
1433
1670
1672
1351
1434
1671
1673
1347
1362
1420
1674
1676
1348
1363
1421
1674
1677
1364
1422
1675
1678
1350
1423
1679
1681
1351
1424
1679
1682
1425
1680
1683
1446
1576
1577
1578
1354
1359
1450
1583
1586
1355
1360
1451
1584
1586
1361
1452
1585
1587
1357
1440
1592
1594
1358
1441
1592
1595
1442
1593
1596
1360
1443
1599
1601
1361
1444
1599
1602
1445
1600
1603
1363
1455
1684
1686
1364
1456
1684
1687
1457
1685
1688
1366
1692
1367
1693
1694
1369
1636
1370
1637
1638
1372
1393
1512
1513
1517
1518
1520
1374
1385
1692
1707
1710
1375
1386
1693
1708
1711
1387
1694
1709
1712
1377
1440
1695
1698
1378
1441
1696
1699
1442
1697
1700
1380
1388
1704
1707
1381
1389
1705
1708
1390
1706
1709
1383
1403
1713
1716
1384
1404
1714
1717
1405
1715
1718
1386
1636
1725
1728
1387
1637
1726
1729
1638
1727
1730
1389
1722
1725
1390
1723
1726
1724
1727
1392
1453
1530
1531
1529
1535
1536
1394
1544
1545
1549
1550
1552
1396
1406
2002
2085
2088
1397
1407
2003
2086
2089
1408
2004
2087
2090
1399
2008
2010
2011
2009
2012
1401
1409
1731
1734
1402
1410
1732
1735
1411
1733
1736
1404
1740
1743
1405
1741
1744
1742
1745
1407
1470
1752
1755
2088
1408
1471
1753
1756
2089
1472
1754
1757
2090
1410
1749
1752
1411
1750
1753
1751
1754
1413
1562
1563
1985
1561
1567
1568
1415
1426
1881
1884
1416
1427
1882
1885
1428
1883
1886
1418
1429
1609
1896
2173
1419
1430
1610
1897
2174
1431
1611
1898
2175
1421
1455
1887
1890
1422
1456
1888
1891
1457
1889
1892
1424
1432
1893
1896
1425
1433
1894
1897
1434
1895
1898
1427
1899
1902
1428
1900
1903
1901
1904
1430
1618
1908
2179
1431
1619
1909
2180
1620
1910
2181
1433
1905
1908
1434
1906
1909
1907
1910
1436
1576
1579
1580
1582
1438
1447
1464
1770
1773
2117
1439
1448
1465
1771
1774
2118
1449
1466
1772
1775
2119
1441
1758
1761
1442
1759
1762
1760
1763
1444
1450
1767
1770
1445
1451
1768
1771
1452
1769
1772
2016
2017
2018
1448
1467
2114
2117
1449
1468
2115
2118
1469
2116
2119
1451
1776
1779
1452
1777
1780
1778
1781
1454
1592
1593
1591
1597
1598
1456
1911
1914
1457
1912
1915
1913
1916
1459
1461
1627
1917
1920
1460
1462
1628
1918
1921
1463
1629
1919
1922
1462
1506
1785
1463
1507
1786
1508
1787
1465
1467
1788
1791
2142
1466
1468
1789
1792
2143
1469
1790
1793
2144
1468
2139
2142
1469
2140
2143
2141
2144
1471
1473
2002
2151
1472
1474
2003
2152
1475
2004
2153
1474
1803
1806
2005
2160
1475
1804
1807
2006
2161
1805
1808
2007
2162
1477
1480
1606
1809
1812
1478
1481
1607
1810
1813
1482
1608
1811
1814
1486
1815
1816
1817
1481
1621
1818
1821
1482
1622
1819
1822
1623
1820
1823
1484
1490
1624
1824
1827
1485
1491
1625
1825
1828
1492
1626
1826
1829
1830
1831
1832
1488
1499
1612
1833
1836
1489
1500
1613
1834
1837
1501
1614
1835
1838
1491
1615
1839
1842
1492
1616
1840
1843
1617
1841
1844
1498
1845
1846
1847
1505
1848
1849
1850
1496
1502
1509
1929
1932
1497
1503
1510
1930
1933
1504
1511
1931
1934
1851
1852
1853
1500
1630
1854
1857
1501
1631
1855
1858
1632
1856
1859
1503
1633
1860
1863
1504
1634
1861
1864
1635
1862
1865
1866
1867
1868
1507
1627
1869
1872
1508
1628
1870
1873
1629
1871
1874
1510
1633
1875
1878
1511
1634
1876
1879
1635
1877
1880
1513
1517
1544
1518
1545
1515
1517
1521
1713
1516
1517
1522
1714
1518
1523
1715
1518
1526
1527
1520
1524
1525
1528
1526
1527
1522
1526
1722
1523
1526
1723
1527
1724
1525
1526
1537
1527
1538
1527
1529
1537
1538
1542
1543
1531
1535
1592
1536
1593
1533
1535
1539
1695
1534
1535
1540
1696
1536
1541
1697
1536
1542
1543
1538
1542
1543
1540
1542
1704
1541
1542
1705
1543
1706
1543
1545
1549
1550
1547
1549
1553
1740
1548
1549
1554
1741
1550
1555
1742
1550
1558
1559
1552
1556
1557
1560
1558
1559
1554
1558
1749
1555
1558
1750
1559
1751
1557
1558
1569
1559
1570
1559
1561
1569
1570
1574
1575
1563
1567
1986
1568
1986
1565
1567
1571
2010
1566
1567
1572
2011
1568
1573
2012
1568
1574
1575
1570
1574
1575
1572
1574
1731
1573
1574
1732
1575
1733
1575
1579
1580
1578
1579
1583
1584
2017
1580
1585
2018
1580
1588
1589
1582
1586
1587
1590
1588
1589
1584
1588
1776
1585
1588
1777
1589
1778
1587
1588
1599
1589
1600
1589
1591
1599
1600
1604
1605
1593
1597
1598
1595
1597
1601
1758
1596
1597
1602
1759
1598
1603
1760
1598
1604
1605
1600
1604
1605
1602
1604
1767
1603
1604
1768
1605
1769
1605
1607
1621
1935
1938
1608
1622
1936
1939
1623
1937
1940
1610
1618
1950
2200
1611
1619
1951
2201
1620
1952
2202
1613
1630
1941
1944
1614
1631
1942
1945
1632
1943
1946
1616
1624
1947
1950
1617
1625
1948
1951
1626
1949
1952
1619
1962
2206
1620
1963
2207
1964
2208
1622
1953
1956
1623
1954
1957
1955
1958
1625
1959
1962
1626
1960
1963
1961
1964
1628
1965
1968
1629
1966
1969
1967
1970
1631
1971
1974
1632
1972
1975
1973
1976
1634
1977
1980
1635
1978
1981
1979
1982
1637
1692
1638
1693
1694
1640
1656
1785
1786
1657
1787
2043
2044
1643
1645
1809
1810
2043
1646
1811
2044
1815
2045
2046
1646
1818
1819
2045
1820
2046
1830
2047
2048
1649
1653
1833
1834
2047
1654
1835
2048
1845
2049
2050
1848
2049
2050
1851
2051
2052
1654
1854
1855
2051
1856
2052
1866
2053
2054
1657
1869
1870
2053
1871
2054
1983
2008
2009
1660
1664
2055
2058
1665
2056
2058
1662
1881
2055
1663
1882
2055
1883
2056
1665
2059
2062
2060
2062
1667
1669
1899
2059
1668
1670
1900
2059
1671
1901
2060
1670
1905
2063
1671
1906
2063
1907
2064
1673
1679
2063
2066
1680
2064
2066
1675
1684
2067
2070
1685
2068
2070
1677
1681
1887
2067
1678
1682
1888
2067
1683
1889
2068
1680
2071
2074
2072
2074
1682
1893
2071
1683
1894
2071
1895
2072
1685
2075
2078
2076
2078
1687
1689
1911
2075
1688
1690
1912
2075
1691
1913
2076
1690
1923
2079
1691
1924
2079
1925
2080
1693
1694
1696
1701
1704
1697
1702
1705
1703
1706
1699
1701
1761
1700
1702
1762
1703
1763
1702
1710
1703
1711
1712
1705
1710
1706
1711
1712
1708
1710
1725
1709
1711
1726
1712
1727
1711
1712
1714
1719
1722
1715
1720
1723
1721
1724
1717
1719
1743
1718
1720
1744
1721
1745
1720
1728
1721
1729
1730
1723
1728
1724
1729
1730
1726
1728
1727
1729
1730
1729
1730
1732
1737
2010
1733
1738
2011
1739
2012
1735
1737
1752
2088
1736
1738
1753
2089
1739
1754
2090
1738
2013
2091
1739
2014
2092
2015
2093
1741
1746
1749
1742
1747
1750
1748
1751
1744
1746
1745
1747
1748
1747
1755
1748
1756
1757
1750
1755
1751
1756
1757
1753
1755
1754
1756
1757
1756
1757
1759
1764
1767
1760
1765
1768
1766
1769
1762
1764
1763
1765
1766
1765
1773
1766
1774
1775
1768
1773
1769
1774
1775
1771
1773
1779
1772
1774
1780
1775
1781
1774
1775
1777
1782
2017
1778
1783
2017
1784
2018
1780
1782
2117
1781
1783
2118
1784
2119
1783
2019
2120
1784
2019
2121
2020
2122
1786
1869
1787
1870
1871
1789
1791
1794
1790
1792
1795
1793
1796
1792
1793
1795
1797
2142
1796
1798
2143
1799
2144
1798
2145
1799
2146
2147
1801
1806
1802
1807
1808
1804
1806
1805
1807
1808
1807
1808
1810
1818
2082
1811
1819
2083
1820
2084
1813
1935
2082
1814
1936
2083
1937
2084
2094
2095
1817
1824
1825
1831
2094
1826
1832
2095
1819
2096
1820
2097
2098
1822
1827
1953
2096
1823
1828
1954
2097
1829
1955
2098
1825
1839
2099
1826
1840
2100
1841
2101
1828
1959
2099
1829
1960
2100
1961
2101
2102
2103
1832
1839
1840
2102
1841
2103
1834
1854
2104
1835
1855
2105
1856
2106
1837
1842
1941
2104
1838
1843
1942
2105
1844
1943
2106
1840
2107
1841
2108
2109
1843
1947
2107
1844
1948
2108
1949
2109
2110
2111
1847
1852
1929
1930
2110
1853
1931
2111
2112
2113
1850
1867
1932
1933
2112
1868
1934
2113
2123
2124
1853
1860
1861
2123
1862
2124
1855
2125
1856
2126
2127
1858
1863
1971
2125
1859
1864
1972
2126
1865
1973
2127
1861
1929
2128
1862
1930
2129
1931
2130
1864
1980
2128
1865
1981
2129
1982
2130
2131
2132
1868
1875
1876
2131
1877
2132
1870
2133
1871
2134
2135
1873
1878
1968
2133
1874
1879
1969
2134
1880
1970
2135
1876
1932
2136
1877
1933
2137
1934
2138
1879
1977
2136
1880
1978
2137
1979
2138
1882
2167
1883
2168
2169
1885
1902
2167
1886
1903
2168
1904
2169
1888
1893
2170
1889
1894
2171
1895
2172
1891
1914
2170
1892
1915
2171
1916
2172
1894
2173
1895
2174
2175
1897
1908
2173
1898
1909
2174
1910
2175
1900
1905
2176
1901
1906
2177
1907
2178
1903
2176
1904
2177
2178
1906
2179
1907
2180
2181
1909
2179
1910
2180
2181
1912
1923
2182
1913
1924
2183
1925
2184
1915
2182
1916
2183
2184
1918
1965
2185
1919
1966
2186
1967
2187
1921
1926
2185
1922
1927
2186
1928
2187
1924
2188
1925
2189
2190
1927
2188
1928
2189
2190
1930
2191
1931
2192
2193
1933
2191
1934
2192
2193
1936
2194
1937
2195
2196
1939
1956
2194
1940
1957
2195
1958
2196
1942
1947
2197
1943
1948
2198
1949
2199
1945
1974
2197
1946
1975
2198
1976
2199
1948
2200
1949
2201
2202
1951
1962
2200
1952
1963
2201
1964
2202
1954
1959
2203
1955
1960
2204
1961
2205
1957
2203
1958
2204
2205
1960
2206
1961
2207
2208
1963
2206
1964
2207
2208
1966
2209
1967
2210
2211
1969
1977
2209
1970
1978
2210
1979
2211
1972
1980
2212
1973
1981
2213
1982
2214
1975
2212
1976
2213
2214
1978
2215
1979
2216
2217
1981
2215
1982
2216
2217
1987
1988
1986
1986
1988
1992
1993
2008
1994
2009
1990
1992
2028
2085
1991
1993
2029
2086
1994
2030
2087
1993
2013
2091
1994
2014
2092
2015
2093
1998
1999
2016
1997
1998
2022
2114
2115
1999
2023
2116
1999
2019
2120
2121
2020
2122
2001
2034
2036
2037
2035
2038
2003
2148
2151
2004
2149
2152
2150
2153
2006
2157
2160
2007
2158
2161
2159
2162
2009
2013
2014
2015
2011
2013
2012
2014
2015
2014
2015
2019
2020
2018
2019
2020
2020
2024
2025
2023
2024
2139
2140
2025
2141
2025
2145
2146
2147
2027
2031
2032
2034
2042
2033
2035
2042
2029
2031
2148
2030
2032
2149
2033
2150
2032
2039
2154
2033
2040
2155
2041
2156
2035
2039
2040
2166
2041
2166
2037
2039
2157
2038
2040
2158
2041
2159
2040
2163
2041
2164
2165
2166
2044
2082
2083
2084
2046
2094
2096
2097
2095
2098
2048
2102
2104
2105
2103
2106
2050
2110
2112
2111
2113
2052
2123
2125
2126
2124
2127
2054
2131
2133
2134
2132
2135
2056
2057
2057
2058
2062
2060
2061
2063
2061
2064
2062
2065
2064
2065
2065
2066
2074
2068
2069
2071
2069
2072
2070
2073
2078
2072
2073
2073
2074
2076
2077
2079
2077
2080
2078
2081
2080
2081
2081
2083
2084
2086
2091
2148
2087
2092
2149
2093
2150
2089
2091
2090
2092
2093
2092
2093
2095
2099
2100
2101
2097
2099
2098
2100
2101
2100
2101
2103
2107
2108
2109
2105
2107
2106
2108
2109
2108
2109
2111
2191
2192
2193
2113
2191
2192
2193
2115
2120
2139
2116
2121
2140
2122
2141
2118
2120
2119
2121
2122
2121
2122
2124
2128
2129
2130
2126
2128
2127
2129
2130
2129
2130
2132
2136
2137
2138
2134
2136
2135
2137
2138
2137
2138
2140
2145
2141
2146
2147
2143
2145
2144
2146
2147
2146
2147
2149
2154
2150
2155
2156
2152
2154
2160
2153
2155
2161
2156
2162
2155
2163
2156
2164
2165
2158
2163
2159
2164
2165
2161
2163
2162
2164
2165
2164
2165
2168
2169
2171
2173
2172
2174
2175
2174
2175
2177
2179
2178
2180
2181
2180
2181
2183
2188
2184
2189
2190
2186
2188
2187
2189
2190
2189
2190
2192
2193
2195
2196
2198
2200
2199
2201
2202
2201
2202
2204
2206
2205
2207
2208
2207
2208
2210
2215
2211
2216
2217
2213
2215
2214
2216
2217
2216
2217
)


// ************************************************************************* //
