/*--------------------------------*- C++ -*----------------------------------*\
  =========                 |
  \\      /  F ield         | OpenFOAM: The Open Source CFD Toolbox
   \\    /   O peration     | Website:  https://openfoam.org
    \\  /    A nd           | Version:  8
     \\/     M anipulation  |
\*---------------------------------------------------------------------------*/
/*   Windows 32 and 64 bit porting by blueCAPE: http://www.bluecape.com.pt   *\
|  Based on Windows porting (2.0.x v4) by Symscape: http://www.symscape.com   |
\*---------------------------------------------------------------------------*/
FoamFile
{
    version     2.0;
    format      ascii;
    class       labelList;
    location    "constant/vegetation/polyMesh";
    object      pointProcAddressing;
}
// * * * * * * * * * * * * * * * * * * * * * * * * * * * * * * * * * * * * * //


3370
(
22
38
77
85
94
149
158
223
224
225
226
229
244
269
270
294
340
341
360
361
362
391
421
424
428
430
431
446
449
498
508
509
522
579
580
597
598
632
685
686
687
756
757
758
759
760
889
890
891
892
895
931
932
933
934
935
983
984
985
1017
1019
1020
1092
1093
1094
1095
1096
1098
1099
1136
1186
1187
1199
1200
1201
1202
1247
1256
1257
1260
1261
1266
1316
1317
1331
1362
1388
1462
1465
1473
1477
1478
1479
1480
1481
1485
1531
1534
1535
1536
1541
1607
1618
1625
1671
1677
1679
1681
1697
1700
1818
1819
1820
1821
1822
1824
1825
1867
1868
1869
1875
1894
1895
1896
1897
1947
1948
1949
1965
1966
1967
1968
1969
2022
2069
2070
2071
2072
2073
2074
2076
2079
2108
2109
2110
2111
2112
2113
2195
2196
2197
2198
2199
2200
2201
2205
2206
2207
2232
2233
2235
2352
2354
2360
2386
2387
2388
2389
2390
2393
2420
2421
2423
2462
2463
2465
2470
2471
2472
2473
2477
2500
2564
2581
2756
2757
2758
2759
2760
2761
2762
2763
2836
2837
2838
2839
2841
2842
2843
2934
2936
3061
3062
3063
3064
3065
3066
3067
3068
3069
3070
3076
3077
3079
3145
3146
3147
3148
3149
3150
3151
3152
3155
3157
3159
3228
3229
3230
3269
3274
3275
3349
3350
3351
3352
3354
3456
3457
3469
3470
3510
3519
3520
3521
3522
3523
3525
3549
3555
3556
3557
3558
3560
3638
3798
3803
3804
3819
3840
3841
3842
3843
3844
3845
3846
3847
3848
3849
3850
3856
3857
3858
3859
3860
3863
3947
3948
3949
3950
3951
3953
3956
3957
3967
4302
4304
4312
4313
4314
4315
4316
4317
4318
4319
4320
4321
4322
4323
4326
4329
4331
4444
4449
4450
4451
4452
4453
4454
4455
4456
4457
4458
4581
4587
4599
4613
4614
4615
4617
4633
4664
4665
4679
4700
4717
4804
4805
4806
4807
4808
4809
4810
4811
4859
4860
4861
4862
4873
4874
4880
4881
4901
4902
4904
4949
4950
4952
4959
4960
5137
5138
5139
5140
5141
5142
5143
5144
5145
5146
5147
5148
5205
5206
5207
5208
5209
5210
5251
5270
5280
5340
5341
5342
5343
5344
5345
5373
5374
5375
5376
5377
5378
5409
5447
5493
5494
5495
5496
5497
5498
5499
5500
5501
5504
5513
5567
5568
5569
5570
5571
5621
5696
5697
5698
5699
5700
5709
5711
5712
5714
5715
5716
5717
5718
5719
5720
5721
5722
5723
5724
5746
5753
5754
5755
5757
5819
5820
5836
5915
5916
5917
5918
5919
5948
5949
5950
5951
5952
6067
6068
6069
6070
6071
6072
6073
6074
6075
6077
6078
6079
6080
6081
6082
6083
6161
6163
6164
6165
6166
6167
6168
6169
6170
6171
6172
6173
6174
6175
6177
6178
6179
6222
6283
6285
6286
6287
6288
6289
6290
6291
6406
6407
6408
6409
6410
6411
6412
6413
6414
6415
6416
6417
6418
6422
6435
6487
6493
6494
6495
6496
6513
6529
6538
6559
6599
6605
6606
6607
6608
6609
6610
6611
6612
6613
6664
6665
6666
6667
6692
6693
6694
6703
6704
6705
6777
6778
6779
6788
6789
6790
7099
7100
7101
7102
7103
7104
7105
7106
7107
7108
7109
7110
7111
7112
7113
7114
7115
7116
7117
7118
7121
7125
7127
7128
7130
7237
7238
7239
7240
7241
7242
7243
7244
7245
7246
7260
7261
7341
7343
7344
7345
7346
7347
7348
7349
7350
7351
7352
7353
7354
7355
7356
7357
7400
7401
7402
7403
7405
7406
7407
7408
7409
7410
7411
7412
7415
7441
7442
7443
7551
7553
7559
7560
7561
7633
7634
7635
7636
7637
7640
7641
7642
7643
7644
7645
7646
7647
7648
7649
7650
7651
7679
7834
7835
7836
7837
7838
7839
7893
7894
7895
8066
8067
8068
8069
8070
8071
8072
8073
8074
8075
8076
8077
8078
8079
8080
8081
8082
8083
8084
8161
8162
8163
8164
8165
8166
8167
8168
8169
8170
8171
8272
8273
8274
8275
8361
8362
8363
8364
8365
8366
8367
8466
8490
8491
8494
8495
8497
8499
8668
8675
8676
8678
8681
8682
8685
8686
8711
8712
8713
8714
8715
8716
8717
8718
8721
8724
8725
8794
8795
8796
8797
8798
8799
8800
8801
8871
8887
8888
8889
8896
8969
9019
9397
9403
9414
9415
9416
9417
9418
9419
9420
9421
9422
9423
9424
9425
9426
9427
9428
9429
9430
9431
9432
9433
9434
9435
9436
9437
9438
9439
9440
9441
9442
9443
9444
9445
9446
9447
9448
9449
9450
9451
9452
9453
9454
9455
9456
9466
9470
9471
9473
9474
9674
9675
9692
9697
9698
9699
9700
9701
9702
9703
9704
9705
9706
9707
9708
9709
9710
9711
9712
9713
9714
9715
9716
9717
9718
9729
9737
9765
9766
9767
9768
9769
9770
9771
9772
9773
9790
9791
9792
9793
9794
9795
9796
9797
9867
9869
10000
10001
10002
10003
10005
10012
10028
10029
10030
10033
10034
10035
10036
10037
10038
10039
10040
10041
10042
10043
10044
10045
10046
10047
10048
10140
10142
10144
10145
10146
10147
10148
10149
10150
10541
10544
10559
10560
10561
10562
10563
10564
10565
10566
10567
10568
10569
10570
10571
10572
10573
10574
10575
10576
10577
10578
10579
10580
10581
10582
10583
10584
10727
10738
10739
10740
10741
10742
10743
10744
10745
10746
10747
10748
10749
10750
10831
10837
10838
10856
10858
10867
10892
10897
10942
10953
10983
11054
11096
11098
11179
11180
11313
11357
11358
11361
11458
11459
11486
11487
11488
11597
11598
11618
11619
11620
11621
11622
11623
11637
11674
11686
11709
11711
11747
11751
11823
11854
11864
11888
11889
11890
11922
11923
11924
11925
11969
11970
11971
12094
12172
12219
12220
12221
12227
12228
12298
12450
12492
12514
12515
12619
12658
12745
12918
12947
13066
13067
13070
13071
13072
13073
13074
13075
13186
13187
13189
13190
13191
13331
13332
13333
13334
13335
13523
13526
13527
13528
13586
13587
13588
13589
13590
13591
13592
13593
13596
13888
13913
13914
13915
13916
13917
13918
13919
13920
13937
14023
14251
14252
14253
14281
14282
14283
14284
14477
14478
14502
14503
14563
14564
14565
14566
14595
14619
14620
14621
14622
14623
14624
14625
14699
14701
14711
14794
14805
14811
14894
14895
14898
14899
14903
14904
14905
14906
14907
14910
14911
14951
14952
14953
15100
15101
15102
15111
15113
15126
15127
15133
15136
15137
15143
15144
15408
15409
15410
15411
15412
15492
15493
15496
15635
15636
15637
15638
15639
15640
15658
15659
15660
15697
15984
15987
15988
15989
15991
15992
16148
16149
16150
16154
16422
16423
16424
16425
16426
16428
16431
16725
16809
16873
16878
16880
16882
16987
16989
16990
16991
16992
16993
16994
16995
16996
16997
16998
17001
17006
17008
17011
17325
17326
17332
17348
17456
17458
17483
17577
17709
17710
17938
17941
17942
17943
18048
18086
18095
18116
18295
18297
18311
18370
18411
18454
18464
18512
18660
18661
18662
18736
18737
18823
18844
18846
18847
18848
18911
19054
19055
19066
19104
19116
19121
19130
19131
19308
19468
19469
19470
19633
19795
19797
20053
20054
20055
20056
20057
20058
20060
20064
20230
20231
20666
20667
20668
20669
20983
20984
20986
20987
21220
21221
21436
21560
21570
21571
21572
21573
21580
21581
21619
21689
21706
21707
21964
22282
22283
22284
22285
22286
22292
22422
22423
22424
22845
22846
23276
23277
23282
23896
23897
23899
23900
23901
23902
23903
23905
23906
23909
23910
23911
23915
23917
23918
24301
24310
24314
24324
24326
24740
24782
25140
25146
25216
25259
25261
25474
25475
25476
25477
25478
25479
25480
25540
25541
25542
25548
25624
25695
25706
25709
25710
25715
25716
25717
25718
25722
25725
25759
25760
25761
25762
25768
25769
25998
26005
26007
26009
26011
26049
26056
26058
26092
26165
26166
26185
26186
26187
26188
26189
26192
26218
26219
26220
26221
26405
26406
26407
26408
26409
26410
26411
26412
26478
26479
26480
26481
26489
26507
26508
26510
26513
26514
26572
26573
26574
26578
26579
26590
26597
26598
26599
26600
26601
26602
26642
26643
26644
26645
26646
26647
26648
26649
26693
26872
26954
26955
27012
27026
27172
27196
27261
27277
27393
27395
27502
27503
27504
27505
27506
27507
27541
27542
27600
27601
27730
27732
27733
27752
27812
27858
27859
27860
27861
27873
27875
27876
27878
27910
27911
27912
27919
28129
28230
28231
28322
28323
28324
28325
28326
28327
28328
28329
28560
28562
28568
28569
28570
28571
28572
28573
28575
28624
28625
28627
28715
28716
28717
28718
28784
28785
28786
28787
28788
28815
28904
28905
28906
28907
28908
28909
28910
28911
28912
29065
29066
29096
29097
29098
29099
29100
29101
29102
29103
29104
29105
29106
29163
29185
29268
29269
29270
29271
29399
29400
29401
29423
29424
29430
29441
29442
29443
29444
29445
29491
29492
29499
29501
29503
29504
29637
29638
29647
29648
29649
29650
29654
29655
29656
29682
29683
29688
29689
29690
29906
29909
29911
29971
29972
29973
29982
30044
30045
30046
30047
30124
30132
30133
30134
30135
30136
30137
30138
30139
30143
30144
30145
30149
30150
30151
30185
30186
30282
30286
30287
30288
30327
30328
30329
30330
30331
30335
30336
30482
30483
30484
30485
30486
30487
30488
30489
30490
30491
30515
30517
30521
30522
30523
30583
30584
30588
30589
30590
30620
30865
30866
30887
31117
31118
31119
31131
31132
31133
31134
31138
31139
31140
31193
31194
31195
31200
31337
31339
31341
31394
31395
31396
31398
31510
31511
31512
31513
31525
31537
31560
31563
31633
31634
31635
31636
31637
31657
31663
31664
31665
31666
31667
31668
31669
31670
31701
31702
31703
31704
31705
31706
31707
31708
31778
31779
31780
31781
31782
31812
31813
31814
31891
31892
31893
31912
31925
32068
32069
32070
32071
32072
32073
32074
32075
32076
32077
32078
32079
32146
32147
32148
32149
32150
32151
32163
32164
32165
32166
32168
32169
32170
32171
32172
32229
32230
32231
32232
32244
32247
32248
32273
32274
32275
32325
32326
32374
32375
32376
32459
32495
32496
32497
32498
32499
32500
32502
32581
32616
32617
32618
32619
32620
32623
32624
32625
32639
32640
32744
32745
32746
32747
32765
32766
32767
32768
32839
32840
32841
32878
32879
32880
32881
32882
32883
32936
32937
32938
32939
32940
33002
33003
33004
33005
33006
33007
33008
33009
33010
33011
33012
33013
33014
33015
33020
33021
33059
33061
33062
33078
33082
33116
33122
33157
33158
33160
33161
33162
33163
33164
33176
33177
33178
33179
33254
33255
33303
33346
33347
33366
33392
33457
33458
33557
33558
33702
33703
33705
33706
33805
33806
33819
33820
34049
34050
34051
34272
34325
34326
34327
34347
34399
34685
34686
34697
34698
34718
34727
34832
35015
35030
35031
35032
35033
35034
35037
35095
35099
35205
35232
35531
35532
35637
36065
36085
36088
36106
36107
36108
36109
36110
36111
36112
36113
36114
36115
36116
36117
36118
36119
36120
36121
36122
36123
36124
36125
36126
36127
36128
36129
36130
36131
36132
36133
36135
36149
36151
36366
36367
36368
36369
36371
36372
36373
36374
36375
36376
36377
36378
36379
36397
36402
36405
36648
36649
36650
36925
36926
36927
36931
36971
36972
36973
36974
36981
36982
36983
36984
36985
36986
36987
37005
37006
37007
37008
37009
37010
37011
37012
37013
37014
37015
37016
37017
37018
37019
37020
37021
37034
37035
37036
37037
37039
37041
37048
37053
37164
37165
37166
37167
37168
37169
37170
37171
37172
37173
37174
37175
37193
37199
37200
37201
37202
37204
37205
37206
37446
37447
37867
37868
37894
37895
37896
37910
37911
37913
37916
37917
37919
37923
37924
37925
37927
38051
38052
38053
38055
38072
38075
38076
38078
38183
38184
38185
38186
38187
38190
38398
38403
38404
38405
38407
38454
38455
38456
38457
38458
38459
38460
38461
38462
38463
38464
38465
38466
38467
38468
38469
38470
38471
38472
38473
38475
38478
38484
38583
38584
38585
38586
38587
38588
38589
38590
38591
38592
38593
38594
38595
38596
38597
39158
39159
39160
39161
39162
39163
39164
39165
39166
39167
39168
39169
39170
39171
39172
39173
39174
39175
39176
39177
39178
39179
39180
39181
39182
39183
39184
39185
39370
39371
39372
39373
39374
39375
39376
39377
39378
39379
39380
39381
39382
39396
39397
39403
39428
39429
39430
39431
39432
39433
39435
39437
39440
39441
39445
39446
39447
39448
39449
39450
39451
39582
39584
39586
39587
39588
39589
39590
39591
39592
39593
39594
39595
39596
39599
39605
39607
39608
39609
39610
39611
39612
39633
39634
39635
39646
39647
39648
39649
39650
39651
39652
39653
39654
39655
39656
39745
39746
39747
39748
39749
39750
39751
39752
39753
39754
39755
39756
39757
39758
39889
39890
39891
39892
40405
40406
40421
40422
40423
40633
40634
40635
40636
40637
40638
40777
40778
40779
40780
40811
40812
41395
41396
41413
41442
41459
41462
41467
41474
41518
41580
41733
41737
41742
41743
41746
41747
41764
41768
41769
41770
41771
41797
41868
41870
41871
41872
41873
41883
41884
41885
41914
41915
41967
42059
42103
42121
42165
42166
42168
42169
42214
42243
42258
42259
42274
42275
42276
42277
42301
42313
42489
42556
42678
42679
42732
42733
42757
42810
42812
42814
42820
42838
42839
42892
42893
42894
42895
42896
42897
42939
42940
42941
42942
42943
42944
43041
43042
43043
43044
43058
43059
43060
43081
43082
43083
43084
43085
43095
43096
43104
43105
43110
43111
43118
43122
43129
43133
43159
43160
43161
43166
43194
43195
43196
43200
43201
43202
43236
43237
43238
43314
43361
43370
43404
43405
43406
43410
43413
43414
43452
43454
43552
43553
43558
43560
43618
43620
43623
43624
43632
43633
43764
43765
43766
43767
43779
43780
43837
44196
44197
44198
44206
44207
44208
44219
44220
44221
44222
44223
44224
44229
44230
44231
44232
44267
44268
44269
44276
44277
44278
44279
44280
44281
44282
44283
44319
44320
44321
44345
44510
44511
44512
44514
44515
44516
44517
44518
44519
44520
44521
44522
44523
44542
44543
44544
44545
44546
44574
44609
44610
44611
44704
45248
45249
45250
45251
45844
45845
45846
45847
45848
45849
45850
45851
45852
45853
45854
45855
45856
45857
45858
45859
45860
45861
45862
45863
45864
45865
45866
45867
45868
45869
45870
45871
45872
45873
45874
45875
45876
45877
45878
45879
45880
45881
45882
45883
45884
45885
45886
45887
45888
45889
45890
45915
45916
45917
45918
45919
45920
45921
45922
45923
45924
45925
45926
45927
45928
45929
45930
45931
45932
45948
45949
45950
45951
45952
45953
45954
45955
45956
45957
45958
45959
45960
45961
45962
45972
45973
45974
45975
45976
45977
45978
45979
45980
46185
46186
46187
46188
46189
46190
46191
46192
46193
46194
46195
46196
46197
46219
46220
46221
46222
46223
46224
46225
46226
46227
46228
46229
46230
46231
46232
46233
46234
46338
46339
46340
46341
46342
46343
46350
46351
46481
46482
46483
46487
46488
46489
46490
46491
46492
46493
46494
46495
46514
46515
46516
46517
46523
46524
46525
46526
46527
46528
46529
46530
46531
46532
46533
46534
46535
46536
46537
46538
46539
46540
46541
46542
46543
46544
46545
46546
46547
46548
46549
46550
46551
46552
46553
46554
46555
46631
46632
46633
46634
46635
46636
46637
46638
46639
46640
46641
46642
46643
46644
46645
46864
46865
46866
46867
47467
47468
47469
47470
47477
47478
47479
47480
47481
47482
47483
47484
47485
47486
47487
47488
47489
47490
47491
47492
47493
47494
47495
47496
47497
47498
47499
47500
47501
47502
47503
47504
47505
47506
47507
47508
47509
47510
47511
47512
47513
47514
47515
47516
47517
47518
47519
47520
47521
47522
47523
47524
47525
47526
47527
47528
47529
47530
47531
47532
47533
47534
47535
47536
47537
47538
47539
47540
47541
47542
47543
47544
47545
47546
47547
47548
47549
47550
47551
47552
47553
47554
47555
47556
47557
47558
47559
47560
47561
47562
47587
47588
47589
47590
47591
47592
47593
47594
47595
47596
47597
47598
47599
47600
47601
47602
47603
47604
47605
47606
47607
47608
47609
47610
47611
47612
47613
47614
47615
47616
47617
47618
47619
47620
47621
47622
47992
47993
47994
47995
47996
47997
47998
47999
48000
48001
48002
48003
48004
48005
48006
48007
48008
48009
48010
48011
48012
48013
48014
48015
48016
48017
48018
48019
48071
48072
48073
48074
48075
48076
48077
48078
48079
48080
48081
48082
48191
48192
48193
48200
48201
48202
48903
48904
48905
48906
48907
48908
48909
48910
48911
48912
48913
48914
48915
48916
48917
48918
48919
48920
48921
48922
48923
48924
48925
48926
48927
48928
48929
48930
48931
48932
48933
48934
48935
48936
48937
48938
48939
48940
48941
48942
48943
48944
48945
48946
48947
48948
48949
48950
48951
48952
48953
48954
48955
48956
48957
48958
48959
48960
48961
48962
48963
48964
48965
48966
48967
48968
48969
48970
48971
48972
48973
48974
48975
48976
48977
48978
48979
48980
48981
48982
48983
48984
48985
48986
48987
48988
48989
48990
49012
49013
49014
49015
49016
49017
49036
49037
49038
49039
49040
49041
49042
49043
49044
49045
49046
49047
49048
49049
49050
49051
49052
49053
49054
49055
49056
49060
49061
49062
49063
49064
49065
49066
49067
49068
49358
49359
49360
49361
49362
49363
49364
49365
49366
49367
49368
49369
49370
49371
49372
49373
49374
49375
49376
49377
49378
49379
49380
49381
49382
49383
49384
49385
49386
49387
49388
49389
49390
49391
49392
49393
49394
49395
49396
49397
49409
49410
49411
49412
49413
49414
49415
49416
49417
49418
49419
49420
49421
49422
49423
49424
49425
49426
49427
49428
49429
49435
49436
49437
49438
49439
49440
49523
49524
49525
49526
49527
49528
49529
49530
49531
49541
49542
49543
49544
49545
49546
49547
49548
49549
49567
49568
49569
49570
49571
49572
49903
49904
49905
49912
49913
49914
49921
49922
49923
49930
49931
49932
49933
49934
49935
49939
49940
49941
49942
49943
49944
49945
49946
49947
49948
49949
49950
49951
49952
49953
49954
49955
49956
49957
49958
49959
49964
49965
49966
49967
49968
49969
49970
49971
49972
49973
49974
49975
50017
50018
50019
50020
50021
50022
50023
50024
50025
50026
50027
50028
50029
50030
50031
50032
50033
50034
50035
50036
50037
50038
50039
50040
50041
50042
50043
50044
50045
50046
50047
50048
50049
50050
50051
50052
50053
50054
50055
50056
50057
50058
50215
50216
50217
50218
50219
50220
50221
50222
50223
50224
50225
50226
50227
50228
50229
50230
50231
50232
50233
50234
50235
50236
50237
50238
50239
50240
50241
50242
50243
50244
50245
50246
50247
50248
50249
50250
50251
50252
50253
50254
50255
50256
50257
50258
50259
50260
50261
50262
50699
50700
50701
50702
50703
50704
50705
50706
50707
50708
50709
50710
50711
50712
50713
50714
50715
50716
50717
50718
50719
50720
50721
50722
50723
50724
50725
50726
50727
50728
50729
50730
50731
50732
50733
50734
50856
50857
50858
50859
50860
50861
50862
50863
50864
50865
50866
50867
50868
50869
50870
50871
50872
50873
51087
51088
51089
51090
51091
51092
51096
51097
51098
51099
51100
51101
51102
51103
51104
51105
51106
51107
51108
51109
51110
51111
51112
51113
51114
51115
51116
51117
51118
51119
51120
51121
51122
51173
51174
51175
51176
51177
51178
51179
51180
51181
51353
51354
51355
51899
51900
51901
51902
51903
51904
52048
52049
52050
52051
52052
52053
52054
52055
52067
52068
52069
52070
52071
52072
52073
52074
52075
52076
52077
52078
52079
52128
52129
52130
52131
52132
52133
52134
52135
52136
52137
52138
52139
52140
52141
52289
52290
52291
52292
52293
52294
52295
52296
52297
52298
52299
52300
52313
52314
52315
52316
52317
52318
52319
52320
52321
52322
52323
52324
52325
52326
52327
52328
52329
52330
52331
52332
52333
52334
52335
52336
52375
52376
52377
52378
52379
52380
52381
52382
52383
52384
53058
53059
53060
53061
53062
53063
53064
53065
53066
53067
53068
53069
53070
53071
53072
53073
53074
53075
53192
53193
53194
53195
53196
53197
53198
53199
53200
53201
53202
53203
53216
53217
53218
53264
53265
53266
53267
53268
53269
53270
53271
53272
53429
53430
53431
53432
53433
53434
53453
53454
53455
53456
53457
53458
53459
53460
53461
53462
53463
53464
53465
53466
53467
53468
53469
53470
53471
53472
53473
53537
53538
53539
53540
53541
53542
53543
53544
53545
53546
53547
53548
53549
53550
53551
53552
53553
53554
53555
53556
53557
53558
53559
53560
53561
53562
53563
53564
53565
53566
53759
53760
53761
53765
53766
53767
53768
53769
53770
53777
53778
53779
53780
53781
53782
53816
53817
53818
53819
53820
53821
53822
53823
53824
53834
53835
53836
53837
53838
53839
57057
57058
57059
57060
57061
57062
57063
57064
57065
57152
57153
57160
57161
57162
57163
57164
57165
57256
57257
57258
57259
57260
57261
57262
57263
57264
58198
58199
58203
58204
58205
58231
58232
58233
58234
58235
58236
58237
58238
58239
58240
58241
58297
58298
58299
58300
58301
58302
58516
58517
58518
58525
58526
58527
58528
58529
58530
58546
58547
58548
58549
58550
58551
58552
58553
58554
58570
58571
58572
58573
58574
58575
58582
58583
59094
59095
59096
)


// ************************************************************************* //
