/*--------------------------------*- C++ -*----------------------------------*\
  =========                 |
  \\      /  F ield         | OpenFOAM: The Open Source CFD Toolbox
   \\    /   O peration     | Website:  https://openfoam.org
    \\  /    A nd           | Version:  8
     \\/     M anipulation  |
\*---------------------------------------------------------------------------*/
/*   Windows 32 and 64 bit porting by blueCAPE: http://www.bluecape.com.pt   *\
|  Based on Windows porting (2.0.x v4) by Symscape: http://www.symscape.com   |
\*---------------------------------------------------------------------------*/
FoamFile
{
    version     2.0;
    format      ascii;
    class       labelList;
    note        "nPoints: 7200 nCells: 5051 nFaces: 17152 nInternalFaces: 15367";
    location    "constant/air/polyMesh";
    object      neighbour;
}
// * * * * * * * * * * * * * * * * * * * * * * * * * * * * * * * * * * * * * //


15367
(
1
3164
3341
3162
3234
7
77
738
740
742
1039
1040
1041
1042
1259
1978
83
84
762
763
764
765
1037
1099
6
90
91
776
777
778
779
1054
1101
11
77
97
752
754
756
1050
1055
1056
1273
1400
1988
101
102
790
791
792
793
1045
1100
738
740
741
1262
77
738
745
749
750
1263
12
108
110
804
805
806
807
1264
1286
115
116
818
819
820
821
1267
1290
745
752
754
755
1269
126
128
838
839
840
841
1292
2008
19
82
114
329
330
331
30
85
140
141
502
503
504
505
25
117
146
147
148
22
31
87
153
154
544
545
546
547
23
26
119
160
161
162
88
120
336
337
338
100
107
343
344
345
27
32
103
168
169
586
587
588
589
28
50
109
174
175
176
33
105
181
182
628
629
630
631
51
112
188
189
190
29
106
113
350
351
352
323
357
358
359
51
324
364
365
366
59
92
200
201
670
671
672
673
58
127
206
207
208
94
129
375
376
377
317
382
385
870
871
872
873
33
318
388
392
882
884
886
887
59
319
396
399
896
899
900
901
320
402
406
910
912
914
915
60
138
145
224
225
226
75
139
229
230
2081
47
146
409
410
2084
63
76
143
232
233
2087
48
65
150
412
413
2090
144
151
235
236
237
66
166
173
240
241
242
53
98
167
245
246
2093
54
121
174
415
416
2096
69
99
170
248
249
2099
71
122
178
418
419
2102
55
172
179
251
252
253
48
49
194
356
2105
48
49
357
409
2504
196
360
413
858
2108
362
2507
58
321
421
422
425
322
428
429
430
72
198
205
260
261
262
136
199
265
266
2111
132
206
435
436
2114
203
209
268
269
270
73
133
211
438
439
2117
74
137
204
273
274
2120
325
441
442
445
326
449
452
924
927
928
929
152
159
277
278
279
67
155
220
282
283
2123
68
161
195
459
460
2126
157
221
285
286
2129
70
158
163
288
289
290
165
196
462
463
2132
180
187
293
294
295
183
222
298
299
2135
190
256
465
466
2138
184
223
301
302
2141
186
192
304
305
306
193
257
468
469
2144
212
216
309
310
311
215
471
472
1276
2147
219
276
314
315
2150
381
474
475
2153
221
383
477
478
2156
745
747
749
1046
1047
1048
1049
1260
1979
79
80
1036
1041
1042
1259
2062
81
96
1044
1048
1049
1260
2061
1036
1037
1042
1036
1043
1044
1048
86
88
100
329
331
332
739
766
768
769
772
86
101
769
770
771
772
1038
1104
86
88
740
1039
317
759
760
763
104
742
1040
105
318
766
767
770
336
337
339
744
760
761
762
765
93
94
371
372
753
780
782
783
785
944
972
1402
93
94
102
754
1055
93
783
784
785
786
1052
1108
1403
103
326
773
774
777
756
1050
1406
106
375
376
378
757
773
775
776
778
780
781
784
946
1094
1407
97
1051
1053
1056
1273
1275
2069
1050
1051
1056
2040
136
395
480
481
2159
223
397
483
484
2162
104
106
343
345
346
746
794
796
797
799
104
797
798
799
800
1043
1105
104
106
747
1046
319
787
788
791
749
1047
320
794
795
798
350
351
353
751
788
789
790
792
111
113
114
344
345
347
746
808
810
811
813
111
113
126
748
1991
127
321
801
802
805
111
116
811
812
813
814
1287
1992
118
750
1993
119
322
808
809
812
129
350
352
354
751
802
803
804
807
118
120
330
331
334
739
822
824
825
827
118
120
741
1998
118
825
826
827
828
1291
1999
323
815
816
819
743
2000
324
822
823
826
336
338
340
744
816
817
818
821
132
421
829
830
2165
257
423
832
833
2168
124
259
424
833
834
2171
135
427
830
831
2531
129
130
371
373
753
842
844
845
847
944
971
1409
129
130
755
2009
325
835
836
839
130
845
846
847
848
1293
1411
2006
375
377
380
757
835
837
838
840
758
1413
2007
842
843
846
945
1294
1414
441
849
850
2174
443
852
853
1276
2177
135
444
853
854
1277
2180
446
850
851
2534
448
486
487
2183
276
450
489
490
2186
152
335
492
493
496
381
499
500
503
142
154
382
509
510
511
512
759
142
337
516
517
518
519
760
156
339
495
496
497
498
761
157
383
506
507
510
341
513
514
517
159
335
520
521
524
150
357
409
410
411
528
529
530
533
149
150
162
358
815
149
338
530
531
532
533
816
164
340
523
524
525
526
817
165
360
412
413
414
520
522
523
525
341
527
528
531
328
534
535
538
156
181
329
558
559
560
561
766
156
388
551
552
553
554
767
183
389
541
542
545
332
537
538
539
540
768
390
548
549
552
186
333
555
556
559
328
562
563
566
164
188
330
572
573
574
575
822
165
190
365
459
460
461
570
571
572
575
164
165
366
823
192
333
569
570
573
334
565
566
567
568
824
367
462
463
464
563
564
565
568
180
349
576
577
580
199
395
583
584
587
171
182
396
593
594
595
596
787
171
200
351
600
601
602
603
788
184
397
590
591
594
185
353
579
580
581
582
789
203
355
597
598
601
187
349
604
605
608
178
206
415
416
417
421
612
613
614
617
177
178
189
422
801
177
207
352
614
615
616
617
802
191
354
607
608
609
610
803
193
418
419
420
423
604
606
607
609
209
355
611
612
615
342
618
619
622
185
343
642
643
644
645
794
185
402
635
636
637
638
795
403
625
626
629
404
632
633
636
346
621
622
623
624
796
348
639
640
643
342
646
647
650
191
344
656
657
658
659
808
191
193
429
809
193
430
465
466
467
654
655
656
658
347
649
650
651
652
810
348
653
654
657
431
468
469
470
647
648
649
652
197
363
858
860
2189
256
365
855
856
2192
367
858
859
2195
258
368
856
857
2549
216
374
660
661
664
448
667
668
671
202
376
677
678
679
680
773
202
217
449
684
685
686
687
774
218
378
663
664
665
666
775
379
674
675
678
219
450
681
682
685
212
374
688
689
692
211
435
436
437
441
696
697
698
700
210
377
698
699
700
701
835
210
211
213
442
836
379
695
696
699
214
380
691
692
693
694
837
215
438
439
440
443
689
690
691
694
370
702
703
706
214
215
843
945
1297
373
705
706
707
708
844
954
471
472
473
703
704
705
708
955
1298
370
709
710
713
218
455
719
720
721
722
781
946
372
712
713
714
715
782
957
456
716
717
720
222
389
723
724
2198
390
726
727
2201
403
729
730
2204
404
732
733
2207
227
232
277
492
2210
228
279
412
520
2211
227
228
235
493
521
234
238
494
2582
239
414
522
2583
231
233
474
499
2212
231
236
500
2215
234
238
501
2584
234
285
506
2217
234
477
507
2219
508
2586
238
239
513
527
238
514
2222
239
410
528
2223
515
2588
411
529
2589
243
248
293
576
2224
244
295
418
604
2225
243
244
251
577
605
250
254
578
2590
255
420
606
2591
247
249
480
583
2226
247
252
265
584
2229
250
254
585
2592
250
301
590
2231
250
483
591
2233
592
2594
254
255
597
611
254
269
598
2236
255
270
416
612
2237
599
2596
417
613
2597
430
861
862
2238
431
864
865
2241
259
432
862
863
2244
433
865
866
2247
263
264
268
660
688
264
310
438
689
2250
263
273
311
661
2251
271
275
662
2598
272
440
690
2599
267
269
667
2252
267
274
486
668
2254
271
275
669
2600
271
272
674
695
271
675
2257
272
435
696
2258
676
2602
437
697
2603
275
314
681
2259
275
489
682
2261
683
2604
456
735
736
2264
280
285
534
2267
280
281
288
535
562
281
462
563
2268
287
291
536
2612
292
464
564
2613
284
286
541
723
2269
284
289
299
542
2272
287
291
543
2614
287
548
2274
287
549
726
2276
550
2616
291
292
555
569
291
305
556
2279
292
306
459
570
2280
557
2618
461
571
2619
296
301
618
2281
296
297
304
619
646
297
468
647
2282
303
307
620
2620
308
470
648
2621
300
302
625
729
2283
300
305
626
2286
303
307
627
2622
303
632
2288
303
633
732
2290
634
2624
307
308
639
653
307
640
2293
308
465
654
2294
641
2626
467
655
2627
312
313
702
709
966
312
471
703
2295
313
314
710
2296
473
704
969
2628
316
711
970
2629
316
716
2297
316
717
735
964
2299
718
965
2630
1057
1058
1060
320
1064
1065
1067
326
1071
1072
1074
1078
1079
1081
322
325
422
425
426
801
805
806
1286
324
428
429
434
809
812
814
1287
324
358
359
361
815
819
820
1290
364
366
369
823
826
828
1291
442
445
447
836
839
841
1292
1294
1085
1086
1088
784
1092
1094
1097
1108
1129
332
333
334
335
535
538
539
562
566
567
332
333
343
333
334
344
332
334
336
339
348
555
559
560
569
573
574
340
339
340
341
493
496
498
521
524
526
339
340
339
341
340
341
513
517
518
527
531
532
346
347
348
349
619
622
623
646
650
651
346
348
347
348
346
347
350
353
354
639
643
645
653
657
659
353
354
355
577
580
582
605
608
610
353
354
353
355
376
354
355
377
379
597
601
602
611
615
616
360
361
362
363
360
362
360
361
366
361
362
367
369
367
368
369
368
369
428
367
368
430
855
856
857
367
369
858
859
860
432
372
373
374
702
706
707
709
713
714
973
372
373
375
944
378
972
380
971
378
379
380
660
664
665
688
692
693
378
380
378
379
379
380
674
678
680
695
699
701
867
868
870
386
388
877
878
879
880
1057
390
874
875
877
386
387
391
875
876
879
880
2510
386
387
1058
393
1059
868
869
872
873
2513
393
890
891
893
894
1064
403
881
882
883
888
889
890
393
394
889
892
893
894
2552
393
394
406
1065
1066
408
883
885
886
887
2561
448
895
896
897
400
402
903
906
907
908
1071
404
902
903
904
400
401
405
904
905
907
908
1110
2522
400
401
452
1072
1112
407
1073
1114
453
897
898
900
901
1116
2528
407
917
919
921
922
1078
909
910
911
916
917
918
407
408
918
920
921
922
2564
407
408
1079
1080
911
913
914
915
2573
411
413
2302
411
2305
414
2632
414
462
2307
414
2309
2634
417
419
829
2312
417
435
2315
420
2636
420
468
2317
420
832
2319
2638
423
427
441
829
830
831
423
426
429
424
431
832
833
834
426
427
433
426
427
445
434
446
432
434
431
434
431
432
861
862
863
433
864
865
866
433
434
437
2322
437
439
849
2324
440
2640
440
471
2327
440
852
2329
2642
443
446
849
850
851
443
447
1297
444
852
853
854
1298
446
447
1300
446
447
1301
923
924
925
454
455
931
934
935
936
1085
456
930
931
932
453
454
457
932
933
935
936
1121
2537
453
454
1086
1123
925
926
928
929
1125
2540
458
1087
1126
458
938
940
942
943
948
1095
937
938
939
458
939
941
942
943
980
1117
2606
978
1096
1119
461
465
2332
461
463
855
2334
464
2644
464
2337
464
859
2339
2646
467
2342
467
469
861
2344
470
2648
470
2347
470
864
2349
2650
473
2352
473
982
1302
2354
983
2652
476
477
867
2357
476
868
2516
479
869
2519
479
874
2360
479
727
875
2363
876
2654
482
483
895
2366
482
487
897
2369
485
898
2657
485
902
2372
485
733
904
2525
905
2660
488
489
923
2375
488
925
2543
491
926
2546
491
930
2378
491
736
932
2381
933
2663
494
497
506
534
494
498
513
495
508
515
497
498
509
516
497
498
538
511
540
518
501
504
507
867
501
505
514
502
508
515
504
505
509
516
504
505
870
512
871
519
508
511
548
508
512
874
509
511
512
511
512
552
877
553
878
515
518
515
519
516
518
519
518
519
522
525
563
522
526
527
523
529
525
526
530
525
526
566
568
532
529
532
529
533
530
532
533
532
533
536
540
548
536
539
555
537
550
557
539
540
551
558
539
540
560
553
543
547
549
881
543
546
556
626
544
550
557
546
547
551
558
546
547
629
882
561
630
554
884
550
553
550
554
888
551
553
554
553
554
890
891
557
560
557
561
640
558
560
561
560
561
643
644
564
567
569
564
568
565
571
567
568
572
567
568
574
571
574
571
575
654
572
574
575
574
575
657
658
578
581
590
618
578
582
597
579
592
599
581
582
593
600
581
582
622
595
624
602
585
589
591
895
585
588
598
667
586
592
599
588
589
593
600
588
589
671
896
603
672
596
899
592
595
632
592
596
902
593
595
596
595
596
636
903
637
906
599
602
599
603
675
600
602
603
602
603
678
679
606
609
647
606
610
611
607
613
609
610
614
609
610
650
652
616
613
616
613
617
696
614
616
617
616
617
699
700
620
624
632
620
623
639
621
634
641
623
624
635
642
623
624
645
637
627
631
633
909
627
630
640
628
634
641
630
631
635
642
630
631
910
644
638
912
634
637
634
638
916
635
637
638
637
638
917
919
641
645
641
644
642
644
645
644
645
648
651
653
648
652
649
655
651
652
656
651
652
659
655
659
655
658
656
658
659
658
659
662
665
674
662
666
681
710
663
676
683
665
666
677
684
665
666
713
680
686
715
669
672
675
669
673
682
923
670
676
683
672
673
677
684
672
673
924
679
687
927
676
680
676
679
677
679
680
679
680
683
686
716
683
687
930
684
686
687
686
687
720
931
721
934
690
693
695
690
694
703
691
697
693
694
698
693
694
706
701
708
697
701
697
700
698
700
701
700
701
704
707
985
704
708
705
987
707
708
988
707
708
991
711
714
999
711
715
716
712
718
1001
714
715
719
1002
714
715
1005
721
718
721
718
722
937
993
719
994
721
722
995
721
722
938
940
998
725
726
881
2384
725
730
883
2387
728
885
2666
728
888
2390
728
889
2555
892
2558
731
732
909
2393
731
911
2576
734
913
2579
734
916
2396
734
918
2567
920
2570
737
937
1012
2399
737
939
2609
941
1014
2669
742
743
1262
742
743
744
746
742
744
743
744
1262
749
750
1262
747
748
1263
749
750
751
749
751
754
750
751
755
1263
1263
757
756
758
1269
1853
756
757
758
1854
756
757
757
758
1269
1857
1269
1858
761
764
767
1057
761
765
762
768
764
765
769
764
765
1060
771
1061
768
772
794
768
771
1064
769
771
772
771
772
798
1067
1068
799
775
778
788
775
779
781
1085
776
782
778
779
783
778
779
791
1088
792
786
1089
782
785
957
1923
782
786
1095
783
785
786
785
786
1927
1928
1097
789
793
795
1071
789
792
790
796
792
793
797
792
793
1074
800
1075
796
799
796
800
1078
797
799
800
799
800
1081
1082
803
806
809
803
807
835
804
810
806
807
811
806
807
839
814
840
810
813
822
810
814
811
813
814
813
814
826
827
817
820
823
817
821
818
824
820
821
825
820
821
828
824
827
824
828
825
827
828
827
828
831
832
2402
831
850
2405
834
2672
834
2408
834
865
2411
2675
837
840
837
841
843
838
844
840
841
845
840
841
848
844
847
954
1937
844
848
1294
845
847
848
847
848
1294
1941
1942
1294
851
852
2414
851
2417
854
2678
854
2420
854
1303
2423
2681
857
859
2426
857
862
2429
860
2684
860
2432
860
2435
2687
863
864
2438
863
2441
866
2690
866
2444
866
2447
2693
869
871
874
869
873
872
876
871
873
872
878
873
879
876
878
876
880
889
879
878
880
890
879
880
894
884
885
888
884
887
910
885
887
911
886
891
886
892
887
893
915
891
892
892
894
891
894
893
893
894
898
899
902
899
901
924
898
901
925
900
905
900
906
901
907
929
905
906
906
908
917
905
908
918
907
907
908
922
912
913
916
912
915
913
915
914
919
914
920
915
921
919
920
919
922
920
922
921
921
922
926
927
930
927
929
926
929
928
933
928
934
929
935
933
934
934
936
938
933
936
939
935
935
936
943
940
941
1029
940
943
941
943
942
1032
942
1033
943
1034
971
972
1328
954
955
1331
1361
948
957
995
996
997
998
1332
948
974
1016
1018
1020
1021
1131
1138
1332
978
1030
1032
1034
1035
1094
951
953
960
1480
1481
2450
955
981
982
1382
1470
2453
958
962
963
964
2456
956
959
966
967
968
1383
958
975
984
1819
1820
971
988
989
990
991
1435
981
982
983
986
987
988
990
1436
1693
973
985
986
989
1438
972
1002
1003
1004
1005
1442
979
992
993
996
973
999
1000
1003
1445
962
975
1006
1007
2459
976
1009
1010
1363
1385
2462
979
1012
1013
2465
965
968
992
1480
2468
965
993
1012
2470
970
994
2705
969
970
985
999
969
981
986
1484
2473
970
1000
1485
2474
983
987
2707
1001
2708
973
1592
973
1593
985
989
991
999
1003
1005
1596
1024
1025
1026
1028
1132
1139
1443
1452
979
1015
1016
1017
1022
1023
1024
1446
1453
980
1017
1019
1020
1021
1130
1131
1184
2696
980
1093
1131
1195
1029
1030
1031
1031
1033
1034
1035
1197
2699
983
1725
2475
983
1960
2477
2709
996
1016
1332
1823
1824
987
991
987
990
1806
988
990
991
990
991
1809
1811
994
997
1000
1819
994
998
1029
995
1001
997
998
1002
997
998
1030
1004
1823
1032
1001
1005
1001
1004
1826
1002
1004
1005
1004
1005
1829
1831
1008
1010
1015
1481
2480
1008
1013
1017
2483
1011
1019
2711
1011
1022
1694
2498
1011
1023
1489
2486
1027
2501
1014
1029
2489
1014
1031
2702
1033
2714
1018
1019
1023
1820
1018
1021
1030
1019
1021
1031
1020
1025
1824
1020
1027
1021
1028
1035
1026
1027
1130
1953
1025
1027
1833
1025
1026
1836
1957
1028
1838
1028
1130
1959
1028
1130
1130
1032
1033
1032
1035
1033
1035
1034
1034
1035
1038
1041
1038
1039
1040
1043
1040
1042
1041
1047
1042
1048
1045
1047
1045
1049
1053
1046
1054
1047
1049
1055
1048
1049
1056
1052
1055
2041
1052
1053
2042
1054
2043
1054
1056
1055
1056
1059
1061
1064
1059
1063
1062
1066
1061
1063
1099
1062
1068
1099
1063
1069
1099
1099
1066
1068
1066
1070
1079
1069
1068
1070
1081
1104
1069
1104
1070
1104
1084
1104
1073
1075
1078
1073
1077
1086
1106
1076
1080
1106
1075
1077
1088
1100
1076
1082
1100
1077
1083
1100
1106
1091
1100
1106
1080
1082
1080
1084
1083
1082
1084
1105
1083
1105
1084
1105
1105
1087
1089
1095
1087
1091
1109
1090
1096
1109
1089
1091
1101
1090
1097
1101
1091
1098
1101
1109
1101
1109
1093
1098
1107
1108
1136
1094
1096
1107
1137
1095
1138
1096
1097
1098
1107
1098
1108
1107
1108
1104
1101
1105
1108
1103
1106
1111
1112
1113
1109
1122
1123
1124
3212
1105
1109
1111
1112
1114
1109
1118
1119
1153
1157
1195
4116
1158
1122
1123
1126
3213
1114
1115
1116
2717
1114
1115
1114
1116
1123
1115
1116
1124
2720
2723
1125
2726
1119
1120
1121
1197
2492
1119
1120
1122
1153
4117
1126
1195
1127
1196
2495
4118
1125
1126
1127
2729
1126
1127
3214
1125
1126
1125
1127
2732
3215
2735
2738
3216
1133
1134
1175
1222
1337
1405
1136
1138
1142
1158
1927
1132
1160
1181
1227
1230
1232
2782
1132
1137
1182
1140
1163
1183
1135
1139
1223
1452
1916
1135
1146
1175
1225
1920
1142
1146
1224
1921
1137
1141
1157
1158
1138
1140
1157
1139
1407
1140
1142
1924
1141
1157
1223
1142
1157
1158
1224
1158
1929
1156
1240
1242
1243
1275
3175
4115
1145
1156
1174
1242
1245
1246
1525
3173
3175
3183
3184
4188
1146
1174
1175
1317
3183
1158
1224
1225
1245
1312
3180
1149
1177
1185
1186
1190
1191
1354
2055
3178
1216
1217
1219
1582
2741
4329
1215
1217
1218
1221
1353
1584
2058
4139
1152
1180
1186
1187
1188
3179
1154
1160
1192
1193
2744
1155
1162
1168
1169
2747
1195
1196
3177
4160
1198
1199
1236
2748
1166
1171
1172
2751
3179
1240
1242
1246
4373
1159
1182
1183
3177
3181
3198
3202
3203
4155
4312
1159
1244
1403
1241
3180
4158
1226
1227
1230
1236
1163
1165
1178
1204
1205
1206
1207
1222
1337
1166
1180
1201
1202
1205
1167
1223
1229
1230
1231
1232
1452
1167
1181
1233
1235
1238
4350
1167
1211
1212
1213
1214
3187
3201
4307
1208
1209
1212
3189
1183
1235
1238
1239
3202
4308
1170
1171
1192
1201
2752
1170
1187
1202
1472
2754
1194
1203
1474
2785
1173
1198
1208
2755
1173
1209
2757
3194
4171
1200
1210
2789
4173
1176
1533
3172
3184
1176
1178
1179
1222
1225
1535
2050
2053
3185
1537
2052
3172
3182
1179
1180
2052
2054
3186
1179
1180
2050
3187
2052
2053
3188
1186
1187
1190
1202
1205
1206
1588
3189
1183
1184
1233
1236
1238
2758
4313
1183
1184
1195
3177
4312
1197
2761
3190
1189
1190
1191
1218
1680
1190
1191
3192
1189
1190
1682
1189
1191
1216
2787
3193
1220
1684
2788
1686
1215
3195
1194
1198
1226
2764
1194
1227
1694
2767
1228
1696
2791
1197
1197
2770
3190
4276
2773
1200
1237
2776
1200
1233
2779
4266
1234
2801
4268
1203
1207
1208
1226
1203
1206
1839
1204
1228
1841
1206
1207
1229
1842
1206
1207
1212
1844
1214
1231
1210
1214
1237
1210
1213
3189
4285
1211
1234
4287
1213
1214
1235
4288
1213
1214
3189
3189
4290
1239
1216
1217
1218
4331
1220
2797
4332
1221
1582
4333
1220
1221
1846
1220
1221
1582
1848
2794
1850
2799
1582
1852
1223
1225
3201
1224
3202
1225
3203
3204
1228
1231
1237
1228
1232
1953
1229
1955
1231
1232
1956
1231
1232
1238
1239
1959
1234
1236
4351
1235
1237
4352
1239
4354
1237
1238
1239
1239
1241
1243
4374
1244
1246
4375
1243
1245
2044
1244
2042
1245
2043
1246
2045
3180
4376
1248
1980
1981
1982
1983
2063
2064
2065
2066
1249
1984
1985
1989
1990
2070
2071
2072
2073
1397
2075
2076
2077
2078
3205
1307
1395
1396
2074
2075
2076
3205
1255
1261
1262
1265
1261
1268
1269
1272
1987
1278
1285
1287
1289
1282
1285
1292
1295
1977
1978
1982
1268
1984
1986
1987
2079
2060
2062
2063
2060
2067
2069
2071
1260
1980
2064
1273
1981
2065
1263
1266
1977
1263
1978
1998
2000
2001
2004
1269
1979
1991
1993
1994
1997
1278
1991
1992
1995
2008
1266
1279
2001
2002
2003
2004
1272
1280
1994
1995
1996
1997
1281
1998
1999
2002
1271
1305
1398
1270
1398
1988
2007
2009
2011
1272
2005
2007
2011
2034
1272
1283
1399
1495
2033
2034
2035
1284
2005
2010
2011
1274
1989
2070
1275
1400
1520
1985
2072
1401
1521
2040
2042
2044
2068
1298
1302
1303
2804
1300
1303
1304
1471
2807
1280
1281
1282
1285
1286
1287
1992
1995
1996
1280
1281
1284
1288
1289
1290
1291
1999
2002
2003
1284
1292
1293
1295
1500
2005
2006
2008
2010
1284
1500
1502
1286
1287
1292
1291
1289
1290
1291
1291
1293
1294
1295
1526
1296
1297
1301
1361
1529
1530
1299
1301
1361
1613
1298
1301
1361
1300
1302
1303
1304
1693
1300
1471
1617
1693
1301
1304
1960
2810
1304
2813
1962
2972
1491
1493
1495
2079
1310
1316
1319
1492
1506
2012
2013
2016
2017
1308
1309
1491
1492
1494
1497
1506
1508
1511
1395
1498
1505
1506
1511
1501
1504
1513
1515
1517
1518
1395
1396
1519
1522
1523
1320
1327
1847
1848
1849
2816
1317
1403
1404
1919
1920
1921
1922
2045
1318
1398
1400
1853
1855
1856
1315
1321
1410
1411
1933
1934
1935
1936
2038
1325
1500
1526
1527
1528
1507
1522
1532
1533
1536
1537
1553
1554
1557
1559
3172
1525
1533
1534
1535
1493
1519
2012
2014
2015
1323
1494
1508
1546
1548
1550
1552
1553
1555
1558
1559
1324
1540
1541
1542
2975
1325
1496
1547
1548
1549
1326
1510
1554
1555
1556
4122
1501
1513
1567
1568
1572
1573
1574
1575
1578
1579
1327
1561
1562
1563
2978
1503
1568
1569
1570
1516
1575
1576
1577
4384
1860
1861
1862
2981
1402
1409
1592
1593
1594
1337
1339
1405
1422
1423
1766
1767
1768
1769
1334
1340
1412
1428
1429
1430
1335
1414
1435
1436
1437
1407
1442
1443
1822
1823
1824
1343
1408
1415
1599
1600
1601
1347
1527
1606
1607
1608
1361
1529
1613
1614
1615
1349
1531
1620
1621
1452
1842
1843
1844
1845
2050
1342
1344
1532
1546
1553
1867
1868
1872
1873
1535
1625
1626
1627
2050
1347
1549
1632
1633
1634
1348
1556
1639
1640
1641
2051
1537
1557
1624
1626
1628
1630
1638
1640
1642
1643
2052
1538
1551
1868
1869
1870
1350
1552
1558
1631
1634
1636
1637
1638
1641
1643
1644
1350
1567
1574
1666
1667
1670
1672
1673
1674
1677
1679
1378
1646
1647
1648
2984
1569
1653
1654
1655
1576
1660
1661
1662
2023
1571
1667
1668
1669
1572
1578
1652
1655
1657
1658
1659
1661
1664
1665
1580
1674
1675
1676
2027
1362
1365
1588
1681
1682
1683
1354
1367
1583
1589
1846
1849
1851
1852
1368
1590
1680
1683
1685
1686
2054
1381
1420
1427
1454
1455
1456
1362
1365
1421
1459
1460
2819
1366
1417
1428
1687
1688
2820
1384
1418
1432
1690
1691
2821
1363
1385
1425
1462
1463
2824
1369
1426
1433
1465
1466
1467
1693
1451
1472
1473
2827
1453
1694
1695
2828
1368
1370
1624
1631
1638
1704
1705
1709
1710
1625
1698
1699
1700
1373
1632
1875
1876
1877
1368
1370
1374
1539
1542
1543
1545
1639
1628
1642
1697
1699
1701
1703
1629
1635
1705
1706
1707
1377
1637
1644
1874
1877
1879
1880
1375
1377
1388
1652
1659
1888
1889
1893
1894
1389
1581
1712
1713
1714
2831
1417
1653
1882
1883
1884
1375
1377
1560
1563
1565
1566
1583
1660
1393
1585
1663
1711
1713
1716
1717
1394
1419
1656
1889
1890
1891
1657
1664
1881
1884
1886
1887
1895
1896
1898
2987
1586
2019
2021
2025
2028
4133
1723
2026
2028
2031
4379
1434
1441
1475
1476
1477
1436
1448
1725
1726
2834
1438
1445
1483
1484
1485
1440
1449
1728
1729
2837
1446
1488
1489
2840
1416
1619
1731
1732
2843
1394
1419
1623
1734
1735
2846
1392
1393
1666
1673
1909
1910
1913
1915
1718
1738
1739
1740
2990
1668
1903
1904
1905
1392
1393
1645
1648
1649
1650
1675
1719
1670
1677
1902
1904
1906
1908
1678
1720
1737
1739
1741
1742
1671
1910
1911
1912
1505
1506
1507
1522
1523
1524
3206
4180
1492
2074
2075
2080
1520
1521
1523
1524
2067
2068
2072
2073
3206
1399
1493
1853
1856
1858
1986
2034
2037
2039
1496
2033
2034
2039
1401
1519
1853
1855
1857
1986
2040
2041
2046
1525
2040
2044
2046
1406
1408
1593
1594
1595
1854
1923
1925
1926
1928
1406
1926
1927
1928
1929
2043
1406
1408
1534
1855
2046
1535
1916
1917
1920
1857
2041
1923
1924
1927
1538
1599
1600
1602
1859
1917
1918
1919
1922
1413
1415
1592
1594
1597
1854
1937
1939
1940
1942
1413
1415
1547
1856
2039
1413
1526
1940
1941
1942
1943
2036
1527
1549
1930
1931
1934
1858
2037
1529
1937
1938
1941
1551
1599
1601
1603
1859
1931
1932
1933
1936
1447
1605
1744
1745
2847
1606
1747
1748
2850
1449
1609
1750
1751
2851
1611
1753
1754
2854
1441
1598
1756
1757
1760
1451
1625
1763
1764
1767
1424
1443
1452
1773
1774
1775
1776
1916
1424
1600
1627
1780
1781
1782
1783
1917
1444
1602
1759
1760
1761
1762
1918
1446
1453
1770
1771
1774
1604
1629
1777
1778
1781
1434
1598
1784
1785
1788
1432
1606
1632
1687
1688
1689
1792
1793
1794
1797
1431
1432
1437
1607
1930
1431
1601
1633
1794
1795
1796
1797
1931
1439
1603
1787
1788
1789
1790
1932
1440
1609
1690
1691
1692
1784
1786
1787
1789
1604
1635
1791
1792
1795
1591
1798
1799
1802
1439
1592
1808
1809
1810
1811
1937
1440
1614
1725
1726
1727
1806
1807
1808
1811
1439
1440
1615
1938
1596
1805
1806
1809
1597
1801
1802
1803
1804
1939
1616
1728
1729
1730
1799
1800
1801
1804
1591
1812
1813
1816
1444
1593
1828
1829
1830
1831
1923
1444
1835
1836
1837
1838
1924
1595
1815
1816
1817
1818
1925
1596
1825
1826
1829
1832
1833
1836
1612
1944
1945
2855
1470
1614
1947
1948
2858
1616
1950
1951
2861
1471
1617
1945
1946
1948
1949
2864
1588
1839
1840
1843
1956
1957
1958
1959
1953
1954
1957
1458
1476
1690
1784
2867
1457
1462
1477
1756
2868
1457
1458
1465
1757
1785
1464
1468
1758
3006
1469
1692
1786
3007
1461
1463
1473
1763
2869
1461
1466
1700
1764
2871
1464
1468
1765
3008
1464
1488
1770
2872
1464
1695
1771
2874
1772
3012
1468
1469
1777
1791
1468
1706
1778
2877
1469
1688
1707
1792
2878
1779
3014
1689
1793
3015
1693
1960
1961
2879
1961
1962
3017
1474
1682
1839
2882
1474
1695
1840
2883
1696
1841
3020
1478
1479
1483
1798
1812
1478
1728
1799
2885
1479
1488
1813
2886
1486
1730
1800
3033
1487
1490
1814
3034
1482
1485
1819
2887
1482
1489
1820
2889
1487
1490
1821
3035
1486
1487
1805
1825
1486
1725
1806
2892
1487
1826
2893
1727
1807
3037
1827
3038
1490
1832
2894
1490
1833
2896
1834
3039
1492
1497
2074
1493
1494
1496
2012
2015
2017
2080
1496
1497
1501
1496
1497
1502
1503
1547
1548
1550
2033
2038
2039
1504
1499
1505
1509
1511
3706
1512
1514
1515
1518
4377
1503
1526
1528
1530
2033
2035
2036
2038
1503
1504
1503
1504
1568
1570
1573
1507
1509
4121
1507
1508
1510
4183
1510
1511
1513
1510
1511
1514
4182
1516
1554
1555
1559
4184
1518
1514
1515
4382
1516
1517
1518
1516
1518
4381
1517
1518
1575
1577
1579
4383
1520
1525
2012
2014
2016
2080
1521
1523
2077
1524
1525
3175
1524
1525
3173
1524
2075
3174
1533
1534
1536
2044
2045
2046
1529
1530
1529
1531
1569
1607
1608
1610
1930
1934
1935
1530
1531
1570
1613
1615
1618
1938
1941
1943
1571
1620
1621
1622
1536
1537
1538
2013
1536
1537
1536
1538
2014
1537
1538
1626
1627
1630
1917
1920
1922
2016
1868
1869
1872
2018
1543
1544
1545
1697
1874
1543
1544
1698
1847
2993
1544
1545
1562
1875
2995
1543
1545
1563
1849
1701
1851
1702
1878
2997
1565
1879
1550
1551
1552
2013
1550
1551
2015
1550
1552
1568
1551
1552
1569
1633
1634
1636
1931
1934
1936
2017
1868
1870
1873
2018
1572
1557
1558
1559
1557
1559
4196
1558
1559
1575
1557
1558
1576
1640
1641
1643
2047
3176
1578
1564
1565
1566
1711
1881
1564
1566
1712
1860
3048
1564
1565
1882
3051
1565
1566
1862
1715
1885
3053
1886
1716
1864
1571
1572
1573
1572
1573
1571
1572
1654
1655
1658
1571
1573
1667
1669
1672
1578
1579
1580
1578
1579
1578
1580
1661
1662
1665
2048
1579
1580
4385
1674
1676
1679
2049
1718
1963
1964
1966
3055
1584
1587
1861
1863
1865
1866
3058
4231
1584
1585
1862
1863
1864
1866
2024
1586
2021
4233
1586
1720
1964
1965
1968
1969
2025
1587
1721
4234
1724
1966
1967
1968
1969
3061
4236
1625
1682
1683
1686
1839
1843
1844
2050
2054
1590
1639
2024
2051
2058
1642
2052
2055
2056
1595
1596
1597
1598
1798
1802
1803
1812
1816
1817
1596
1597
1595
1596
1595
1597
1599
1602
1805
1809
1810
1825
1829
1830
1603
1602
1603
1604
1757
1760
1762
1785
1788
1790
1602
1603
1602
1604
1869
1603
1604
1870
1777
1781
1782
1791
1795
1796
1871
1609
1610
1611
1612
1619
1744
1745
1746
1609
1611
1653
1747
1748
1749
1609
1610
1615
1610
1611
1621
1654
1616
1750
1751
1752
1618
1622
1623
1656
1753
1754
1755
1616
1617
1618
1944
1945
1946
1617
1618
1616
1617
1693
1947
1948
1949
1616
1618
1950
1951
1952
1622
1623
1731
1732
1733
1622
1622
1623
1669
1671
1734
1735
1736
1628
1629
1630
1867
1628
1629
1699
1700
1703
1764
1767
1769
1628
1630
2053
1629
1630
1869
2054
1705
1706
1709
1778
1781
1783
1871
1872
1635
1636
1637
1867
1635
1637
1653
1876
1877
1880
1635
1636
1870
1636
1637
1655
1705
1707
1710
1792
1795
1797
1871
1873
1657
1642
1643
1644
1642
1644
1660
1642
1643
2056
1643
1644
1661
1664
1649
1650
1651
1737
1902
1650
1651
1738
1895
2999
1649
1651
1903
3002
1649
1650
1896
1906
1742
1897
1743
1907
3004
1656
1657
1658
1666
1656
1657
1883
1884
1887
1656
1658
1669
1657
1658
1671
1889
1891
1894
1672
1663
1664
1665
1673
1663
1664
2024
1664
1665
1663
1665
1676
2020
1678
2025
1679
1670
1671
1672
1670
1672
1670
1671
1904
1905
1908
1671
1672
1910
1912
1915
1677
1678
1679
1677
1679
1677
1678
2031
1678
1679
2030
2032
1684
1685
1686
1846
1684
1685
1698
1847
3022
1684
1686
1685
1686
1699
1850
3023
1701
1851
1689
1691
1747
2899
1689
1876
2901
1692
3087
1692
1728
2902
1692
1750
2904
3091
1960
1961
1962
1696
1953
2907
1696
1954
2910
1955
3093
1701
1702
1703
1704
1701
1702
3010
1701
1703
1702
1703
1706
1708
3011
1709
1708
1709
1710
1874
1709
1710
1708
1709
1708
1710
1876
1878
3016
1880
1715
1716
1717
1888
1715
1716
1963
3064
1716
1717
1739
1964
1715
1717
1740
1890
3067
1892
3069
1965
1741
1893
1970
1971
1973
3024
1720
1723
1896
1897
1900
1901
2031
1721
1971
1972
1975
1976
2032
1723
1724
2028
4388
1723
1724
1898
1899
1900
1901
3027
4389
4391
1973
1974
1975
1976
3030
4392
1727
2913
1727
1729
1947
2915
1730
3105
1730
2918
1730
1950
2920
3107
1733
2923
1733
1734
1744
2924
1736
3109
1736
1753
2927
1736
1912
2929
3114
1741
1742
1743
1909
1742
1743
1970
3041
1741
1742
1971
1741
1743
1911
3044
1913
1972
1914
3046
1746
1753
2930
1746
1751
1944
2933
1752
1755
3118
1749
1750
2936
1749
1754
1883
2938
1752
1755
3123
1752
2939
1752
1951
2942
3125
1755
2945
1755
1891
2947
3130
1758
1761
1770
1813
1758
1762
1777
1759
1772
1779
1761
1762
1773
1780
1761
1762
1816
1775
1818
1782
1765
1768
1771
1840
1765
1769
1778
1766
1772
1779
1768
1769
1773
1780
1768
1769
1843
1776
1845
1783
1772
1775
1832
1772
1776
1954
1773
1775
1776
1775
1776
1836
1957
1837
1958
1779
1782
1779
1783
1780
1782
1783
1782
1783
1786
1789
1799
1786
1790
1791
1787
1793
1789
1790
1794
1789
1790
1802
1804
1796
1793
1796
1793
1797
1794
1796
1797
1796
1797
1800
1803
1805
1800
1804
1801
1807
1803
1804
1808
1803
1804
1810
1807
1810
1807
1811
1808
1810
1811
1810
1811
1814
1817
1825
1814
1818
1832
1815
1827
1834
1817
1818
1828
1835
1817
1818
1830
1837
1821
1823
1826
1821
1824
1833
1822
1827
1834
1823
1824
1828
1835
1831
1838
1827
1830
1827
1831
1828
1830
1831
1830
1831
1834
1837
1834
1838
1835
1837
1838
1837
1838
1841
1844
1841
1845
1954
1842
1955
1844
1845
1956
1844
1845
1958
1850
1851
1852
1850
1851
3071
1850
1852
1861
3073
1851
1852
1862
3076
1863
1857
1858
1857
1858
1859
1857
1859
2014
1858
1859
2015
2018
1864
1865
1963
3078
1863
1865
3081
1863
1864
1866
1866
1965
1866
1967
3084
1968
1871
1872
1873
1872
1873
1871
1872
1871
1873
1878
1879
1880
1878
1879
1882
3089
1878
1880
1879
1880
1884
3090
1886
1885
1886
1887
1888
1885
1886
3121
1885
1887
1891
1886
1887
1892
3122
1894
1892
1893
1894
1893
1894
1910
1892
1893
1911
3128
1892
1894
3129
1913
1897
1899
1970
3096
1897
1901
1900
1972
1899
1901
3099
1900
1974
3102
1901
1975
1906
1907
1908
1909
1906
1907
3112
1906
1908
1907
1908
1912
1914
3113
1915
1913
1914
1915
1913
1915
1913
1914
3116
1914
1915
3117
1918
1921
1924
1918
1922
1919
1925
1921
1922
1926
1921
1922
1929
1925
1928
1925
1929
1926
1928
1929
1928
1929
1932
1935
1938
1932
1936
1933
1939
1935
1936
1940
1935
1936
1943
1939
1942
1939
1943
1940
1942
1943
1942
1943
1946
1951
2948
1946
2951
1952
3150
1949
1950
2954
1949
1961
2957
1952
3153
1952
2960
1952
2963
3156
1955
1959
1955
1958
1956
1958
1959
1958
1959
1962
2966
1962
2969
3159
1965
1967
3141
1965
1969
1971
1968
1967
1969
1973
3144
1968
3147
1969
1976
1972
1974
3132
1972
1976
1975
1974
1976
3135
1975
3138
1976
1979
1983
1987
1979
1980
1981
1988
1981
1982
1983
1989
1983
1990
1985
1990
2078
1986
1989
2077
1988
2080
1988
1990
1989
1990
1993
1997
2009
1993
1996
1999
1994
2000
1996
1997
2001
1996
1997
2010
2003
2011
2000
2004
2000
2003
2001
2003
2004
2003
2004
2006
2010
2035
2007
2008
2036
2009
2037
2009
2010
2011
2011
2016
2017
2016
2017
2018
2016
2018
2017
2018
2020
2022
2029
2048
4133
2023
2025
2030
2048
2022
2024
2058
4133
2023
2048
2057
4133
2024
2048
2051
2025
2032
2027
2029
2049
4379
2030
2031
2049
2029
2032
4379
2030
2049
4379
2032
2049
2032
2035
2038
2035
2037
2036
2037
2038
2039
2039
2041
2042
2043
2046
2043
2044
2045
2045
2046
2048
2051
2056
2057
2059
3176
4122
4198
2049
4202
4384
4378
4385
2053
2056
2057
2053
2054
2055
2056
2059
3176
4123
2054
2058
2059
4203
2059
2058
2059
4206
4207
4209
2061
2066
2062
2065
2069
2064
2064
2066
2065
2066
2070
2071
2068
2073
2069
2072
2070
2071
2072
2073
2073
2076
2079
2076
2077
2078
2078
2080
2079
2080
2082
2153
2212
2215
2083
2154
2213
2215
2155
2214
2216
2085
2302
2305
2504
2086
2303
2305
2505
2304
2306
2506
2088
2129
2156
2217
2219
2089
2130
2157
2217
2220
2131
2158
2218
2221
2091
2108
2132
2307
2309
2092
2109
2133
2307
2310
2110
2134
2308
2311
2094
2111
2159
2226
2229
2095
2112
2160
2227
2229
2113
2161
2228
2230
2097
2114
2165
2312
2315
2098
2115
2166
2313
2315
2116
2167
2314
2316
2100
2141
2162
2231
2233
2101
2142
2163
2231
2234
2143
2164
2232
2235
2103
2144
2168
2317
2319
2104
2145
2169
2317
2320
2146
2170
2318
2321
2106
2108
2189
2507
2107
2109
2190
2508
2110
2191
2509
2109
2189
2195
2309
2432
2504
2110
2190
2196
2310
2433
2505
2191
2197
2311
2434
2506
2112
2183
2252
2254
2113
2184
2252
2255
2185
2253
2256
2115
2174
2322
2324
2116
2175
2322
2325
2176
2323
2326
2118
2147
2177
2327
2329
2119
2148
2178
2327
2330
2149
2179
2328
2331
2121
2150
2186
2259
2261
2122
2151
2187
2259
2262
2152
2188
2260
2263
2124
2135
2198
2269
2272
2125
2136
2199
2270
2272
2137
2200
2271
2273
2127
2138
2192
2332
2334
2128
2139
2193
2332
2335
2140
2194
2333
2336
2130
2201
2274
2276
2131
2202
2274
2277
2203
2275
2278
2133
2195
2337
2339
2134
2196
2337
2340
2197
2338
2341
2136
2204
2283
2286
2137
2205
2284
2286
2206
2285
2287
2139
2238
2342
2344
2140
2239
2342
2345
2240
2343
2346
2142
2207
2288
2290
2143
2208
2288
2291
2209
2289
2292
2145
2241
2347
2349
2146
2242
2347
2350
2243
2348
2351
2148
2352
2354
2804
2149
2352
2355
2805
2353
2356
2806
2151
2264
2297
2299
2152
2265
2297
2300
2266
2298
2301
2154
2357
2516
2155
2358
2517
2359
2518
2157
2201
2360
2363
2158
2202
2361
2364
2203
2362
2365
2160
2183
2366
2369
2161
2184
2367
2370
2185
2368
2371
2163
2207
2372
2525
2164
2208
2373
2526
2209
2374
2527
2166
2174
2402
2405
2167
2175
2403
2406
2176
2404
2407
2169
2241
2408
2411
2170
2242
2409
2412
2243
2410
2413
2172
2247
2411
2531
2675
2173
2248
2412
2532
2676
2249
2413
2533
2677
2175
2414
2417
2176
2415
2418
2416
2419
2178
2420
2423
2804
2179
2421
2424
2805
2422
2425
2806
2181
2423
2534
2681
2807
2182
2424
2535
2682
2808
2425
2536
2683
2809
2184
2375
2543
2185
2376
2544
2377
2545
2187
2264
2378
2381
2188
2265
2379
2382
2266
2380
2383
2190
2432
2549
2687
2191
2433
2550
2688
2434
2551
2689
2193
2238
2426
2429
2194
2239
2427
2430
2240
2428
2431
2196
2432
2435
2197
2433
2436
2434
2437
2199
2204
2384
2387
2200
2205
2385
2388
2206
2386
2389
2202
2390
2555
2203
2391
2556
2392
2557
2205
2393
2576
2206
2394
2577
2395
2578
2208
2396
2567
2209
2397
2568
2398
2569
2217
2218
2267
2582
2268
2307
2308
2583
2213
2219
2357
2584
2214
2220
2358
2584
2221
2359
2585
2216
2222
2584
2222
2585
2218
2274
2586
2275
2587
2220
2360
2586
2221
2361
2586
2362
2587
2588
2305
2306
2589
2231
2232
2281
2590
2282
2317
2318
2591
2227
2233
2366
2592
2228
2234
2367
2592
2235
2368
2593
2230
2236
2252
2592
2236
2253
2593
2232
2288
2594
2289
2595
2234
2372
2594
2235
2373
2594
2374
2595
2257
2596
2258
2315
2316
2597
2239
2438
2441
2240
2439
2442
2440
2443
2242
2444
2447
2243
2445
2448
2446
2449
2245
2247
2441
2549
2690
2246
2248
2442
2550
2691
2249
2443
2551
2692
2248
2447
2693
2249
2448
2694
2449
2695
2295
2327
2328
2599
2259
2260
2296
2598
2253
2257
2600
2257
2601
2255
2261
2375
2600
2256
2262
2376
2600
2263
2377
2601
2602
2322
2323
2603
2260
2297
2604
2298
2605
2262
2378
2604
2263
2379
2604
2380
2605
2265
2399
2609
2266
2400
2610
2401
2611
2274
2275
2612
2337
2338
2613
2270
2276
2384
2614
2271
2277
2385
2614
2278
2386
2615
2273
2279
2286
2614
2279
2287
2615
2275
2616
2617
2277
2390
2616
2278
2391
2616
2392
2617
2293
2618
2294
2332
2333
2619
2288
2289
2620
2347
2348
2621
2284
2290
2393
2622
2285
2291
2394
2622
2292
2395
2623
2287
2293
2622
2293
2623
2289
2624
2625
2291
2396
2624
2292
2397
2624
2398
2625
2626
2342
2343
2627
2352
2353
2628
2297
2298
2629
2298
2630
2631
2300
2399
2470
2630
2301
2400
2471
2630
2401
2472
2631
2303
2309
2504
2632
2304
2310
2505
2632
2311
2506
2633
2306
2632
2633
2308
2337
2634
2338
2635
2310
2634
2311
2634
2635
2313
2319
2402
2636
2314
2320
2403
2636
2321
2404
2637
2316
2322
2636
2323
2637
2318
2347
2638
2348
2639
2320
2408
2638
2321
2409
2638
2410
2639
2323
2640
2641
2325
2329
2414
2640
2326
2330
2415
2640
2331
2416
2641
2328
2352
2642
2353
2643
2330
2420
2642
2331
2421
2642
2422
2643
2333
2342
2644
2343
2645
2335
2339
2426
2644
2336
2340
2427
2644
2341
2428
2645
2338
2646
2647
2340
2435
2646
2341
2436
2646
2437
2647
2343
2648
2649
2345
2349
2438
2648
2346
2350
2439
2648
2351
2440
2649
2348
2650
2651
2350
2444
2650
2351
2445
2650
2446
2651
2353
2652
2653
2355
2477
2652
2810
2356
2478
2652
2811
2479
2653
2812
2358
2360
2519
2359
2361
2520
2362
2521
2361
2654
2362
2655
2656
2364
2510
2555
2654
2365
2511
2556
2655
2512
2557
2656
2367
2372
2657
2368
2373
2658
2374
2659
2370
2528
2543
2657
2371
2529
2544
2658
2530
2545
2659
2373
2660
2374
2661
2662
2376
2378
2546
2377
2379
2547
2380
2548
2379
2663
2380
2664
2665
2382
2537
2609
2663
2383
2538
2610
2664
2539
2611
2665
2385
2390
2666
2386
2391
2667
2392
2668
2388
2561
2576
2666
2389
2562
2577
2667
2563
2578
2668
2391
2558
2392
2559
2560
2394
2396
2579
2395
2397
2580
2398
2581
2397
2570
2398
2571
2572
2400
2489
2669
2401
2490
2670
2491
2671
2403
2408
2672
2404
2409
2673
2410
2674
2406
2417
2531
2672
2407
2418
2532
2673
2419
2533
2674
2409
2675
2410
2676
2677
2412
2447
2675
2413
2448
2676
2449
2677
2415
2420
2678
2416
2421
2679
2422
2680
2418
2534
2678
2419
2535
2679
2536
2680
2421
2681
2422
2682
2683
2424
2681
2813
2425
2682
2814
2683
2815
2427
2435
2684
2428
2436
2685
2437
2686
2430
2441
2549
2684
2431
2442
2550
2685
2443
2551
2686
2433
2687
2434
2688
2689
2436
2687
2437
2688
2689
2439
2444
2690
2440
2445
2691
2446
2692
2442
2690
2443
2691
2692
2445
2693
2446
2694
2695
2448
2693
2449
2694
2695
2451
2456
2459
2887
2889
2452
2457
2460
2887
2890
2458
2461
2888
2891
2454
2475
2477
2834
2879
2455
2475
2478
2835
2880
2476
2479
2836
2881
2457
2465
2468
2470
2458
2466
2468
2471
2467
2469
2472
2460
2465
2480
2483
2461
2466
2481
2484
2467
2482
2485
2463
2486
2498
2828
2840
2464
2487
2499
2829
2841
2488
2500
2830
2842
2466
2489
2702
2467
2490
2703
2491
2704
2469
2474
2705
2887
2474
2706
2888
2471
2489
2705
2472
2490
2705
2491
2706
2475
2476
2707
2892
2708
2893
2476
2709
2913
2710
2914
2478
2709
2966
2479
2709
2967
2710
2968
2481
2486
2711
2889
2482
2487
2712
2890
2488
2713
2891
2484
2696
2702
2711
2485
2697
2703
2712
2698
2704
2713
2487
2501
2896
2488
2502
2897
2503
2898
2490
2714
2491
2715
2716
2493
2495
2606
2729
2773
2494
2496
2607
2730
2774
2497
2608
2731
2775
2496
2738
2770
4508
2497
2739
2771
4509
2740
2772
4510
2499
2501
2767
2782
2907
2500
2502
2768
2783
2908
2503
2769
2784
2909
2502
2711
2782
2503
2712
2783
2713
2784
2505
2507
2506
2508
2509
2508
2509
2511
2513
2552
2654
2512
2514
2553
2655
2515
2554
2656
2514
2516
2519
2515
2517
2520
2518
2521
2517
2519
2518
2520
2521
2520
2654
2521
2655
2656
2523
2525
2528
2564
2660
2717
2524
2526
2529
2565
2661
2718
2527
2530
2566
2662
2719
2526
2567
2660
2527
2568
2661
2569
2662
2529
2540
2657
2726
2530
2541
2658
2727
2542
2659
2728
2532
2534
2672
2533
2535
2673
2536
2674
2535
2678
2536
2679
2680
2538
2540
2606
2663
2729
2539
2541
2607
2664
2730
2542
2608
2665
2731
2541
2543
2546
2735
2542
2544
2547
2736
2545
2548
2737
2544
2546
2545
2547
2548
2547
2663
2548
2664
2665
2550
2684
2551
2685
2686
2553
2555
2558
2561
2554
2556
2559
2562
2557
2560
2563
2556
2558
2557
2559
2560
2559
2666
2560
2667
2668
2562
2573
2666
2563
2574
2667
2575
2668
2565
2567
2570
2573
2566
2568
2571
2574
2569
2572
2575
2568
2570
2569
2571
2572
2571
2579
2572
2580
2581
2574
2576
2579
2575
2577
2580
2578
2581
2577
2579
2578
2580
2581
2580
2581
2586
2587
2588
2589
2634
2635
2585
2586
2588
2587
2588
2587
2632
2633
2594
2595
2596
2597
2638
2639
2593
2594
2596
2595
2596
2595
2636
2637
2602
2604
2605
2603
2642
2643
2601
2602
2604
2602
2605
2640
2641
2605
2607
2609
2669
2699
2608
2610
2670
2700
2611
2671
2701
2610
2669
2611
2670
2671
2616
2617
2618
2619
2646
2647
2615
2616
2618
2617
2618
2617
2644
2645
2624
2625
2626
2627
2650
2651
2623
2624
2626
2625
2626
2625
2648
2649
2652
2653
2707
2630
2631
2708
2631
2705
2706
2633
2634
2635
2635
2637
2638
2639
2639
2641
2642
2643
2643
2645
2646
2647
2647
2649
2650
2651
2651
2653
2709
2710
2655
2656
2658
2660
2659
2661
2662
2661
2662
2664
2665
2667
2668
2670
2714
2671
2715
2716
2673
2675
2674
2676
2677
2676
2677
2679
2681
2680
2682
2683
2682
2683
2685
2687
2686
2688
2689
2688
2689
2691
2693
2692
2694
2695
2694
2695
2697
2699
2711
2761
2782
2698
2700
2712
2762
2783
2701
2713
2763
2784
2700
2702
2714
2773
2701
2703
2715
2774
2704
2716
2775
2703
2714
2704
2715
2716
2706
2708
2708
2709
2710
2710
2712
2713
2715
2716
2718
2723
2726
2719
2724
2727
2725
2728
2721
2723
2726
2732
2722
2724
2727
2733
2725
2728
2734
2724
2725
2727
2735
2728
2736
2737
2730
2735
2738
2731
2736
2739
2737
2740
2733
2735
2738
3221
2734
2736
2739
3222
2737
2740
3223
2736
2737
2739
3224
2740
3225
3226
2742
2794
2797
3058
5031
2743
2795
2797
3059
5032
2796
2798
3060
5033
2745
2748
2764
2767
2782
2746
2749
2765
2768
2783
2750
2766
2769
2784
2751
2752
2753
2754
2749
2758
2776
2779
2750
2759
2777
2780
2760
2778
2781
2755
2756
2757
2753
2755
2764
2765
2785
2756
2766
2786
2785
2786
2882
2756
2776
2777
2789
2778
2790
2789
2790
4540
2759
2761
2779
2782
4591
2760
2762
2780
2783
4592
2763
2781
2784
4593
2762
2773
3207
2763
2774
3208
2775
3209
2765
2776
2791
2766
2777
2792
2778
2793
2768
2782
2791
2907
2769
2783
2792
2908
2784
2793
2909
2771
2773
3207
4585
2772
2774
3208
4586
2775
3209
4587
2774
2775
2777
2801
2778
2802
2803
2780
2801
4570
2781
2802
4571
2803
4572
2783
2784
2786
2791
2792
3020
2793
3021
2788
2797
2798
3210
2799
2800
3023
2790
2801
2802
4968
2803
4969
2792
3093
2793
3094
3095
2795
2799
3058
3073
2796
2799
3059
3074
2800
3060
3075
2798
2799
5037
2800
5038
2800
3076
3077
2802
5006
2803
5007
5008
2805
2810
2813
2806
2811
2814
2812
2815
2808
2813
2972
3017
2809
2814
2973
3018
2815
2974
3019
2811
2966
2972
2812
2967
2973
2968
2974
2814
2972
2815
2973
2974
2817
2975
2981
3071
3073
2818
2976
2982
3071
3074
2977
2983
3072
3075
2827
2869
2870
2871
2850
2899
2900
2901
2822
2837
2851
2902
2904
2823
2838
2852
2902
2905
2839
2853
2903
2906
2825
2828
2840
2872
2874
2826
2829
2841
2872
2875
2830
2842
2873
2876
2882
2883
2884
2829
2907
2910
2830
2908
2911
2909
2912
2832
2990
3055
3064
3067
2833
2991
3056
3065
3067
2992
3057
3066
3068
2835
2858
2913
2915
2836
2859
2913
2916
2860
2914
2917
2838
2861
2918
2920
2839
2862
2918
2921
2863
2919
2922
2841
2894
2896
2842
2894
2897
2895
2898
2844
2847
2923
2924
2845
2848
2925
2849
2926
2854
2927
2928
2929
2848
2855
2930
2933
2849
2856
2931
2934
2857
2932
2935
2936
2937
2938
2852
2861
2939
2942
2853
2862
2940
2943
2863
2941
2944
2945
2946
2947
2856
2948
2951
2857
2949
2952
2950
2953
2859
2879
2954
2957
2860
2880
2955
2958
2881
2956
2959
2862
2960
2963
2863
2961
2964
2962
2965
2865
2951
2957
3017
3150
3153
2866
2952
2958
3018
3151
3154
2953
2959
3019
3152
3155
2885
2902
2903
3007
2872
2873
2886
3006
2870
2874
2875
2883
3008
2876
2884
3009
2877
3008
3009
2873
2894
3012
2895
3013
2875
2910
3012
2876
2911
3012
2912
3013
3014
2901
3015
2880
2966
2969
2881
2967
2970
2968
2971
3020
3021
2884
2910
2911
3020
2912
3021
2918
2919
3033
2894
2895
3034
2888
2893
3035
2893
3036
2890
2896
3035
2891
2897
3035
2898
3036
2913
2914
3037
3038
2895
3039
3040
2897
3039
2898
3039
3040
2900
2904
2905
2936
3087
2906
2937
3088
3087
3088
2903
2918
3091
2919
3092
2905
2939
3091
2906
2940
3091
2941
3092
2908
3093
2909
3094
3095
2911
3093
2912
3094
3095
2914
3105
3106
2916
2920
2954
3105
2917
2921
2955
3105
2922
2956
3106
2919
3107
3108
2921
2960
3107
2922
2961
3107
2962
3108
3109
2925
2927
2930
3109
2926
2927
2931
3110
2928
2932
3111
2928
2945
3114
2946
3115
3114
3115
2931
2945
3118
2932
2945
3119
2946
3120
2934
2942
2948
3118
2935
2943
2949
3119
2944
2950
3120
2937
2939
2940
3123
2941
3124
2947
3123
3124
2940
3125
2941
3126
3127
2943
2963
3125
2944
2964
3126
2965
3127
2946
3130
3131
3130
3131
2949
2963
3150
2950
2964
3151
2965
3152
2952
3150
2953
3151
3152
2955
2960
3153
2956
2961
3154
2962
3155
2958
2969
3153
2959
2970
3154
2971
3155
2961
3156
2962
3157
3158
2964
3156
2965
3157
3158
2967
3159
2968
3160
3161
2970
3017
3159
2971
3018
3160
3019
3161
2973
3159
2974
3160
3161
2976
2978
2993
2995
2977
2979
2993
2995
2980
2994
2996
2979
2981
3048
3051
2980
2982
3049
3051
2983
3050
3052
2982
3078
3081
2983
3079
3082
3080
3083
2985
2987
2999
3002
2986
2988
3000
3002
2989
3001
3003
2988
3096
3099
2989
3097
3100
3098
3101
2991
3024
3041
3044
2992
3025
3042
3044
3026
3043
3045
2994
2997
3010
3071
2998
3010
3072
2996
2997
3051
3089
2998
3052
3089
2998
3011
3090
3011
3090
3000
3004
3041
3096
3001
3004
3042
3097
3005
3043
3098
3003
3004
3112
3005
3112
3005
3046
3113
3047
3113
3012
3013
3014
3015
3091
3092
3009
3012
3014
3013
3014
3011
3022
3016
3013
3087
3088
3090
3018
3159
3019
3160
3161
3021
3093
3094
3095
3023
3071
3072
3076
3077
3025
3055
3132
3135
3026
3056
3133
3136
3057
3134
3137
3028
3030
3099
3102
5042
3029
3031
3100
3103
5043
3032
3101
3104
5044
3031
3061
3135
3138
5048
3032
3062
3136
3139
5049
3063
3137
3140
5050
3037
3107
3108
3038
3039
3040
3036
3038
3039
3038
3040
3105
3106
3040
3042
3046
3132
3043
3046
3133
3047
3134
3045
3046
3067
3116
3047
3068
3116
3047
3117
3117
3049
3053
3064
3078
3050
3053
3065
3079
3054
3066
3080
3052
3053
3121
3054
3121
3054
3069
3122
3070
3122
3056
3141
3144
3057
3142
3145
3143
3146
3059
3061
3081
3084
4561
3060
3062
3082
3085
4562
3063
3083
3086
4563
3062
3144
3147
4567
3063
3145
3148
4568
3146
3149
4569
3065
3069
3141
3066
3069
3142
3070
3143
3068
3069
3128
3070
3128
3070
3129
3129
3072
3076
3077
3074
3076
3081
3075
3076
3082
3077
3083
3077
3079
3084
3141
3080
3085
3142
3086
3143
3082
3084
3083
3085
3086
3085
3147
3086
3148
3149
3088
3091
3092
3090
3121
3092
3094
3095
3097
3102
3132
3098
3103
3133
3104
3134
3100
3102
3101
3103
3104
3103
3138
3104
3139
3140
3106
3107
3108
3108
3110
3114
3111
3114
3115
3113
3117
3115
3117
3128
3119
3125
3130
3120
3126
3130
3127
3131
3122
3129
3124
3125
3126
3130
3127
3131
3126
3127
3129
3131
3133
3138
3134
3139
3140
3136
3138
3144
3137
3139
3145
3140
3146
3139
3140
3142
3147
3143
3148
3149
3145
3147
3146
3148
3149
3148
3149
3151
3156
3152
3157
3158
3154
3156
3155
3157
3158
3157
3158
3160
3161
3164
3166
3167
3168
3169
3237
3164
3165
3169
3171
3299
3165
3170
3171
3301
3168
3170
3167
3169
3354
3168
3169
3356
3171
3515
3173
3176
3182
3184
3661
4183
4195
4196
4199
3174
4180
4185
3175
4180
4186
4187
4195
4196
3190
4130
4312
3186
3191
3192
3195
3196
4139
4140
4203
3189
3192
3193
3194
3183
3198
3199
3203
3204
4157
3198
3200
3202
4159
4308
3184
3185
4123
4189
3184
3185
4190
4191
3187
3188
3199
3200
3201
3204
4192
4306
4309
3188
3189
4123
4311
3188
3189
4306
4123
4309
3192
3194
3196
4310
3207
4227
4313
3195
3196
3197
4245
4330
3195
3196
3195
3197
3210
4332
3196
3197
4248
4331
4249
3211
4136
4251
3199
3203
4342
3200
3204
4343
3201
4307
4344
3202
3204
3203
3204
3206
3208
4552
4591
3209
4553
4592
4554
4593
3211
5037
5038
4523
4524
4971
3213
3214
3215
3218
3214
3218
3219
4116
3216
3219
4117
3216
3220
3221
3217
3224
4118
3219
3220
3227
4119
3219
3220
4120
3230
3222
3224
3230
3223
3225
3231
3226
3232
3225
3227
4508
3226
3228
4509
3229
4510
3228
3230
4511
3229
3231
4512
3232
4513
3231
3232
3237
3247
3331
3333
3335
3237
3340
3341
3338
3343
3344
3345
3772
3339
3343
3349
3351
3660
3877
3301
3331
3334
3335
3354
3355
3356
3357
3243
3346
3365
3366
3369
3371
3708
3241
3244
3359
3360
3361
3245
3348
3366
3367
3368
3379
3248
3373
3374
3375
3258
3381
3382
3385
3524
3895
3247
3333
3389
3391
3392
3393
3248
3359
3361
3364
3386
3249
3337
3387
3389
3390
3247
3307
3335
3357
3387
3388
3392
3393
3394
3355
3373
3375
3378
3395
3396
3379
3398
3399
3404
3521
3321
3405
3406
3407
3323
3324
3572
3573
3574
3575
3720
3758
3255
3365
3420
3421
3422
3423
3424
3425
3428
3429
3716
3257
3260
3577
3578
3579
4594
3261
3276
3368
3414
3415
3416
3369
3411
3412
3413
3415
3417
3418
3264
3370
3425
3426
3427
3721
3584
3585
3586
3735
4597
3262
3264
3302
3453
3456
3459
3460
3461
3463
3466
3733
3294
3316
3433
3434
3435
3619
3440
3441
3442
3577
3579
3582
3735
4600
3279
3384
3447
3448
3449
3304
3382
3453
3454
3459
3305
3460
3462
3464
3980
4394
3385
3426
3427
3430
3439
3442
3444
3445
3446
3449
3451
3452
3738
3268
3285
3411
3413
3469
3470
3473
3474
3271
3286
3591
3592
3593
4603
3268
3272
3358
3361
3363
3364
3386
3414
3275
3289
3419
3590
3593
3595
3596
3273
3275
3292
3439
3446
3604
3605
3609
3610
3293
3395
3476
3477
3478
3440
3598
3599
3600
4606
3273
3275
3372
3375
3377
3378
3396
3447
3297
3397
3450
3475
3477
3480
3481
3298
3443
3605
3606
3607
4609
3444
3451
3597
3600
3602
3603
3277
3279
3386
3390
3414
3415
3417
3282
3388
3394
3280
3294
3310
3482
3484
3280
3282
3396
3397
3404
3447
3448
3450
3281
3311
3401
3454
3455
3457
3458
3484
3282
3312
3403
3551
3400
3550
3290
3325
3328
3329
4397
3327
3485
3486
4398
3288
3289
3420
3424
3494
3495
3497
3499
3440
3612
3613
3614
4615
3288
3289
3426
3442
3576
3579
3581
3582
3744
3291
3423
3428
3488
3490
3492
3493
3430
3444
3611
3614
3615
3617
3431
3501
3502
3503
3500
3503
3505
3506
3742
3744
3937
3943
3296
3297
3456
3463
3625
3626
3629
3631
3483
3508
3509
3510
3296
3297
3315
3434
3435
3437
3455
3314
3462
3618
3620
3622
4401
3303
3453
3461
3618
3619
3621
3624
3458
3484
3507
3509
3511
3512
3465
3626
3627
3628
4618
3301
3356
3514
3515
3301
3334
3342
3517
3518
3520
3341
3514
3515
3516
3517
3518
3523
3304
3524
3528
3531
3534
3535
3536
3538
3541
3770
3315
3317
3528
3536
3632
3633
3637
3638
3527
3528
3529
3534
3535
3537
3539
4025
4404
3398
3522
3525
3542
3543
3544
3309
3399
3400
3402
3403
3514
3518
3550
3551
3309
3312
3549
3551
3516
3523
3544
3545
3547
3548
3549
3311
3315
3552
3554
3312
3529
3530
3532
3533
3543
3554
3313
3545
3548
3549
3537
3632
3634
3635
4407
3316
3320
3530
3557
3560
3561
3556
3557
3560
3633
3320
3531
3538
3639
3642
3644
3645
3553
3562
3563
3564
3540
3639
3640
3641
4621
3533
3554
3564
3565
3567
3568
3405
3407
3408
3646
3648
3649
3651
3749
3649
3650
3651
3652
3707
3882
3646
3647
3650
3884
3326
3407
3646
3656
3657
3658
3659
3431
3569
3570
3573
3408
3648
3755
3758
4111
4112
4113
4114
3410
3653
3654
3657
3330
3486
3569
4410
3330
3502
3570
3767
4412
3487
3571
3768
4639
3332
3334
3340
3333
3336
3340
3345
3337
3346
3335
3336
3340
3337
3518
3337
3340
3347
3520
3348
3387
3389
3393
3521
3339
3340
3343
3345
3347
3706
3342
3349
3350
3351
4377
3342
3342
3517
3519
3520
3347
3773
3875
3346
3708
3774
3875
3346
3347
3348
3348
3351
3352
3366
3367
3371
3875
3350
3776
3876
3351
3353
3519
3352
3520
3353
3379
3380
3381
3383
3521
3877
3522
3525
3526
3876
3355
3356
3357
3357
3514
3362
3363
3364
3467
3590
3362
3364
3362
3363
3374
3591
4624
3363
3364
3375
3468
3594
4625
3377
3595
3369
3370
3371
3888
3369
3371
3389
3370
3371
3383
3889
3369
3370
3384
3390
3415
3416
3418
3391
3385
3425
3427
3429
3890
3891
3376
3377
3378
3475
3597
3376
3378
3476
3376
3377
3598
4626
3377
3378
3479
3601
4627
3602
3480
3380
3383
3384
3381
3382
3398
3525
3383
3526
3896
3384
3401
3454
3457
3459
3527
3385
3897
3385
3404
3448
3449
3452
3898
3396
3388
3393
3399
3390
3392
3400
3391
3393
3391
3404
3392
3393
3550
3397
3476
3477
3480
3483
3397
3484
3401
3402
3521
3400
3402
3521
3403
3404
3403
3404
3543
3403
3521
3544
3545
3408
3409
3915
3409
3410
4413
3408
3410
3910
3916
3910
3917
4416
3653
3657
3659
3910
4419
3412
3420
3422
3417
3418
3419
3424
3417
3419
3447
3417
3418
3418
3419
3427
3449
3429
3430
3451
3422
3423
3422
3423
3933
3937
3428
3429
3430
3428
3429
3939
3428
3430
3941
3429
3430
3943
3502
3503
3506
3570
3573
3575
3720
3935
3937
3433
3434
3436
3482
3555
3438
3556
3620
4628
3437
3482
3557
3437
3438
3507
3621
3437
3438
3482
3508
3482
3512
3513
3623
4629
3443
3444
3445
3463
3443
3444
3599
3600
3603
3612
3614
3617
4666
3443
3445
3464
3966
4669
3444
3445
3967
3465
3605
3607
3610
4672
3466
3969
3450
3451
3452
3456
3450
3451
3450
3452
3457
3451
3452
3458
3459
3455
3456
3528
3455
3457
3529
3458
3530
3458
3459
3458
3459
3461
3466
3535
3981
3462
3463
3536
3465
3537
3618
3622
3624
4675
3465
3466
3465
3466
3982
4678
3626
3628
3631
4681
3983
3468
3469
3472
4630
3472
3473
3474
3590
3473
3474
3495
3472
3474
3496
3592
4631
3594
4632
3497
3596
3479
3480
3481
3604
3479
3480
3480
3481
3509
3479
3481
3510
3606
4633
3608
4634
3511
3609
3483
3552
3484
3508
3509
3512
3487
3653
3986
4663
3487
3654
4422
3655
3988
4711
3491
3492
3493
3494
3576
3491
3493
3501
3578
4635
3492
3493
3503
3498
3580
4636
3499
3505
3581
3497
3498
3499
3611
3497
3499
3497
3498
3613
4637
3615
3616
4638
3504
3505
3506
3583
3989
3504
3505
3585
4641
3504
3506
3992
3505
3506
3588
3994
4642
3589
3995
3511
3512
3513
3625
3512
3513
3511
3512
3511
3513
3627
4643
3629
3630
4644
3516
3516
3519
3523
3521
3523
3520
3522
3521
3522
3523
3542
3544
3547
3526
3527
3908
3526
3527
3909
3529
3532
3534
3543
3530
3531
3530
3532
3533
3533
3534
3533
3534
3536
3541
4026
3537
3538
3540
3632
3635
3638
4728
3540
3541
3540
3541
4027
4731
3639
3641
3645
4734
4028
3546
3547
3545
3546
3545
3547
3548
3548
3548
3551
3553
3555
3557
3558
3561
3554
3562
3564
3568
3556
3557
3558
3559
3634
4645
3561
3559
3561
3562
3560
3566
3636
4646
3561
3567
3637
3568
3566
3568
3565
3566
3640
4647
3565
3568
3567
3642
3567
3643
4648
3568
3644
3571
3574
3654
3571
3575
4018
3572
3655
4019
3574
3575
3656
4020
3574
3575
3658
4023
3580
3581
3582
3611
3580
3582
3612
4649
3580
3581
3585
4652
3581
3582
3586
3616
4654
3589
3617
3587
3588
3589
3744
4080
3587
3588
3735
4081
4656
3588
3589
4659
3587
3589
3735
3744
3735
3744
4085
4086
4661
3744
3594
3595
3596
3594
3595
3598
4684
3594
3596
3613
4686
3595
3596
3600
3614
4688
3602
3615
3601
3602
3603
3604
3601
3602
4690
3601
3603
3607
4692
3602
3603
3608
4695
3610
3608
3609
3610
3609
3610
3626
3608
3609
3627
4697
3608
3610
4699
4702
3629
3615
3616
3617
3616
3617
4704
3615
3616
4707
3615
3617
4709
3619
3624
3632
3620
3621
3633
3623
3634
4714
3623
3624
3625
3623
3624
3628
4716
3630
4719
3631
3629
3630
3631
3629
3631
3629
3630
4721
3630
3631
4723
4726
3633
3638
3634
3637
3636
4737
3636
3638
3641
4739
3637
3643
4742
3638
3644
3645
3642
3645
3642
3643
4744
3643
3645
4746
3644
3644
4749
3645
3648
3651
3648
3652
3758
3884
4090
3649
4091
3651
3652
4092
3651
3652
3884
3884
4093
3655
3659
4108
3655
3658
3656
4110
3658
3659
4111
3658
3659
4113
3773
3776
3777
4377
4381
3662
3708
3774
3778
3781
3782
3785
4185
4189
4191
4193
3709
3778
3779
4188
4191
3710
3775
3781
3783
3784
3787
3711
3793
4031
4033
4035
4425
3689
3707
3779
4046
4050
4051
4156
4157
4372
3712
3777
3786
3787
3791
3684
3713
3792
3794
3797
3841
3670
3717
3780
3799
3800
3804
3684
3718
3783
3806
3808
3810
3719
3778
3782
3799
3802
3804
3806
3807
3809
3812
4126
3692
3693
3694
3714
3800
3855
3859
3860
4045
3690
3715
3813
3814
3817
4278
3677
3679
3802
3809
3827
3828
3832
3833
4141
3679
3727
3801
3820
3821
3826
3677
3679
3728
3794
3808
4031
4032
4034
4037
3795
4039
4040
4041
4142
4428
3796
3811
4038
4040
4043
4044
4145
3682
3805
3828
3829
3830
4147
3730
3799
3807
3820
3823
3826
3691
3834
3835
4150
4431
3698
3699
3723
3821
3854
4434
3695
3701
3702
4152
4435
3724
3837
3838
4059
4436
3686
3734
3788
3794
3796
3797
3808
3810
3811
4135
3736
3840
3842
3844
3869
4439
3687
3704
3739
3786
3840
3841
3843
3845
3688
3789
3848
3850
3853
4135
4379
3843
3847
3848
3850
3748
3780
4045
4046
4051
3749
3813
3817
3818
4046
4047
4049
4050
4155
4156
4181
3816
4052
4053
4056
4164
3751
3801
3854
3855
3860
3696
3803
3864
3865
3866
3867
4048
4166
3696
3697
3752
3813
4047
4060
4064
4065
3805
3861
3862
3865
4168
3818
4049
4055
4056
4057
4058
4169
3754
3855
4060
4061
4064
3700
3702
3824
3857
4442
3700
3760
3837
3856
4443
3703
3839
3858
4757
3703
3834
3861
4177
4445
3703
3829
3862
4447
3836
3863
4761
3769
3868
3870
3871
3873
3747
3868
3869
3874
4754
3772
3773
4121
4182
4377
3748
3879
4088
4092
4093
3709
3878
3881
3883
3885
3886
3888
3891
3878
3879
3883
3875
3885
3887
3889
3893
3900
4066
4068
4070
4765
3877
3892
3893
3896
3906
3734
3899
3901
3904
3973
3751
3752
3753
3919
4004
4008
4009
4087
3749
3911
3912
3915
3719
3881
3888
3932
3933
3936
3937
3938
3939
3942
3943
3719
3880
3918
3919
3924
3734
3887
3925
3927
3929
3878
3886
3918
3921
3924
3925
3926
3928
3930
3884
3933
3934
3738
3890
3939
3940
3941
3740
3750
3945
3946
4448
3760
3761
3952
4003
4451
3948
3949
4101
4452
3731
3741
3756
3763
3764
4455
3730
3732
3742
3921
3928
3958
3959
3963
3964
3730
3920
3951
3952
3957
3730
3732
3901
3927
4066
4067
4069
4072
3743
3902
4074
4075
4076
4768
3918
3926
3951
3954
3957
3745
3923
3959
3960
3961
3746
3903
3931
4073
4076
4078
4079
3738
3739
3770
3895
3979
3981
3983
3984
3738
3739
3894
3901
3903
3904
3927
3929
3931
3965
3966
3967
4612
3972
3974
3975
3997
4456
3771
3975
3979
3980
3985
4459
3898
3940
3941
3944
3967
3968
3969
3970
3769
3892
3972
3973
3976
3977
3757
3986
3987
4462
3745
3759
3766
3767
4465
3746
3932
3938
3989
3990
3993
3995
3965
4081
4082
4083
4771
3746
3941
3967
3935
3990
3991
3992
3944
3968
4080
4083
4084
4085
3996
3997
4002
4466
3880
4087
4088
4093
3911
3915
3916
4088
4089
4091
4092
3757
3914
4094
4095
4098
3920
4003
4004
4009
3754
3755
3911
4089
4102
4106
4107
3755
3758
3922
4013
4014
4015
4016
4090
4004
4102
4103
4106
3916
4091
4097
4098
4099
4100
3759
3923
4010
4011
4014
3910
4108
4109
4112
3934
4020
4021
4022
4023
3935
4017
4018
4021
3762
3948
4005
4469
3762
3764
3955
4006
4471
3765
3950
4007
4774
3765
3766
3946
4010
4472
3765
3960
4011
4474
3947
4012
4778
3768
3987
4017
4475
3768
3992
4018
4477
3988
4019
4782
3770
3907
3996
3998
4000
4001
3908
4024
4026
4028
4029
3999
4024
4025
4030
4478
3773
3774
4121
4180
3775
4182
3775
4180
4183
3777
3781
3784
3785
3875
4184
4377
4382
3787
3790
3791
3877
4383
3780
3878
4189
3780
3879
4188
4190
3800
3803
3804
3880
4045
4048
4051
4192
3782
3785
3885
3783
3886
4193
3788
3806
3810
3812
3887
4194
3785
3790
4194
4197
4193
4199
3788
3789
3892
3788
3790
3893
3894
4200
3791
4200
4378
3791
4200
4201
4386
3793
3798
3842
3899
4793
3794
3795
3900
4031
4035
4037
4796
3796
3901
3796
3798
4039
4040
4043
4238
4799
3797
4240
3798
3845
4241
3846
4243
4802
3801
3802
3918
3801
3803
3919
3805
3821
3824
3826
3854
3857
3860
3920
3804
3805
4210
3804
3805
4212
4214
3828
3829
3832
3862
3865
3866
4216
3807
3812
3925
3808
3809
3926
3811
3927
3811
3812
4217
3811
3812
4219
4221
4222
3815
3818
3911
3815
3819
3912
4280
4805
3816
3913
4059
4060
4062
4065
4808
3818
3819
4053
4056
4058
4224
4814
3818
3819
4226
4281
4228
4229
4282
4820
3822
3823
3951
4032
3822
3824
3952
3825
3953
4033
4759
3825
3826
3827
4034
3825
3826
3829
3831
4036
4760
3832
3831
3832
3833
4038
3832
3833
4260
3831
3832
3831
3833
4041
4261
4763
4042
4764
4044
4263
3836
4052
4269
4481
3836
3838
4053
4817
3839
4054
4823
3839
3948
4061
4833
3839
4062
4811
4063
4836
3841
3843
3870
3972
3842
3845
3973
3846
3974
4839
3844
3845
3871
3846
3847
3872
4842
3846
3850
3852
4845
3849
3852
4751
3849
3853
4380
3851
4387
4848
3852
3853
4241
3852
3853
4242
4390
4851
4243
4854
4244
4393
3856
3857
4003
3856
3859
4004
3858
4005
4061
3858
3860
3862
3859
3863
4063
3860
3864
4064
3866
3863
3867
4052
4299
3863
3866
3864
4054
3866
3867
4055
3866
3867
4303
4057
4305
3870
3873
3996
3870
3872
3997
4857
3871
3998
3872
3873
3874
4860
3874
4863
3877
3885
3889
3891
3877
3906
3909
3893
3896
3897
3880
3881
3880
3882
3884
3919
3922
3924
4087
4090
4093
3883
3884
3883
3884
3933
3934
3936
3886
3891
3887
3888
3890
3894
3925
3929
3930
3890
3891
3890
3891
3897
3898
3939
3940
3942
3894
3895
3907
3894
3897
3898
3896
3898
3908
3897
3909
3898
3900
3905
3974
4873
3901
3902
4066
4070
4072
4876
3903
3903
3905
3965
4074
4076
4078
4879
3904
3968
3905
3970
3977
3971
3978
4882
3907
3909
3908
3909
3914
4108
4112
4113
4484
3913
3916
3913
3917
4885
3914
4101
4102
4104
4107
4888
3916
3917
4094
4098
4099
4891
3916
3917
4897
3920
3921
3920
3922
3923
3952
3955
3957
4003
4006
4009
3923
3924
3932
3923
3924
3934
3935
3959
3960
3963
4011
4014
4016
3936
3926
3930
3927
3928
3931
3930
3931
3938
3930
3931
3940
3942
3944
3935
3936
3937
3936
3937
3935
3936
3990
3992
3995
4018
4021
4023
3942
3943
3944
3942
3943
3942
3944
3943
3944
3947
3949
4094
4894
3947
3987
4095
4487
3950
4096
4900
3950
4103
4910
3950
4104
4490
4105
4913
3953
3954
4067
3953
3955
3956
4068
4776
3956
3957
3958
4069
3956
3957
3960
3962
4071
4777
3963
3962
3963
3964
4073
3963
3964
3990
3962
3963
3962
3964
3991
4075
4780
4077
4781
3993
4079
3968
3971
4081
4083
4085
4916
3969
3971
3982
4919
3968
3969
3970
3970
3983
3971
3984
3985
4922
3973
3976
3998
3974
3977
3978
4925
3976
3978
3999
4928
3977
3979
4000
3978
3984
3985
4931
3981
3984
4024
3981
3982
4025
4934
3983
4026
3983
3985
4937
3984
3985
4940
3988
4108
4493
3988
4109
4496
4110
4943
3993
3994
3995
4080
3993
3995
3993
3994
4082
4784
3994
3995
4084
4086
4785
3998
4001
3998
3999
4499
4000
4000
4002
4502
4001
4024
4002
4029
4030
4505
4005
4006
4005
4008
4007
4103
4007
4009
4011
4008
4012
4105
4009
4013
4106
4016
4012
4015
4017
4095
4012
4016
4013
4096
4015
4016
4097
4015
4016
4021
4022
4100
4019
4022
4109
4019
4023
4020
4110
4022
4023
4111
4022
4023
4114
4026
4029
4026
4027
4953
4028
4028
4030
4956
4029
4030
4959
4032
4037
4066
4033
4034
4067
4036
4068
4786
4036
4037
4038
4036
4037
4039
4788
4042
4791
4043
4042
4043
4044
4042
4043
4826
4043
4044
4337
4042
4044
4338
4829
4831
4339
4047
4048
4087
4047
4050
4088
4049
4089
4049
4051
4345
4050
4346
4051
4347
4348
4054
4057
4356
4054
4058
4062
4055
4063
4057
4058
4064
4057
4058
4360
4362
4065
4060
4061
4062
4101
4065
4102
4063
4103
4063
4065
4064
4065
4067
4072
4068
4069
4071
4866
4071
4072
4073
4071
4072
4074
4868
4077
4871
4078
4077
4078
4079
4077
4078
4903
4077
4079
4082
4906
4078
4079
4083
4908
4084
4084
4085
4086
4085
4086
4946
4084
4086
4949
4084
4085
4951
4089
4090
4089
4092
4091
4091
4093
4092
4093
4096
4099
4104
4096
4100
4109
4097
4105
4099
4100
4106
4099
4100
4112
4107
4114
4102
4103
4104
4107
4105
4105
4107
4106
4107
4110
4113
4110
4114
4111
4113
4114
4113
4114
4187
4370
4371
4373
4374
4117
4120
4155
4160
4181
4275
4118
4120
4160
4119
4276
4508
4120
4277
4283
4511
4275
4284
4180
4182
4183
4184
4196
4197
4384
4126
4195
4203
4204
4208
4209
4309
4311
4127
4132
4315
4317
4318
4514
4129
4133
4198
4204
4205
4206
4189
4193
4210
4211
4214
4215
4217
4218
4222
4223
4134
4322
4323
4324
4517
4131
4192
4211
4212
4213
4306
4135
4194
4218
4219
4220
4155
4160
4225
4226
4227
4165
4166
4295
4296
4297
4298
4307
4344
4134
4231
4232
4235
4315
4318
4319
4520
4135
4202
4205
4206
4207
4232
4233
4234
4237
4379
4238
4239
4242
4322
4324
4325
4962
4200
4219
4220
4221
4239
4240
4241
4244
4314
4328
4330
4332
4523
4143
4148
4246
4247
4248
4310
4139
4140
4144
4205
4232
4316
4318
4319
4320
4207
4233
4330
4331
4333
4334
4146
4208
4245
4247
4249
4250
4311
4145
4146
4210
4217
4259
4260
4263
4264
4238
4336
4337
4338
4525
4151
4213
4253
4254
4255
4145
4146
4220
4239
4321
4324
4325
4326
4221
4240
4335
4337
4339
4340
4215
4223
4252
4254
4256
4257
4152
4216
4260
4261
4262
4151
4162
4171
4172
4528
4153
4163
4266
4267
4529
4164
4269
4270
4532
4167
4174
4175
4535
4168
4177
4178
4536
4170
4272
4273
4537
4156
4370
4372
4375
4158
4159
4225
4226
4228
4342
4346
4347
4158
4158
4190
4342
4343
4347
4348
4376
4375
4165
4342
4344
4346
4275
4276
4181
4278
4279
4284
4167
4285
4286
4289
4310
4170
4313
4349
4351
4355
4224
4356
4357
4360
4169
4225
4308
4363
4364
4368
4369
4169
4212
4302
4303
4304
4305
4345
4213
4292
4293
4296
4216
4299
4300
4303
4228
4346
4359
4360
4361
4362
4230
4363
4365
4366
4173
4248
4285
4540
4173
4175
4267
4286
4541
4268
4287
4968
4176
4178
4255
4292
4543
4176
4273
4293
4544
4179
4274
4294
4972
4179
4269
4299
4546
4179
4262
4300
4548
4271
4301
4976
4183
4185
4186
4278
4281
4284
4184
4381
4184
4196
4197
4199
4383
4186
4188
4187
4188
4190
4191
4371
4372
4373
4376
4191
4192
4191
4192
4211
4212
4214
4343
4344
4345
4348
4194
4195
4198
4200
4218
4219
4222
4198
4199
4199
4198
4199
4201
4202
4204
4206
4209
4202
4202
4383
4384
4386
4378
4207
4208
4209
4208
4209
4218
4207
4208
4220
4207
4209
4223
4214
4215
4216
4214
4215
4309
4214
4216
4215
4216
4254
4255
4257
4292
4296
4297
4310
4311
4260
4262
4264
4300
4303
4304
4221
4222
4223
4222
4223
4221
4222
4221
4223
4228
4229
4230
4357
4360
4361
4549
4228
4230
4312
4228
4229
4275
4229
4230
4276
4552
4277
4555
4313
4363
4365
4369
4558
4233
4236
4328
4329
4333
4334
4561
4233
4237
4239
4234
4236
4237
4388
4236
4237
4242
4390
4564
4392
4567
4244
4393
4240
4243
4336
4337
4340
4997
4240
4244
4241
4243
4244
4243
4244
5000
5003
4249
4250
4251
4316
4250
4251
4253
4317
4970
4249
4250
4254
4310
4249
4251
4310
4310
4256
4320
4314
4971
4256
4257
4258
4259
4321
4256
4258
4323
4974
4256
4257
4257
4258
4262
4326
4264
4265
4327
4975
4263
4264
4265
4335
4263
4264
4263
4265
4338
4978
4264
4265
4339
4341
4979
4268
4351
4570
4268
4273
4355
4573
4352
5006
4271
4356
4576
4271
4272
4357
4994
4274
4358
5009
4274
4365
4579
4274
4366
4582
4367
5019
4277
4281
4277
4585
4282
4588
4280
4281
4280
4283
4965
4282
5022
4282
4284
4283
5025
4284
5028
4287
4290
4310
4287
4291
4293
4355
4288
4352
4290
4291
4307
4354
4290
4291
4296
4307
4310
4307
4310
4298
4307
4353
4294
4297
4300
4294
4298
4366
4295
4301
4367
4297
4298
4302
4368
4297
4298
4304
4364
4301
4305
4356
4301
4304
4302
4358
4304
4305
4359
4304
4305
4362
4307
4309
4310
4308
4312
4349
4350
4353
4354
4311
4311
4313
4349
4350
4351
4591
4315
4316
4317
4985
4319
4328
4980
4319
4320
4330
4320
4323
4983
4319
4320
4324
4334
4326
4325
4326
4327
4335
4325
4327
4336
4987
4326
4327
4990
4325
4326
4340
4341
4992
4329
4334
5034
4332
4333
5031
4331
4334
4332
4333
5037
4334
4339
4340
4341
4340
4341
5012
4339
4340
4339
4341
5015
5017
4343
4347
4344
4348
4345
4346
4348
4347
4348
4350
4353
4363
4351
4354
4352
4354
4355
4354
4355
4364
4366
4358
4362
4358
4361
4365
4359
4367
4361
4362
4368
4361
4362
4369
4364
4369
4366
4368
4367
4369
4367
4368
4369
4371
4374
4372
4373
4376
4374
4376
4375
4376
4381
4382
4379
4386
4380
4388
4391
4393
4387
4391
4393
4382
4383
4384
4385
4386
4385
4386
4389
4390
5039
4391
4392
4393
4391
4392
5042
4392
4393
5045
5048
4395
4404
4675
4678
4934
4396
4405
4676
4679
4935
4406
4677
4680
4936
4410
4411
4412
4399
4419
4422
4663
4400
4420
4423
4664
4421
4424
4665
4402
4407
4675
4714
4716
4403
4408
4676
4714
4717
4409
4677
4715
4718
4405
4728
4731
4953
4406
4729
4732
4954
4730
4733
4955
4408
4728
4737
4739
4409
4729
4737
4740
4730
4738
4741
4411
4422
4423
4639
4424
4640
4477
4639
4640
4414
4416
4419
4415
4417
4420
4418
4421
4417
4484
4897
4418
4485
4898
4486
4899
4420
4484
4663
4421
4485
4664
4486
4665
4423
4711
4424
4712
4713
4426
4765
4786
4788
4796
4427
4766
4786
4789
4797
4767
4787
4790
4798
4429
4525
4799
4826
4829
4430
4526
4800
4827
4829
4527
4801
4828
4830
4432
4481
4532
4814
4817
4433
4482
4533
4815
4818
4483
4534
4816
4819
4442
4443
4444
4451
4445
4446
4447
4536
4437
4452
4808
4811
4833
4438
4453
4809
4812
4834
4454
4810
4813
4835
4440
4456
4839
4842
4857
4441
4457
4840
4843
4858
4458
4841
4844
4859
4447
4757
4758
4444
4469
4757
4833
4834
4470
4758
4835
4446
4481
4482
4546
4761
4483
4547
4762
4761
4762
4449
4462
4487
4891
4894
4450
4463
4488
4892
4895
4464
4489
4893
4896
4469
4470
4471
4453
4490
4888
4910
4454
4491
4889
4911
4492
4890
4912
4465
4472
4473
4474
4457
4499
4925
4928
4458
4500
4926
4929
4501
4927
4930
4460
4478
4928
4934
4940
4461
4479
4929
4935
4941
4480
4930
4936
4942
4463
4484
4493
4496
4464
4485
4494
4497
4486
4495
4498
4475
4476
4477
4467
4499
4505
4754
4468
4500
4506
4755
4501
4507
4756
4470
4774
4910
4911
4775
4912
4474
4774
4775
4473
4475
4487
4488
4778
4476
4489
4779
4778
4779
4476
4496
4497
4782
4498
4783
4782
4783
4479
4502
4953
4959
4480
4503
4954
4960
4504
4955
4961
4482
4576
4823
4483
4577
4824
4578
4825
4485
4493
4891
4486
4494
4892
4495
4893
4488
4496
4900
4489
4497
4901
4498
4902
4491
4888
4894
4913
4492
4889
4895
4914
4890
4896
4915
4494
4663
4943
4495
4664
4944
4665
4945
4497
4943
4498
4944
4945
4500
4502
4857
4501
4503
4858
4504
4859
4503
4505
4928
4504
4506
4929
4507
4930
4506
4959
4507
4960
4961
4509
4511
4585
4510
4512
4586
4513
4587
4512
4588
5028
4513
4589
5029
4590
5030
4515
4517
4520
4980
4983
4516
4518
4521
4981
4983
4519
4522
4982
4984
4518
4962
4987
4990
4519
4963
4988
4990
4964
4989
4991
4521
4561
4564
4962
4980
4522
4562
4565
4963
4981
4563
4566
4964
4982
4524
4985
5034
5035
5037
4986
5036
5038
4526
4997
5012
5015
4527
4998
5013
5015
4999
5014
5016
4535
4540
4541
4542
4530
4537
4570
4573
4591
4531
4538
4571
4574
4592
4539
4572
4575
4593
4533
4549
4576
4994
4534
4550
4577
4995
4551
4578
4996
4543
4544
4545
4546
4547
4548
4538
4558
4579
4582
4539
4559
4580
4583
4560
4581
4584
4968
4969
4542
4544
4573
4574
4968
4545
4575
4969
4548
4972
4973
4545
4582
4583
4972
4584
4973
4547
4576
4577
4976
4578
4977
4976
4977
4550
4555
4558
4814
4994
4551
4556
4559
4815
4995
4557
4560
4816
4996
4553
4555
4558
4585
4554
4556
4559
4586
4557
4560
4587
4556
4588
4820
4557
4589
4821
4590
4822
4559
4579
4591
4560
4580
4592
4581
4593
4562
4567
5031
5034
4563
4568
5032
5035
4569
5033
5036
4565
4567
5000
5045
4566
4568
5001
5046
4569
5002
5047
4568
5048
4569
5049
5050
4571
4591
5006
4572
4592
5007
4593
5008
4574
4582
5006
4575
4583
5007
4584
5008
4577
5009
4578
5010
5011
4580
4994
5019
4581
4995
5020
4996
5021
4583
5019
4584
5020
5021
4586
4588
4587
4589
4590
4589
5025
4590
5026
5027
4592
4593
4595
4597
4600
4649
4652
4596
4598
4601
4650
4652
4599
4602
4651
4653
4598
4612
4656
4659
4599
4613
4657
4659
4614
4658
4660
4601
4612
4649
4666
4669
4602
4613
4650
4667
4670
4614
4651
4668
4671
4604
4606
4615
4684
4686
4605
4607
4616
4684
4686
4608
4617
4685
4687
4607
4666
4690
4692
4608
4667
4690
4693
4668
4691
4694
4610
4618
4672
4697
4699
4611
4619
4673
4697
4700
4620
4674
4698
4701
4613
4656
4916
4919
4614
4657
4917
4920
4658
4918
4921
4616
4666
4704
4707
4617
4667
4705
4707
4668
4706
4708
4619
4681
4721
4723
4620
4682
4721
4724
4683
4722
4725
4622
4734
4744
4746
4623
4735
4744
4747
4736
4745
4748
4625
4626
4684
4685
4630
4688
4689
4627
4690
4691
4634
4695
4696
4629
4645
4714
4715
4644
4719
4720
4632
4632
4637
4686
4687
4688
4689
4634
4643
4697
4698
4702
4703
4636
4641
4652
4653
4638
4654
4655
4638
4707
4708
4709
4710
4640
4711
4712
4782
4713
4783
4642
4659
4660
4661
4662
4785
4644
4721
4722
4726
4727
4646
4737
4738
4648
4742
4743
4648
4744
4745
4749
4750
4650
4654
4704
4651
4654
4705
4655
4706
4653
4654
4659
4655
4660
4655
4709
4710
4657
4661
4946
4658
4661
4947
4662
4948
4660
4661
4662
4662
4951
4952
4664
4711
4665
4712
4713
4667
4672
4692
4704
4668
4673
4693
4705
4674
4694
4706
4670
4672
4678
4919
4671
4673
4679
4920
4674
4680
4921
4673
4681
4699
4674
4682
4700
4683
4701
4676
4681
4716
4728
4677
4682
4717
4729
4683
4718
4730
4679
4681
4937
4680
4682
4938
4683
4939
4682
4723
4683
4724
4725
4685
4688
4690
4689
4691
4687
4688
4707
4689
4708
4689
4691
4695
4696
4693
4695
4699
4694
4695
4700
4696
4701
4696
4702
4703
4698
4702
4721
4703
4722
4700
4702
4701
4702
4703
4703
4705
4709
4706
4709
4710
4708
4709
4710
4710
4712
4943
4713
4944
4945
4715
4719
4737
4720
4738
4717
4719
4723
4718
4719
4724
4720
4725
4720
4726
4727
4722
4726
4727
4724
4726
4725
4726
4727
4727
4729
4734
4739
4730
4735
4740
4736
4741
4732
4734
4956
4733
4735
4957
4736
4958
4735
4746
4736
4747
4748
4738
4742
4743
4740
4742
4746
4741
4742
4747
4743
4748
4743
4749
4750
4745
4749
4750
4747
4749
4748
4749
4750
4750
4752
4842
4848
4854
4753
4843
4849
4855
4844
4850
4856
4755
4857
4863
4756
4858
4864
4859
4865
4758
4761
4836
4837
4762
4838
4760
4776
4786
4787
4764
4791
4792
4762
4823
4824
4825
4764
4829
4830
4978
4831
4832
4766
4866
4868
4876
4767
4866
4869
4877
4867
4870
4878
4769
4771
4879
4903
4906
4770
4772
4880
4904
4906
4773
4881
4905
4907
4772
4916
4946
4949
4773
4917
4947
4949
4918
4948
4950
4775
4778
4913
4914
4779
4915
4777
4866
4867
4781
4871
4872
4779
4900
4901
4902
4781
4784
4906
4907
4908
4909
4783
4943
4944
4945
4785
4949
4950
4951
4952
4787
4791
4866
4792
4867
4789
4791
4796
4826
4790
4791
4797
4827
4792
4798
4828
4792
4831
4832
4794
4796
4802
4839
4873
4795
4797
4803
4840
4874
4798
4804
4841
4875
4797
4799
4876
4798
4800
4877
4801
4878
4800
4802
4826
4997
4801
4803
4827
4998
4804
4828
4999
4803
4845
5003
4804
4846
5004
4847
5005
4806
4808
4820
4885
5022
4807
4809
4821
4886
5023
4810
4822
4887
5024
4809
4811
4814
4888
4810
4812
4815
4889
4813
4816
4890
4812
4817
4836
4813
4818
4837
4819
4838
4815
4817
4820
4816
4818
4821
4819
4822
4818
4823
4819
4824
4825
4821
5025
4822
5026
5027
4824
4836
4825
4837
4838
4827
4831
4828
4831
4832
4830
4831
5015
4832
5016
4832
4834
4836
4910
4835
4837
4911
4838
4912
4837
4838
4840
4845
4925
4841
4846
4926
4847
4927
4843
4845
4860
4844
4846
4861
4847
4862
4846
4854
4847
4855
4856
4849
4851
5039
4850
4852
5040
4853
5041
4852
4854
5000
5045
4853
4855
5001
5046
4856
5002
5047
4855
5003
4856
5004
5005
4858
4860
4859
4861
4862
4861
4863
4862
4864
4865
4864
4865
4867
4871
4872
4869
4871
4876
4903
4870
4871
4877
4904
4872
4878
4905
4872
4908
4909
4874
4876
4882
4925
4875
4877
4883
4926
4878
4884
4927
4877
4879
4878
4880
4881
4880
4882
4903
4916
4881
4883
4904
4917
4884
4905
4918
4883
4922
4931
4884
4923
4932
4924
4933
4886
4888
4897
4887
4889
4898
4890
4899
4889
4891
4890
4892
4893
4892
4894
4897
4893
4895
4898
4896
4899
4895
4900
4896
4901
4902
4898
4899
4901
4913
4902
4914
4915
4904
4908
4905
4908
4909
4907
4908
4949
4909
4950
4909
4911
4913
4912
4914
4915
4914
4915
4917
4922
4946
4918
4923
4947
4924
4948
4920
4922
4937
4921
4923
4938
4924
4939
4923
4940
4924
4941
4942
4926
4931
4927
4932
4933
4929
4931
4930
4932
4933
4932
4940
4933
4941
4942
4935
4937
4953
4936
4938
4954
4939
4955
4938
4940
4939
4941
4942
4941
4942
4944
4945
4947
4951
4948
4951
4952
4950
4951
4952
4952
4954
4956
4955
4957
4958
4957
4959
4958
4960
4961
4960
4961
4963
4987
4997
5000
4964
4988
4998
5001
4989
4999
5002
4966
5022
5028
4967
5023
5029
5024
5030
4969
5006
5007
5008
4971
4974
4983
4984
4985
4986
4973
4976
5019
5020
4977
5021
4975
4990
4991
4979
4992
4993
4977
5009
5010
5011
4979
5015
5016
5017
5018
4981
4985
5034
4982
4985
5035
4986
5036
4984
4985
4990
4986
4991
4986
4988
4992
5012
4989
4992
5013
4993
5014
4991
4992
4993
4993
5017
5018
4995
5009
4996
5010
5011
4998
5003
5012
4999
5004
5013
5005
5014
5001
5003
5002
5004
5005
5004
5005
5007
5008
5010
5019
5011
5020
5021
5013
5017
5014
5017
5018
5016
5017
5018
5018
5020
5021
5023
5025
5024
5026
5027
5026
5028
5027
5029
5030
5029
5030
5032
5034
5037
5033
5035
5037
5036
5038
5035
5036
5038
5040
5042
5045
5041
5043
5046
5044
5047
5043
5048
5044
5049
5050
5046
5048
5047
5049
5050
5049
5050
)


// ************************************************************************* //
