/*--------------------------------*- C++ -*----------------------------------*\
  =========                 |
  \\      /  F ield         | OpenFOAM: The Open Source CFD Toolbox
   \\    /   O peration     | Website:  https://openfoam.org
    \\  /    A nd           | Version:  8
     \\/     M anipulation  |
\*---------------------------------------------------------------------------*/
/*   Windows 32 and 64 bit porting by blueCAPE: http://www.bluecape.com.pt   *\
|  Based on Windows porting (2.0.x v4) by Symscape: http://www.symscape.com   |
\*---------------------------------------------------------------------------*/
FoamFile
{
    version     2.0;
    format      ascii;
    class       labelList;
    note        "nPoints: 7518 nCells: 5261 nFaces: 17861 nInternalFaces: 16150";
    location    "constant/vegetation/polyMesh";
    object      neighbour;
}
// * * * * * * * * * * * * * * * * * * * * * * * * * * * * * * * * * * * * * //


16150
(
5
6
67
678
1038
9
10
18
292
687
1054
12
13
19
293
302
303
304
698
8
16
20
22
23
26
28
309
311
314
870
907
908
911
912
58
74
285
286
287
7
9
68
679
1088
7
12
69
400
401
402
680
11
14
70
296
297
299
407
408
409
848
850
853
854
21
62
374
375
376
721
724
979
11
36
688
1156
11
15
24
25
27
37
291
318
319
320
879
882
883
885
17
30
31
33
38
323
324
325
872
874
876
878
75
295
297
299
301
428
429
430
900
902
904
906
16
71
294
295
298
300
301
414
416
417
893
895
897
898
17
76
296
297
298
21
23
24
25
90
29
32
34
35
43
97
99
100
869
914
917
918
920
30
31
32
44
36
39
146
317
318
320
321
1183
159
302
303
306
97
126
309
310
314
23
25
26
153
291
498
500
501
726
950
952
953
955
26
27
28
29
768
26
28
42
27
28
31
92
26
27
770
772
33
773
35
93
33
34
35
761
33
34
296
762
33
35
103
34
35
104
298
765
300
767
105
68
323
325
326
328
333
334
335
336
1454
90
144
316
318
319
44
70
323
324
327
82
84
86
87
137
142
331
332
333
336
1458
66
135
330
332
334
1460
82
83
88
136
89
90
93
153
311
96
97
99
123
414
76
103
104
106
108
109
113
115
127
310
57
73
114
116
124
344
574
575
578
635
345
574
581
582
586
642
158
159
164
575
684
123
125
128
158
582
685
57
124
257
337
338
339
346
554
588
589
592
347
557
588
595
596
600
60
161
258
263
360
364
365
547
550
552
553
131
172
173
614
623
1007
191
350
351
621
1021
175
178
189
190
353
354
357
181
182
183
186
72
360
361
364
64
83
251
367
368
371
309
374
375
377
436
121
230
381
382
383
492
478
540
602
603
604
67
284
286
289
290
396
397
398
399
558
1058
393
394
397
559
1596
68
400
402
403
406
1599
394
395
396
398
407
409
411
412
1601
75
400
401
404
76
407
408
410
160
302
414
417
420
161
422
423
424
162
189
207
209
190
212
213
214
428
429
432
218
219
221
78
80
182
200
330
79
82
184
331
80
81
87
326
333
202
328
335
88
329
84
87
477
84
85
478
86
367
479
86
88
118
316
368
87
317
369
88
321
322
91
94
117
313
499
91
92
501
95
118
316
502
93
95
103
319
94
105
314
95
315
107
322
98
102
114
123
415
98
100
123
101
115
123
310
100
102
104
416
101
105
314
102
315
418
105
107
324
105
219
107
221
327
329
111
116
130
456
110
111
150
312
457
112
113
117
313
491
112
230
458
492
231
493
315
115
207
449
116
450
175
451
118
151
252
120
122
435
439
441
581
583
585
587
647
991
3812
435
437
441
709
1002
165
382
383
387
438
442
445
446
443
445
447
448
596
597
599
601
1003
2921
3810
126
449
450
452
454
505
506
507
509
869
162
449
451
453
126
129
435
583
866
127
309
310
312
436
457
459
461
870
450
456
457
459
129
163
167
452
453
454
455
584
170
439
459
460
461
462
587
165
175
229
230
234
166
196
232
233
234
235
463
465
467
469
470
472
474
475
139
172
198
464
465
466
169
173
192
471
472
473
141
174
194
244
245
246
137
140
182
184
185
188
330
331
332
559
1503
183
236
477
478
482
138
388
477
479
480
483
1762
139
140
389
996
1764
348
391
464
466
468
480
481
482
483
484
486
488
489
484
487
488
490
561
1017
1766
349
485
486
487
563
146
148
367
369
370
373
388
1512
144
145
147
152
856
3803
146
291
316
317
318
368
369
370
372
500
501
502
504
146
148
857
1783
3800
292
1784
148
154
370
371
372
373
390
3805
392
1787
3801
152
155
374
376
379
380
437
724
1025
377
438
491
492
496
250
252
253
491
499
154
498
500
503
504
726
1026
375
498
499
501
155
197
253
254
255
256
1029
199
440
494
495
496
497
1030
171
557
609
611
615
616
261
554
616
617
621
163
507
509
510
511
576
860
160
161
293
302
306
307
508
510
511
294
505
508
511
164
422
423
425
513
515
517
518
257
512
513
514
164
259
514
516
517
518
577
263
580
166
170
230
233
234
337
340
341
342
456
458
460
462
168
169
442
614
170
171
259
338
340
342
343
598
170
171
443
597
611
171
260
339
341
342
343
471
472
474
615
445
601
262
595
174
348
465
466
467
624
1009
174
350
472
473
475
615
1008
245
246
247
349
352
1006
176
179
337
177
229
179
180
225
232
470
179
180
273
339
471
234
341
474
228
275
476
264
265
266
184
188
264
184
187
185
477
187
188
480
484
187
188
226
266
485
227
482
489
268
490
257
271
272
273
519
520
523
193
258
363
364
365
366
529
530
531
532
260
350
526
527
530
351
522
523
524
525
536
537
538
539
562
352
533
534
537
563
237
250
381
540
543
544
198
382
384
386
387
442
623
1010
199
390
541
544
545
546
1011
3818
391
464
465
469
542
543
545
546
624
1011
383
385
386
387
446
1010
3819
202
206
264
393
202
205
410
203
395
411
205
206
284
396
412
205
206
265
285
288
413
267
289
399
210
415
512
210
419
421
210
272
423
513
420
425
515
215
216
217
421
431
216
217
424
519
215
216
285
520
215
217
287
432
288
433
426
521
427
434
220
224
297
408
429
220
222
298
416
223
301
417
430
222
224
410
223
418
224
419
431
413
433
227
228
239
243
227
228
244
279
241
248
249
281
231
232
231
233
235
237
381
234
235
239
234
235
382
242
384
238
241
238
242
240
478
540
241
242
463
241
242
464
481
542
468
482
469
543
247
248
249
463
470
248
249
485
533
247
248
466
486
247
249
473
534
467
475
468
489
476
535
251
256
493
252
254
540
255
368
502
255
256
494
503
255
256
371
541
372
504
497
544
547
548
549
260
261
621
262
263
548
550
551
553
591
262
526
530
531
549
551
552
553
622
262
263
589
590
616
594
267
268
559
267
270
278
353
268
270
279
567
269
355
559
269
559
569
270
356
559
570
283
358
573
274
275
274
277
360
547
275
277
526
549
276
280
362
276
281
528
277
282
363
529
365
531
552
280
283
520
281
283
533
282
521
282
535
283
522
536
524
539
288
289
290
403
288
289
353
289
290
354
288
290
404
405
355
406
292
856
859
857
858
2563
294
684
863
505
507
511
860
864
869
299
300
301
754
299
300
755
299
301
300
301
758
759
304
307
304
308
428
305
417
430
307
308
419
421
431
307
308
422
420
425
427
434
311
312
312
315
313
314
375
313
377
315
378
315
317
322
318
321
320
320
322
324
321
325
322
326
329
325
328
407
325
329
326
328
329
328
329
410
411
331
335
393
332
333
336
1460
335
336
335
336
394
1460
395
1460
340
341
451
340
343
453
548
341
343
549
342
455
342
343
551
345
346
574
578
579
1012
5120
347
581
585
586
994
3812
5121
347
588
592
593
1014
4059
596
599
600
1013
3810
4060
349
625
996
1019
486
487
488
566
1015
1017
352
527
530
532
622
1022
352
565
1023
534
537
538
566
1020
355
358
520
355
359
558
356
558
358
359
558
562
358
359
523
562
524
562
558
562
362
365
423
362
366
424
519
363
426
521
365
366
522
365
366
525
369
373
602
369
372
370
372
373
372
373
603
606
376
380
436
376
378
379
498
378
380
436
379
491
499
380
494
503
436
496
384
385
493
384
387
385
387
495
386
543
386
497
544
387
545
389
392
602
605
606
608
1517
391
1031
2993
4093
392
603
606
607
608
1032
4029
604
605
607
608
625
1032
1031
2998
4027
395
399
559
395
398
1596
396
398
399
398
399
559
1596
1596
559
402
406
402
405
408
429
403
409
405
406
412
405
406
432
413
433
409
411
409
413
412
411
413
412
413
415
416
505
418
420
506
417
418
419
419
420
508
425
426
427
425
427
425
426
426
427
430
434
430
433
431
433
434
433
434
436
439
974
437
438
979
440
980
1002
439
440
457
458
460
461
492
495
496
441
445
441
446
1002
447
1002
443
444
564
445
448
564
446
448
564
1004
1010
447
447
1004
448
1004
564
1004
450
454
512
451
452
455
456
454
455
459
454
455
514
516
462
458
462
458
461
460
461
462
461
462
467
468
469
468
469
467
469
467
468
474
475
476
474
476
526
474
475
475
476
527
528
479
480
479
481
483
602
482
483
482
483
604
605
488
489
490
489
490
567
488
489
488
490
568
569
493
494
493
495
497
496
497
496
497
500
503
502
503
501
504
502
504
504
506
507
508
509
512
509
511
510
515
510
516
511
517
515
516
515
518
547
516
518
548
517
517
518
550
521
525
521
524
522
524
525
524
525
528
531
528
532
534
529
535
531
532
536
531
532
538
535
539
567
535
538
536
538
539
538
539
571
573
541
542
544
546
603
543
546
604
545
545
546
607
550
552
550
551
551
552
553
553
553
557
588
589
590
616
617
618
1473
4059
556
617
618
619
620
1473
1519
4033
609
610
612
613
1522
2092
2920
4034
595
596
597
609
611
612
2092
2921
4060
559
560
1502
561
2389
561
562
1521
2392
568
569
570
572
2393
3001
565
570
571
572
573
566
567
568
571
611
612
613
614
623
1005
2918
2920
2921
3827
3828
566
1521
3003
568
571
572
2999
3001
569
573
569
572
570
572
573
572
573
576
579
635
576
580
635
577
582
635
579
580
584
591
579
580
592
586
593
594
583
585
642
583
584
642
587
642
586
587
598
586
587
599
600
601
590
593
590
594
591
595
593
594
598
593
594
600
597
598
597
599
601
600
601
600
601
605
606
606
607
605
607
608
608
608
610
612
618
613
615
620
1008
612
614
613
614
1007
615
622
618
622
618
619
620
620
621
1021
622
1022
622
624
1005
3828
625
3829
3831
2097
4090
4093
627
809
981
4141
629
810
986
4142
629
632
813
982
4136
814
987
4138
631
634
817
983
4149
633
818
988
4150
633
821
984
4144
822
989
4146
824
985
4153
4894
642
684
860
861
862
4963
5120
5232
5237
5238
640
807
808
1053
1073
4854
4860
5054
641
815
816
1056
1075
4855
4862
4940
5060
648
711
833
836
837
840
841
844
845
1053
4854
652
654
655
657
691
826
827
830
831
1056
4855
4959
641
811
812
1274
2572
2574
2576
2577
4861
4867
5057
819
820
1170
2579
2582
2583
2585
4863
4873
5063
647
685
865
866
867
4964
5121
5239
5244
5245
692
825
826
828
834
1170
652
653
656
4966
5087
5184
650
659
660
5092
647
708
991
4938
5222
5246
709
974
975
976
4972
5221
676
712
833
835
836
666
713
840
842
843
670
671
673
5080
720
725
942
943
944
945
4984
5155
5173
654
657
5086
5181
654
658
660
4997
5085
655
661
4877
657
658
662
737
657
658
738
4999
5179
741
4981
664
743
661
663
670
829
4878
661
664
5094
662
831
5093
663
664
731
827
674
734
825
667
668
780
5007
5020
667
668
781
4968
784
842
5006
786
5005
5023
683
847
967
968
969
1001
5199
5200
5247
672
674
839
5079
672
675
846
5013
5078
676
836
845
4871
674
675
676
797
835
676
798
842
799
841
686
697
710
849
850
851
679
680
711
1087
688
848
849
852
853
924
925
926
927
1090
700
848
851
852
854
901
902
904
931
932
933
934
682
847
855
856
857
965
966
967
969
971
973
1040
3799
3800
3802
3803
5216
5217
717
723
855
856
859
708
967
968
972
997
860
861
860
865
866
869
690
701
873
874
875
688
691
858
879
881
883
884
1158
872
873
876
877
889
890
891
892
1160
693
703
859
880
881
882
710
732
733
714
737
740
741
742
887
888
891
892
1173
886
887
889
922
1174
695
738
739
740
938
702
718
744
745
957
5032
703
719
747
748
749
704
706
751
752
960
5035
701
755
756
757
705
789
790
792
863
893
896
897
899
900
903
905
906
704
706
864
894
895
896
707
901
902
903
762
763
764
721
868
908
909
910
769
770
771
949
871
915
916
917
729
788
789
790
777
778
963
5037
781
782
783
931
709
968
970
972
976
978
980
1002
4970
5247
974
976
980
794
795
712
921
926
927
928
929
933
934
1278
799
921
923
927
781
928
930
931
715
716
858
937
939
941
1606
4959
741
936
937
939
4981
717
855
966
4105
4980
720
935
937
940
941
4982
5217
721
832
942
946
948
800
801
804
938
949
723
803
804
805
806
4985
5156
722
725
908
909
911
942
943
948
951
952
953
977
723
806
951
953
954
725
726
953
954
955
971
725
726
972
980
970
978
856
973
868
956
958
959
4990
5203
871
959
960
962
4989
5207
730
788
789
791
863
964
4965
4995
5211
5212
864
962
964
4994
5211
734
735
736
737
888
734
735
794
873
890
735
736
739
875
797
886
742
877
892
743
741
742
743
741
743
747
936
742
743
748
880
741
742
881
939
884
746
749
909
948
5033
746
752
910
958
5034
750
753
913
5031
800
750
769
750
771
801
774
753
777
915
753
916
961
5036
919
758
759
760
893
900
758
759
762
850
759
760
764
894
758
760
775
851
901
854
904
767
898
776
899
905
765
766
767
768
914
765
767
874
765
766
769
875
766
767
915
773
878
774
919
920
772
773
774
907
773
774
880
772
773
882
950
772
774
909
951
911
952
885
913
776
782
795
779
785
779
894
779
789
896
964
5038
792
899
784
785
786
787
784
786
784
785
901
932
785
786
790
903
930
792
905
793
791
792
793
5020
791
793
5021
791
792
792
793
5022
5038
5023
796
797
849
925
796
798
851
932
799
852
927
934
799
923
799
930
929
802
805
936
5026
802
806
948
951
803
947
5028
805
806
945
5029
805
806
940
954
935
5030
943
808
809
4097
4860
810
811
4161
5054
810
4159
5055
814
4162
5056
812
814
4109
4861
813
819
4111
5057
814
821
4106
5058
4108
5059
816
818
820
4123
4862
817
823
4126
5060
818
824
4121
5061
822
4122
5062
820
821
4119
4863
822
4116
5063
822
4113
5064
4115
5065
824
4169
4864
4940
5067
4167
5068
5070
827
829
835
886
827
830
887
1170
831
888
829
830
838
1170
4873
831
839
4873
831
1170
4873
4873
942
944
946
956
957
977
4971
5173
5177
5204
5206
834
837
921
1274
835
838
922
1274
839
923
837
839
4867
838
1274
4867
839
1274
4867
4867
841
844
928
842
845
929
846
930
844
846
4870
4968
845
4870
846
4870
4870
5006
1034
4853
5202
852
853
854
852
853
873
853
854
874
852
854
876
857
858
2568
857
2562
859
2566
881
882
883
938
939
940
941
949
950
954
955
862
862
863
4995
864
865
4994
864
871
895
896
897
962
963
964
867
871
4989
867
870
974
868
975
4990
870
871
908
910
912
956
957
958
977
870
871
979
916
917
918
959
960
961
876
877
878
879
876
877
876
878
877
878
880
884
885
883
884
885
884
885
883
884
883
885
888
890
923
888
891
1174
892
890
891
924
1174
892
925
892
1174
897
898
899
898
899
915
897
898
917
897
899
920
904
905
906
904
905
904
906
905
906
911
912
913
914
911
912
911
913
912
913
916
918
919
918
919
920
919
920
918
919
918
920
922
926
1279
923
924
1279
925
925
926
1279
927
927
1279
929
933
930
934
932
932
933
934
934
936
937
940
5178
938
5179
941
5180
939
940
941
941
943
944
945
948
945
946
4960
947
5147
947
5032
5148
948
5033
5149
950
951
954
952
955
952
953
955
955
957
4990
5204
958
5206
961
5205
961
4989
5209
961
963
5208
5210
963
4994
5213
964
5214
5212
966
4155
4937
5202
5216
4157
5215
5217
969
973
1024
969
970
4961
971
5154
971
972
5155
973
5156
973
1025
1026
975
979
976
977
4971
978
5172
978
979
980
5173
980
986
4665
4666
984
987
4663
4664
985
988
4669
4670
989
4667
4668
4671
4672
5257
987
4705
4706
4700
4701
989
4715
4716
4710
4711
993
995
1501
3032
3806
3807
3811
4936
1002
1003
3809
3820
1034
1471
3799
3801
3804
4024
994
1012
1013
1014
1500
4942
1012
1013
3811
4943
1499
3033
3806
3807
3808
1016
1017
1481
4093
1001
1002
1024
1025
1027
1035
2093
3814
4023
4025
4028
1004
1036
2094
3813
3814
3816
1003
1535
3033
3820
3822
3825
1024
1027
1028
1033
1034
1036
3826
1004
1025
1027
1030
3826
1004
2916
3808
2918
3813
3816
3819
3825
1007
2098
3827
3829
1008
1009
1015
1020
1522
1008
1009
1522
1022
1522
1019
1522
3829
1011
3813
3828
1032
3815
3831
1014
5119
1014
1498
3807
4058
1018
1019
1520
2999
1018
1019
1520
2938
4091
1018
2939
3001
1520
2942
3002
1520
2097
1022
1023
1519
2999
1022
1023
1519
1519
1519
3003
1026
1028
3802
1026
1030
1029
3803
1028
1030
3816
1029
3804
3817
1030
3805
3818
3819
1032
2996
4026
4092
4023
4090
1037
3824
5199
1035
3043
3799
3802
3804
1036
3045
4024
4025
4028
4074
1037
3814
3816
3817
3825
4073
1536
3823
1086
1087
1088
1599
1306
1547
1589
1590
1595
1062
1063
2562
2565
2568
3857
3858
3860
3861
4155
4156
4157
4158
4853
1043
1044
1051
1103
1104
1105
1047
1057
2501
2502
2503
1061
1103
1104
1107
1109
1111
2546
2555
2557
2560
2660
2661
2662
2663
1092
1104
1105
1108
1114
2546
2614
2615
2617
2665
2667
2668
2670
2671
2673
2674
2676
1899
2072
2509
2510
2513
2001
2517
2518
2522
2553
2701
1097
1135
1136
1137
2501
2503
2505
1120
2508
3832
3833
4177
1903
2693
3835
3836
4180
1904
2057
2523
2525
3835
4183
1061
1092
1268
1269
1271
1093
1149
1150
1643
2727
2728
2731
2733
3270
3271
3272
1274
1278
2790
2792
2795
2796
1156
1157
1158
1183
2563
1064
1096
1282
1283
1284
2778
1065
1170
1173
1627
1629
1630
1633
1097
2534
2535
2538
1502
1596
1599
3214
3215
3219
3220
1112
1893
2541
2543
2544
4186
1131
2542
2548
2549
2554
4189
2555
2557
2558
2624
1293
1782
2562
2564
2565
1066
1288
1291
1293
1294
1513
1894
2569
2570
2571
2971
2972
2973
4720
1282
1284
1287
1289
1290
1291
2639
3347
3348
3350
3351
1606
3235
3237
3239
3241
4737
4940
4959
1895
2569
2570
4721
4726
1077
1192
1193
1195
2642
4098
1075
1109
1141
1200
1201
1202
1115
1207
1208
1209
2646
2657
1078
1116
1142
1214
1215
1216
1076
1081
1143
1221
1222
1223
1082
1119
1233
1235
1236
2653
1079
1275
2572
2575
2576
2578
2588
2589
2591
2790
2791
2792
4097
4161
4164
4165
1076
1081
1276
2573
2574
2575
1084
1169
1201
1202
1204
1627
1628
1629
2579
2581
2583
2584
4123
4124
4125
4126
1171
2580
2581
2582
1240
1241
1244
2526
4096
1135
1176
1248
1249
1250
1177
2587
2588
2589
1137
2593
2594
2597
3838
1255
1256
1257
1139
1261
1262
1265
2530
2600
2601
2604
3842
4160
1109
1603
3235
3236
3237
4169
4170
4171
4172
4736
4940
1148
1155
1277
2608
2609
2610
1089
1091
1149
1600
3221
3222
3223
1090
1091
1278
1089
1090
1156
1601
1152
1159
1602
2607
2608
2611
2613
2735
2736
2738
3228
3229
3230
1160
1279
2607
2609
2612
2613
1154
1280
2607
2610
2611
2612
2742
2743
2745
2798
2799
2800
2614
2615
2616
2624
1302
1303
1306
1769
1322
1561
1590
1608
1610
1613
3109
3110
3111
1906
2043
2044
2047
3201
1282
1283
1285
1316
1317
1320
1507
2639
1331
1333
2534
2538
2539
2888
2891
2892
2893
1186
1895
2544
2621
2622
2624
1554
1609
2439
2628
2632
2633
3081
3082
3086
1294
1894
2622
2635
2637
2640
1620
1621
1624
1946
2552
3257
3261
3262
3937
1106
1107
1108
1199
1206
1213
1106
1107
1200
1268
1107
1108
1207
1106
1108
1214
1269
1203
1217
1270
1205
1211
1212
1219
1185
1200
1202
1205
1647
1648
1651
4103
4131
4132
4133
4134
1112
2499
2541
2657
2659
2663
1112
1186
2544
4103
4725
2659
2662
2663
4101
4192
4722
1117
1118
1127
1134
2678
2682
2683
2684
4195
1117
1118
1128
1295
2547
2541
2664
2665
2666
3994
1135
1296
2671
2672
2675
1131
2542
2664
2668
2669
2670
4198
1132
1138
1297
2674
2675
2676
2677
1139
2678
2679
2680
3998
1127
1134
2685
2686
2689
1920
2510
2692
2693
2698
1311
1919
2050
2052
2055
2509
1124
1126
1136
1312
2512
2513
2514
2515
1132
1138
1313
2053
2054
2055
2056
2688
2689
2690
2691
2832
2833
2834
1921
2050
2057
2058
2062
2692
1140
2686
2687
2688
2691
2695
2696
2697
2698
4414
1131
1132
2508
2685
2689
2690
2716
2717
2718
2719
3991
3992
3993
1131
1132
1326
2519
2520
2521
2522
2554
2860
2861
2862
1131
2548
2699
2704
2705
3987
1133
1959
2051
2706
2708
2712
2703
2704
2705
4201
1327
2709
2710
2711
2712
2867
2868
2869
1928
2058
2713
2715
2719
1138
1140
2686
2689
2691
2720
2722
2725
2726
4438
1138
1248
1250
1253
1330
2672
2675
2677
2723
2724
2725
2726
2888
2889
2891
1138
1140
1331
1140
2593
2597
2598
2721
2722
2724
2725
4450
1332
2720
2721
2723
3846
4462
1169
1185
1337
1338
1340
1176
1296
1341
1171
1343
1162
1172
1178
1344
1163
1189
1298
1345
1346
1347
1167
1180
1299
1351
1352
1168
1175
1190
1354
1355
1356
1162
1178
1359
1360
1361
1645
2734
2736
2738
2740
2741
2743
2745
2747
3277
3278
3279
1164
1302
1365
1367
1369
1370
1381
1382
1384
1644
2417
2419
2420
2734
2737
2739
2740
1179
1303
2728
2729
2730
1166
1646
2735
2736
2737
1167
1180
1304
1366
1367
1368
1181
2742
2743
2744
1162
1172
2749
2750
2751
1159
1160
1454
1159
1165
1388
1389
1390
2564
2755
2757
2759
2761
2903
2904
2905
2906
1160
1173
2566
2755
2758
2760
2761
1166
1394
1396
1398
1456
2748
2749
2752
2753
2909
2910
2911
1174
2748
2750
2752
2754
1168
1175
2567
2756
2757
2758
1373
1374
1375
1289
1316
2763
2764
2765
1317
1380
1381
1382
1461
1290
1387
1388
1389
1724
1394
1395
1396
1463
1318
1401
1402
1403
1292
2770
2771
2772
1603
1627
1628
1631
1174
1274
1408
1409
1410
1413
1276
1407
1408
1411
1277
1415
1416
1417
1174
1606
1634
1637
1639
1640
1279
1414
1416
1419
1420
1607
1635
1636
1637
1330
1421
1423
1275
1425
1426
1429
1277
1434
1333
1437
1438
1439
1334
1443
1444
1280
1448
1449
1450
1504
1597
2065
2066
2067
1454
1455
1458
1784
2903
2906
2907
1507
1716
1735
2776
2777
2782
1603
1647
1648
1650
1187
1191
2556
2557
2559
2560
4728
1188
1604
1648
1649
1651
1653
4103
4729
1191
1288
1605
1654
1656
1659
1660
2571
1289
2626
2784
2785
2786
1292
1607
1655
1656
1657
1294
2570
2622
2783
2786
2787
2789
1196
1197
1227
2643
4114
1197
1198
1233
1240
2644
1196
1197
1198
1220
1228
1234
1196
1198
1221
1244
4117
1225
1230
4118
1231
1237
2645
1226
1238
1245
1203
1204
1205
1220
1228
1203
1205
1337
1203
1204
1222
1338
1204
1205
4104
1224
1339
1225
1230
1232
1210
1211
1212
1228
1234
1211
1212
2660
2665
1210
1211
1229
2647
2658
1210
1212
1235
2648
2666
1231
1237
2649
1232
2661
1239
2667
1217
1218
1219
1220
1234
1217
1219
1341
2671
1217
1218
1223
1249
1218
1219
1236
1250
2672
1224
1226
1238
1252
1239
2673
1224
1225
1226
1225
1226
1255
2580
1224
1225
1343
2581
1224
1226
1256
2584
1259
1230
1231
2651
4095
4120
1230
1231
1232
1231
1232
2650
4095
4102
4104
4125
2652
4104
4132
1237
1238
1261
2654
1237
1238
1239
1237
1239
2655
2679
1238
1239
1265
2680
2656
1266
2681
1242
1245
1261
2527
1242
1246
2528
2600
4107
1243
1263
2529
2602
1245
1246
1254
1264
2603
1245
1246
1255
4110
1259
1266
1260
2605
4112
1251
1252
1253
1254
1264
2500
1251
1253
1421
2501
1251
1252
1256
1252
1253
1265
1258
1422
2504
1259
1266
1267
2505
1258
1259
1260
2586
1259
1260
2573
1258
1259
1258
1260
1432
2575
2588
1433
2590
2578
2591
1263
1266
2531
1263
1267
2532
2593
2721
1264
2533
2595
1266
1267
2596
1266
1267
2723
2598
2724
1270
1273
1337
2555
1270
1272
1341
2614
1339
1272
1273
1345
2558
2616
1342
1348
2618
1350
2561
1279
1661
1663
1665
1667
2790
2791
2793
1661
1662
1664
1668
1669
1670
1279
2799
2800
2802
2803
1669
1671
1672
1674
2797
2798
2799
1285
1286
1287
1379
1386
2762
1285
1287
2763
1285
1286
1380
2776
1286
1287
1387
2780
1383
2766
1385
1391
2781
1392
2768
1292
1293
1294
2565
1292
1294
2640
2763
2765
2768
2785
2786
2789
1292
1293
1387
1389
1392
2564
3355
3356
3357
3358
1293
1294
1790
2637
1656
1657
1659
2567
2771
2772
2775
1791
1297
1301
1326
2615
2617
2619
2620
2625
2861
2864
2865
1330
2804
2805
2806
1300
1327
1332
2805
2807
2809
2810
2867
2871
2872
1316
2626
2811
2812
2815
1318
1334
2818
2819
2822
1301
1319
1328
1335
2821
2822
2823
2824
2876
2877
2878
1321
1329
2627
2814
2815
2816
2817
2883
2884
2885
1307
1317
1770
2825
2827
2828
2830
3326
3328
3329
1308
1333
2728
2729
2731
2826
2827
2828
2831
1318
1334
2825
2826
2829
1307
1308
1319
1335
1594
2828
2829
2830
2831
1307
1308
1771
1322
1590
1772
1336
1595
1676
1677
3209
1977
2044
2071
2072
2077
1681
2073
2348
1331
2074
2075
2076
2077
2833
2834
2835
2838
2846
2848
2851
2852
1327
1332
2832
2833
2836
1328
1335
1594
2840
2841
2842
1336
1595
2847
2848
2849
1321
2640
2763
2764
2766
2812
2815
2816
2853
2855
2856
2858
1322
1380
1382
1383
1563
2854
2855
2856
2859
3125
3126
3127
2853
2854
2857
1321
1322
1613
2856
2857
2858
2859
1321
1322
1565
1610
2638
1614
2641
1567
1684
1685
2706
1689
1690
1693
2367
2518
3256
1622
1696
1697
1698
2371
3251
1623
2860
2861
2864
2867
2868
2871
1613
2875
2876
2877
1614
1626
2882
2883
2884
2888
2889
2890
1332
1336
1335
2833
2836
2838
2889
2891
2893
2894
1336
1437
1438
1440
2896
2897
2898
2901
2895
2896
2899
1336
2841
2842
2845
2898
2899
2900
2901
2848
2849
2851
1339
1647
1339
1343
1628
1354
1631
1650
1342
2804
1353
2808
1407
1355
1375
1417
1348
1350
2784
2811
1348
1349
1352
2764
2812
1349
1350
1356
2765
2785
1353
2813
1357
2767
2788
1353
1443
2818
1353
1402
2819
2820
1635
1655
1357
1636
2770
1357
1657
2771
2773
1362
1363
1364
1365
2734
2741
1362
1363
1373
2608
2735
1363
1364
1366
1374
1362
1364
1434
2610
2742
2611
2738
2745
1370
1377
2739
1371
1435
2746
1369
1370
1371
2727
1370
1371
1401
1369
1370
1403
2825
1369
1371
1444
2729
2826
2731
2827
1406
1446
2732
1376
1377
1378
1393
1400
2769
1377
1378
1394
2749
1376
1377
1401
1376
1378
2751
2770
1405
2773
1397
1406
1398
2753
2774
1383
1384
1385
1393
1400
1383
1385
1717
1384
1385
1395
1718
1383
1384
1403
1404
1397
1406
1399
1719
1390
1391
1392
1393
2769
1391
1392
1723
1390
1391
1396
1725
1390
1392
2772
1398
2774
1399
1726
2775
1397
1398
1399
1397
1398
2735
1397
1399
1729
2737
1398
1399
1730
2739
1731
1404
1405
1406
2762
1405
1406
1404
1405
2764
2853
1404
1406
2854
2766
2855
2767
1409
1412
1628
2581
1409
1413
1661
2582
1410
1629
2583
1412
1413
1414
1630
1412
1413
1415
1664
1418
1632
1419
1665
1418
1419
1420
1634
1418
1419
1668
1419
1420
1669
2750
1418
1420
1636
2751
1638
1672
1639
2754
1422
1424
2534
2888
1433
2536
1424
1443
2890
1445
2539
2892
1427
1431
2535
2587
1427
1430
1432
2588
2791
1428
1433
2536
2590
1430
1431
1447
2537
1430
1431
1448
2793
1452
2794
1453
2540
1433
1662
1435
1449
1670
1446
1451
1440
1441
1442
1447
2537
1440
1442
2538
1440
1441
1444
2729
1441
1442
1450
2730
1445
2539
1446
1451
2732
1453
2540
1445
2895
1445
1446
2896
2897
1451
1452
1453
1452
1453
2797
1451
1452
2742
2798
1451
1453
2744
2746
2801
1460
1601
2909
2911
2912
2914
1711
1785
2902
2903
2907
1463
1602
2909
2910
2913
1598
1701
1703
1705
1761
1459
1460
1512
1709
1711
1713
1762
1702
1708
1709
1713
1763
1503
1596
1701
1702
1704
1706
1563
1715
1717
1718
2417
1722
1724
1728
1744
1792
2902
1646
1729
1730
1732
1466
1475
1478
1479
2929
2930
2934
2935
1473
3027
4030
4031
4033
1485
3850
3851
3854
1491
2078
2079
2084
2087
4070
1528
1537
1541
3056
3057
3058
3059
3872
1525
2085
2086
2087
4051
4065
1571
1748
1749
1750
1887
1516
3043
3857
3859
3862
1801
2085
3040
3864
3866
3867
2092
4063
1484
1499
2092
2917
2920
2921
1485
1519
1520
2999
3000
3002
3003
2079
2093
2095
2096
4037
4075
1540
1757
2081
2923
2924
2925
3286
3287
3288
1482
1520
2082
2936
2938
2940
2942
3850
1482
1541
2943
2945
2947
2949
3851
1521
2392
2930
2931
2932
1764
2083
2937
2938
2939
1542
2084
2922
2924
2926
2927
3852
1543
2105
2944
2945
2946
1490
2917
2919
2920
3022
3029
4030
4032
4034
4035
4038
4039
4041
4042
2950
2951
2954
1487
3023
4037
4039
4043
4045
1488
1490
1496
4039
4042
4043
1489
1497
2953
2954
2955
2956
1490
3028
4031
4032
4035
4036
3030
3021
4044
4046
4048
4054
1495
1815
3871
3872
3877
1494
1816
3020
4051
4052
4055
1495
1496
1817
4052
4055
4057
1497
1529
3871
3876
3877
1497
4044
4045
4049
4050
3853
3854
3855
3856
1499
1500
4058
4060
4061
1501
2916
2917
2921
3029
3035
3807
3808
3810
4060
4061
4064
1501
3026
4058
4061
4062
3025
3034
2389
2392
3778
3780
3783
3784
1762
1766
2389
2424
2425
2427
2430
2390
2957
2958
2961
1510
1641
1769
1774
2412
2413
2415
3322
3323
3324
3325
1576
1776
1777
1840
1565
2776
2777
2778
3091
3124
3125
3127
3128
3130
3132
3133
3135
1568
1754
2396
2964
2965
2967
1539
1573
1583
3144
3145
3148
3150
3151
3152
3156
3157
2103
2397
2402
3632
3635
3636
3793
3795
3796
3798
1524
1538
1553
1579
2151
2152
2155
2157
3011
3012
3013
3165
3166
3169
3171
1517
1781
1784
1787
3334
3336
3339
1552
2971
2972
2974
3042
1515
1743
2978
2979
2982
3333
2206
2985
2986
2987
2992
2080
2994
2996
2997
2998
3045
3859
3862
3863
3879
3880
3881
3883
4024
4025
4026
4027
1762
2992
2993
2998
1550
2078
3044
3878
3879
3882
1522
2950
1522
2096
2951
3000
3001
2098
2952
1809
1818
3004
3006
3009
1805
1811
3011
3012
3015
2123
2124
2126
4078
4086
1947
2130
2131
3390
3424
3426
3428
3429
3670
3671
3672
3681
3682
3683
3686
2137
2138
2140
1808
1810
3411
3413
3415
3416
3928
1815
1817
3927
3932
3933
3022
3024
3025
3029
3030
3034
3035
3036
3037
1534
3024
3026
3028
3031
3032
3037
5170
3031
3821
3822
3823
3824
5015
3024
3028
3030
1536
2916
2917
2918
2919
3022
3035
3822
3823
3825
4073
4076
4077
4073
4077
1542
1808
2086
3049
3050
3051
3052
3873
1811
2089
3046
3047
3050
1812
3053
3054
3057
2090
2110
3885
3886
3887
1542
3874
3893
3895
3897
3898
2091
3875
3885
3888
3890
3891
2397
3892
3893
3894
1589
3060
3061
3064
3187
1591
1823
1824
1826
3062
3067
1559
1572
1773
1831
1832
1833
1548
1771
3061
3062
3063
3066
3067
3070
3072
3074
3077
3078
3080
1590
1772
3067
3068
3072
1575
1774
3075
3076
3077
1552
2088
3041
3097
3099
3100
3101
3865
3866
3868
3870
3878
3882
3884
1802
1892
3038
3899
3900
3901
1555
1894
2972
2974
2977
3039
3088
3093
3094
3899
3902
3903
3905
1805
2089
2145
2148
3687
3689
3692
3693
1557
3081
3082
3083
3666
1838
2636
3088
3089
3094
3090
3095
3098
3099
3652
3653
3655
3658
3659
3660
3661
3665
1609
2244
3102
3104
3106
1608
1824
1848
1850
1853
3109
1564
1578
1856
1857
1858
1565
1610
1839
3103
3104
3105
3107
3110
3111
3112
3115
3116
3119
3120
3121
1567
3068
3109
3111
3113
1569
1581
1841
3117
3118
3119
3123
3125
3126
3326
1567
1569
1773
1857
1858
1860
2111
3140
3141
3142
3143
1567
1569
3089
1734
2109
3130
3131
3136
3138
1772
3111
3113
3115
3126
3127
3128
3129
1768
3137
3138
3141
2115
3092
3118
3119
3121
3133
3134
3135
3136
1577
1880
3053
3145
3146
3147
1881
3152
3153
3154
1578
2398
3159
3160
3161
1574
1575
2400
3054
1580
2401
3055
3144
3147
3148
3149
3158
3160
3163
3164
2402
3075
3076
3079
3151
3154
3155
3157
3158
3161
3162
3163
1795
2144
2152
2153
2154
1796
3046
3166
3167
3168
2111
3173
3174
3175
1580
2113
2145
3047
3179
3182
3183
3185
2114
3048
3165
3168
3169
3170
3172
3174
3177
3178
2115
2146
3180
3181
3182
2158
2159
2162
2274
2305
3432
1812
1883
3438
3440
3441
3444
3445
3447
3448
3451
2290
3186
3187
3192
3474
1909
2137
2163
2164
2167
1910
2163
2170
2171
2176
3974
1807
1813
2142
2178
2179
2180
1814
2143
3194
3195
3196
1591
1592
2290
3060
3061
3062
3200
3205
3206
1591
1594
3067
3068
3069
1593
1608
1823
1824
1825
3208
3212
3213
3722
3723
3725
3726
2291
3200
3201
3206
2293
3200
3207
3208
3212
1595
1613
2840
2842
2843
3210
3211
3212
3213
2847
2849
2850
3203
3204
3205
3206
1601
2389
2403
2405
2406
2409
2390
3215
3216
3217
2391
2403
2404
2407
1601
3221
3223
3224
3227
1645
3221
3222
3225
3229
3230
3232
3233
1646
3228
3229
3231
3235
3236
3238
1605
3236
3237
3240
3241
4736
4737
4771
2565
3243
3246
3247
3248
4105
4158
2566
3244
3245
3247
3248
4105
2567
3242
3243
3244
1609
1611
1848
1849
1850
2185
2189
2190
3737
3738
3739
3740
1610
1612
2307
3102
3103
3104
3250
3254
3255
1614
2633
2184
2185
2190
2306
3208
2185
2308
3249
3250
3254
1614
2187
2188
2189
2190
2875
2877
2879
2634
2882
2884
2886
3252
3253
3254
3255
1618
1619
1687
1695
2874
1618
1696
2186
1618
1619
1677
2187
2875
1699
2188
2879
1679
1688
2880
1625
2332
2631
3263
3264
3268
3269
3939
2334
2553
3256
3257
3262
2333
2632
3263
3265
3266
1624
1626
2554
2625
2860
2864
2866
3259
3260
3261
3262
1625
2551
2621
3936
1626
2623
2629
3938
2627
2634
2882
2883
2887
3266
3267
3268
3269
1629
1633
3235
1629
1632
1630
1632
1633
1634
1632
1633
1635
3238
1638
1640
3239
1638
1639
1640
1638
1640
3242
1638
1639
2756
1639
1640
2758
3244
2760
3245
2103
2411
2412
2413
1768
2104
2191
2192
1769
3270
3271
3274
1770
2417
2420
2423
3270
3277
3278
3281
2194
2195
2197
1651
1652
2555
1651
1653
3236
1651
1652
1653
1654
2556
1652
1653
1655
3238
2560
1658
2561
1660
3240
1658
1659
1660
2783
1658
1660
3242
1659
1660
3243
1658
1659
2785
2788
2789
3246
1663
1665
2574
1663
1666
2575
2791
1667
2576
2792
1665
1666
1668
1667
1672
1667
1673
2794
1674
2795
1672
1673
1671
1672
2609
1671
1673
2610
2798
1674
2612
2800
1674
1674
2801
2802
1678
1679
1682
2046
2839
1678
1976
2043
3207
1678
1679
2840
3210
2048
2843
3211
1683
2844
1681
1683
1685
2054
2832
1682
2055
2075
2834
1683
2076
2835
1688
2837
1686
1689
2707
1686
1688
2710
2868
1687
1691
2711
2869
1688
1692
2870
2873
1691
2366
2516
1691
1694
2520
2860
3259
1692
2521
2862
1694
1695
2863
1694
1697
3258
1700
2866
3260
1699
1700
2881
1699
1982
3249
1700
3265
1699
1700
2882
3252
3266
2886
3253
2887
3267
1702
1706
2403
2424
1703
1704
2425
1707
1708
2426
1706
1707
1713
2912
1706
1707
2404
2913
2405
2914
1714
2915
1710
1714
3312
1710
1711
1781
3313
1712
1743
3314
3333
1712
1713
3334
1714
1744
2902
3335
1714
2907
1746
2908
1716
1721
1740
2418
3123
1717
1720
1742
3124
1719
2776
3125
1719
1721
1729
2419
1720
1731
2781
1721
2782
2421
1723
1727
1745
2779
3354
1724
1726
2780
3355
1725
2904
3357
1726
1728
1730
2905
1727
1731
2781
1728
2782
1733
1746
2908
1731
2195
1731
1733
2910
1733
2197
2913
2915
1735
1737
1741
2212
1738
1742
3130
1737
1739
1788
2213
1738
2214
3131
3340
1739
2777
3132
3341
1745
2779
3342
1742
2191
3137
1742
2201
3138
3139
1744
2206
1745
1746
2979
2980
1751
1752
1753
1819
3063
3074
1751
1752
2431
3153
1752
1753
2432
3064
1751
1753
3075
3154
1822
3079
3155
2433
3065
3066
3080
2104
2201
2203
2206
2210
3312
2212
2213
2215
2110
2117
3285
3286
3287
1765
2119
2923
3292
3293
3294
2106
2112
2925
3299
3300
3301
1767
2108
2928
3306
3307
3308
2391
2424
2426
2428
1763
1764
3313
3315
3318
2425
3312
3313
3315
1765
1766
2993
1767
2937
2995
3292
3294
3296
3315
3316
3317
3318
1767
2393
2939
2395
2427
2428
2429
2430
2941
3306
3307
3310
2396
3319
3320
3323
1770
1771
3270
3274
3275
3328
3331
3332
3326
3328
3332
1772
1774
1773
3068
3071
3072
3328
3329
3330
3331
1774
1832
1833
1834
2398
3320
3321
3322
3325
2402
3076
3077
3078
1778
1779
1780
1844
3105
3116
1778
1780
2250
3106
3417
1778
1779
2154
3117
3418
3107
3120
3419
1847
2156
3122
3108
2992
3333
3334
3339
1783
1785
1786
1791
3861
1784
1787
2562
3858
1785
2563
1792
2564
2902
2903
2904
3334
3335
3336
3338
3357
3358
3360
1787
1793
2994
3336
3337
3338
3339
3863
2998
3859
2116
2978
3340
3342
3345
2777
3091
3341
3347
3349
3353
1791
1794
2972
3088
3348
3351
3352
3353
1793
2973
3356
3358
3359
3360
2979
3354
3357
3360
1794
2118
2976
2981
2982
2983
2984
2122
2977
3093
3343
3344
3345
3346
2219
2222
2236
1880
3361
3362
3365
3403
1876
1882
2177
2230
2231
2232
2178
2238
3014
3015
3016
3017
3368
3371
3372
3374
3375
3378
3379
3381
3405
1878
2181
2240
3369
3370
3371
1884
2183
3376
3377
3378
3407
2123
3577
3906
3908
3909
1943
3382
3385
3386
3575
1804
2125
3399
3400
3401
3402
3578
3906
3907
3911
3912
1942
3382
3383
3384
3388
3389
3391
3394
3395
3576
2128
2237
2238
3011
3015
3016
3701
3704
3705
3707
1944
2171
3018
3389
3390
3392
2129
3019
3396
3397
3400
1809
2126
3404
3406
3408
3409
3929
1810
2127
3916
3917
3918
3919
3930
3004
3923
3924
3925
3926
3931
2128
3012
3015
3017
3403
3404
3405
3410
3411
3412
2129
3009
3913
3914
3917
3010
3920
3921
3924
3927
3928
3933
1817
3574
4078
4079
4081
4079
4081
4084
3004
3005
3006
3930
3931
3932
3933
1821
1822
1826
1830
1821
1822
1831
1845
1865
1828
1835
1846
1836
1866
1825
1829
2273
3060
1825
1828
3069
1827
1848
2275
1828
1829
3063
3070
1828
1829
1852
2276
1853
3073
2277
3065
1834
1835
1836
3070
3074
1835
1836
1856
3159
1834
1835
1857
3071
1834
1836
3076
3161
3072
3078
1859
3073
3079
3162
1838
1843
2132
2628
3081
3085
3086
3087
3900
1839
1842
2630
3902
1841
2633
3082
3084
3085
3086
3089
2133
2144
3417
3418
3421
1842
2146
3092
3117
3119
3120
3418
3419
3420
3423
1843
2147
3094
3903
2134
2150
3420
3421
3422
3423
3904
1846
1847
1851
1855
1846
1847
1856
1871
1853
1859
1861
1872
1849
1852
2159
1850
1854
2160
3102
1851
3103
3110
1853
1854
3105
3112
1853
1854
3114
3108
1859
1860
1861
3112
3116
1859
1861
3173
1859
1860
3113
1860
1861
3118
3175
3114
3115
3121
3122
3176
1866
1867
1868
3144
3151
3158
1867
1868
1870
2267
3146
1866
1868
2268
3153
1866
1867
1871
3159
3155
3162
1873
3149
3164
2269
3150
3156
1872
1873
1874
2151
3165
3172
1873
1874
2225
3167
1872
1873
3173
2156
3176
3170
3178
2157
2226
3171
2158
2243
2245
2248
2307
3425
1888
2173
2254
2255
2256
2172
2304
3424
3425
3430
3431
2135
2175
2261
2262
2263
1907
2170
3431
3432
3435
3487
3410
3438
3439
3442
1887
3445
3446
3449
1888
3193
3453
3454
3455
3194
3412
3459
3462
3464
3465
3466
3469
3471
3472
3198
3414
3460
3461
3462
1890
3199
3467
3468
3469
2273
2274
2278
2292
3186
3488
2431
2432
2435
2166
2283
2284
2285
1897
2164
3473
3474
3477
2169
3481
3482
3483
2165
2289
3473
3487
3488
3493
1894
1943
2628
2629
2630
2631
3899
3900
3902
3935
3938
3939
3503
3507
3508
4204
4722
1895
2635
2636
2637
2570
2621
2622
2623
3505
3506
3508
3509
3934
3935
3936
3938
4726
4728
1945
1948
1949
1954
2289
2290
2295
3473
3474
3475
3526
1912
1913
1918
1934
1989
2342
3510
3511
3514
1958
1959
1962
2320
2706
1933
1935
1939
4207
1922
1956
3940
3941
4210
3554
3943
3944
4213
2325
3519
3521
3943
4216
1965
1970
1972
2550
3603
3604
3608
3609
4219
2296
2297
2300
3716
2289
2304
2305
3431
3432
3433
3532
3736
3741
3742
3753
3754
3755
3756
1933
2311
2313
2314
1941
3525
3526
3528
1940
3525
3532
3533
3536
1913
1987
1989
1990
3583
1914
1935
3539
3540
3544
3545
4222
1914
1915
1948
1950
3546
3547
3550
3552
4225
1918
1929
1951
1990
2017
2018
2020
3546
3548
3550
3551
1930
1936
3517
3539
3541
3542
1931
1952
3518
3547
3548
3549
1932
1938
1991
2038
2039
2041
3540
3542
3543
3545
2318
2320
2323
2348
3510
3511
3553
3554
3559
2318
2325
2326
2330
3553
1930
1936
3560
3561
3564
1925
1937
1978
3513
3514
3515
3516
3567
3570
3571
3573
3617
3618
3619
1932
1938
1979
3568
3569
3570
1939
3556
3557
3558
3559
3561
3562
3563
3566
4477
1966
1994
1996
1998
2699
3590
1967
2001
2002
2005
2367
2518
1959
2008
2009
2014
2326
1968
1983
2016
2017
2018
1956
2022
2024
2025
1957
1969
2030
2031
2032
1984
2037
2038
2039
1934
1937
1935
1938
2313
1936
4498
1938
1939
3539
3542
3545
3561
3564
3566
4489
1938
1939
2314
2315
3569
3570
3573
4501
1941
2139
3494
3533
3535
3536
3974
3975
3976
2137
3525
3528
3529
1943
3946
3948
3951
3952
2438
2440
2441
2444
3382
3384
3385
3580
3582
3494
3533
3946
3947
3949
3583
3586
3589
1965
2332
2334
2336
2493
2496
2498
3579
2304
2438
2439
2443
3947
1950
1951
3583
1950
1953
4228
1952
4231
1952
1954
1968
3585
1953
1969
3522
3547
3548
3550
3611
3614
3615
4014
4015
4016
1954
1970
4234
1971
3586
2009
2507
3519
3594
3595
4237
3517
3597
3598
4240
3518
3524
3600
3601
4243
1960
1963
2002
2707
1960
1964
2319
1961
2003
2008
2708
1963
1964
2004
2012
2036
1963
1964
2037
2322
2006
2040
2365
2014
2042
2324
1967
1971
1973
2552
2548
3523
3603
3605
3606
1968
2001
2005
2007
2334
2492
2495
2496
2553
3604
3605
3607
3608
1971
2016
2017
2021
2335
3611
3612
3613
3615
3764
3765
3767
3524
3610
3611
3614
1971
1974
3613
3614
3615
3616
4246
1975
2336
1973
1974
3498
4249
1975
3500
3579
1975
4252
3581
2296
2340
2471
2297
2341
2342
2347
2314
3617
3618
3621
1984
2315
2351
2352
2355
1985
2294
2316
2359
2360
2361
2295
2317
3625
3626
3627
2371
2374
3743
1990
2335
2445
2446
2449
1991
2375
2376
2379
1992
2309
2383
2384
2385
1993
2310
2337
2453
2454
2455
1988
1993
3535
3584
1989
1992
2312
3536
1991
2313
1991
1993
2446
2449
2451
3585
1992
2315
2376
2379
2381
1993
2316
2384
2385
2388
3537
2454
2455
2458
3538
3587
1995
2000
2001
2701
3605
1996
1997
2003
2008
2702
1999
2010
2700
3591
1999
2000
2004
2012
2029
1999
2000
2030
3592
3606
2013
2034
3593
2007
2035
3607
2003
2007
2003
2006
2366
2516
2004
2517
2006
2007
2015
2006
2007
2016
2368
2019
2369
2021
2010
2012
2715
2010
2011
2327
2713
2013
2714
3594
2013
2014
2022
2328
3595
2013
2014
2023
2027
3596
2028
2331
2019
2020
2021
2029
2036
2019
2021
2445
2020
2021
2031
2019
2020
2038
2446
2040
2447
2033
2041
2035
2027
2028
3560
3597
2026
2027
2028
2029
2036
2026
2027
2032
3541
3598
2026
2028
2039
3542
3564
2033
2041
3543
2034
3599
2042
3565
2033
2034
2035
2034
2035
3600
3610
2033
2035
3548
3611
2033
2034
3549
3601
3551
3602
3612
2040
2041
2042
2040
2042
2375
3568
2040
2041
2376
2041
2042
3569
2377
3572
2045
2048
2296
3202
2045
2049
2297
2046
2071
2298
2048
2049
2076
2846
2048
2049
2847
3203
2850
3204
2077
2852
2051
2053
2318
2511
2052
2056
2058
2319
2054
2320
2706
2055
2056
2062
2512
2055
2056
2710
2514
2063
2712
2059
2061
2325
2694
2059
2063
2326
2060
2327
2523
2713
2061
2063
2524
2685
2716
2062
2525
2687
2696
2063
2688
2697
2690
2719
2068
2069
2070
2410
3280
2068
2069
2957
3216
2069
2070
2411
2958
2068
2070
3217
3281
3218
3282
2414
2959
2416
3283
2073
2076
2341
2073
2074
2342
2075
2343
2509
2075
2077
2513
2076
2514
2077
2080
2088
3879
3882
3883
3955
3957
3958
3959
4071
2080
2082
4046
4072
2083
2093
4069
2090
2117
3953
3954
3955
2083
2084
2096
4047
2937
2938
2940
2993
2995
2996
2997
3953
3956
3957
3958
4091
4092
4093
4094
2091
3954
3956
3958
3959
4048
2088
2123
3866
3867
3868
3962
3964
3965
3966
4066
2091
2126
3961
3963
3965
3966
4053
2088
2091
4054
4067
2090
4068
2128
3960
3961
3962
2091
3095
3096
3097
3101
3885
3887
3891
3954
3955
3959
3960
3963
3964
3965
4056
4030
4064
2094
4023
4025
4026
4074
4089
4090
4092
4094
2095
2918
3813
3814
3815
3827
3828
3830
3831
4073
2098
2919
4038
4076
2097
2098
4040
4089
4091
4094
3829
4089
4091
2920
3827
3829
3830
4041
2101
2102
2202
2208
3305
2101
2102
2428
2460
3306
2210
2429
3310
2204
2462
3311
3631
3632
3635
2396
2465
2466
2107
2397
3634
3635
3636
3637
3641
3642
3643
3644
2399
2944
3638
3639
3642
2394
2946
2960
2961
2962
2963
3648
3649
3650
3651
2395
2948
3645
3646
3649
2212
2964
3652
3654
3656
2112
2113
3095
3285
3287
3289
3655
3656
3657
3658
2114
2115
2398
2965
2966
2969
2970
3174
3175
3177
2114
2399
2967
2968
2969
2970
3299
3300
3304
3886
2114
2115
3096
3887
2401
3889
3098
3181
3182
3185
3653
3654
3657
3658
2213
2985
3659
3662
3663
2119
2120
3095
3285
3286
3290
3660
3662
3664
3665
2121
2122
2986
2989
2990
2991
2994
3881
2121
2987
2988
2990
2991
2995
3292
3293
3297
3953
2121
2122
3097
3882
3955
2997
3883
3957
3099
3661
3663
3664
3665
3884
2125
3906
3909
3912
3968
3970
3972
3973
4087
2125
2127
4080
4088
2129
4085
2127
3967
3971
3972
3973
4082
2129
4083
3967
3968
3969
3396
3400
3401
3913
3917
3919
3969
3970
3971
3972
2132
2136
2438
3384
3391
2243
2439
3666
3670
3672
2134
2440
3385
3667
3669
3671
3672
2236
3673
3674
3675
2136
2239
3387
3674
3676
3678
3679
2240
3393
3680
3681
3684
2241
3388
3394
3683
3684
3685
3686
2139
2143
2163
2167
2168
3974
3978
3979
2139
2141
3975
3979
3980
3974
3975
3979
2141
2143
3007
2142
3008
2143
2179
2180
2182
3009
3019
3977
3978
3979
3980
3010
3195
3196
3197
2236
3687
3688
3690
2146
2149
3096
3960
2147
3098
3180
3182
3183
3688
3689
3691
3692
2149
2150
3100
3865
2149
2150
2237
3867
3962
3101
3868
3964
2239
3690
3691
3692
3693
3869
2155
2156
2157
3179
2155
2157
2219
3687
2156
2157
2155
2156
3180
3688
3183
3689
3184
2220
2160
2161
3433
3736
2160
2275
3737
2245
3739
2162
2248
3434
2279
3436
2165
2168
3525
2165
2169
3473
3477
3478
3526
2166
2170
3487
3491
3493
3527
2168
2169
2173
2284
2285
2288
3193
3695
3698
3699
2168
2169
3195
2176
3197
3199
3482
3483
3485
2172
3431
3435
3437
3532
3695
3696
3697
3699
2172
2174
3533
3976
2175
3390
3424
3428
3430
3534
2177
3694
3695
3698
2175
2176
2179
3392
3977
2181
2262
2263
2266
3393
3694
3696
3697
3700
2182
3697
3698
3699
3700
3978
2181
2182
2183
2231
2232
2235
3193
3694
3698
3700
2181
2183
3396
3913
2181
2182
3397
2182
2183
3196
3914
3370
3371
3374
3398
3197
3198
3377
3378
3381
3915
2186
2187
2478
3209
2186
2189
2479
2188
2480
3249
2188
2190
3210
2189
3253
2190
3254
3213
2193
2418
3319
2193
2412
2465
3323
2415
2423
3324
2196
2200
2736
3228
3278
2196
2198
2419
2737
2199
2420
2740
3279
2198
2200
3231
2199
2421
2200
2422
3280
3234
3282
2205
2212
2964
2204
2205
2215
3298
2204
2205
2466
2967
3299
2468
3303
2217
2968
3304
2207
2209
3314
2211
2213
2985
2210
2211
2215
3291
2210
2211
2987
3292
3316
3296
3317
2218
2988
3297
2214
2217
2214
2218
2216
3652
3659
2217
2218
3284
2217
2218
3285
3655
3660
3289
3656
3290
3662
2220
2223
3011
3701
2221
2226
3013
2223
2224
2227
3014
3368
2223
2224
2251
3369
3703
3016
3372
3704
3373
2226
2228
2267
3362
2227
3363
2228
2229
3364
2234
2271
3367
2233
2234
2235
3368
3375
2233
2234
2254
3453
2233
2235
2255
3370
2234
2235
3377
3454
2257
3373
3380
3456
3374
3381
3701
3702
3703
2239
2242
3909
3968
2242
3396
3709
3710
3711
3714
3969
2241
3702
3705
3706
3707
3910
3398
3708
3709
3712
2242
3399
3711
3712
3713
3714
3911
3401
3912
3970
2244
2249
2307
3426
2245
2246
2307
3666
2247
2307
3102
2247
2249
2250
3106
3668
2248
3108
2249
3427
2252
3429
3670
2252
3673
2252
2261
3675
2265
3677
2257
2258
2259
2260
3434
2257
2258
2283
2257
2259
2262
3694
2258
2259
2285
3435
3695
2264
2286
3436
2266
3437
3696
2264
2265
2266
3427
2264
2265
3369
3680
2264
2266
3370
2265
2266
3428
3681
3373
3429
3682
3430
2269
2271
3439
2269
2272
3446
2270
3440
3447
2271
2272
3441
3448
3452
3443
3456
2281
3450
3457
2275
2277
3188
3722
2275
2279
3489
3724
2276
3725
2277
2279
2278
3190
2279
2280
3191
3490
3492
2282
2434
2287
2436
2286
2287
2288
3480
3490
2286
2287
3453
2287
2288
3455
3482
2286
2288
3491
3492
3457
3484
3485
3493
2292
3487
3488
3489
3527
3724
3727
3728
3732
3733
3734
3735
2291
2292
3186
3187
3188
3715
3720
3721
3722
3723
3727
3715
3716
3721
3722
3724
3727
2471
2472
2476
3715
3723
2309
3530
3729
3730
3733
3531
3625
3627
3628
3718
3719
3720
3721
3730
3731
3732
3735
2298
2301
3717
2298
2302
2299
2341
2301
2302
2339
2346
3624
2301
2302
3625
3718
2340
3628
3719
2347
3630
2374
2387
2482
2307
3424
3425
3426
3534
3760
3761
3762
3763
3724
3736
3737
3742
2472
2478
2479
2484
3738
2308
2439
3736
3739
3740
3741
3744
3748
3749
2479
3743
3744
3748
3537
3750
3751
3754
2443
3538
3757
3758
3761
2312
2317
3528
2313
2316
3529
2315
2315
2317
3618
3621
3622
2316
2352
2355
2357
2317
2360
2361
2364
3530
3531
3626
3627
3629
2319
2321
3512
2320
2324
2326
2322
2323
2324
2330
3513
3567
2323
2324
3568
2349
3515
3571
2331
3572
2327
2329
3555
2327
2331
2328
3519
2329
2331
3520
3560
2330
3521
3557
3562
2331
3558
3563
3565
2338
2441
2485
2486
2490
2491
3580
2371
2442
2485
2487
2488
2492
2493
2496
3585
3764
3765
3766
2338
3581
3586
3765
3767
3769
3770
2443
3587
3771
3772
3775
2444
3582
3588
3774
3775
3776
3777
2340
2358
2362
2475
2343
2346
2343
2344
2345
2348
3510
2345
2347
3514
3617
2346
2349
3515
3619
2347
2350
3620
3623
2349
2350
2353
2354
2353
2356
2375
3568
2353
2357
3570
3618
2354
3571
3619
2356
2357
2358
3620
2356
2357
2360
2379
2363
2380
2364
3622
2362
2363
2364
3624
2362
2363
2383
3729
2363
2364
2384
2362
2364
3627
3730
3628
3731
2386
3629
2369
2377
2367
2369
2368
2492
2369
2370
2445
2495
2447
2373
2450
2497
2372
3745
2373
2374
2453
2488
3746
2456
2489
2457
3747
2377
2380
2377
2381
2446
2378
2447
2380
2381
2382
2448
2380
2381
2384
2386
2388
2451
2386
2387
2388
2452
2386
2387
3750
2386
2388
2387
2388
2455
3751
2457
3752
2458
2393
3785
3788
3789
3791
3778
3779
3781
3785
3786
3787
2393
2394
2395
2931
2395
2932
3781
3782
3783
3784
2933
3645
3649
3651
3787
3789
3790
3791
3792
3793
3794
2399
2400
2401
2402
3160
3161
3163
3792
3795
3797
3798
2401
3638
3642
3644
3794
3796
3797
3798
3892
2401
2402
3894
3896
2405
2409
3785
2405
2408
3231
2406
3232
2408
2409
3214
3233
2408
2409
3216
3786
3218
3234
3219
3788
2414
2415
2416
3273
2414
2416
3631
2414
2415
3632
2415
2416
3274
3633
3275
3276
2418
2419
3326
2421
2423
3327
2420
2421
2422
3272
2422
2423
3273
3275
3332
2425
2430
3785
2426
2427
2429
3312
2429
2430
3315
2429
2430
3787
3317
3789
2433
2436
3446
2433
2437
3189
2434
3190
2436
2437
3191
3480
2436
2437
3449
3481
3450
3484
3192
3486
2440
2444
3948
2440
2442
3666
3667
3672
2441
2628
2442
2444
2631
2443
2485
2488
2491
2632
3744
3745
3746
3749
2444
3757
3761
3763
3771
3775
3777
3950
3951
2447
2450
3764
2447
2451
2448
2450
2451
2452
2450
2451
2454
3766
2456
3768
2458
2456
2457
2458
2456
2457
3757
3771
2456
2458
3772
2457
2458
3758
3773
3759
2461
2464
2957
3786
2462
2464
3645
3787
2463
2467
2959
2463
2468
3647
2464
2469
2960
3648
2962
3651
3790
2467
2470
3632
3793
2468
2470
3638
3794
2469
3633
2469
3640
2470
3634
3641
3636
3644
3796
2473
2475
3207
3717
2473
2477
3208
3726
2474
2478
3209
2475
2477
2481
3729
2476
3719
3731
2477
3720
3727
3732
2484
3728
3734
2480
2481
2480
2483
3740
2482
3743
2482
2484
3750
2483
3747
3752
2484
3741
3748
3753
3742
3755
2486
2491
3263
2487
2490
2493
3264
2489
2494
3265
2489
2491
3771
2490
2497
3773
2491
2498
3774
3777
2494
2495
3256
2494
2498
3257
2497
3258
2496
2497
3764
2498
3767
2498
3768
3769
3502
3981
3983
4507
2504
2505
2506
2586
2596
2504
2505
2534
2504
2506
2535
2587
2505
2506
2597
2536
2590
2598
2592
2599
2523
2713
3984
3985
4255
3991
3992
4258
2511
2514
3510
2511
2515
3511
2512
2692
3512
2514
2515
2697
2514
2515
2698
2517
2518
2521
2707
2519
2702
2708
2520
2553
2521
2522
2703
2709
2521
2522
2553
2711
2553
2705
2524
3519
4261
2525
3832
3985
4264
3834
3837
4531
2527
2528
2642
4135
4540
2529
2531
2644
4537
2529
3843
4137
4534
2533
3845
4426
2531
2532
2653
3846
4549
2533
2654
4546
2533
3839
3848
4543
3841
4432
2536
2539
2536
2540
2537
2539
2540
2539
2540
2542
2546
2657
2660
2663
2664
2665
2670
3502
4005
4006
4007
2543
2547
4267
2545
2549
3507
4270
2545
2546
3508
2547
2551
2621
3509
2547
2624
2554
2625
2550
2553
2699
2701
2705
3501
3603
3604
3605
4002
4003
4004
2550
2551
3497
4273
2552
3498
4276
2552
2554
3499
2553
3500
2554
3256
3259
3262
2560
2561
2559
2560
2561
2783
2559
2560
2624
2559
2561
2624
2784
2624
2787
2788
2563
2568
2564
2566
2567
2567
2568
2567
2568
2757
2758
2761
3243
3244
3248
4105
2571
4156
4721
4727
2571
4728
4158
4729
2576
2577
2578
4109
2577
2578
2580
4110
2576
2577
2582
2576
2578
2585
4111
4112
2583
2584
2585
4116
2584
2585
4117
2583
2584
2583
2585
4118
4119
2590
2591
2592
2603
2590
2592
2590
2591
2591
2592
2604
2605
2606
2595
2598
3839
2595
2599
2601
3840
2596
2602
3841
2598
2599
2603
2598
2599
2606
2602
2605
3843
4163
2602
2606
3844
2603
3845
2605
2606
2605
2606
4164
4165
2611
2612
2613
2611
2613
2749
2612
2613
2750
2611
2612
2752
2617
2618
2804
2617
2620
2624
2618
2620
2624
2811
2619
2807
2619
2808
2813
2620
2809
2814
2624
2817
2623
2625
2623
2626
2627
2635
2625
2626
2627
2627
2640
2784
2786
2787
2811
2815
2817
2641
2630
2631
2630
2631
2634
2635
2633
2636
2632
2634
3250
3251
3252
3255
3263
3266
3269
2634
2638
2641
2636
2641
2637
2638
2639
3088
2639
2641
3089
2640
3091
2641
2643
2644
4143
4552
2645
2651
4145
4558
2645
2654
4465
2652
2656
4555
2647
2648
3981
3994
4279
2649
2650
3982
4564
2649
2655
3996
4468
2652
2656
4561
2652
4127
4175
4570
2652
4127
4148
4567
4471
2654
2655
3998
4573
2656
4474
2656
4000
4576
4579
2658
2660
3981
2659
2661
3982
4102
2662
3983
4128
2661
2663
2662
4132
2663
4134
2669
2670
3995
2667
2670
2667
2669
2679
3996
2668
2681
2669
2670
2682
2683
3997
2673
2676
2804
2673
2677
2680
2674
2681
2676
2677
2682
2676
2677
2805
2807
2684
2683
2684
2720
3999
2681
2683
4000
2681
2684
2723
2682
2683
2684
4001
2726
2687
2690
3832
2687
2691
3833
2688
3834
2690
2691
2690
2691
2694
2697
3553
2694
2695
3554
2696
3555
3835
2696
2698
3836
2697
3837
2698
2700
2701
3988
2702
2704
2714
3989
2702
2705
2703
2715
2704
2705
2717
2718
3990
2707
2710
2708
2711
2709
2715
2711
2712
2717
2711
2712
2719
2714
2716
2715
2718
3984
2717
2718
2719
3985
2718
2719
3986
2722
2726
3847
2722
2724
3848
2725
3849
2724
2726
2725
2726
2731
2732
2733
2741
2731
2733
2731
2732
2732
2733
2744
2746
2747
2738
2739
2740
2738
2739
2738
2740
2739
2740
2745
2746
2747
2745
2746
2745
2747
2746
2747
2752
2753
2754
2755
2752
2753
2752
2754
2753
2754
2756
2759
2760
2759
2760
2761
2759
2760
2770
2759
2761
2772
2760
2761
2774
2766
2767
2768
2769
2766
2768
2766
2767
2767
2768
2771
2773
2775
2773
2774
2775
2773
2774
2773
2775
2774
2775
2778
2781
2778
2779
2780
3347
2780
2782
3349
2781
3350
2782
2787
2788
2789
2787
2788
2788
2789
2787
2789
2792
2796
2792
2794
2795
2794
2796
2797
2795
2801
2796
2802
2803
2801
2803
2800
2801
2800
2803
2802
2802
2803
2807
2808
2807
2810
2889
2808
2810
2818
2890
2809
2809
2820
2810
2821
2824
2894
2813
2817
2813
2816
2819
2814
2820
2816
2817
2821
2816
2817
2823
2820
2824
2895
2820
2823
2853
2821
2823
2824
2823
2824
2857
2899
2858
2900
2827
2830
2854
2827
2831
2896
2828
2830
2831
2830
2831
2857
2899
2859
2901
2834
2837
2868
2834
2838
2835
2837
2838
2839
2837
2838
2841
2871
2844
2873
2845
2843
2844
2845
2846
2843
2844
2875
2844
2845
2876
2843
2845
2849
2850
2880
2851
2850
2851
2852
2850
2852
2851
2852
2850
2851
2855
2858
2855
2859
2856
2858
2859
2858
2859
2862
2866
2862
2865
2867
2863
2869
2865
2866
2870
2881
2865
2866
2883
2872
2885
2887
2869
2872
2869
2873
2870
2872
2873
2874
2872
2873
2876
2878
2880
2878
2879
2880
2881
2879
2880
2878
2880
2878
2879
2884
2885
2886
2885
2886
2887
2886
2887
2885
2887
2885
2886
2891
2892
2891
2894
2892
2894
2895
2893
2893
2897
2894
2898
2900
2897
2900
2897
2901
2898
2900
2901
2900
2901
2904
2908
2904
2906
2905
2906
2908
2910
2907
2911
2908
2912
2915
2911
2914
3229
2911
2915
2912
2914
2915
2914
2915
3231
3232
2917
2918
2921
2919
2919
2920
2926
2927
2928
2936
2943
2926
2928
2937
3293
3294
3295
3953
2926
2927
3885
3954
2927
2928
2944
3300
3301
3302
3886
2940
3956
2947
3888
2941
2948
3307
3308
3309
2933
2934
2935
2936
2943
2934
2935
3000
2933
2934
2939
3001
2933
2935
2946
2941
2948
2942
3002
2949
2940
2941
2942
2940
2941
2940
2942
2941
2942
2947
2948
2949
2947
2948
3639
3642
3643
3892
2947
2949
3893
2948
2949
3895
3646
3649
3650
2952
2956
4033
2952
2955
3850
4040
2953
4034
4041
2955
2956
4035
4042
2955
2956
3854
3855
4043
4036
2959
2962
3779
2959
2963
3631
2960
3633
2962
2963
3634
2962
2963
3781
3782
3637
2966
2968
3138
2966
2970
3141
3792
2969
3143
3654
2968
2970
3794
2969
3656
2970
3657
3797
2973
2975
3042
3860
2973
2977
2976
3861
2975
2977
3042
3878
2976
3042
3862
3880
2977
3863
3881
3884
2980
2984
2985
2980
2983
3335
2981
3342
3354
2983
2984
3343
3359
2983
2984
2986
3337
3338
3360
2989
3345
2988
2989
2989
2991
2992
2988
2991
2992
2990
3662
2990
3663
2991
3664
2992
2994
2995
3313
3314
3316
3318
3333
3337
3339
2995
2996
2997
2998
2997
2997
2998
3002
3003
3002
3003
3002
3005
3010
3006
3007
3008
3008
3010
3009
3010
3914
3917
3918
3921
3924
3925
3013
3016
3013
3017
3361
3014
3363
3016
3017
3364
3016
3017
3366
3019
3389
3392
3395
3494
3975
3976
3977
3980
3397
3400
3402
3021
3574
4051
4054
4055
4065
4067
3023
4044
4045
4046
4070
4072
3023
4037
4038
4039
4075
4076
4077
3025
3030
3026
3029
3027
3028
3029
4030
4031
4032
4061
4062
4063
4064
3030
3030
3033
3036
5171
3033
3034
5168
3035
3806
3808
3809
3820
3821
3822
5169
3035
3037
3036
3037
3039
3040
3575
3899
3901
3905
3041
3042
3041
3577
3864
3866
3870
4066
3044
4068
3043
3044
4720
3045
3857
3860
3862
4853
3045
3878
3879
3880
4071
4069
3048
3052
3053
3166
3168
3169
3403
3048
3051
3887
3960
3049
3055
3889
3051
3052
3056
3890
3051
3052
3404
3961
3891
3963
3058
3406
3055
3058
3145
3147
3148
3410
3055
3059
3894
3056
3896
3058
3059
3897
3058
3059
3411
3413
3898
3062
3065
3188
3062
3066
3063
3065
3066
3065
3066
3189
3190
3069
3070
3069
3071
3073
3109
3072
3073
3072
3073
3113
3114
3078
3079
3080
3079
3080
3078
3079
3078
3080
3086
3087
3667
3084
3086
3104
3084
3087
3106
3417
3668
3085
3107
3419
3086
3087
3420
3422
3669
3091
3093
3091
3092
3091
3092
3093
3131
3132
3134
3135
3340
3341
3344
3346
3347
3348
3353
3094
3098
3094
3099
3100
3096
3097
3098
3101
3099
3101
3100
3100
3101
3103
3108
3104
3105
3107
3107
3108
3107
3108
3110
3114
3111
3112
3115
3114
3115
3114
3115
3120
3121
3122
3120
3122
3180
3121
3122
3181
3120
3121
3184
3124
3129
3137
3327
3125
3128
3139
3127
3127
3129
3329
3128
3129
3140
3142
3330
3132
3133
3139
3132
3134
3652
3135
3135
3136
3140
3135
3136
3653
3143
3654
3139
3142
3319
3139
3143
3140
3142
3143
3142
3143
3320
3321
3148
3149
3150
3148
3150
3438
3149
3150
3167
3439
3148
3149
3168
3170
3440
3155
3156
3157
3156
3157
3445
3155
3156
3446
3155
3157
3447
3162
3163
3164
3162
3164
3173
3163
3164
3174
3162
3163
3178
3169
3170
3171
3169
3171
3361
3170
3171
3362
3169
3170
3363
3176
3177
3178
3179
3176
3178
3177
3178
3176
3177
3181
3184
3185
3183
3184
3185
3183
3184
3184
3185
3183
3185
3188
3191
3475
3188
3189
3190
3190
3192
3191
3192
3476
3479
3197
3198
3199
3454
3455
3458
3198
3199
3920
3197
3199
3197
3198
3921
3461
3462
3465
3922
3468
3469
3471
3202
3205
3715
3202
3203
3716
3204
3207
3717
3204
3206
3205
3211
3206
3212
3209
3211
3209
3213
3210
3211
3213
3212
3213
3218
3219
3220
3224
3219
3220
3778
3218
3219
3779
3218
3220
3225
3226
3780
3227
3223
3227
3223
3226
3228
3278
3224
3230
3226
3227
3233
3226
3227
3281
3234
3282
3230
3234
3230
3232
3233
3232
3234
3233
3234
3237
3239
3237
3240
3241
3239
3240
3242
3241
3245
3241
3246
3247
3245
3246
3246
3248
3245
3248
3247
3247
3248
3251
3253
3743
3251
3255
3744
3252
3745
3253
3255
3254
3255
3258
3259
3258
3261
3264
3260
3265
3260
3262
3261
3267
3262
3268
3264
3269
3265
3268
3267
3267
3269
3268
3269
3272
3275
3272
3276
3277
3273
3279
3275
3276
3280
3275
3276
3283
3279
3283
3279
3282
3280
3282
3283
3282
3283
3288
3289
3290
3291
3298
3289
3290
3288
3290
3293
3288
3289
3300
3295
3302
3304
3297
3295
3296
3297
3305
3296
3297
3295
3297
3295
3296
3307
3309
3310
3302
3303
3304
3305
3303
3304
3638
3302
3304
3302
3303
3308
3639
3309
3311
3640
3309
3310
3311
3310
3311
3645
3309
3310
3309
3311
3646
3647
3314
3317
3314
3318
3316
3317
3318
3317
3318
3321
3324
3327
3321
3325
3792
3322
3330
3324
3325
3331
3324
3325
3793
3332
3795
3327
3329
3330
3332
3329
3331
3330
3331
3332
3335
3337
3335
3336
3338
3338
3339
3338
3339
3341
3344
3659
3342
3346
3343
3349
3345
3346
3352
3345
3346
3661
3663
3353
3348
3350
3351
3353
3350
3352
3354
3351
3355
3352
3356
3353
3359
3355
3359
3356
3357
3358
3359
3358
3360
3360
3363
3366
3403
3363
3367
3439
3364
3366
3367
3375
3366
3367
3376
3403
3442
3379
3403
3380
3443
3372
3373
3374
3372
3373
3708
3373
3374
3372
3374
3709
3710
3379
3380
3381
3379
3380
3407
3460
3380
3381
3461
3379
3381
3407
3407
3463
3383
3384
3575
3386
3388
3575
3907
3385
3388
3387
3900
3387
3575
3901
3908
3388
3904
3910
3911
3391
3395
3946
3391
3393
3947
3394
3948
3393
3395
3397
3394
3398
3681
3684
3686
3395
3399
3402
3398
3401
3398
3402
3399
3709
3712
3714
3401
3402
3401
3402
3406
3407
3410
3406
3409
3967
3407
3409
3913
3969
3408
3413
3408
3414
3915
3409
3415
3916
3919
3971
3413
3414
3438
3442
3444
3413
3416
3414
3416
3920
3415
3415
3460
3462
3464
3922
3416
3923
3926
3419
3422
3673
3419
3423
3688
3420
3422
3423
3422
3423
3674
3690
3676
3691
3426
3428
3426
3427
3433
3429
3429
3430
3434
3429
3430
3437
3433
3437
3433
3436
3489
3434
3436
3437
3436
3437
3491
3492
3440
3444
3440
3443
3441
3443
3444
3459
3443
3444
3460
3463
3464
3447
3451
3447
3450
3448
3450
3451
3466
3450
3451
3467
3470
3472
3456
3457
3458
3459
3466
3456
3457
3456
3458
3461
3457
3458
3468
3463
3470
3465
3471
3463
3464
3465
3463
3464
3463
3465
3464
3465
3470
3471
3472
3470
3472
3481
3470
3471
3482
3471
3472
3484
3475
3478
3475
3479
3476
3488
3478
3479
3480
3490
3478
3479
3483
3485
3493
3486
3484
3485
3486
3484
3486
3484
3485
3485
3486
3489
3491
3489
3490
3492
3492
3493
3492
3493
3946
3949
3952
3496
3497
3504
4582
3499
3505
3934
3498
3499
3507
4585
3500
4588
3500
3509
3936
3937
3987
4002
4004
4600
4005
4007
4603
3504
3506
4591
4723
3505
3507
4594
3506
3509
3508
4724
3509
4597
3509
4725
3512
3515
3512
3516
3513
3553
3515
3516
3558
3515
3516
3559
4008
4009
4492
3522
4011
4012
4282
3520
4285
3521
3595
3940
4288
3942
3945
4615
3524
4014
4015
4291
3590
4002
4017
4018
4294
4020
4021
4297
3527
3529
3527
3531
3530
3532
3529
3531
3530
3536
3531
3537
3730
3733
3735
3534
3537
3534
3535
3538
3947
3536
3538
3949
3537
3538
3751
3754
3756
3758
3761
3762
3950
3544
3545
4008
3543
3544
3545
3546
3543
3544
3549
4009
3543
3545
3551
3552
4010
3550
3551
3552
3550
3552
4011
3550
3551
3551
3552
4012
4013
3555
3558
3555
3556
3557
3943
3557
3559
3944
3558
3945
3559
3562
3565
3940
3562
3566
3941
3563
3942
3565
3566
3567
3565
3566
3569
3572
3573
3571
3572
3573
3571
3572
3572
3573
3571
3573
4078
4079
4080
4086
4088
3576
3577
3578
3578
3906
3907
3908
4087
4085
3580
3581
3937
3582
3939
3582
3584
3585
3587
3589
3949
3586
3587
3765
3766
3770
3588
3588
3772
3775
3776
3950
3589
3951
3952
3591
3592
3988
4300
3593
3594
3989
4504
3593
3600
4018
4303
3596
3602
4306
3596
3984
4633
3596
3597
4309
3599
4312
3599
3940
4315
3599
3601
4009
4318
3602
4321
3602
4020
4324
3602
4012
4327
4330
3604
3609
4017
3605
3608
3607
3607
3609
3610
4018
3608
3612
3609
3613
3616
4019
3612
3616
4020
3612
3615
3613
3615
3616
3615
3616
4021
4022
3619
3623
3619
3622
3620
3622
3623
3624
3622
3623
3626
3629
3630
3628
3629
3630
3628
3630
3629
3630
3628
3629
3633
3637
3633
3636
3634
3636
3637
3636
3637
3640
3644
3640
3643
3646
3641
3647
3643
3644
3648
3643
3644
3650
3647
3651
3647
3650
3648
3650
3651
3650
3651
3653
3655
3654
3658
3657
3656
3658
3657
3658
3660
3661
3662
3665
3663
3665
3664
3664
3665
3667
3668
3669
3672
3669
3670
3673
3671
3676
3671
3677
3672
3678
3676
3677
3676
3679
3702
3677
3679
3680
3703
3678
3678
3682
3679
3683
3685
3706
3682
3685
3708
3682
3686
3683
3685
3686
3685
3686
3712
3713
3689
3693
3701
3689
3691
3692
3691
3693
3702
3692
3693
3707
3696
3700
3696
3699
3697
3699
3700
3699
3700
3704
3707
3706
3707
3704
3706
3708
3705
3710
3706
3707
3711
3713
3710
3713
3710
3714
3711
3713
3714
3713
3714
3717
3720
3717
3718
3719
3719
3721
3720
3721
3723
3725
3726
3727
3725
3728
3726
3737
3728
3738
3728
3742
3731
3734
3750
3731
3735
3732
3734
3735
3734
3735
3754
3755
3739
3741
3738
3739
3740
3742
3740
3741
3742
3745
3747
3745
3749
3746
3747
3749
3757
3748
3759
3749
3760
3763
3752
3755
3752
3756
3758
3753
3759
3755
3756
3760
3755
3756
3762
3759
3763
3759
3762
3760
3762
3763
3762
3763
3767
3768
3767
3770
3768
3770
3772
3769
3769
3773
3770
3774
3776
3773
3777
3773
3776
3774
3776
3777
3776
3777
3780
3784
3780
3782
3786
3783
3788
3782
3784
3783
3790
3784
3791
3788
3789
3788
3790
3789
3790
3791
3791
3791
3795
3797
3795
3796
3796
3797
3798
3798
3798
3800
3802
3857
3801
3803
3858
3805
3859
4027
3803
3804
3805
3805
4028
4029
3809
3811
5220
3810
3811
3809
3810
3812
5222
3812
3812
4944
5221
3815
3819
3815
3817
3818
4023
3817
3819
3818
4028
3819
4029
3821
3826
5246
3822
3824
5016
3823
3824
3825
3826
5248
3826
5247
3828
3830
3831
3830
3831
4089
4090
3834
3991
4333
3834
4441
4417
3837
3943
4336
3837
4420
4423
3839
3840
4453
3841
4456
3841
3844
4429
3845
4636
3843
3844
4139
4435
3845
4140
4645
3845
4639
4642
3847
3848
3998
4648
3849
3999
4444
3849
4459
4447
3852
3855
4047
3852
3856
3874
3853
3875
4048
3855
3856
3876
4049
3855
3856
4050
3877
3858
3860
3859
3861
3863
3861
3862
3863
3863
3869
3870
3901
3908
3868
3869
3870
3903
3868
3870
3868
3869
3909
3904
3910
3905
3873
3876
3927
4052
3873
3874
3928
3875
3929
4053
3875
3877
3876
4056
3877
4057
3880
3884
3880
3883
3881
3883
3884
3883
3884
3888
3891
3888
3889
3892
3889
3891
3890
3895
3890
3896
3891
3897
3895
3896
3895
3898
3896
3898
3897
3897
3898
3902
3905
3902
3904
3904
3905
3903
3904
3905
3907
3912
3908
3911
3910
3910
3912
3911
3912
3915
3919
3915
3918
3921
3916
3922
3918
3919
3923
3918
3919
3925
3922
3926
3922
3925
3923
3925
3926
3925
3926
3929
3932
4081
3929
3931
3930
4082
3931
3932
4083
3933
3933
4084
3935
3936
3938
3937
3938
3939
3939
3942
4339
3942
4495
4480
3945
4342
3945
4483
4486
3948
3952
3948
3950
3951
3950
3952
3951
3952
3956
3957
3956
3959
3957
3959
3958
3958
3959
3963
3964
3963
3966
3967
3964
3966
3968
3965
3965
3966
3973
3971
3973
3970
3973
3970
3971
3972
3972
3973
3976
3978
3976
3980
3977
3978
3980
3979
3980
3982
4005
4345
3983
4175
4651
4176
4348
3986
3989
4654
3986
3991
4351
3990
3993
4354
3988
3990
4510
3989
4002
4357
3990
4516
4360
3993
4363
3993
4522
4513
3995
3996
4005
4366
3997
4006
4369
3997
4000
4519
4001
4372
3999
4000
4528
4001
4525
4001
4657
4375
4003
4378
4004
4017
4381
4660
4006
4384
4007
4609
4606
4010
4387
4010
4012
4390
4013
4612
4013
4014
4393
4013
4396
4399
4016
4618
4016
4021
4624
4621
4019
4627
4019
4020
4402
4022
4405
4022
4408
4022
4411
4630
4026
4029
4025
4027
4028
4026
4027
4029
4029
4032
4034
4032
4036
4035
4034
4036
4035
4036
4038
4040
4046
4039
4041
4042
4041
4043
4047
4042
4043
4050
4045
4049
4055
4046
4050
4047
4048
4050
4049
4056
4050
4057
4053
4054
4078
4053
4057
4081
4056
4082
4055
4056
4057
4057
4059
4062
4060
4063
4064
4062
4064
4063
4064
4066
4067
4086
4068
4087
4068
4070
4071
4071
4072
4074
4071
4072
4075
4074
4076
4075
4076
4077
4080
4082
4080
4084
4083
4082
4084
4083
4084
4087
4088
4087
4088
4090
4094
4092
4093
4094
4093
4094
4099
4104
4127
4129
4098
4106
4107
4110
4135
4159
4161
4164
4113
4114
4117
4143
4100
4120
4121
4124
4147
4129
4152
4166
4167
4171
4103
4128
4130
4133
4134
4735
4739
4779
4784
4785
4801
4128
4129
4132
4175
4736
4741
4124
4131
4157
4737
4108
4111
4113
4136
4108
4112
4137
4163
4109
4138
4162
4111
4112
4161
4111
4112
4117
4119
4165
4115
4119
4144
4115
4118
4120
4145
4116
4122
4146
4118
4119
4123
4118
4119
4125
4122
4125
4148
4122
4126
4149
4167
4123
4150
4125
4126
4125
4126
4171
4169
4147
4173
4679
4130
4134
4176
4130
4131
4173
4133
4166
4174
4132
4133
4171
4134
4134
4172
4136
4137
4143
4697
4138
4144
4663
4138
4140
4682
4142
4700
4140
4141
4160
4685
4142
4163
4702
4142
4159
4665
4162
4705
4144
4145
4688
4146
4667
4146
4148
4707
4150
4710
4148
4149
4152
4691
4150
4712
4150
4153
4669
4715
4152
4154
4166
4174
4746
4839
4153
4173
4694
4154
4167
4671
4168
4749
4842
4894
4156
4157
4769
5228
4158
4732
4794
4158
4770
4771
4160
4162
4163
4164
4162
4165
4163
4165
4165
4168
4172
4735
4168
4169
4170
4780
5070
4170
4171
4172
4783
5067
4172
4785
4174
4175
4676
4176
4850
4176
4717
4673
4178
4258
4333
4438
4441
4179
4259
4334
4439
4442
4260
4335
4440
4443
4181
4213
4336
4420
4182
4214
4337
4421
4215
4338
4422
4184
4216
4261
4336
4531
4185
4217
4262
4337
4532
4218
4263
4338
4533
4187
4192
4204
4270
4603
4606
4188
4193
4205
4271
4604
4607
4194
4206
4272
4605
4608
4190
4201
4267
4273
4600
4660
4191
4202
4268
4274
4601
4661
4203
4269
4275
4602
4662
4193
4348
4507
4795
4801
4194
4349
4508
4796
4802
4350
4509
4797
4803
4196
4198
4258
4375
4438
4522
4525
4197
4199
4259
4376
4439
4523
4526
4200
4260
4377
4440
4524
4527
4199
4201
4267
4369
4372
4200
4202
4268
4370
4373
4203
4269
4371
4374
4202
4360
4510
4513
4522
4203
4361
4511
4514
4523
4362
4512
4515
4524
4205
4591
4597
4795
4206
4592
4598
4796
4593
4599
4797
4208
4498
4501
4209
4499
4502
4500
4503
4211
4240
4339
4489
4492
4495
4212
4241
4340
4490
4493
4496
4242
4341
4491
4494
4497
4214
4342
4483
4215
4343
4484
4344
4485
4217
4285
4342
4615
4218
4286
4343
4616
4287
4344
4617
4220
4246
4249
4276
4405
4627
4221
4247
4250
4277
4406
4628
4248
4251
4278
4407
4629
4223
4225
4387
4498
4612
4224
4226
4388
4499
4613
4227
4389
4500
4614
4226
4231
4393
4399
4227
4232
4394
4400
4233
4395
4401
4229
4231
4234
4230
4232
4235
4233
4236
4232
4618
4621
4233
4619
4622
4620
4623
4235
4246
4621
4624
4236
4247
4622
4625
4248
4623
4626
4238
4255
4285
4309
4633
4239
4256
4286
4310
4634
4257
4287
4311
4635
4241
4315
4318
4492
4242
4316
4319
4493
4317
4320
4494
4244
4282
4297
4324
4327
4245
4283
4298
4325
4328
4284
4299
4326
4329
4247
4252
4411
4630
4248
4253
4412
4631
4254
4413
4632
4250
4252
4588
4251
4253
4589
4254
4590
4253
4254
4256
4261
4351
4654
4257
4262
4352
4655
4263
4353
4656
4259
4363
4522
4260
4364
4523
4365
4524
4262
4264
4285
4263
4265
4286
4266
4287
4265
4333
4351
4531
4266
4334
4352
4532
4335
4353
4533
4268
4270
4606
4609
4269
4271
4607
4610
4272
4608
4611
4271
4273
4597
4272
4274
4598
4275
4599
4274
4276
4585
4275
4277
4586
4278
4587
4277
4381
4588
4660
4278
4382
4589
4661
4383
4590
4662
4280
4345
4366
4468
4564
4281
4346
4367
4469
4565
4347
4368
4470
4566
4283
4291
4393
4396
4284
4292
4394
4397
4293
4395
4398
4286
4288
4287
4289
4290
4289
4309
4339
4615
4290
4310
4340
4616
4311
4341
4617
4292
4297
4618
4624
4293
4298
4619
4625
4299
4620
4626
4295
4300
4378
4402
4627
4296
4301
4379
4403
4628
4302
4380
4404
4629
4298
4408
4411
4299
4409
4412
4410
4413
4301
4303
4357
4504
4302
4304
4358
4505
4305
4359
4506
4304
4306
4324
4402
4305
4307
4325
4403
4308
4326
4404
4307
4312
4330
4504
4308
4313
4331
4505
4314
4332
4506
4310
4312
4315
4311
4313
4316
4314
4317
4313
4321
4633
4314
4322
4634
4323
4635
4316
4321
4339
4317
4322
4340
4323
4341
4319
4321
4327
4390
4320
4322
4328
4391
4323
4329
4392
4322
4330
4323
4331
4332
4325
4330
4408
4326
4331
4409
4332
4410
4328
4330
4396
4329
4331
4397
4332
4398
4331
4332
4334
4363
4417
4335
4364
4418
4365
4419
4337
4342
4423
4338
4343
4424
4344
4425
4340
4480
4341
4481
4482
4343
4486
4344
4487
4488
4346
4384
4507
4651
4347
4385
4508
4652
4386
4509
4653
4349
4507
4651
4673
4350
4508
4652
4674
4509
4653
4675
4352
4354
4363
4353
4355
4364
4356
4365
4355
4360
4513
4654
4356
4361
4514
4655
4362
4515
4656
4358
4378
4510
4516
4359
4379
4511
4517
4380
4512
4518
4361
4510
4513
4516
4362
4511
4514
4517
4512
4515
4518
4364
4513
4365
4514
4515
4367
4369
4384
4519
4368
4370
4385
4520
4371
4386
4521
4370
4372
4609
4371
4373
4610
4374
4611
4373
4375
4519
4374
4376
4520
4377
4521
4376
4525
4657
4377
4526
4658
4527
4659
4379
4381
4600
4380
4382
4601
4383
4602
4382
4627
4660
4383
4628
4661
4629
4662
4385
4603
4609
4386
4604
4610
4605
4611
4388
4489
4492
4612
4389
4490
4493
4613
4491
4494
4614
4391
4396
4492
4612
4392
4397
4493
4613
4398
4494
4614
4394
4399
4618
4395
4400
4619
4401
4620
4397
4399
4398
4400
4401
4400
4612
4401
4613
4614
4403
4405
4408
4404
4406
4409
4407
4410
4406
4627
4630
4407
4628
4631
4629
4632
4409
4630
4410
4631
4632
4412
4624
4630
4413
4625
4631
4626
4632
4415
4417
4420
4423
4441
4462
4416
4418
4421
4424
4442
4463
4419
4422
4425
4443
4464
4418
4423
4441
4531
4419
4424
4442
4532
4425
4443
4533
4421
4423
4422
4424
4425
4424
4531
4425
4532
4533
4427
4432
4534
4537
4642
4428
4433
4535
4538
4643
4434
4536
4539
4644
4430
4453
4636
4639
4431
4454
4637
4640
4455
4638
4641
4433
4543
4546
4636
4434
4544
4547
4637
4545
4548
4638
4436
4639
4645
4685
4437
4640
4646
4686
4641
4647
4687
4439
4441
4444
4447
4462
4440
4442
4445
4448
4463
4443
4446
4449
4464
4442
4443
4445
4447
4525
4648
4446
4448
4526
4649
4449
4527
4650
4448
4450
4459
4449
4451
4460
4452
4461
4451
4453
4456
4459
4462
4452
4454
4457
4460
4463
4455
4458
4461
4464
4454
4456
4455
4457
4458
4457
4459
4543
4636
4458
4460
4544
4637
4461
4545
4638
4460
4543
4648
4461
4544
4649
4545
4650
4463
4464
4466
4474
4537
4552
4555
4467
4475
4538
4553
4556
4476
4539
4554
4557
4469
4519
4561
4576
4470
4520
4562
4577
4521
4563
4578
4472
4555
4561
4567
4570
4473
4556
4562
4568
4571
4557
4563
4569
4572
4475
4546
4573
4579
4476
4547
4574
4580
4548
4575
4581
4478
4480
4483
4486
4495
4501
4479
4481
4484
4487
4496
4502
4482
4485
4488
4497
4503
4481
4486
4495
4615
4482
4487
4496
4616
4488
4497
4617
4484
4486
4485
4487
4488
4487
4615
4488
4616
4617
4490
4492
4495
4498
4501
4491
4493
4496
4499
4502
4494
4497
4500
4503
4493
4494
4496
4497
4499
4500
4502
4503
4505
4516
4633
4506
4517
4634
4518
4635
4508
4603
4509
4604
4605
4511
4600
4512
4601
4602
4514
4522
4515
4523
4524
4517
4654
4518
4655
4656
4520
4657
4521
4658
4659
4523
4524
4526
4528
4527
4529
4530
4529
4573
4648
4657
4530
4574
4649
4658
4575
4650
4659
4532
4533
4535
4540
4645
4682
4536
4541
4646
4683
4542
4647
4684
4538
4540
4546
4539
4541
4547
4542
4548
4541
4552
4697
4542
4553
4698
4554
4699
4544
4549
4545
4550
4551
4547
4549
4548
4550
4551
4550
4573
4648
4551
4574
4649
4575
4650
4553
4558
4688
4554
4559
4689
4560
4690
4556
4558
4579
4557
4559
4580
4560
4581
4559
4567
4707
4560
4568
4708
4569
4709
4562
4564
4579
4563
4565
4580
4566
4581
4565
4570
4651
4566
4571
4652
4572
4653
4568
4679
4712
4569
4680
4713
4681
4714
4571
4679
4717
4572
4680
4718
4681
4719
4574
4576
4575
4577
4578
4577
4579
4657
4578
4580
4658
4581
4659
4580
4581
4583
4585
4594
4584
4586
4595
4587
4596
4586
4588
4597
4587
4589
4598
4590
4599
4589
4590
4592
4594
4798
4593
4595
4799
4596
4800
4595
4597
4596
4598
4599
4598
4599
4601
4660
4602
4661
4662
4604
4606
4605
4607
4608
4607
4609
4608
4610
4611
4610
4611
4613
4614
4616
4617
4619
4621
4620
4622
4623
4622
4624
4623
4625
4626
4625
4626
4628
4629
4631
4632
4634
4654
4635
4655
4656
4637
4642
4638
4643
4644
4640
4642
4641
4643
4644
4643
4645
4644
4646
4647
4646
4702
4647
4703
4704
4649
4650
4652
4717
4653
4718
4719
4655
4656
4658
4659
4661
4662
4664
4667
4697
4698
4700
4668
4699
4701
4666
4685
4686
4705
4687
4706
4668
4688
4689
4710
4690
4711
4670
4671
4691
4692
4715
4672
4693
4716
4672
4694
4695
4842
4696
4843
4674
4717
4801
4850
4675
4718
4802
4851
4719
4803
4852
4677
4679
4694
4717
4850
4678
4680
4695
4718
4851
4681
4696
4719
4852
4680
4691
4681
4692
4693
4683
4697
4700
4702
4684
4698
4700
4703
4699
4701
4704
4686
4702
4687
4703
4704
4689
4697
4707
4690
4698
4708
4699
4709
4692
4694
4712
4693
4695
4713
4696
4714
4695
4839
4696
4840
4841
4698
4699
4701
4705
4706
4703
4705
4704
4705
4706
4706
4708
4710
4712
4709
4710
4713
4711
4714
4711
4715
4716
4713
4715
4714
4715
4716
4716
4718
4719
4721
4853
4726
4727
4750
4793
4794
4958
5229
4723
4725
4739
4795
4724
4738
4798
4725
4726
4740
4728
4741
4727
4728
4729
4732
4740
4729
4741
4771
4732
4734
4740
4744
4764
4765
4767
4768
4939
4738
4742
4745
4762
4763
4765
4769
4771
4793
4739
4752
4772
4775
4778
4779
4736
4741
4771
4774
4776
4777
4778
4948
4746
4779
4780
4785
4782
4783
4784
4785
4950
4770
4950
4980
4739
4740
4751
4762
4765
4768
4814
4741
4772
4777
4778
4823
4741
4750
4743
4756
4757
4817
4745
4759
4760
4804
4750
4787
4788
4791
4792
4793
4941
4751
4786
4788
4789
4747
4749
4826
4748
4752
4779
4829
4749
4753
4781
4835
4895
4780
4837
4896
4751
4788
4789
4792
4753
4754
4832
4755
4775
4844
4954
4755
4756
4772
4807
4758
4773
4846
4955
4758
4762
4820
4758
4760
4763
4810
4952
4766
4848
4953
4761
4789
4761
4786
4812
4956
4790
4957
4766
4768
4772
4764
4766
4786
5127
4765
4767
4787
5131
4768
4788
4767
4773
5128
4768
4774
5129
4777
4770
4937
4939
5227
4771
4948
5215
4773
4777
4774
4775
5137
4776
4777
5138
4776
4781
4949
4778
4782
5135
4778
4784
4781
4784
4781
4783
5077
4782
4865
4783
4784
5073
4785
5075
4785
4787
4790
5141
4788
4791
5145
4792
4790
4792
4791
5142
4792
5143
4794
4958
5227
4853
5228
5229
4796
4798
4823
4797
4799
4824
4800
4825
4799
4814
4800
4815
4816
4802
4823
4826
4829
4850
4803
4824
4827
4830
4851
4825
4828
4831
4852
4805
4812
4817
4806
4812
4818
4813
4819
4808
4820
4823
4832
4846
4809
4821
4824
4833
4846
4822
4825
4834
4847
4811
4812
4817
4818
4848
5254
4813
4819
4849
5254
4813
5256
5256
4815
4817
4820
4823
4816
4818
4821
4824
4819
4822
4825
4818
4820
4819
4821
4822
4821
4848
4822
4848
4849
4824
4832
4825
4833
4834
4827
4829
4837
4839
4850
4828
4830
4837
4840
4851
4831
4838
4841
4852
4830
4832
4835
4831
4833
4835
4834
4836
4833
4844
4834
4844
4845
4836
4837
4844
5253
4838
4845
5253
4838
4842
5258
4843
5258
4840
4842
4850
4841
4842
4851
4843
4852
4843
5257
5257
4845
4846
5255
4847
5255
4847
4848
5260
4849
5260
4849
5259
5259
4851
4852
5228
5229
5230
4866
4867
4870
4873
4874
4877
5046
5086
5088
5091
4858
4859
4898
4899
4900
4945
4946
5039
5040
5043
5052
4898
4899
4903
4904
4905
5150
5151
5152
5153
4899
4900
4902
4907
5164
5165
5166
5167
4866
5054
5055
4868
5054
5057
5059
4874
5060
5062
5063
4875
5057
5063
5064
4940
5050
5060
5066
5068
4895
4949
5071
5073
5077
4868
4872
5054
5055
5056
4868
4871
4873
5079
5081
5083
4869
4875
5057
5058
5059
4872
4876
4887
5081
5082
5083
5084
4871
4872
5078
5081
5084
5099
5100
5103
5104
5078
5079
5081
4893
4875
4878
5093
5095
5097
4875
4879
5050
5060
5061
5062
4876
5063
5064
5065
4879
4880
5095
5096
5097
5098
5085
5086
5088
5093
5079
5092
5093
5097
4885
5051
5088
5089
5090
5091
4885
4886
4887
4922
4923
4927
4928
4904
4909
4910
4911
4966
5087
4885
4886
4897
4899
4902
4903
4905
4907
4916
4917
4918
4967
5106
4891
4923
4924
4925
5092
4906
4908
4911
4913
4914
4892
4915
4918
4920
4921
4892
4893
4929
4930
4934
4935
5005
5040
5099
5101
5105
5008
5039
5053
5106
5107
5111
4892
4893
5042
5043
5044
5045
4930
4931
4932
5080
5109
5110
5111
5112
5102
5103
5104
5105
4896
5070
5257
4896
4954
5253
5077
5258
4901
4902
4903
4908
4915
4901
4903
4909
4973
4902
4903
4901
4902
4916
4974
4912
4919
4975
4920
4914
4906
4909
4911
4914
4983
5024
5025
5027
5049
4906
5051
4916
4918
4920
5053
5188
5189
5190
5191
4912
4913
4914
4922
4912
4914
4996
4912
4913
4924
4997
5085
4913
4914
5089
4926
4998
4927
5090
4919
4920
4921
4922
4919
4920
5000
4919
4921
4925
5001
5108
4920
4921
5110
4926
5002
4928
5112
4926
4927
4928
4927
4928
4930
5096
4926
4927
5094
4926
4928
4932
5098
4935
4933
4934
4935
5102
5109
4934
4935
5082
4933
4934
5013
5078
5100
4933
4935
5108
5014
5101
5107
5084
5104
5112
4942
4944
5168
5220
5223
5224
5115
5202
5215
5218
4970
4972
5226
5249
4941
4948
5115
5129
5130
5131
5132
4950
5046
5066
5067
5117
5143
5144
5145
5146
5227
4943
5119
5122
5123
4944
5119
5121
5122
5220
5221
5224
4973
4974
4977
5150
5166
4965
5017
5018
5021
4951
5116
5126
5127
5130
4950
5114
5134
5135
5138
5139
4954
5133
5135
5137
5048
5072
5073
5074
5075
5118
5140
5141
5144
4953
4956
5127
5254
4955
5128
5259
4955
5255
5137
5260
4957
5141
5256
5142
5229
5231
4980
4981
5046
5180
5181
5183
4984
5147
5148
5151
5177
4970
5154
5155
5157
5200
4987
5161
5162
5164
5186
5203
4995
5232
5235
5237
4989
5232
5239
5242
5245
4991
4992
5018
5021
5022
5052
5192
5195
5196
4983
4996
4997
4999
4969
5000
5001
5003
5190
5005
5006
5099
5008
5009
5011
5106
5198
5155
5157
5158
5172
5173
5175
5176
5250
4972
4990
5172
5174
5172
5174
5175
5225
5239
5241
5243
5244
4975
4978
4996
5153
4975
4979
5000
5167
4976
4998
5002
4978
4979
4978
4979
5032
5148
5163
5033
5149
5004
5034
5162
4982
5048
5215
5179
5180
5181
4985
5178
5180
5182
5183
5219
5024
5025
5026
5184
4985
5147
5151
5152
5158
5176
5025
5027
5029
5030
5160
4988
5185
5186
5188
5193
5207
4988
4990
5161
5164
5165
5174
5243
4989
4993
5186
5188
5189
5242
4990
4994
5207
5209
5203
5204
5239
4993
5192
5193
5195
5211
4993
4995
5235
4994
5193
5195
5197
5236
4995
5211
5213
5232
4998
5024
4998
5026
5002
5004
5191
5002
5009
5004
5011
5035
5185
5036
5187
5007
5017
5007
5013
5100
5014
5019
5101
5010
5012
5018
5196
5010
5108
5014
5019
5107
5012
5037
5194
5022
5038
5192
5014
5016
5171
5248
5251
5252
5169
5246
5248
5251
5019
5023
5040
5019
5022
5039
5020
5041
5022
5023
5022
5023
5027
5028
5153
5027
5030
5182
5028
5030
5179
5029
5152
5029
5149
5030
5147
5178
5033
5034
5033
5034
5206
5036
5205
5036
5037
5208
5210
5038
5214
5212
5041
5044
5052
5041
5045
5042
5101
5107
5044
5045
5102
5109
5044
5045
5052
5052
5111
5105
5048
5049
5050
5048
5050
5071
5072
5074
5076
5113
5114
5051
5086
5087
5089
5091
5181
5182
5183
5184
5051
5066
5068
5069
5053
5106
5110
5111
5195
5196
5197
5198
5056
5056
5059
5058
5059
5064
5061
5062
5068
5065
5065
5065
5067
5069
5074
5070
5075
5069
5070
5076
5077
5072
5076
5133
5073
5074
5134
5075
5135
5075
5076
5077
5077
5080
5084
5080
5083
5082
5092
5083
5084
5083
5084
5096
5097
5087
5090
5094
5087
5091
5089
5090
5091
5095
5090
5091
5098
5094
5096
5094
5095
5098
5097
5098
5097
5098
5100
5103
5101
5104
5102
5104
5105
5104
5105
5108
5110
5108
5109
5112
5111
5112
5111
5112
5114
5116
5133
5134
5136
5139
5115
5215
5116
5117
5118
5126
5130
5132
5118
5202
5140
5144
5146
5120
5123
5121
5124
5125
5221
5123
5125
5224
5124
5125
5233
5234
5237
5238
5225
5240
5241
5244
5245
5128
5132
5136
5128
5131
5141
5129
5137
5131
5132
5138
5131
5132
5144
5145
5139
5134
5136
5135
5139
5138
5137
5139
5138
5139
5142
5146
5142
5145
5143
5145
5146
5145
5146
5149
5152
5149
5150
5177
5153
5151
5153
5177
5152
5177
5153
5156
5159
5200
5216
5156
5158
5160
5217
5158
5159
5200
5160
5160
5200
5218
5219
5163
5165
5177
5204
5163
5167
5187
5205
5166
5177
5206
5165
5167
5189
5166
5177
5167
5177
5191
5169
5170
5171
5220
5222
5223
5226
5246
5249
5251
5171
5173
5175
5176
5175
5177
5176
5177
5179
5180
5182
5184
5183
5183
5184
5183
5184
5187
5190
5194
5208
5187
5189
5209
5191
5210
5189
5190
5197
5191
5191
5198
5194
5196
5212
5194
5197
5213
5198
5214
5196
5197
5198
5198
5201
5248
5201
5202
5250
5252
5216
5218
5227
5228
5230
5231
5204
5205
5209
5206
5206
5210
5208
5209
5213
5210
5214
5210
5212
5213
5214
5214
5219
5217
5218
5219
5219
5222
5223
5222
5225
5226
5224
5226
5225
5226
5228
5231
5230
5230
5231
5236
5238
5234
5235
5237
5236
5238
5240
5236
5242
5238
5245
5243
5244
5241
5242
5245
5243
5244
5243
5245
5247
5249
5248
5250
5252
5250
5251
5252
5252
5255
5258
5256
5259
5260
5258
5260
)


// ************************************************************************* //
