/*--------------------------------*- C++ -*----------------------------------*\
  =========                 |
  \\      /  F ield         | OpenFOAM: The Open Source CFD Toolbox
   \\    /   O peration     | Website:  https://openfoam.org
    \\  /    A nd           | Version:  8
     \\/     M anipulation  |
\*---------------------------------------------------------------------------*/
/*   Windows 32 and 64 bit porting by blueCAPE: http://www.bluecape.com.pt   *\
|  Based on Windows porting (2.0.x v4) by Symscape: http://www.symscape.com   |
\*---------------------------------------------------------------------------*/
FoamFile
{
    version     2.0;
    format      ascii;
    class       faceSet;
    location    "constant/vegetation/polyMesh/sets";
    object      layerFaces;
}
// * * * * * * * * * * * * * * * * * * * * * * * * * * * * * * * * * * * * * //


895
(
14337 
12290 
14340 
12294 
14345 
14347 
12301 
14353 
14356 
12309 
14361 
12315 
14364 
12320 
14369 
14372 
12329 
14377 
14380 
12335 
14385 
14388 
12343 
14393 
12347 
14395 
14398 
14401 
12354 
14406 
12359 
14408 
14411 
12368 
14417 
14420 
12373 
14425 
14429 
12382 
14432 
12388 
14437 
12392 
14443 
14446 
12399 
14451 
12404 
14455 
14457 
14460 
12413 
14463 
12419 
14468 
12423 
14471 
14476 
12430 
12434 
14482 
14484 
14487 
12441 
14491 
12445 
14493 
14496 
14499 
12452 
12455 
14504 
14507 
12460 
12464 
14512 
14515 
12471 
14520 
12475 
14523 
14528 
12482 
14530 
12485 
14533 
14535 
12490 
14538 
14541 
12495 
14546 
14548 
14551 
12504 
14554 
12508 
14559 
14562 
12515 
12519 
14567 
14569 
14572 
12526 
14575 
12531 
14580 
14583 
12540 
14588 
14590 
12544 
14593 
14595 
14598 
12551 
14600 
12555 
14603 
14606 
12562 
14611 
12565 
14614 
12570 
14619 
12574 
14625 
14627 
12581 
14630 
12584 
14632 
14635 
12589 
14639 
12592 
14642 
12597 
14647 
12601 
14650 
14655 
12608 
14657 
12611 
14660 
14663 
12616 
12620 
14668 
14671 
12627 
14676 
14678 
12633 
14681 
14683 
14686 
12639 
14688 
14691 
12644 
14694 
14699 
12653 
14702 
12657 
14707 
14709 
12664 
14712 
14715 
12668 
14720 
14722 
12675 
14725 
12678 
14728 
12683 
14733 
12687 
14735 
14738 
14740 
12694 
14743 
12697 
14746 
12702 
14751 
14753 
12707 
14756 
14759 
12716 
14764 
14766 
12720 
14769 
14771 
14774 
12727 
14776 
12731 
14779 
14781 
14784 
12738 
14786 
12741 
14789 
14791 
12746 
14794 
14797 
12752 
14802 
14804 
14807 
14810 
12763 
12766 
14815 
14817 
12771 
14820 
12774 
14823 
12779 
14828 
12782 
14830 
14833 
12787 
14836 
12790 
14841 
12795 
14843 
12798 
14846 
14849 
12803 
12806 
14854 
14856 
12811 
14859 
12814 
14862 
12819 
14867 
14869 
14872 
12827 
14875 
12831 
14880 
14882 
14885 
12838 
14887 
14890 
12843 
14892 
14895 
14898 
12852 
14903 
12856 
14905 
14908 
14910 
12863 
14913 
14916 
12869 
12873 
14921 
12880 
14928 
12884 
14932 
12891 
14939 
14940 
14945 
12898 
14951 
14954 
12911 
14959 
14960 
14961 
14962 
12916 
14971 
12925 
14978 
12933 
12937 
14985 
12944 
14992 
12949 
14999 
12958 
15006 
12961 
15013 
12966 
12972 
15020 
12975 
15027 
12980 
12984 
15034 
12991 
15039 
15042 
12996 
15051 
13005 
15054 
13010 
15059 
15062 
13019 
15068 
13022 
15071 
13027 
15076 
15079 
13032 
15084 
15087 
15092 
15095 
13049 
13052 
15100 
15102 
13057 
15105 
15106 
15107 
13062 
15110 
15111 
15112 
15115 
15116 
13071 
15119 
13075 
15125 
15128 
13082 
15131 
13085 
15134 
13090 
15139 
13094 
15142 
15147 
15148 
13101 
15149 
15150 
15151 
13104 
15153 
15156 
13109 
15158 
13112 
15161 
15162 
15163 
13117 
15165 
15168 
13121 
15170 
15173 
15174 
15175 
13128 
15177 
13131 
15180 
15182 
15185 
15186 
15187 
15189 
13142 
15192 
15194 
13147 
15197 
13151 
15199 
15202 
15203 
15204 
15206 
15209 
15210 
15211 
13165 
15213 
15216 
13170 
15218 
15221 
13174 
15223 
15226 
15228 
15231 
15232 
15233 
15235 
13189 
15238 
15240 
13194 
15243 
15244 
13197 
15245 
15247 
15250 
15252 
15255 
13208 
15256 
15257 
15259 
13212 
15262 
15264 
13219 
15267 
15268 
15269 
15271 
15274 
15276 
13230 
15279 
15281 
13235 
15284 
13238 
15286 
15289 
15291 
15294 
15295 
15296 
13249 
15298 
13252 
15301 
15302 
15303 
13256 
15305 
15308 
15310 
15313 
15314 
15315 
15317 
13271 
15320 
15322 
13274 
15325 
15326 
15327 
13279 
15328 
15329 
15331 
15334 
15335 
15336 
15338 
13290 
15341 
13293 
15342 
15343 
15345 
13297 
15348 
15350 
15353 
15354 
15355 
15357 
15360 
13312 
15361 
15362 
11266 
15364 
13317 
15367 
15368 
11272 
13320 
15369 
15371 
15374 
15375 
15376 
15378 
11283 
13331 
15381 
15382 
13334 
15383 
15385 
11289 
13338 
15388 
15390 
15393 
15394 
15395 
15396 
11300 
15397 
15399 
13353 
15402 
11306 
15403 
15404 
15405 
15406 
13358 
15407 
15408 
13361 
15410 
15413 
11317 
15414 
15415 
15417 
15420 
13372 
15421 
15422 
15424 
13377 
15427 
15428 
13383 
11336 
13387 
11346 
13396 
11356 
13404 
11364 
13415 
13423 
11377 
11385 
13433 
13439 
11393 
13443 
11400 
13450 
13458 
11413 
13462 
11420 
13469 
13478 
11433 
13484 
11439 
13487 
13492 
11450 
13498 
13501 
11456 
13506 
13514 
11467 
13517 
11472 
13522 
13525 
11481 
13530 
11486 
13538 
13541 
11495 
13546 
13548 
11501 
13551 
13553 
13556 
13558 
11512 
11518 
11529 
13578 
11534 
13586 
11543 
13593 
11551 
13601 
11557 
13608 
13613 
11568 
13617 
11572 
13624 
11579 
13627 
11584 
13632 
13637 
13640 
11593 
13643 
11598 
13648 
13651 
11607 
13655 
11612 
13662 
13665 
11621 
13670 
11627 
13675 
13680 
11633 
13684 
11638 
13691 
13694 
11647 
13697 
11651 
13704 
11658 
11664 
13712 
11670 
11675 
13726 
11684 
13734 
11687 
11692 
11695 
13744 
11700 
11703 
13753 
11708 
11711 
13763 
13771 
13779 
13789 
13798 
13810 
11763 
13817 
13820 
11773 
13824 
11781 
13831 
13834 
13837 
11791 
13843 
13852 
11813 
13865 
11818 
13874 
11827 
11832 
13880 
13883 
13888 
11841 
13891 
11846 
13896 
13899 
11855 
13904 
13907 
11860 
13912 
13914 
11869 
13917 
13919 
13922 
13924 
11877 
13927 
13929 
13932 
11885 
13935 
11889 
13940 
11896 
13944 
11900 
13951 
11907 
13955 
11911 
13961 
13965 
11918 
13968 
11922 
13973 
13976 
11929 
13981 
11934 
13985 
11943 
13992 
11948 
13996 
13999 
14004 
11957 
14006 
14009 
11962 
14012 
14017 
11971 
14020 
11976 
14025 
14029 
11985 
14036 
11989 
14042 
11996 
14045 
12000 
14050 
14052 
12007 
14055 
14058 
14063 
12017 
14066 
14071 
14074 
14079 
14081 
12034 
14084 
14087 
12042 
14092 
14095 
12052 
14100 
14103 
14108 
12062 
14110 
14113 
14116 
12070 
14121 
14124 
12079 
14129 
14131 
14134 
12087 
14136 
14139 
14141 
12095 
14144 
14147 
14152 
12105 
14154 
14157 
14159 
14162 
12115 
14165 
14170 
12123 
14174 
14178 
12133 
14185 
14187 
14190 
12143 
14194 
12147 
14201 
12154 
14204 
12158 
14209 
14212 
12165 
12169 
14217 
14219 
14222 
12176 
14226 
12180 
14233 
12187 
14237 
14240 
12195 
14245 
14248 
12203 
14253 
14255 
14258 
12211 
14264 
12219 
14268 
12222 
12227 
14275 
14277 
12230 
14280 
12235 
14284 
12238 
12243 
14291 
12246 
14294 
14299 
14302 
14307 
12260 
14309 
14312 
12265 
14316 
12274 
14323 
14329 
12282 
14332 
)

// ************************************************************************* //
