/*--------------------------------*- C++ -*----------------------------------*\
  =========                 |
  \\      /  F ield         | OpenFOAM: The Open Source CFD Toolbox
   \\    /   O peration     | Website:  https://openfoam.org
    \\  /    A nd           | Version:  8
     \\/     M anipulation  |
\*---------------------------------------------------------------------------*/
/*   Windows 32 and 64 bit porting by blueCAPE: http://www.bluecape.com.pt   *\
|  Based on Windows porting (2.0.x v4) by Symscape: http://www.symscape.com   |
\*---------------------------------------------------------------------------*/
FoamFile
{
    version     2.0;
    format      ascii;
    class       regIOobject;
    location    "constant/air/polyMesh";
    object      cellZones;
}
// * * * * * * * * * * * * * * * * * * * * * * * * * * * * * * * * * * * * * //

1
(
vegetation
{
    type cellZone;
cellLabels      List<label> 
479
(
50
51
55
56
87
88
93
94
435
441
443
445
447
450
459
467
471
473
476
478
479
480
481
482
483
485
486
488
501
503
505
508
621
622
628
632
634
635
636
637
639
640
641
643
655
661
662
664
671
678
682
683
687
688
695
772
774
775
776
777
778
779
781
783
784
800
801
802
803
804
805
806
807
808
809
810
811
812
813
842
843
844
845
846
847
848
849
850
851
852
853
854
855
864
866
867
869
870
871
873
875
876
990
995
1001
1002
1003
1004
1006
1008
1010
1011
1013
1021
1022
1023
1024
1025
1026
1027
1035
1036
1037
1038
1039
1040
1041
1049
1050
1051
1052
1053
1054
1055
1063
1064
1066
1068
1069
1072
1077
1078
1079
1080
1081
1082
1083
1093
1101
1104
1106
1107
1108
1110
1111
1121
1129
1130
1131
1132
1139
1140
1141
1142
1145
1146
1147
1149
1151
1152
1154
1155
1156
1157
1158
1159
1160
1166
1168
1170
1171
1172
1173
1174
1175
1176
1177
1178
1179
1180
1181
1184
1185
1186
1187
1188
1189
1190
1191
1192
1193
1194
1195
1196
1197
1198
1199
1200
1201
1202
1203
1204
1205
1206
1207
1208
1209
1210
1211
1212
1213
1214
1215
1216
1217
1218
1219
1220
1221
1222
1223
1224
1225
1226
1228
1229
1230
1231
1232
1233
1234
1235
1236
1237
1238
1239
1240
1241
1242
1243
1244
1245
1246
1248
1249
1250
1251
1274
1280
1281
1282
1284
1285
1287
1289
1291
1292
1294
1296
1297
1299
1300
1308
1313
1315
1316
1317
1318
1319
1320
1321
1326
1339
1341
1346
1348
1356
1363
1364
1365
1367
1369
1370
1371
1372
1373
1374
1375
1376
1377
1381
1392
1394
1395
1397
1398
1399
1402
1404
1405
1406
1407
1408
1409
1410
1411
1412
1414
1418
1419
1420
1421
1422
1423
1424
1425
1426
1427
1428
1429
1430
1431
1432
1433
1434
1435
1436
1437
1438
1439
1440
1441
1442
1443
1445
1446
1447
1448
1449
1450
1451
1452
1453
1454
1455
1456
1457
1458
1459
1460
1461
1462
1463
1464
1465
1466
1467
1468
1469
1471
1472
1473
1474
1475
1493
1504
1507
1509
1510
1518
1523
1525
1527
1528
1529
1530
1532
1534
1535
1537
1538
1539
1544
1546
1547
1548
1549
1550
1551
1552
1556
1563
1568
1569
1570
1571
1572
1577
1579
1581
1582
1583
1584
1585
1586
1587
1602
1603
1604
1605
1606
1607
1608
1609
1610
1611
1612
1613
1614
1615
1624
1637
1638
1639
1642
1643
1644
1645
1646
1647
1648
1649
1650
1654
1667
1670
1673
1674
1675
1676
1678
1812
1813
1814
1815
1816
1817
1818
1819
1820
1821
1822
1823
1824
1825
1826
1827
1828
1829
1830
1831
1832
1833
1834
1835
1836
1837
1838
1839
)
;
}
)

// ************************************************************************* //
