/*--------------------------------*- C++ -*----------------------------------*\
  =========                 |
  \\      /  F ield         | OpenFOAM: The Open Source CFD Toolbox
   \\    /   O peration     | Website:  https://openfoam.org
    \\  /    A nd           | Version:  8
     \\/     M anipulation  |
\*---------------------------------------------------------------------------*/
/*   Windows 32 and 64 bit porting by blueCAPE: http://www.bluecape.com.pt   *\
|  Based on Windows porting (2.0.x v4) by Symscape: http://www.symscape.com   |
\*---------------------------------------------------------------------------*/
FoamFile
{
    version     2.0;
    format      ascii;
    class       labelList;
    location    "constant/tower/polyMesh";
    object      cellProcAddressing;
}
// * * * * * * * * * * * * * * * * * * * * * * * * * * * * * * * * * * * * * //


14970
(
5545
5546
5547
5548
5549
5550
5551
5552
5553
5569
5570
5571
5572
5573
5574
5575
5576
5577
5578
5579
5592
5593
5594
5595
5596
5597
5598
5599
5600
5601
5602
5603
5615
5616
5617
5618
5619
5620
5621
5622
5623
5624
5625
5626
5627
5638
5639
5640
5641
5642
5643
5644
5645
5646
5647
5648
5649
5650
5651
5661
5662
5663
5664
5665
5666
5667
5668
5669
5670
5671
5672
5673
5674
5675
5684
5685
5686
5687
5688
5689
5690
5691
5692
5693
5694
5695
5696
5697
5698
5699
5700
5707
5708
5709
5710
5711
5712
5713
5714
5715
5716
5717
5718
5719
5720
5721
5722
5723
5724
5730
5731
5732
5733
5734
5735
5736
5737
5738
5739
5740
5741
5742
5743
5744
5745
5746
5747
5748
5749
5752
5753
5754
5755
5756
5757
5758
5759
5760
5761
5762
5763
5764
5765
5766
5767
5768
5769
5770
5771
5772
5773
5774
5776
5777
5778
5779
5780
5781
5782
5783
5784
5785
5786
5787
5788
5789
5790
5791
5792
5793
5794
5795
5796
5797
5798
5800
5801
5802
5803
5804
5805
5806
5807
5808
5809
5810
5811
5812
5813
5814
5815
5816
5817
5818
5819
5820
5821
5822
5823
5824
5825
5826
5827
5828
5829
5830
5831
5832
5833
5834
5835
5836
5837
5838
5839
5840
5841
5842
5843
5844
5845
5846
5847
5848
5849
5850
5851
5852
5853
5854
5855
5856
5857
5858
5859
5860
5861
5862
5863
5864
5865
5866
5867
5868
5869
5870
5871
5872
5873
5874
5875
5876
5877
5878
5879
5880
5881
5882
5883
5884
5885
5886
5887
5888
5889
5890
5891
5892
5893
5894
5895
5896
5897
5898
5899
5900
5901
5902
5903
5904
5905
5906
5907
5908
5909
5910
5911
5912
5913
5914
5915
5916
5917
5918
5919
5920
5921
5922
5923
5924
5925
5926
5927
5928
5929
5930
5931
5932
5933
5934
5935
5936
5937
5938
5939
5940
5941
5942
5943
6023
6024
6025
6028
6029
6030
6031
6032
6033
6034
6035
6036
6037
6038
6039
6040
6041
6042
6043
6044
6045
6046
6058
6059
6064
6065
6066
6067
6068
6069
6070
6071
6072
6073
6074
6075
6076
6077
6078
6079
6080
6081
6082
6084
6085
6086
6087
6088
6089
6090
6091
6092
6093
6094
6095
6096
6097
6098
6099
6100
6101
6102
6103
6104
6105
6106
6107
6108
6109
6110
6111
6112
6113
6114
6115
6116
6117
6118
6119
6120
6121
6122
6123
6124
6125
6126
6127
6128
6129
6130
6131
6132
6133
6134
6135
6136
6137
6138
6139
6140
6141
6142
6143
6144
6145
6146
6147
6148
6149
6150
6151
6152
6153
6154
6155
6156
6157
6158
6159
6160
6161
6162
6163
6164
6165
6166
6167
6168
6169
6170
6171
6172
6173
6174
6175
6176
6177
6178
6179
6180
6181
6182
6183
6184
6185
6186
6187
6188
6189
6190
6191
6192
6193
6194
6195
6196
6197
6198
6199
6200
6201
6202
6203
6204
6205
6206
6207
6208
6209
6210
6211
6212
6213
6214
6215
6216
6217
6218
6219
6220
6221
6222
6223
6224
6225
6226
6227
6228
6229
6230
6231
6232
6233
6234
6235
6236
6237
6238
6239
6240
6241
6242
6243
6244
6245
6246
6247
6248
6249
6250
6251
6252
6253
6254
6255
6256
6257
6258
6259
6260
6261
6262
6263
6264
6265
6266
6267
6268
6269
6270
6271
6272
6273
6276
6277
6278
6279
6280
6281
6282
6283
6284
6285
6286
6287
6288
6289
6290
6291
6292
6293
6294
6295
6296
6300
6301
6302
6303
6304
6305
6306
6307
6308
6309
6310
6311
6312
6313
6314
6315
6316
6317
6318
6319
6326
6327
6328
6329
6330
6331
6332
6333
6334
6335
6336
6337
6338
6339
6340
6341
6342
6353
6354
6355
6356
6357
6358
6359
6360
6361
6362
6363
6364
6365
6380
6381
6382
6383
6384
6385
6386
6387
6388
6407
6408
6409
6410
6540
6541
6542
6543
6544
6545
6546
6547
6548
6549
6550
6551
6552
6553
6554
6555
6556
6557
6558
6559
6560
6561
6562
6563
6564
6565
6566
6567
6568
6569
6570
6571
6572
6573
6574
6575
6576
6577
6578
6579
6580
6581
6582
6583
6584
6588
6639
8880
8899
8900
8918
8919
8920
8921
8937
8938
8939
8940
8941
8956
8957
8958
8959
8960
8961
8975
8976
8977
8978
8979
8980
8981
8982
8994
8995
8996
8997
8998
8999
9000
9001
9002
9089
9090
9093
9095
9096
9097
9098
9099
9100
9101
9102
9103
9104
9105
9106
9107
9108
9109
9110
9809
9828
9829
9847
9848
9849
9866
9867
9868
9869
9961
9965
9967
9968
9969
9970
9971
9972
9973
9974
9975
9976
9977
20451
20452
20453
20454
20455
20456
20457
20458
20459
20460
20475
20476
20477
20478
20479
20480
20481
20482
20483
20484
20485
20498
20499
20500
20501
20502
20503
20504
20505
20506
20507
20508
20509
20521
20522
20523
20524
20525
20526
20527
20528
20529
20530
20531
20532
20533
20544
20545
20546
20547
20548
20549
20550
20551
20552
20553
20554
20555
20556
20557
20567
20568
20569
20570
20571
20572
20573
20574
20575
20576
20577
20578
20579
20580
20581
20582
20590
20591
20592
20593
20594
20595
20596
20597
20598
20599
20600
20601
20602
20603
20604
20605
20606
20613
20614
20615
20616
20617
20618
20619
20620
20621
20622
20623
20624
20625
20626
20627
20628
20629
20630
20631
20636
20637
20638
20639
20640
20641
20642
20643
20644
20645
20646
20647
20648
20649
20650
20651
20652
20653
20654
20655
20656
20658
20659
20660
20661
20662
20663
20664
20665
20666
20667
20668
20669
20670
20671
20672
20673
20674
20675
20676
20677
20678
20679
20680
20682
20683
20684
20685
20686
20687
20688
20689
20690
20691
20692
20693
20694
20695
20696
20697
20698
20699
20700
20701
20702
20703
20704
20705
20706
20707
20708
20709
20710
20711
20712
20713
20714
20715
20716
20717
20718
20719
20720
20721
20722
20723
20724
20725
20726
20727
20728
20729
20730
20731
20732
20733
20734
20735
20736
20737
20738
20739
20740
20741
20742
20743
20744
20745
20746
20747
20748
20749
20750
20751
20752
20753
20754
20755
20756
20757
20758
20759
20760
20761
20762
20763
20764
20765
20766
20767
20768
20769
20770
20771
20772
20773
20774
20775
20776
20777
20778
20779
20780
20781
20782
20783
20784
20785
20786
20787
20788
20789
20790
20791
20792
20793
20794
20795
20796
20797
20798
20799
20800
20801
20802
20803
20804
20805
20806
20807
20808
20809
20810
20811
20812
20813
20814
20815
20816
20817
20818
20819
20820
20821
20822
20823
20824
20825
20826
20827
20828
20829
20830
20831
20832
20833
20834
20835
20836
20837
20838
20839
20840
20841
20842
20843
20844
20845
20846
20847
20848
20849
20920
20921
20922
20925
20926
20927
20928
20929
20930
20931
20932
20933
20934
20935
20936
20937
20938
20939
20940
20952
20953
20956
20957
20958
20959
20960
20961
20962
20963
20964
20965
20966
20967
20968
20969
20970
20971
20972
20973
20974
20975
20976
20977
20978
20979
20980
20981
20982
20983
20984
20985
20986
20987
20988
20989
20990
20991
20992
20993
20994
20995
20996
20997
20998
20999
21000
21001
21002
21003
21004
21005
21006
21007
21008
21009
21010
21011
21012
21013
21014
21015
21016
21017
21018
21019
21020
21021
21022
21023
21024
21025
21026
21027
21028
21029
21030
21031
21032
21033
21034
21035
21036
21037
21038
21039
21040
21041
21042
21043
21044
21045
21046
21047
21048
21049
21050
21051
21052
21053
21054
21055
21056
21057
21058
21059
21060
21061
21062
21063
21064
21065
21066
21067
21068
21069
21070
21071
21072
21073
21074
21075
21076
21077
21078
21079
21080
21081
21082
21083
21084
21085
21086
21087
21088
21089
21090
21091
21092
21093
21094
21095
21096
21097
21098
21099
21100
21101
21102
21103
21104
21105
21106
21107
21108
21109
21110
21111
21112
21113
21114
21115
21116
21117
21118
21119
21120
21121
21122
21123
21124
21125
21126
21127
21128
21129
21130
21131
21132
21133
21134
21135
21136
21137
21138
21139
21140
21141
21142
21143
21144
21145
21146
21147
21148
21149
21150
21151
21152
21153
21154
21155
21156
21157
21158
21159
21162
21163
21164
21165
21166
21167
21168
21169
21170
21171
21172
21173
21174
21175
21176
21177
21178
21179
21180
21181
21182
21186
21187
21188
21189
21190
21191
21192
21193
21194
21195
21196
21197
21198
21199
21200
21201
21202
21203
21204
21205
21213
21214
21215
21216
21217
21218
21219
21220
21221
21222
21223
21224
21225
21226
21227
21228
21240
21241
21242
21243
21244
21245
21246
21247
21248
21249
21250
21251
21267
21268
21269
21270
21271
21272
21273
21274
21294
21295
21296
21426
21427
21428
21429
21430
21431
21432
21433
21434
21435
21436
21437
21438
21439
21440
21441
21442
21443
21444
21445
21446
21447
21448
21449
21450
21451
21452
21453
21454
21455
21456
21457
21458
21459
21460
21461
21462
21463
21466
23725
23744
23745
23746
23763
23764
23765
23766
23782
23783
23784
23785
23786
23801
23802
23803
23804
23805
23806
23807
23820
23821
23822
23823
23824
23825
23826
23827
23902
23903
23904
23907
23908
23909
23910
23911
23912
23913
23914
23915
23916
23917
23918
23919
24594
24613
24614
24632
24633
24634
24651
24652
24653
24654
24670
24671
24672
24673
24674
24757
24758
24759
24760
24761
24762
24763
24764
24765
24769
35221
35222
35223
35224
35225
35226
35227
35228
35229
35245
35246
35247
35248
35249
35250
35251
35252
35253
35254
35255
35268
35269
35270
35271
35272
35273
35274
35275
35276
35277
35278
35279
35291
35292
35293
35294
35295
35296
35297
35298
35299
35300
35301
35302
35303
35314
35315
35316
35317
35318
35319
35320
35321
35322
35323
35324
35325
35326
35327
35337
35338
35339
35340
35341
35342
35343
35344
35345
35346
35347
35348
35349
35350
35351
35360
35361
35362
35363
35364
35365
35366
35367
35368
35369
35370
35371
35372
35373
35374
35375
35376
35383
35384
35385
35386
35387
35388
35389
35390
35391
35392
35393
35394
35395
35396
35397
35398
35399
35400
35406
35407
35408
35409
35410
35411
35412
35413
35414
35415
35416
35417
35418
35419
35420
35421
35422
35423
35424
35425
35428
35429
35430
35431
35432
35433
35434
35435
35436
35437
35438
35439
35440
35441
35442
35443
35444
35445
35446
35447
35448
35449
35450
35452
35453
35454
35455
35456
35457
35458
35459
35460
35461
35462
35463
35464
35465
35466
35467
35468
35469
35470
35471
35472
35473
35474
35476
35477
35478
35479
35480
35481
35482
35483
35484
35485
35486
35487
35488
35489
35490
35491
35492
35493
35494
35495
35496
35497
35498
35499
35500
35501
35502
35503
35504
35505
35506
35507
35508
35509
35510
35511
35512
35513
35514
35515
35516
35517
35518
35519
35520
35521
35522
35523
35524
35525
35526
35527
35528
35529
35530
35531
35532
35533
35534
35535
35536
35537
35538
35539
35540
35541
35542
35543
35544
35545
35546
35547
35548
35549
35550
35551
35552
35553
35554
35555
35556
35557
35558
35559
35560
35561
35562
35563
35564
35565
35566
35567
35568
35569
35570
35571
35572
35573
35574
35575
35576
35577
35578
35579
35580
35581
35582
35583
35584
35585
35586
35587
35588
35589
35590
35591
35592
35593
35594
35595
35596
35597
35598
35599
35600
35601
35602
35603
35604
35605
35606
35607
35608
35609
35610
35611
35612
35613
35614
35615
35616
35617
35618
35619
35699
35700
35701
35704
35705
35706
35707
35708
35709
35710
35711
35712
35713
35714
35715
35716
35717
35718
35719
35720
35721
35722
35734
35735
35740
35741
35742
35743
35744
35745
35746
35747
35748
35749
35750
35751
35752
35753
35754
35755
35756
35757
35758
35760
35761
35762
35763
35764
35765
35766
35767
35768
35769
35770
35771
35772
35773
35774
35775
35776
35777
35778
35779
35780
35781
35782
35783
35784
35785
35786
35787
35788
35789
35790
35791
35792
35793
35794
35795
35796
35797
35798
35799
35800
35801
35802
35803
35804
35805
35806
35807
35808
35809
35810
35811
35812
35813
35814
35815
35816
35817
35818
35819
35820
35821
35822
35823
35824
35825
35826
35827
35828
35829
35830
35831
35832
35833
35834
35835
35836
35837
35838
35839
35840
35841
35842
35843
35844
35845
35846
35847
35848
35849
35850
35851
35852
35853
35854
35855
35856
35857
35858
35859
35860
35861
35862
35863
35864
35865
35866
35867
35868
35869
35870
35871
35872
35873
35874
35875
35876
35877
35878
35879
35880
35881
35882
35883
35884
35885
35886
35887
35888
35889
35890
35891
35892
35893
35894
35895
35896
35897
35898
35899
35900
35901
35902
35903
35904
35905
35906
35907
35908
35909
35910
35911
35912
35913
35914
35915
35916
35917
35918
35919
35920
35921
35922
35923
35924
35925
35926
35927
35928
35929
35930
35931
35932
35933
35934
35935
35936
35937
35938
35939
35940
35941
35942
35943
35944
35945
35946
35947
35948
35949
35952
35953
35954
35955
35956
35957
35958
35959
35960
35961
35962
35963
35964
35965
35966
35967
35968
35969
35970
35971
35972
35976
35977
35978
35979
35980
35981
35982
35983
35984
35985
35986
35987
35988
35989
35990
35991
35992
35993
35994
35995
36002
36003
36004
36005
36006
36007
36008
36009
36010
36011
36012
36013
36014
36015
36016
36017
36018
36029
36030
36031
36032
36033
36034
36035
36036
36037
36038
36039
36040
36041
36056
36057
36058
36059
36060
36061
36062
36063
36064
36083
36084
36085
36086
36216
36217
36218
36219
36220
36221
36222
36223
36224
36225
36226
36227
36228
36229
36230
36231
36232
36233
36234
36235
36236
36237
36238
36239
36240
36241
36242
36243
36244
36245
36246
36247
36248
36249
36250
36251
36252
36253
36254
36255
36256
36257
36258
36259
36260
36264
36315
38556
38575
38576
38594
38595
38596
38597
38613
38614
38615
38616
38617
38632
38633
38634
38635
38636
38637
38651
38652
38653
38654
38655
38656
38657
38658
38670
38671
38672
38673
38674
38675
38676
38677
38678
38765
38766
38769
38771
38772
38773
38774
38775
38776
38777
38778
38779
38780
38781
38782
38783
38784
38785
38786
39485
39504
39505
39523
39524
39525
39542
39543
39544
39545
39637
39641
39643
39644
39645
39646
39647
39648
39649
39650
39651
39652
39653
50127
50128
50129
50130
50131
50132
50133
50134
50135
50136
50151
50152
50153
50154
50155
50156
50157
50158
50159
50160
50161
50174
50175
50176
50177
50178
50179
50180
50181
50182
50183
50184
50185
50197
50198
50199
50200
50201
50202
50203
50204
50205
50206
50207
50208
50209
50220
50221
50222
50223
50224
50225
50226
50227
50228
50229
50230
50231
50232
50233
50243
50244
50245
50246
50247
50248
50249
50250
50251
50252
50253
50254
50255
50256
50257
50258
50266
50267
50268
50269
50270
50271
50272
50273
50274
50275
50276
50277
50278
50279
50280
50281
50282
50289
50290
50291
50292
50293
50294
50295
50296
50297
50298
50299
50300
50301
50302
50303
50304
50305
50306
50307
50312
50313
50314
50315
50316
50317
50318
50319
50320
50321
50322
50323
50324
50325
50326
50327
50328
50329
50330
50331
50332
50334
50335
50336
50337
50338
50339
50340
50341
50342
50343
50344
50345
50346
50347
50348
50349
50350
50351
50352
50353
50354
50355
50356
50358
50359
50360
50361
50362
50363
50364
50365
50366
50367
50368
50369
50370
50371
50372
50373
50374
50375
50376
50377
50378
50379
50380
50381
50382
50383
50384
50385
50386
50387
50388
50389
50390
50391
50392
50393
50394
50395
50396
50397
50398
50399
50400
50401
50402
50403
50404
50405
50406
50407
50408
50409
50410
50411
50412
50413
50414
50415
50416
50417
50418
50419
50420
50421
50422
50423
50424
50425
50426
50427
50428
50429
50430
50431
50432
50433
50434
50435
50436
50437
50438
50439
50440
50441
50442
50443
50444
50445
50446
50447
50448
50449
50450
50451
50452
50453
50454
50455
50456
50457
50458
50459
50460
50461
50462
50463
50464
50465
50466
50467
50468
50469
50470
50471
50472
50473
50474
50475
50476
50477
50478
50479
50480
50481
50482
50483
50484
50485
50486
50487
50488
50489
50490
50491
50492
50493
50494
50495
50496
50497
50498
50499
50500
50501
50502
50503
50504
50505
50506
50507
50508
50509
50510
50511
50512
50513
50514
50515
50516
50517
50518
50519
50520
50521
50522
50523
50524
50525
50596
50597
50598
50601
50602
50603
50604
50605
50606
50607
50608
50609
50610
50611
50612
50613
50614
50615
50616
50628
50629
50632
50633
50634
50635
50636
50637
50638
50639
50640
50641
50642
50643
50644
50645
50646
50647
50648
50649
50650
50651
50652
50653
50654
50655
50656
50657
50658
50659
50660
50661
50662
50663
50664
50665
50666
50667
50668
50669
50670
50671
50672
50673
50674
50675
50676
50677
50678
50679
50680
50681
50682
50683
50684
50685
50686
50687
50688
50689
50690
50691
50692
50693
50694
50695
50696
50697
50698
50699
50700
50701
50702
50703
50704
50705
50706
50707
50708
50709
50710
50711
50712
50713
50714
50715
50716
50717
50718
50719
50720
50721
50722
50723
50724
50725
50726
50727
50728
50729
50730
50731
50732
50733
50734
50735
50736
50737
50738
50739
50740
50741
50742
50743
50744
50745
50746
50747
50748
50749
50750
50751
50752
50753
50754
50755
50756
50757
50758
50759
50760
50761
50762
50763
50764
50765
50766
50767
50768
50769
50770
50771
50772
50773
50774
50775
50776
50777
50778
50779
50780
50781
50782
50783
50784
50785
50786
50787
50788
50789
50790
50791
50792
50793
50794
50795
50796
50797
50798
50799
50800
50801
50802
50803
50804
50805
50806
50807
50808
50809
50810
50811
50812
50813
50814
50815
50816
50817
50818
50819
50820
50821
50822
50823
50824
50825
50826
50827
50828
50829
50830
50831
50832
50833
50834
50835
50838
50839
50840
50841
50842
50843
50844
50845
50846
50847
50848
50849
50850
50851
50852
50853
50854
50855
50856
50857
50858
50862
50863
50864
50865
50866
50867
50868
50869
50870
50871
50872
50873
50874
50875
50876
50877
50878
50879
50880
50881
50889
50890
50891
50892
50893
50894
50895
50896
50897
50898
50899
50900
50901
50902
50903
50904
50916
50917
50918
50919
50920
50921
50922
50923
50924
50925
50926
50927
50943
50944
50945
50946
50947
50948
50949
50950
50970
50971
50972
51102
51103
51104
51105
51106
51107
51108
51109
51110
51111
51112
51113
51114
51115
51116
51117
51118
51119
51120
51121
51122
51123
51124
51125
51126
51127
51128
51129
51130
51131
51132
51133
51134
51135
51136
51137
51138
51139
51142
53401
53420
53421
53422
53439
53440
53441
53442
53458
53459
53460
53461
53462
53477
53478
53479
53480
53481
53482
53483
53496
53497
53498
53499
53500
53501
53502
53503
53578
53579
53580
53583
53584
53585
53586
53587
53588
53589
53590
53591
53592
53593
53594
53595
54270
54289
54290
54308
54309
54310
54327
54328
54329
54330
54346
54347
54348
54349
54350
54433
54434
54435
54436
54437
54438
54439
54440
54441
54445
64897
64898
64899
64900
64901
64902
64903
64904
64905
64921
64922
64923
64924
64925
64926
64927
64928
64929
64930
64931
64944
64945
64946
64947
64948
64949
64950
64951
64952
64953
64954
64955
64967
64968
64969
64970
64971
64972
64973
64974
64975
64976
64977
64978
64979
64990
64991
64992
64993
64994
64995
64996
64997
64998
64999
65000
65001
65002
65003
65013
65014
65015
65016
65017
65018
65019
65020
65021
65022
65023
65024
65025
65026
65027
65036
65037
65038
65039
65040
65041
65042
65043
65044
65045
65046
65047
65048
65049
65050
65051
65052
65059
65060
65061
65062
65063
65064
65065
65066
65067
65068
65069
65070
65071
65072
65073
65074
65075
65076
65082
65083
65084
65085
65086
65087
65088
65089
65090
65091
65092
65093
65094
65095
65096
65097
65098
65099
65100
65101
65104
65105
65106
65107
65108
65109
65110
65111
65112
65113
65114
65115
65116
65117
65118
65119
65120
65121
65122
65123
65124
65125
65126
65128
65129
65130
65131
65132
65133
65134
65135
65136
65137
65138
65139
65140
65141
65142
65143
65144
65145
65146
65147
65148
65149
65150
65152
65153
65154
65155
65156
65157
65158
65159
65160
65161
65162
65163
65164
65165
65166
65167
65168
65169
65170
65171
65172
65173
65174
65175
65176
65177
65178
65179
65180
65181
65182
65183
65184
65185
65186
65187
65188
65189
65190
65191
65192
65193
65194
65195
65196
65197
65198
65199
65200
65201
65202
65203
65204
65205
65206
65207
65208
65209
65210
65211
65212
65213
65214
65215
65216
65217
65218
65219
65220
65221
65222
65223
65224
65225
65226
65227
65228
65229
65230
65231
65232
65233
65234
65235
65236
65237
65238
65239
65240
65241
65242
65243
65244
65245
65246
65247
65248
65249
65250
65251
65252
65253
65254
65255
65256
65257
65258
65259
65260
65261
65262
65263
65264
65265
65266
65267
65268
65269
65270
65271
65272
65273
65274
65275
65276
65277
65278
65279
65280
65281
65282
65283
65284
65285
65286
65287
65288
65289
65290
65291
65292
65293
65294
65295
65375
65376
65377
65380
65381
65382
65383
65384
65385
65386
65387
65388
65389
65390
65391
65392
65393
65394
65395
65396
65397
65398
65410
65411
65416
65417
65418
65419
65420
65421
65422
65423
65424
65425
65426
65427
65428
65429
65430
65431
65432
65433
65434
65436
65437
65438
65439
65440
65441
65442
65443
65444
65445
65446
65447
65448
65449
65450
65451
65452
65453
65454
65455
65456
65457
65458
65459
65460
65461
65462
65463
65464
65465
65466
65467
65468
65469
65470
65471
65472
65473
65474
65475
65476
65477
65478
65479
65480
65481
65482
65483
65484
65485
65486
65487
65488
65489
65490
65491
65492
65493
65494
65495
65496
65497
65498
65499
65500
65501
65502
65503
65504
65505
65506
65507
65508
65509
65510
65511
65512
65513
65514
65515
65516
65517
65518
65519
65520
65521
65522
65523
65524
65525
65526
65527
65528
65529
65530
65531
65532
65533
65534
65535
65536
65537
65538
65539
65540
65541
65542
65543
65544
65545
65546
65547
65548
65549
65550
65551
65552
65553
65554
65555
65556
65557
65558
65559
65560
65561
65562
65563
65564
65565
65566
65567
65568
65569
65570
65571
65572
65573
65574
65575
65576
65577
65578
65579
65580
65581
65582
65583
65584
65585
65586
65587
65588
65589
65590
65591
65592
65593
65594
65595
65596
65597
65598
65599
65600
65601
65602
65603
65604
65605
65606
65607
65608
65609
65610
65611
65612
65613
65614
65615
65616
65617
65618
65619
65620
65621
65622
65623
65624
65625
65628
65629
65630
65631
65632
65633
65634
65635
65636
65637
65638
65639
65640
65641
65642
65643
65644
65645
65646
65647
65648
65652
65653
65654
65655
65656
65657
65658
65659
65660
65661
65662
65663
65664
65665
65666
65667
65668
65669
65670
65671
65678
65679
65680
65681
65682
65683
65684
65685
65686
65687
65688
65689
65690
65691
65692
65693
65694
65705
65706
65707
65708
65709
65710
65711
65712
65713
65714
65715
65716
65717
65732
65733
65734
65735
65736
65737
65738
65739
65740
65759
65760
65761
65762
65892
65893
65894
65895
65896
65897
65898
65899
65900
65901
65902
65903
65904
65905
65906
65907
65908
65909
65910
65911
65912
65913
65914
65915
65916
65917
65918
65919
65920
65921
65922
65923
65924
65925
65926
65927
65928
65929
65930
65931
65932
65933
65934
65935
65936
65940
65991
68232
68251
68252
68270
68271
68272
68273
68289
68290
68291
68292
68293
68308
68309
68310
68311
68312
68313
68327
68328
68329
68330
68331
68332
68333
68334
68346
68347
68348
68349
68350
68351
68352
68353
68354
68441
68442
68445
68447
68448
68449
68450
68451
68452
68453
68454
68455
68456
68457
68458
68459
68460
68461
68462
69161
69180
69181
69199
69200
69201
69218
69219
69220
69221
69313
69317
69319
69320
69321
69322
69323
69324
69325
69326
69327
69328
69329
79803
79804
79805
79806
79807
79808
79809
79810
79811
79812
79827
79828
79829
79830
79831
79832
79833
79834
79835
79836
79837
79850
79851
79852
79853
79854
79855
79856
79857
79858
79859
79860
79861
79873
79874
79875
79876
79877
79878
79879
79880
79881
79882
79883
79884
79885
79896
79897
79898
79899
79900
79901
79902
79903
79904
79905
79906
79907
79908
79909
79919
79920
79921
79922
79923
79924
79925
79926
79927
79928
79929
79930
79931
79932
79933
79934
79942
79943
79944
79945
79946
79947
79948
79949
79950
79951
79952
79953
79954
79955
79956
79957
79958
79965
79966
79967
79968
79969
79970
79971
79972
79973
79974
79975
79976
79977
79978
79979
79980
79981
79982
79983
79988
79989
79990
79991
79992
79993
79994
79995
79996
79997
79998
79999
80000
80001
80002
80003
80004
80005
80006
80007
80008
80010
80011
80012
80013
80014
80015
80016
80017
80018
80019
80020
80021
80022
80023
80024
80025
80026
80027
80028
80029
80030
80031
80032
80034
80035
80036
80037
80038
80039
80040
80041
80042
80043
80044
80045
80046
80047
80048
80049
80050
80051
80052
80053
80054
80055
80056
80057
80058
80059
80060
80061
80062
80063
80064
80065
80066
80067
80068
80069
80070
80071
80072
80073
80074
80075
80076
80077
80078
80079
80080
80081
80082
80083
80084
80085
80086
80087
80088
80089
80090
80091
80092
80093
80094
80095
80096
80097
80098
80099
80100
80101
80102
80103
80104
80105
80106
80107
80108
80109
80110
80111
80112
80113
80114
80115
80116
80117
80118
80119
80120
80121
80122
80123
80124
80125
80126
80127
80128
80129
80130
80131
80132
80133
80134
80135
80136
80137
80138
80139
80140
80141
80142
80143
80144
80145
80146
80147
80148
80149
80150
80151
80152
80153
80154
80155
80156
80157
80158
80159
80160
80161
80162
80163
80164
80165
80166
80167
80168
80169
80170
80171
80172
80173
80174
80175
80176
80177
80178
80179
80180
80181
80182
80183
80184
80185
80186
80187
80188
80189
80190
80191
80192
80193
80194
80195
80196
80197
80198
80199
80200
80201
80272
80273
80274
80277
80278
80279
80280
80281
80282
80283
80284
80285
80286
80287
80288
80289
80290
80291
80292
80304
80305
80308
80309
80310
80311
80312
80313
80314
80315
80316
80317
80318
80319
80320
80321
80322
80323
80324
80325
80326
80327
80328
80329
80330
80331
80332
80333
80334
80335
80336
80337
80338
80339
80340
80341
80342
80343
80344
80345
80346
80347
80348
80349
80350
80351
80352
80353
80354
80355
80356
80357
80358
80359
80360
80361
80362
80363
80364
80365
80366
80367
80368
80369
80370
80371
80372
80373
80374
80375
80376
80377
80378
80379
80380
80381
80382
80383
80384
80385
80386
80387
80388
80389
80390
80391
80392
80393
80394
80395
80396
80397
80398
80399
80400
80401
80402
80403
80404
80405
80406
80407
80408
80409
80410
80411
80412
80413
80414
80415
80416
80417
80418
80419
80420
80421
80422
80423
80424
80425
80426
80427
80428
80429
80430
80431
80432
80433
80434
80435
80436
80437
80438
80439
80440
80441
80442
80443
80444
80445
80446
80447
80448
80449
80450
80451
80452
80453
80454
80455
80456
80457
80458
80459
80460
80461
80462
80463
80464
80465
80466
80467
80468
80469
80470
80471
80472
80473
80474
80475
80476
80477
80478
80479
80480
80481
80482
80483
80484
80485
80486
80487
80488
80489
80490
80491
80492
80493
80494
80495
80496
80497
80498
80499
80500
80501
80502
80503
80504
80505
80506
80507
80508
80509
80510
80511
80514
80515
80516
80517
80518
80519
80520
80521
80522
80523
80524
80525
80526
80527
80528
80529
80530
80531
80532
80533
80534
80538
80539
80540
80541
80542
80543
80544
80545
80546
80547
80548
80549
80550
80551
80552
80553
80554
80555
80556
80557
80565
80566
80567
80568
80569
80570
80571
80572
80573
80574
80575
80576
80577
80578
80579
80580
80592
80593
80594
80595
80596
80597
80598
80599
80600
80601
80602
80603
80619
80620
80621
80622
80623
80624
80625
80626
80646
80647
80648
80778
80779
80780
80781
80782
80783
80784
80785
80786
80787
80788
80789
80790
80791
80792
80793
80794
80795
80796
80797
80798
80799
80800
80801
80802
80803
80804
80805
80806
80807
80808
80809
80810
80811
80812
80813
80814
80815
80818
83077
83096
83097
83098
83115
83116
83117
83118
83134
83135
83136
83137
83138
83153
83154
83155
83156
83157
83158
83159
83172
83173
83174
83175
83176
83177
83178
83179
83254
83255
83256
83259
83260
83261
83262
83263
83264
83265
83266
83267
83268
83269
83270
83271
83946
83965
83966
83984
83985
83986
84003
84004
84005
84006
84022
84023
84024
84025
84026
84109
84110
84111
84112
84113
84114
84115
84116
84117
84121
94573
94574
94575
94576
94577
94578
94579
94580
94581
94597
94598
94599
94600
94601
94602
94603
94604
94605
94606
94607
94620
94621
94622
94623
94624
94625
94626
94627
94628
94629
94630
94631
94643
94644
94645
94646
94647
94648
94649
94650
94651
94652
94653
94654
94655
94666
94667
94668
94669
94670
94671
94672
94673
94674
94675
94676
94677
94678
94679
94689
94690
94691
94692
94693
94694
94695
94696
94697
94698
94699
94700
94701
94702
94703
94712
94713
94714
94715
94716
94717
94718
94719
94720
94721
94722
94723
94724
94725
94726
94727
94728
94735
94736
94737
94738
94739
94740
94741
94742
94743
94744
94745
94746
94747
94748
94749
94750
94751
94752
94758
94759
94760
94761
94762
94763
94764
94765
94766
94767
94768
94769
94770
94771
94772
94773
94774
94775
94776
94777
94780
94781
94782
94783
94784
94785
94786
94787
94788
94789
94790
94791
94792
94793
94794
94795
94796
94797
94798
94799
94800
94801
94802
94804
94805
94806
94807
94808
94809
94810
94811
94812
94813
94814
94815
94816
94817
94818
94819
94820
94821
94822
94823
94824
94825
94826
94828
94829
94830
94831
94832
94833
94834
94835
94836
94837
94838
94839
94840
94841
94842
94843
94844
94845
94846
94847
94848
94849
94850
94851
94852
94853
94854
94855
94856
94857
94858
94859
94860
94861
94862
94863
94864
94865
94866
94867
94868
94869
94870
94871
94872
94873
94874
94875
94876
94877
94878
94879
94880
94881
94882
94883
94884
94885
94886
94887
94888
94889
94890
94891
94892
94893
94894
94895
94896
94897
94898
94899
94900
94901
94902
94903
94904
94905
94906
94907
94908
94909
94910
94911
94912
94913
94914
94915
94916
94917
94918
94919
94920
94921
94922
94923
94924
94925
94926
94927
94928
94929
94930
94931
94932
94933
94934
94935
94936
94937
94938
94939
94940
94941
94942
94943
94944
94945
94946
94947
94948
94949
94950
94951
94952
94953
94954
94955
94956
94957
94958
94959
94960
94961
94962
94963
94964
94965
94966
94967
94968
94969
94970
94971
95051
95052
95053
95056
95057
95058
95059
95060
95061
95062
95063
95064
95065
95066
95067
95068
95069
95070
95071
95072
95073
95074
95086
95087
95092
95093
95094
95095
95096
95097
95098
95099
95100
95101
95102
95103
95104
95105
95106
95107
95108
95109
95110
95112
95113
95114
95115
95116
95117
95118
95119
95120
95121
95122
95123
95124
95125
95126
95127
95128
95129
95130
95131
95132
95133
95134
95135
95136
95137
95138
95139
95140
95141
95142
95143
95144
95145
95146
95147
95148
95149
95150
95151
95152
95153
95154
95155
95156
95157
95158
95159
95160
95161
95162
95163
95164
95165
95166
95167
95168
95169
95170
95171
95172
95173
95174
95175
95176
95177
95178
95179
95180
95181
95182
95183
95184
95185
95186
95187
95188
95189
95190
95191
95192
95193
95194
95195
95196
95197
95198
95199
95200
95201
95202
95203
95204
95205
95206
95207
95208
95209
95210
95211
95212
95213
95214
95215
95216
95217
95218
95219
95220
95221
95222
95223
95224
95225
95226
95227
95228
95229
95230
95231
95232
95233
95234
95235
95236
95237
95238
95239
95240
95241
95242
95243
95244
95245
95246
95247
95248
95249
95250
95251
95252
95253
95254
95255
95256
95257
95258
95259
95260
95261
95262
95263
95264
95265
95266
95267
95268
95269
95270
95271
95272
95273
95274
95275
95276
95277
95278
95279
95280
95281
95282
95283
95284
95285
95286
95287
95288
95289
95290
95291
95292
95293
95294
95295
95296
95297
95298
95299
95300
95301
95304
95305
95306
95307
95308
95309
95310
95311
95312
95313
95314
95315
95316
95317
95318
95319
95320
95321
95322
95323
95324
95328
95329
95330
95331
95332
95333
95334
95335
95336
95337
95338
95339
95340
95341
95342
95343
95344
95345
95346
95347
95354
95355
95356
95357
95358
95359
95360
95361
95362
95363
95364
95365
95366
95367
95368
95369
95370
95381
95382
95383
95384
95385
95386
95387
95388
95389
95390
95391
95392
95393
95408
95409
95410
95411
95412
95413
95414
95415
95416
95435
95436
95437
95438
95568
95569
95570
95571
95572
95573
95574
95575
95576
95577
95578
95579
95580
95581
95582
95583
95584
95585
95586
95587
95588
95589
95590
95591
95592
95593
95594
95595
95596
95597
95598
95599
95600
95601
95602
95603
95604
95605
95606
95607
95608
95609
95610
95611
95612
95616
95667
97908
97927
97928
97946
97947
97948
97949
97965
97966
97967
97968
97969
97984
97985
97986
97987
97988
97989
98003
98004
98005
98006
98007
98008
98009
98010
98022
98023
98024
98025
98026
98027
98028
98029
98030
98117
98118
98121
98123
98124
98125
98126
98127
98128
98129
98130
98131
98132
98133
98134
98135
98136
98137
98138
98837
98856
98857
98875
98876
98877
98894
98895
98896
98897
98989
98993
98995
98996
98997
98998
98999
99000
99001
99002
99003
99004
99005
109479
109480
109481
109482
109483
109484
109485
109486
109487
109488
109503
109504
109505
109506
109507
109508
109509
109510
109511
109512
109513
109526
109527
109528
109529
109530
109531
109532
109533
109534
109535
109536
109537
109549
109550
109551
109552
109553
109554
109555
109556
109557
109558
109559
109560
109561
109572
109573
109574
109575
109576
109577
109578
109579
109580
109581
109582
109583
109584
109585
109595
109596
109597
109598
109599
109600
109601
109602
109603
109604
109605
109606
109607
109608
109609
109610
109618
109619
109620
109621
109622
109623
109624
109625
109626
109627
109628
109629
109630
109631
109632
109633
109634
109641
109642
109643
109644
109645
109646
109647
109648
109649
109650
109651
109652
109653
109654
109655
109656
109657
109658
109659
109664
109665
109666
109667
109668
109669
109670
109671
109672
109673
109674
109675
109676
109677
109678
109679
109680
109681
109682
109683
109684
109686
109687
109688
109689
109690
109691
109692
109693
109694
109695
109696
109697
109698
109699
109700
109701
109702
109703
109704
109705
109706
109707
109708
109710
109711
109712
109713
109714
109715
109716
109717
109718
109719
109720
109721
109722
109723
109724
109725
109726
109727
109728
109729
109730
109731
109732
109733
109734
109735
109736
109737
109738
109739
109740
109741
109742
109743
109744
109745
109746
109747
109748
109749
109750
109751
109752
109753
109754
109755
109756
109757
109758
109759
109760
109761
109762
109763
109764
109765
109766
109767
109768
109769
109770
109771
109772
109773
109774
109775
109776
109777
109778
109779
109780
109781
109782
109783
109784
109785
109786
109787
109788
109789
109790
109791
109792
109793
109794
109795
109796
109797
109798
109799
109800
109801
109802
109803
109804
109805
109806
109807
109808
109809
109810
109811
109812
109813
109814
109815
109816
109817
109818
109819
109820
109821
109822
109823
109824
109825
109826
109827
109828
109829
109830
109831
109832
109833
109834
109835
109836
109837
109838
109839
109840
109841
109842
109843
109844
109845
109846
109847
109848
109849
109850
109851
109852
109853
109854
109855
109856
109857
109858
109859
109860
109861
109862
109863
109864
109865
109866
109867
109868
109869
109870
109871
109872
109873
109874
109875
109876
109877
109948
109949
109950
109953
109954
109955
109956
109957
109958
109959
109960
109961
109962
109963
109964
109965
109966
109967
109968
109980
109981
109984
109985
109986
109987
109988
109989
109990
109991
109992
109993
109994
109995
109996
109997
109998
109999
110000
110001
110002
110003
110004
110005
110006
110007
110008
110009
110010
110011
110012
110013
110014
110015
110016
110017
110018
110019
110020
110021
110022
110023
110024
110025
110026
110027
110028
110029
110030
110031
110032
110033
110034
110035
110036
110037
110038
110039
110040
110041
110042
110043
110044
110045
110046
110047
110048
110049
110050
110051
110052
110053
110054
110055
110056
110057
110058
110059
110060
110061
110062
110063
110064
110065
110066
110067
110068
110069
110070
110071
110072
110073
110074
110075
110076
110077
110078
110079
110080
110081
110082
110083
110084
110085
110086
110087
110088
110089
110090
110091
110092
110093
110094
110095
110096
110097
110098
110099
110100
110101
110102
110103
110104
110105
110106
110107
110108
110109
110110
110111
110112
110113
110114
110115
110116
110117
110118
110119
110120
110121
110122
110123
110124
110125
110126
110127
110128
110129
110130
110131
110132
110133
110134
110135
110136
110137
110138
110139
110140
110141
110142
110143
110144
110145
110146
110147
110148
110149
110150
110151
110152
110153
110154
110155
110156
110157
110158
110159
110160
110161
110162
110163
110164
110165
110166
110167
110168
110169
110170
110171
110172
110173
110174
110175
110176
110177
110178
110179
110180
110181
110182
110183
110184
110185
110186
110187
110190
110191
110192
110193
110194
110195
110196
110197
110198
110199
110200
110201
110202
110203
110204
110205
110206
110207
110208
110209
110210
110214
110215
110216
110217
110218
110219
110220
110221
110222
110223
110224
110225
110226
110227
110228
110229
110230
110231
110232
110233
110241
110242
110243
110244
110245
110246
110247
110248
110249
110250
110251
110252
110253
110254
110255
110256
110268
110269
110270
110271
110272
110273
110274
110275
110276
110277
110278
110279
110295
110296
110297
110298
110299
110300
110301
110302
110322
110323
110324
110454
110455
110456
110457
110458
110459
110460
110461
110462
110463
110464
110465
110466
110467
110468
110469
110470
110471
110472
110473
110474
110475
110476
110477
110478
110479
110480
110481
110482
110483
110484
110485
110486
110487
110488
110489
110490
110491
110494
112753
112772
112773
112774
112791
112792
112793
112794
112810
112811
112812
112813
112814
112829
112830
112831
112832
112833
112834
112835
112848
112849
112850
112851
112852
112853
112854
112855
112930
112931
112932
112935
112936
112937
112938
112939
112940
112941
112942
112943
112944
112945
112946
112947
113622
113641
113642
113660
113661
113662
113679
113680
113681
113682
113698
113699
113700
113701
113702
113785
113786
113787
113788
113789
113790
113791
113792
113793
113797
124249
124250
124251
124252
124253
124254
124255
124256
124257
124273
124274
124275
124276
124277
124278
124279
124280
124281
124282
124283
124296
124297
124298
124299
124300
124301
124302
124303
124304
124305
124306
124307
124319
124320
124321
124322
124323
124324
124325
124326
124327
124328
124329
124330
124331
124342
124343
124344
124345
124346
124347
124348
124349
124350
124351
124352
124353
124354
124355
124365
124366
124367
124368
124369
124370
124371
124372
124373
124374
124375
124376
124377
124378
124379
124388
124389
124390
124391
124392
124393
124394
124395
124396
124397
124398
124399
124400
124401
124402
124403
124404
124411
124412
124413
124414
124415
124416
124417
124418
124419
124420
124421
124422
124423
124424
124425
124426
124427
124428
124434
124435
124436
124437
124438
124439
124440
124441
124442
124443
124444
124445
124446
124447
124448
124449
124450
124451
124452
124453
124456
124457
124458
124459
124460
124461
124462
124463
124464
124465
124466
124467
124468
124469
124470
124471
124472
124473
124474
124475
124476
124477
124478
124480
124481
124482
124483
124484
124485
124486
124487
124488
124489
124490
124491
124492
124493
124494
124495
124496
124497
124498
124499
124500
124501
124502
124504
124505
124506
124507
124508
124509
124510
124511
124512
124513
124514
124515
124516
124517
124518
124519
124520
124521
124522
124523
124524
124525
124526
124527
124528
124529
124530
124531
124532
124533
124534
124535
124536
124537
124538
124539
124540
124541
124542
124543
124544
124545
124546
124547
124548
124549
124550
124551
124552
124553
124554
124555
124556
124557
124558
124559
124560
124561
124562
124563
124564
124565
124566
124567
124568
124569
124570
124571
124572
124573
124574
124575
124576
124577
124578
124579
124580
124581
124582
124583
124584
124585
124586
124587
124588
124589
124590
124591
124592
124593
124594
124595
124596
124597
124598
124599
124600
124601
124602
124603
124604
124605
124606
124607
124608
124609
124610
124611
124612
124613
124614
124615
124616
124617
124618
124619
124620
124621
124622
124623
124624
124625
124626
124627
124628
124629
124630
124631
124632
124633
124634
124635
124636
124637
124638
124639
124640
124641
124642
124643
124644
124645
124646
124647
124727
124728
124729
124732
124733
124734
124735
124736
124737
124738
124739
124740
124741
124742
124743
124744
124745
124746
124747
124748
124749
124750
124762
124763
124768
124769
124770
124771
124772
124773
124774
124775
124776
124777
124778
124779
124780
124781
124782
124783
124784
124785
124786
124788
124789
124790
124791
124792
124793
124794
124795
124796
124797
124798
124799
124800
124801
124802
124803
124804
124805
124806
124807
124808
124809
124810
124811
124812
124813
124814
124815
124816
124817
124818
124819
124820
124821
124822
124823
124824
124825
124826
124827
124828
124829
124830
124831
124832
124833
124834
124835
124836
124837
124838
124839
124840
124841
124842
124843
124844
124845
124846
124847
124848
124849
124850
124851
124852
124853
124854
124855
124856
124857
124858
124859
124860
124861
124862
124863
124864
124865
124866
124867
124868
124869
124870
124871
124872
124873
124874
124875
124876
124877
124878
124879
124880
124881
124882
124883
124884
124885
124886
124887
124888
124889
124890
124891
124892
124893
124894
124895
124896
124897
124898
124899
124900
124901
124902
124903
124904
124905
124906
124907
124908
124909
124910
124911
124912
124913
124914
124915
124916
124917
124918
124919
124920
124921
124922
124923
124924
124925
124926
124927
124928
124929
124930
124931
124932
124933
124934
124935
124936
124937
124938
124939
124940
124941
124942
124943
124944
124945
124946
124947
124948
124949
124950
124951
124952
124953
124954
124955
124956
124957
124958
124959
124960
124961
124962
124963
124964
124965
124966
124967
124968
124969
124970
124971
124972
124973
124974
124975
124976
124977
124980
124981
124982
124983
124984
124985
124986
124987
124988
124989
124990
124991
124992
124993
124994
124995
124996
124997
124998
124999
125000
125004
125005
125006
125007
125008
125009
125010
125011
125012
125013
125014
125015
125016
125017
125018
125019
125020
125021
125022
125023
125030
125031
125032
125033
125034
125035
125036
125037
125038
125039
125040
125041
125042
125043
125044
125045
125046
125057
125058
125059
125060
125061
125062
125063
125064
125065
125066
125067
125068
125069
125084
125085
125086
125087
125088
125089
125090
125091
125092
125111
125112
125113
125114
125244
125245
125246
125247
125248
125249
125250
125251
125252
125253
125254
125255
125256
125257
125258
125259
125260
125261
125262
125263
125264
125265
125266
125267
125268
125269
125270
125271
125272
125273
125274
125275
125276
125277
125278
125279
125280
125281
125282
125283
125284
125285
125286
125287
125288
125292
125343
127584
127603
127604
127622
127623
127624
127625
127641
127642
127643
127644
127645
127660
127661
127662
127663
127664
127665
127679
127680
127681
127682
127683
127684
127685
127686
127698
127699
127700
127701
127702
127703
127704
127705
127706
127793
127794
127797
127799
127800
127801
127802
127803
127804
127805
127806
127807
127808
127809
127810
127811
127812
127813
127814
128513
128532
128533
128551
128552
128553
128570
128571
128572
128573
128665
128669
128671
128672
128673
128674
128675
128676
128677
128678
128679
128680
128681
139155
139156
139157
139158
139159
139160
139161
139162
139163
139164
139179
139180
139181
139182
139183
139184
139185
139186
139187
139188
139189
139202
139203
139204
139205
139206
139207
139208
139209
139210
139211
139212
139213
139225
139226
139227
139228
139229
139230
139231
139232
139233
139234
139235
139236
139237
139248
139249
139250
139251
139252
139253
139254
139255
139256
139257
139258
139259
139260
139261
139271
139272
139273
139274
139275
139276
139277
139278
139279
139280
139281
139282
139283
139284
139285
139286
139294
139295
139296
139297
139298
139299
139300
139301
139302
139303
139304
139305
139306
139307
139308
139309
139310
139317
139318
139319
139320
139321
139322
139323
139324
139325
139326
139327
139328
139329
139330
139331
139332
139333
139334
139335
139340
139341
139342
139343
139344
139345
139346
139347
139348
139349
139350
139351
139352
139353
139354
139355
139356
139357
139358
139359
139360
139362
139363
139364
139365
139366
139367
139368
139369
139370
139371
139372
139373
139374
139375
139376
139377
139378
139379
139380
139381
139382
139383
139384
139386
139387
139388
139389
139390
139391
139392
139393
139394
139395
139396
139397
139398
139399
139400
139401
139402
139403
139404
139405
139406
139407
139408
139409
139410
139411
139412
139413
139414
139415
139416
139417
139418
139419
139420
139421
139422
139423
139424
139425
139426
139427
139428
139429
139430
139431
139432
139433
139434
139435
139436
139437
139438
139439
139440
139441
139442
139443
139444
139445
139446
139447
139448
139449
139450
139451
139452
139453
139454
139455
139456
139457
139458
139459
139460
139461
139462
139463
139464
139465
139466
139467
139468
139469
139470
139471
139472
139473
139474
139475
139476
139477
139478
139479
139480
139481
139482
139483
139484
139485
139486
139487
139488
139489
139490
139491
139492
139493
139494
139495
139496
139497
139498
139499
139500
139501
139502
139503
139504
139505
139506
139507
139508
139509
139510
139511
139512
139513
139514
139515
139516
139517
139518
139519
139520
139521
139522
139523
139524
139525
139526
139527
139528
139529
139530
139531
139532
139533
139534
139535
139536
139537
139538
139539
139540
139541
139542
139543
139544
139545
139546
139547
139548
139549
139550
139551
139552
139553
139624
139625
139626
139629
139630
139631
139632
139633
139634
139635
139636
139637
139638
139639
139640
139641
139642
139643
139644
139656
139657
139660
139661
139662
139663
139664
139665
139666
139667
139668
139669
139670
139671
139672
139673
139674
139675
139676
139677
139678
139679
139680
139681
139682
139683
139684
139685
139686
139687
139688
139689
139690
139691
139692
139693
139694
139695
139696
139697
139698
139699
139700
139701
139702
139703
139704
139705
139706
139707
139708
139709
139710
139711
139712
139713
139714
139715
139716
139717
139718
139719
139720
139721
139722
139723
139724
139725
139726
139727
139728
139729
139730
139731
139732
139733
139734
139735
139736
139737
139738
139739
139740
139741
139742
139743
139744
139745
139746
139747
139748
139749
139750
139751
139752
139753
139754
139755
139756
139757
139758
139759
139760
139761
139762
139763
139764
139765
139766
139767
139768
139769
139770
139771
139772
139773
139774
139775
139776
139777
139778
139779
139780
139781
139782
139783
139784
139785
139786
139787
139788
139789
139790
139791
139792
139793
139794
139795
139796
139797
139798
139799
139800
139801
139802
139803
139804
139805
139806
139807
139808
139809
139810
139811
139812
139813
139814
139815
139816
139817
139818
139819
139820
139821
139822
139823
139824
139825
139826
139827
139828
139829
139830
139831
139832
139833
139834
139835
139836
139837
139838
139839
139840
139841
139842
139843
139844
139845
139846
139847
139848
139849
139850
139851
139852
139853
139854
139855
139856
139857
139858
139859
139860
139861
139862
139863
139866
139867
139868
139869
139870
139871
139872
139873
139874
139875
139876
139877
139878
139879
139880
139881
139882
139883
139884
139885
139886
139890
139891
139892
139893
139894
139895
139896
139897
139898
139899
139900
139901
139902
139903
139904
139905
139906
139907
139908
139909
139917
139918
139919
139920
139921
139922
139923
139924
139925
139926
139927
139928
139929
139930
139931
139932
139944
139945
139946
139947
139948
139949
139950
139951
139952
139953
139954
139955
139971
139972
139973
139974
139975
139976
139977
139978
139998
139999
140000
140130
140131
140132
140133
140134
140135
140136
140137
140138
140139
140140
140141
140142
140143
140144
140145
140146
140147
140148
140149
140150
140151
140152
140153
140154
140155
140156
140157
140158
140159
140160
140161
140162
140163
140164
140165
140166
140167
140170
142429
142448
142449
142450
142467
142468
142469
142470
142486
142487
142488
142489
142490
142505
142506
142507
142508
142509
142510
142511
142524
142525
142526
142527
142528
142529
142530
142531
142606
142607
142608
142611
142612
142613
142614
142615
142616
142617
142618
142619
142620
142621
142622
142623
143298
143317
143318
143336
143337
143338
143355
143356
143357
143358
143374
143375
143376
143377
143378
143461
143462
143463
143464
143465
143466
143467
143468
143469
143473
153925
153926
153927
153928
153929
153930
153931
153932
153933
153949
153950
153951
153952
153953
153954
153955
153956
153957
153958
153959
153972
153973
153974
153975
153976
153977
153978
153979
153980
153981
153982
153983
153995
153996
153997
153998
153999
154000
154001
154002
154003
154004
154005
154006
154007
154018
154019
154020
154021
154022
154023
154024
154025
154026
154027
154028
154029
154030
154031
154041
154042
154043
154044
154045
154046
154047
154048
154049
154050
154051
154052
154053
154054
154055
154064
154065
154066
154067
154068
154069
154070
154071
154072
154073
154074
154075
154076
154077
154078
154079
154080
154087
154088
154089
154090
154091
154092
154093
154094
154095
154096
154097
154098
154099
154100
154101
154102
154103
154104
154110
154111
154112
154113
154114
154115
154116
154117
154118
154119
154120
154121
154122
154123
154124
154125
154126
154127
154128
154129
154132
154133
154134
154135
154136
154137
154138
154139
154140
154141
154142
154143
154144
154145
154146
154147
154148
154149
154150
154151
154152
154153
154154
154156
154157
154158
154159
154160
154161
154162
154163
154164
154165
154166
154167
154168
154169
154170
154171
154172
154173
154174
154175
154176
154177
154178
154180
154181
154182
154183
154184
154185
154186
154187
154188
154189
154190
154191
154192
154193
154194
154195
154196
154197
154198
154199
154200
154201
154202
154203
154204
154205
154206
154207
154208
154209
154210
154211
154212
154213
154214
154215
154216
154217
154218
154219
154220
154221
154222
154223
154224
154225
154226
154227
154228
154229
154230
154231
154232
154233
154234
154235
154236
154237
154238
154239
154240
154241
154242
154243
154244
154245
154246
154247
154248
154249
154250
154251
154252
154253
154254
154255
154256
154257
154258
154259
154260
154261
154262
154263
154264
154265
154266
154267
154268
154269
154270
154271
154272
154273
154274
154275
154276
154277
154278
154279
154280
154281
154282
154283
154284
154285
154286
154287
154288
154289
154290
154291
154292
154293
154294
154295
154296
154297
154298
154299
154300
154301
154302
154303
154304
154305
154306
154307
154308
154309
154310
154311
154312
154313
154314
154315
154316
154317
154318
154319
154320
154321
154322
154323
154403
154404
154405
154408
154409
154410
154411
154412
154413
154414
154415
154416
154417
154418
154419
154420
154421
154422
154423
154424
154425
154426
154438
154439
154444
154445
154446
154447
154448
154449
154450
154451
154452
154453
154454
154455
154456
154457
154458
154459
154460
154461
154462
154464
154465
154466
154467
154468
154469
154470
154471
154472
154473
154474
154475
154476
154477
154478
154479
154480
154481
154482
154483
154484
154485
154486
154487
154488
154489
154490
154491
154492
154493
154494
154495
154496
154497
154498
154499
154500
154501
154502
154503
154504
154505
154506
154507
154508
154509
154510
154511
154512
154513
154514
154515
154516
154517
154518
154519
154520
154521
154522
154523
154524
154525
154526
154527
154528
154529
154530
154531
154532
154533
154534
154535
154536
154537
154538
154539
154540
154541
154542
154543
154544
154545
154546
154547
154548
154549
154550
154551
154552
154553
154554
154555
154556
154557
154558
154559
154560
154561
154562
154563
154564
154565
154566
154567
154568
154569
154570
154571
154572
154573
154574
154575
154576
154577
154578
154579
154580
154581
154582
154583
154584
154585
154586
154587
154588
154589
154590
154591
154592
154593
154594
154595
154596
154597
154598
154599
154600
154601
154602
154603
154604
154605
154606
154607
154608
154609
154610
154611
154612
154613
154614
154615
154616
154617
154618
154619
154620
154621
154622
154623
154624
154625
154626
154627
154628
154629
154630
154631
154632
154633
154634
154635
154636
154637
154638
154639
154640
154641
154642
154643
154644
154645
154646
154647
154648
154649
154650
154651
154652
154653
154656
154657
154658
154659
154660
154661
154662
154663
154664
154665
154666
154667
154668
154669
154670
154671
154672
154673
154674
154675
154676
154680
154681
154682
154683
154684
154685
154686
154687
154688
154689
154690
154691
154692
154693
154694
154695
154696
154697
154698
154699
154706
154707
154708
154709
154710
154711
154712
154713
154714
154715
154716
154717
154718
154719
154720
154721
154722
154733
154734
154735
154736
154737
154738
154739
154740
154741
154742
154743
154744
154745
154760
154761
154762
154763
154764
154765
154766
154767
154768
154787
154788
154789
154790
154920
154921
154922
154923
154924
154925
154926
154927
154928
154929
154930
154931
154932
154933
154934
154935
154936
154937
154938
154939
154940
154941
154942
154943
154944
154945
154946
154947
154948
154949
154950
154951
154952
154953
154954
154955
154956
154957
154958
154959
154960
154961
154962
154963
154964
154968
155019
157260
157279
157280
157298
157299
157300
157301
157317
157318
157319
157320
157321
157336
157337
157338
157339
157340
157341
157355
157356
157357
157358
157359
157360
157361
157362
157374
157375
157376
157377
157378
157379
157380
157381
157382
157469
157470
157473
157475
157476
157477
157478
157479
157480
157481
157482
157483
157484
157485
157486
157487
157488
157489
157490
158189
158208
158209
158227
158228
158229
158246
158247
158248
158249
158341
158345
158347
158348
158349
158350
158351
158352
158353
158354
158355
158356
158357
168831
168832
168833
168834
168835
168836
168837
168838
168839
168840
168855
168856
168857
168858
168859
168860
168861
168862
168863
168864
168865
168878
168879
168880
168881
168882
168883
168884
168885
168886
168887
168888
168889
168901
168902
168903
168904
168905
168906
168907
168908
168909
168910
168911
168912
168913
168924
168925
168926
168927
168928
168929
168930
168931
168932
168933
168934
168935
168936
168937
168947
168948
168949
168950
168951
168952
168953
168954
168955
168956
168957
168958
168959
168960
168961
168962
168970
168971
168972
168973
168974
168975
168976
168977
168978
168979
168980
168981
168982
168983
168984
168985
168986
168993
168994
168995
168996
168997
168998
168999
169000
169001
169002
169003
169004
169005
169006
169007
169008
169009
169010
169011
169016
169017
169018
169019
169020
169021
169022
169023
169024
169025
169026
169027
169028
169029
169030
169031
169032
169033
169034
169035
169036
169038
169039
169040
169041
169042
169043
169044
169045
169046
169047
169048
169049
169050
169051
169052
169053
169054
169055
169056
169057
169058
169059
169060
169062
169063
169064
169065
169066
169067
169068
169069
169070
169071
169072
169073
169074
169075
169076
169077
169078
169079
169080
169081
169082
169083
169084
169085
169086
169087
169088
169089
169090
169091
169092
169093
169094
169095
169096
169097
169098
169099
169100
169101
169102
169103
169104
169105
169106
169107
169108
169109
169110
169111
169112
169113
169114
169115
169116
169117
169118
169119
169120
169121
169122
169123
169124
169125
169126
169127
169128
169129
169130
169131
169132
169133
169134
169135
169136
169137
169138
169139
169140
169141
169142
169143
169144
169145
169146
169147
169148
169149
169150
169151
169152
169153
169154
169155
169156
169157
169158
169159
169160
169161
169162
169163
169164
169165
169166
169167
169168
169169
169170
169171
169172
169173
169174
169175
169176
169177
169178
169179
169180
169181
169182
169183
169184
169185
169186
169187
169188
169189
169190
169191
169192
169193
169194
169195
169196
169197
169198
169199
169200
169201
169202
169203
169204
169205
169206
169207
169208
169209
169210
169211
169212
169213
169214
169215
169216
169217
169218
169219
169220
169221
169222
169223
169224
169225
169226
169227
169228
169229
169300
169301
169302
169305
169306
169307
169308
169309
169310
169311
169312
169313
169314
169315
169316
169317
169318
169319
169320
169332
169333
169336
169337
169338
169339
169340
169341
169342
169343
169344
169345
169346
169347
169348
169349
169350
169351
169352
169353
169354
169355
169356
169357
169358
169359
169360
169361
169362
169363
169364
169365
169366
169367
169368
169369
169370
169371
169372
169373
169374
169375
169376
169377
169378
169379
169380
169381
169382
169383
169384
169385
169386
169387
169388
169389
169390
169391
169392
169393
169394
169395
169396
169397
169398
169399
169400
169401
169402
169403
169404
169405
169406
169407
169408
169409
169410
169411
169412
169413
169414
169415
169416
169417
169418
169419
169420
169421
169422
169423
169424
169425
169426
169427
169428
169429
169430
169431
169432
169433
169434
169435
169436
169437
169438
169439
169440
169441
169442
169443
169444
169445
169446
169447
169448
169449
169450
169451
169452
169453
169454
169455
169456
169457
169458
169459
169460
169461
169462
169463
169464
169465
169466
169467
169468
169469
169470
169471
169472
169473
169474
169475
169476
169477
169478
169479
169480
169481
169482
169483
169484
169485
169486
169487
169488
169489
169490
169491
169492
169493
169494
169495
169496
169497
169498
169499
169500
169501
169502
169503
169504
169505
169506
169507
169508
169509
169510
169511
169512
169513
169514
169515
169516
169517
169518
169519
169520
169521
169522
169523
169524
169525
169526
169527
169528
169529
169530
169531
169532
169533
169534
169535
169536
169537
169538
169539
169542
169543
169544
169545
169546
169547
169548
169549
169550
169551
169552
169553
169554
169555
169556
169557
169558
169559
169560
169561
169562
169566
169567
169568
169569
169570
169571
169572
169573
169574
169575
169576
169577
169578
169579
169580
169581
169582
169583
169584
169585
169593
169594
169595
169596
169597
169598
169599
169600
169601
169602
169603
169604
169605
169606
169607
169608
169620
169621
169622
169623
169624
169625
169626
169627
169628
169629
169630
169631
169647
169648
169649
169650
169651
169652
169653
169654
169674
169675
169676
169806
169807
169808
169809
169810
169811
169812
169813
169814
169815
169816
169817
169818
169819
169820
169821
169822
169823
169824
169825
169826
169827
169828
169829
169830
169831
169832
169833
169834
169835
169836
169837
169838
169839
169840
169841
169842
169843
169846
172105
172124
172125
172126
172143
172144
172145
172146
172162
172163
172164
172165
172166
172181
172182
172183
172184
172185
172186
172187
172200
172201
172202
172203
172204
172205
172206
172207
172282
172283
172284
172287
172288
172289
172290
172291
172292
172293
172294
172295
172296
172297
172298
172299
172974
172993
172994
173012
173013
173014
173031
173032
173033
173034
173050
173051
173052
173053
173054
173137
173138
173139
173140
173141
173142
173143
173144
173145
173149
183601
183602
183603
183604
183605
183606
183607
183608
183609
183625
183626
183627
183628
183629
183630
183631
183632
183633
183634
183635
183648
183649
183650
183651
183652
183653
183654
183655
183656
183657
183658
183659
183671
183672
183673
183674
183675
183676
183677
183678
183679
183680
183681
183682
183683
183694
183695
183696
183697
183698
183699
183700
183701
183702
183703
183704
183705
183706
183707
183717
183718
183719
183720
183721
183722
183723
183724
183725
183726
183727
183728
183729
183730
183731
183740
183741
183742
183743
183744
183745
183746
183747
183748
183749
183750
183751
183752
183753
183754
183755
183756
183763
183764
183765
183766
183767
183768
183769
183770
183771
183772
183773
183774
183775
183776
183777
183778
183779
183780
183786
183787
183788
183789
183790
183791
183792
183793
183794
183795
183796
183797
183798
183799
183800
183801
183802
183803
183804
183805
183808
183809
183810
183811
183812
183813
183814
183815
183816
183817
183818
183819
183820
183821
183822
183823
183824
183825
183826
183827
183828
183829
183830
183832
183833
183834
183835
183836
183837
183838
183839
183840
183841
183842
183843
183844
183845
183846
183847
183848
183849
183850
183851
183852
183853
183854
183856
183857
183858
183859
183860
183861
183862
183863
183864
183865
183866
183867
183868
183869
183870
183871
183872
183873
183874
183875
183876
183877
183878
183879
183880
183881
183882
183883
183884
183885
183886
183887
183888
183889
183890
183891
183892
183893
183894
183895
183896
183897
183898
183899
183900
183901
183902
183903
183904
183905
183906
183907
183908
183909
183910
183911
183912
183913
183914
183915
183916
183917
183918
183919
183920
183921
183922
183923
183924
183925
183926
183927
183928
183929
183930
183931
183932
183933
183934
183935
183936
183937
183938
183939
183940
183941
183942
183943
183944
183945
183946
183947
183948
183949
183950
183951
183952
183953
183954
183955
183956
183957
183958
183959
183960
183961
183962
183963
183964
183965
183966
183967
183968
183969
183970
183971
183972
183973
183974
183975
183976
183977
183978
183979
183980
183981
183982
183983
183984
183985
183986
183987
183988
183989
183990
183991
183992
183993
183994
183995
183996
183997
183998
183999
184079
184080
184081
184084
184085
184086
184087
184088
184089
184090
184091
184092
184093
184094
184095
184096
184097
184098
184099
184100
184101
184102
184114
184115
184120
184121
184122
184123
184124
184125
184126
184127
184128
184129
184130
184131
184132
184133
184134
184135
184136
184137
184138
184140
184141
184142
184143
184144
184145
184146
184147
184148
184149
184150
184151
184152
184153
184154
184155
184156
184157
184158
184159
184160
184161
184162
184163
184164
184165
184166
184167
184168
184169
184170
184171
184172
184173
184174
184175
184176
184177
184178
184179
184180
184181
184182
184183
184184
184185
184186
184187
184188
184189
184190
184191
184192
184193
184194
184195
184196
184197
184198
184199
184200
184201
184202
184203
184204
184205
184206
184207
184208
184209
184210
184211
184212
184213
184214
184215
184216
184217
184218
184219
184220
184221
184222
184223
184224
184225
184226
184227
184228
184229
184230
184231
184232
184233
184234
184235
184236
184237
184238
184239
184240
184241
184242
184243
184244
184245
184246
184247
184248
184249
184250
184251
184252
184253
184254
184255
184256
184257
184258
184259
184260
184261
184262
184263
184264
184265
184266
184267
184268
184269
184270
184271
184272
184273
184274
184275
184276
184277
184278
184279
184280
184281
184282
184283
184284
184285
184286
184287
184288
184289
184290
184291
184292
184293
184294
184295
184296
184297
184298
184299
184300
184301
184302
184303
184304
184305
184306
184307
184308
184309
184310
184311
184312
184313
184314
184315
184316
184317
184318
184319
184320
184321
184322
184323
184324
184325
184326
184327
184328
184329
184332
184333
184334
184335
184336
184337
184338
184339
184340
184341
184342
184343
184344
184345
184346
184347
184348
184349
184350
184351
184352
184356
184357
184358
184359
184360
184361
184362
184363
184364
184365
184366
184367
184368
184369
184370
184371
184372
184373
184374
184375
184382
184383
184384
184385
184386
184387
184388
184389
184390
184391
184392
184393
184394
184395
184396
184397
184398
184409
184410
184411
184412
184413
184414
184415
184416
184417
184418
184419
184420
184421
184436
184437
184438
184439
184440
184441
184442
184443
184444
184463
184464
184465
184466
184596
184597
184598
184599
184600
184601
184602
184603
184604
184605
184606
184607
184608
184609
184610
184611
184612
184613
184614
184615
184616
184617
184618
184619
184620
184621
184622
184623
184624
184625
184626
184627
184628
184629
184630
184631
184632
184633
184634
184635
184636
184637
184638
184639
184640
184644
184695
186936
186955
186956
186974
186975
186976
186977
186993
186994
186995
186996
186997
187012
187013
187014
187015
187016
187017
187031
187032
187033
187034
187035
187036
187037
187038
187050
187051
187052
187053
187054
187055
187056
187057
187058
187145
187146
187149
187151
187152
187153
187154
187155
187156
187157
187158
187159
187160
187161
187162
187163
187164
187165
187166
187865
187884
187885
187903
187904
187905
187922
187923
187924
187925
188017
188021
188023
188024
188025
188026
188027
188028
188029
188030
188031
188032
188033
198507
198508
198509
198510
198511
198512
198513
198514
198515
198516
198531
198532
198533
198534
198535
198536
198537
198538
198539
198540
198541
198554
198555
198556
198557
198558
198559
198560
198561
198562
198563
198564
198565
198577
198578
198579
198580
198581
198582
198583
198584
198585
198586
198587
198588
198589
198600
198601
198602
198603
198604
198605
198606
198607
198608
198609
198610
198611
198612
198613
198623
198624
198625
198626
198627
198628
198629
198630
198631
198632
198633
198634
198635
198636
198637
198638
198646
198647
198648
198649
198650
198651
198652
198653
198654
198655
198656
198657
198658
198659
198660
198661
198662
198669
198670
198671
198672
198673
198674
198675
198676
198677
198678
198679
198680
198681
198682
198683
198684
198685
198686
198687
198692
198693
198694
198695
198696
198697
198698
198699
198700
198701
198702
198703
198704
198705
198706
198707
198708
198709
198710
198711
198712
198714
198715
198716
198717
198718
198719
198720
198721
198722
198723
198724
198725
198726
198727
198728
198729
198730
198731
198732
198733
198734
198735
198736
198738
198739
198740
198741
198742
198743
198744
198745
198746
198747
198748
198749
198750
198751
198752
198753
198754
198755
198756
198757
198758
198759
198760
198761
198762
198763
198764
198765
198766
198767
198768
198769
198770
198771
198772
198773
198774
198775
198776
198777
198778
198779
198780
198781
198782
198783
198784
198785
198786
198787
198788
198789
198790
198791
198792
198793
198794
198795
198796
198797
198798
198799
198800
198801
198802
198803
198804
198805
198806
198807
198808
198809
198810
198811
198812
198813
198814
198815
198816
198817
198818
198819
198820
198821
198822
198823
198824
198825
198826
198827
198828
198829
198830
198831
198832
198833
198834
198835
198836
198837
198838
198839
198840
198841
198842
198843
198844
198845
198846
198847
198848
198849
198850
198851
198852
198853
198854
198855
198856
198857
198858
198859
198860
198861
198862
198863
198864
198865
198866
198867
198868
198869
198870
198871
198872
198873
198874
198875
198876
198877
198878
198879
198880
198881
198882
198883
198884
198885
198886
198887
198888
198889
198890
198891
198892
198893
198894
198895
198896
198897
198898
198899
198900
198901
198902
198903
198904
198905
198976
198977
198978
198981
198982
198983
198984
198985
198986
198987
198988
198989
198990
198991
198992
198993
198994
198995
198996
199008
199009
199012
199013
199014
199015
199016
199017
199018
199019
199020
199021
199022
199023
199024
199025
199026
199027
199028
199029
199030
199031
199032
199033
199034
199035
199036
199037
199038
199039
199040
199041
199042
199043
199044
199045
199046
199047
199048
199049
199050
199051
199052
199053
199054
199055
199056
199057
199058
199059
199060
199061
199062
199063
199064
199065
199066
199067
199068
199069
199070
199071
199072
199073
199074
199075
199076
199077
199078
199079
199080
199081
199082
199083
199084
199085
199086
199087
199088
199089
199090
199091
199092
199093
199094
199095
199096
199097
199098
199099
199100
199101
199102
199103
199104
199105
199106
199107
199108
199109
199110
199111
199112
199113
199114
199115
199116
199117
199118
199119
199120
199121
199122
199123
199124
199125
199126
199127
199128
199129
199130
199131
199132
199133
199134
199135
199136
199137
199138
199139
199140
199141
199142
199143
199144
199145
199146
199147
199148
199149
199150
199151
199152
199153
199154
199155
199156
199157
199158
199159
199160
199161
199162
199163
199164
199165
199166
199167
199168
199169
199170
199171
199172
199173
199174
199175
199176
199177
199178
199179
199180
199181
199182
199183
199184
199185
199186
199187
199188
199189
199190
199191
199192
199193
199194
199195
199196
199197
199198
199199
199200
199201
199202
199203
199204
199205
199206
199207
199208
199209
199210
199211
199212
199213
199214
199215
199218
199219
199220
199221
199222
199223
199224
199225
199226
199227
199228
199229
199230
199231
199232
199233
199234
199235
199236
199237
199238
199242
199243
199244
199245
199246
199247
199248
199249
199250
199251
199252
199253
199254
199255
199256
199257
199258
199259
199260
199261
199269
199270
199271
199272
199273
199274
199275
199276
199277
199278
199279
199280
199281
199282
199283
199284
199296
199297
199298
199299
199300
199301
199302
199303
199304
199305
199306
199307
199323
199324
199325
199326
199327
199328
199329
199330
199350
199351
199352
199482
199483
199484
199485
199486
199487
199488
199489
199490
199491
199492
199493
199494
199495
199496
199497
199498
199499
199500
199501
199502
199503
199504
199505
199506
199507
199508
199509
199510
199511
199512
199513
199514
199515
199516
199517
199518
199519
199522
201781
201800
201801
201802
201819
201820
201821
201822
201838
201839
201840
201841
201842
201857
201858
201859
201860
201861
201862
201863
201876
201877
201878
201879
201880
201881
201882
201883
201958
201959
201960
201963
201964
201965
201966
201967
201968
201969
201970
201971
201972
201973
201974
201975
202650
202669
202670
202688
202689
202690
202707
202708
202709
202710
202726
202727
202728
202729
202730
202813
202814
202815
202816
202817
202818
202819
202820
202821
202825
213277
213278
213279
213280
213281
213282
213283
213284
213285
213301
213302
213303
213304
213305
213306
213307
213308
213309
213310
213311
213324
213325
213326
213327
213328
213329
213330
213331
213332
213333
213334
213335
213347
213348
213349
213350
213351
213352
213353
213354
213355
213356
213357
213358
213359
213370
213371
213372
213373
213374
213375
213376
213377
213378
213379
213380
213381
213382
213383
213393
213394
213395
213396
213397
213398
213399
213400
213401
213402
213403
213404
213405
213406
213407
213416
213417
213418
213419
213420
213421
213422
213423
213424
213425
213426
213427
213428
213429
213430
213431
213432
213439
213440
213441
213442
213443
213444
213445
213446
213447
213448
213449
213450
213451
213452
213453
213454
213455
213456
213462
213463
213464
213465
213466
213467
213468
213469
213470
213471
213472
213473
213474
213475
213476
213477
213478
213479
213480
213481
213484
213485
213486
213487
213488
213489
213490
213491
213492
213493
213494
213495
213496
213497
213498
213499
213500
213501
213502
213503
213504
213505
213506
213508
213509
213510
213511
213512
213513
213514
213515
213516
213517
213518
213519
213520
213521
213522
213523
213524
213525
213526
213527
213528
213529
213530
213532
213533
213534
213535
213536
213537
213538
213539
213540
213541
213542
213543
213544
213545
213546
213547
213548
213549
213550
213551
213552
213553
213554
213555
213556
213557
213558
213559
213560
213561
213562
213563
213564
213565
213566
213567
213568
213569
213570
213571
213572
213573
213574
213575
213576
213577
213578
213579
213580
213581
213582
213583
213584
213585
213586
213587
213588
213589
213590
213591
213592
213593
213594
213595
213596
213597
213598
213599
213600
213601
213602
213603
213604
213605
213606
213607
213608
213609
213610
213611
213612
213613
213614
213615
213616
213617
213618
213619
213620
213621
213622
213623
213624
213625
213626
213627
213628
213629
213630
213631
213632
213633
213634
213635
213636
213637
213638
213639
213640
213641
213642
213643
213644
213645
213646
213647
213648
213649
213650
213651
213652
213653
213654
213655
213656
213657
213658
213659
213660
213661
213662
213663
213664
213665
213666
213667
213668
213669
213670
213671
213672
213673
213674
213675
213755
213756
213757
213760
213761
213762
213763
213764
213765
213766
213767
213768
213769
213770
213771
213772
213773
213774
213775
213776
213777
213778
213790
213791
213796
213797
213798
213799
213800
213801
213802
213803
213804
213805
213806
213807
213808
213809
213810
213811
213812
213813
213814
213816
213817
213818
213819
213820
213821
213822
213823
213824
213825
213826
213827
213828
213829
213830
213831
213832
213833
213834
213835
213836
213837
213838
213839
213840
213841
213842
213843
213844
213845
213846
213847
213848
213849
213850
213851
213852
213853
213854
213855
213856
213857
213858
213859
213860
213861
213862
213863
213864
213865
213866
213867
213868
213869
213870
213871
213872
213873
213874
213875
213876
213877
213878
213879
213880
213881
213882
213883
213884
213885
213886
213887
213888
213889
213890
213891
213892
213893
213894
213895
213896
213897
213898
213899
213900
213901
213902
213903
213904
213905
213906
213907
213908
213909
213910
213911
213912
213913
213914
213915
213916
213917
213918
213919
213920
213921
213922
213923
213924
213925
213926
213927
213928
213929
213930
213931
213932
213933
213934
213935
213936
213937
213938
213939
213940
213941
213942
213943
213944
213945
213946
213947
213948
213949
213950
213951
213952
213953
213954
213955
213956
213957
213958
213959
213960
213961
213962
213963
213964
213965
213966
213967
213968
213969
213970
213971
213972
213973
213974
213975
213976
213977
213978
213979
213980
213981
213982
213983
213984
213985
213986
213987
213988
213989
213990
213991
213992
213993
213994
213995
213996
213997
213998
213999
214000
214001
214002
214003
214004
214005
214008
214009
214010
214011
214012
214013
214014
214015
214016
214017
214018
214019
214020
214021
214022
214023
214024
214025
214026
214027
214028
214032
214033
214034
214035
214036
214037
214038
214039
214040
214041
214042
214043
214044
214045
214046
214047
214048
214049
214050
214051
214058
214059
214060
214061
214062
214063
214064
214065
214066
214067
214068
214069
214070
214071
214072
214073
214074
214085
214086
214087
214088
214089
214090
214091
214092
214093
214094
214095
214096
214097
214112
214113
214114
214115
214116
214117
214118
214119
214120
214139
214140
214141
214142
214272
214273
214274
214275
214276
214277
214278
214279
214280
214281
214282
214283
214284
214285
214286
214287
214288
214289
214290
214291
214292
214293
214294
214295
214296
214297
214298
214299
214300
214301
214302
214303
214304
214305
214306
214307
214308
214309
214310
214311
214312
214313
214314
214315
214316
214320
214371
216612
216631
216632
216650
216651
216652
216653
216669
216670
216671
216672
216673
216688
216689
216690
216691
216692
216693
216707
216708
216709
216710
216711
216712
216713
216714
216726
216727
216728
216729
216730
216731
216732
216733
216734
216821
216822
216825
216827
216828
216829
216830
216831
216832
216833
216834
216835
216836
216837
216838
216839
216840
216841
216842
217541
217560
217561
217579
217580
217581
217598
217599
217600
217601
217693
217697
217699
217700
217701
217702
217703
217704
217705
217706
217707
217708
217709
228183
228184
228185
228186
228187
228188
228189
228190
228191
228192
228207
228208
228209
228210
228211
228212
228213
228214
228215
228216
228217
228230
228231
228232
228233
228234
228235
228236
228237
228238
228239
228240
228241
228253
228254
228255
228256
228257
228258
228259
228260
228261
228262
228263
228264
228265
228276
228277
228278
228279
228280
228281
228282
228283
228284
228285
228286
228287
228288
228289
228299
228300
228301
228302
228303
228304
228305
228306
228307
228308
228309
228310
228311
228312
228313
228314
228322
228323
228324
228325
228326
228327
228328
228329
228330
228331
228332
228333
228334
228335
228336
228337
228338
228345
228346
228347
228348
228349
228350
228351
228352
228353
228354
228355
228356
228357
228358
228359
228360
228361
228362
228363
228368
228369
228370
228371
228372
228373
228374
228375
228376
228377
228378
228379
228380
228381
228382
228383
228384
228385
228386
228387
228388
228390
228391
228392
228393
228394
228395
228396
228397
228398
228399
228400
228401
228402
228403
228404
228405
228406
228407
228408
228409
228410
228411
228412
228414
228415
228416
228417
228418
228419
228420
228421
228422
228423
228424
228425
228426
228427
228428
228429
228430
228431
228432
228433
228434
228435
228436
228437
228438
228439
228440
228441
228442
228443
228444
228445
228446
228447
228448
228449
228450
228451
228452
228453
228454
228455
228456
228457
228458
228459
228460
228461
228462
228463
228464
228465
228466
228467
228468
228469
228470
228471
228472
228473
228474
228475
228476
228477
228478
228479
228480
228481
228482
228483
228484
228485
228486
228487
228488
228489
228490
228491
228492
228493
228494
228495
228496
228497
228498
228499
228500
228501
228502
228503
228504
228505
228506
228507
228508
228509
228510
228511
228512
228513
228514
228515
228516
228517
228518
228519
228520
228521
228522
228523
228524
228525
228526
228527
228528
228529
228530
228531
228532
228533
228534
228535
228536
228537
228538
228539
228540
228541
228542
228543
228544
228545
228546
228547
228548
228549
228550
228551
228552
228553
228554
228555
228556
228557
228558
228559
228560
228561
228562
228563
228564
228565
228566
228567
228568
228569
228570
228571
228572
228573
228574
228575
228576
228577
228578
228579
228580
228581
228652
228653
228654
228657
228658
228659
228660
228661
228662
228663
228664
228665
228666
228667
228668
228669
228670
228671
228672
228684
228685
228688
228689
228690
228691
228692
228693
228694
228695
228696
228697
228698
228699
228700
228701
228702
228703
228704
228705
228706
228707
228708
228709
228710
228711
228712
228713
228714
228715
228716
228717
228718
228719
228720
228721
228722
228723
228724
228725
228726
228727
228728
228729
228730
228731
228732
228733
228734
228735
228736
228737
228738
228739
228740
228741
228742
228743
228744
228745
228746
228747
228748
228749
228750
228751
228752
228753
228754
228755
228756
228757
228758
228759
228760
228761
228762
228763
228764
228765
228766
228767
228768
228769
228770
228771
228772
228773
228774
228775
228776
228777
228778
228779
228780
228781
228782
228783
228784
228785
228786
228787
228788
228789
228790
228791
228792
228793
228794
228795
228796
228797
228798
228799
228800
228801
228802
228803
228804
228805
228806
228807
228808
228809
228810
228811
228812
228813
228814
228815
228816
228817
228818
228819
228820
228821
228822
228823
228824
228825
228826
228827
228828
228829
228830
228831
228832
228833
228834
228835
228836
228837
228838
228839
228840
228841
228842
228843
228844
228845
228846
228847
228848
228849
228850
228851
228852
228853
228854
228855
228856
228857
228858
228859
228860
228861
228862
228863
228864
228865
228866
228867
228868
228869
228870
228871
228872
228873
228874
228875
228876
228877
228878
228879
228880
228881
228882
228883
228884
228885
228886
228887
228888
228889
228890
228891
228894
228895
228896
228897
228898
228899
228900
228901
228902
228903
228904
228905
228906
228907
228908
228909
228910
228911
228912
228913
228914
228918
228919
228920
228921
228922
228923
228924
228925
228926
228927
228928
228929
228930
228931
228932
228933
228934
228935
228936
228937
228945
228946
228947
228948
228949
228950
228951
228952
228953
228954
228955
228956
228957
228958
228959
228960
228972
228973
228974
228975
228976
228977
228978
228979
228980
228981
228982
228983
228999
229000
229001
229002
229003
229004
229005
229006
229026
229027
229028
229158
229159
229160
229161
229162
229163
229164
229165
229166
229167
229168
229169
229170
229171
229172
229173
229174
229175
229176
229177
229178
229179
229180
229181
229182
229183
229184
229185
229186
229187
229188
229189
229190
229191
229192
229193
229194
229195
229198
231457
231476
231477
231478
231495
231496
231497
231498
231514
231515
231516
231517
231518
231533
231534
231535
231536
231537
231538
231539
231552
231553
231554
231555
231556
231557
231558
231559
231634
231635
231636
231639
231640
231641
231642
231643
231644
231645
231646
231647
231648
231649
231650
231651
232326
232345
232346
232364
232365
232366
232383
232384
232385
232386
232402
232403
232404
232405
232406
232489
232490
232491
232492
232493
232494
232495
232496
232497
232501
242953
242954
242955
242956
242957
242958
242959
242960
242961
242977
242978
242979
242980
242981
242982
242983
242984
242985
242986
242987
243000
243001
243002
243003
243004
243005
243006
243007
243008
243009
243010
243011
243023
243024
243025
243026
243027
243028
243029
243030
243031
243032
243033
243034
243035
243046
243047
243048
243049
243050
243051
243052
243053
243054
243055
243056
243057
243058
243059
243069
243070
243071
243072
243073
243074
243075
243076
243077
243078
243079
243080
243081
243082
243083
243092
243093
243094
243095
243096
243097
243098
243099
243100
243101
243102
243103
243104
243105
243106
243107
243108
243115
243116
243117
243118
243119
243120
243121
243122
243123
243124
243125
243126
243127
243128
243129
243130
243131
243132
243138
243139
243140
243141
243142
243143
243144
243145
243146
243147
243148
243149
243150
243151
243152
243153
243154
243155
243156
243157
243160
243161
243162
243163
243164
243165
243166
243167
243168
243169
243170
243171
243172
243173
243174
243175
243176
243177
243178
243179
243180
243181
243182
243184
243185
243186
243187
243188
243189
243190
243191
243192
243193
243194
243195
243196
243197
243198
243199
243200
243201
243202
243203
243204
243205
243206
243208
243209
243210
243211
243212
243213
243214
243215
243216
243217
243218
243219
243220
243221
243222
243223
243224
243225
243226
243227
243228
243229
243230
243231
243232
243233
243234
243235
243236
243237
243238
243239
243240
243241
243242
243243
243244
243245
243246
243247
243248
243249
243250
243251
243252
243253
243254
243255
243256
243257
243258
243259
243260
243261
243262
243263
243264
243265
243266
243267
243268
243269
243270
243271
243272
243273
243274
243275
243276
243277
243278
243279
243280
243281
243282
243283
243284
243285
243286
243287
243288
243289
243290
243291
243292
243293
243294
243295
243296
243297
243298
243299
243300
243301
243302
243303
243304
243305
243306
243307
243308
243309
243310
243311
243312
243313
243314
243315
243316
243317
243318
243319
243320
243321
243322
243323
243324
243325
243326
243327
243328
243329
243330
243331
243332
243333
243334
243335
243336
243337
243338
243339
243340
243341
243342
243343
243344
243345
243346
243347
243348
243349
243350
243351
243431
243432
243433
243436
243437
243438
243439
243440
243441
243442
243443
243444
243445
243446
243447
243448
243449
243450
243451
243452
243453
243454
243466
243467
243472
243473
243474
243475
243476
243477
243478
243479
243480
243481
243482
243483
243484
243485
243486
243487
243488
243489
243490
243492
243493
243494
243495
243496
243497
243498
243499
243500
243501
243502
243503
243504
243505
243506
243507
243508
243509
243510
243511
243512
243513
243514
243515
243516
243517
243518
243519
243520
243521
243522
243523
243524
243525
243526
243527
243528
243529
243530
243531
243532
243533
243534
243535
243536
243537
243538
243539
243540
243541
243542
243543
243544
243545
243546
243547
243548
243549
243550
243551
243552
243553
243554
243555
243556
243557
243558
243559
243560
243561
243562
243563
243564
243565
243566
243567
243568
243569
243570
243571
243572
243573
243574
243575
243576
243577
243578
243579
243580
243581
243582
243583
243584
243585
243586
243587
243588
243589
243590
243591
243592
243593
243594
243595
243596
243597
243598
243599
243600
243601
243602
243603
243604
243605
243606
243607
243608
243609
243610
243611
243612
243613
243614
243615
243616
243617
243618
243619
243620
243621
243622
243623
243624
243625
243626
243627
243628
243629
243630
243631
243632
243633
243634
243635
243636
243637
243638
243639
243640
243641
243642
243643
243644
243645
243646
243647
243648
243649
243650
243651
243652
243653
243654
243655
243656
243657
243658
243659
243660
243661
243662
243663
243664
243665
243666
243667
243668
243669
243670
243671
243672
243673
243674
243675
243676
243677
243678
243679
243680
243681
243684
243685
243686
243687
243688
243689
243690
243691
243692
243693
243694
243695
243696
243697
243698
243699
243700
243701
243702
243703
243704
243708
243709
243710
243711
243712
243713
243714
243715
243716
243717
243718
243719
243720
243721
243722
243723
243724
243725
243726
243727
243734
243735
243736
243737
243738
243739
243740
243741
243742
243743
243744
243745
243746
243747
243748
243749
243750
243761
243762
243763
243764
243765
243766
243767
243768
243769
243770
243771
243772
243773
243788
243789
243790
243791
243792
243793
243794
243795
243796
243815
243816
243817
243818
243948
243949
243950
243951
243952
243953
243954
243955
243956
243957
243958
243959
243960
243961
243962
243963
243964
243965
243966
243967
243968
243969
243970
243971
243972
243973
243974
243975
243976
243977
243978
243979
243980
243981
243982
243983
243984
243985
243986
243987
243988
243989
243990
243991
243992
243996
244047
246288
246307
246308
246326
246327
246328
246329
246345
246346
246347
246348
246349
246364
246365
246366
246367
246368
246369
246383
246384
246385
246386
246387
246388
246389
246390
246402
246403
246404
246405
246406
246407
246408
246409
246410
246497
246498
246501
246503
246504
246505
246506
246507
246508
246509
246510
246511
246512
246513
246514
246515
246516
246517
246518
247217
247236
247237
247255
247256
247257
247274
247275
247276
247277
247369
247373
247375
247376
247377
247378
247379
247380
247381
247382
247383
247384
247385
257859
257860
257861
257862
257863
257864
257865
257866
257867
257868
257883
257884
257885
257886
257887
257888
257889
257890
257891
257892
257893
257906
257907
257908
257909
257910
257911
257912
257913
257914
257915
257916
257917
257929
257930
257931
257932
257933
257934
257935
257936
257937
257938
257939
257940
257941
257952
257953
257954
257955
257956
257957
257958
257959
257960
257961
257962
257963
257964
257965
257975
257976
257977
257978
257979
257980
257981
257982
257983
257984
257985
257986
257987
257988
257989
257990
257998
257999
258000
258001
258002
258003
258004
258005
258006
258007
258008
258009
258010
258011
258012
258013
258014
258021
258022
258023
258024
258025
258026
258027
258028
258029
258030
258031
258032
258033
258034
258035
258036
258037
258038
258039
258044
258045
258046
258047
258048
258049
258050
258051
258052
258053
258054
258055
258056
258057
258058
258059
258060
258061
258062
258063
258064
258066
258067
258068
258069
258070
258071
258072
258073
258074
258075
258076
258077
258078
258079
258080
258081
258082
258083
258084
258085
258086
258087
258088
258090
258091
258092
258093
258094
258095
258096
258097
258098
258099
258100
258101
258102
258103
258104
258105
258106
258107
258108
258109
258110
258111
258112
258113
258114
258115
258116
258117
258118
258119
258120
258121
258122
258123
258124
258125
258126
258127
258128
258129
258130
258131
258132
258133
258134
258135
258136
258137
258138
258139
258140
258141
258142
258143
258144
258145
258146
258147
258148
258149
258150
258151
258152
258153
258154
258155
258156
258157
258158
258159
258160
258161
258162
258163
258164
258165
258166
258167
258168
258169
258170
258171
258172
258173
258174
258175
258176
258177
258178
258179
258180
258181
258182
258183
258184
258185
258186
258187
258188
258189
258190
258191
258192
258193
258194
258195
258196
258197
258198
258199
258200
258201
258202
258203
258204
258205
258206
258207
258208
258209
258210
258211
258212
258213
258214
258215
258216
258217
258218
258219
258220
258221
258222
258223
258224
258225
258226
258227
258228
258229
258230
258231
258232
258233
258234
258235
258236
258237
258238
258239
258240
258241
258242
258243
258244
258245
258246
258247
258248
258249
258250
258251
258252
258253
258254
258255
258256
258257
258328
258329
258330
258333
258334
258335
258336
258337
258338
258339
258340
258341
258342
258343
258344
258345
258346
258347
258348
258360
258361
258364
258365
258366
258367
258368
258369
258370
258371
258372
258373
258374
258375
258376
258377
258378
258379
258380
258381
258382
258383
258384
258385
258386
258387
258388
258389
258390
258391
258392
258393
258394
258395
258396
258397
258398
258399
258400
258401
258402
258403
258404
258405
258406
258407
258408
258409
258410
258411
258412
258413
258414
258415
258416
258417
258418
258419
258420
258421
258422
258423
258424
258425
258426
258427
258428
258429
258430
258431
258432
258433
258434
258435
258436
258437
258438
258439
258440
258441
258442
258443
258444
258445
258446
258447
258448
258449
258450
258451
258452
258453
258454
258455
258456
258457
258458
258459
258460
258461
258462
258463
258464
258465
258466
258467
258468
258469
258470
258471
258472
258473
258474
258475
258476
258477
258478
258479
258480
258481
258482
258483
258484
258485
258486
258487
258488
258489
258490
258491
258492
258493
258494
258495
258496
258497
258498
258499
258500
258501
258502
258503
258504
258505
258506
258507
258508
258509
258510
258511
258512
258513
258514
258515
258516
258517
258518
258519
258520
258521
258522
258523
258524
258525
258526
258527
258528
258529
258530
258531
258532
258533
258534
258535
258536
258537
258538
258539
258540
258541
258542
258543
258544
258545
258546
258547
258548
258549
258550
258551
258552
258553
258554
258555
258556
258557
258558
258559
258560
258561
258562
258563
258564
258565
258566
258567
258570
258571
258572
258573
258574
258575
258576
258577
258578
258579
258580
258581
258582
258583
258584
258585
258586
258587
258588
258589
258590
258594
258595
258596
258597
258598
258599
258600
258601
258602
258603
258604
258605
258606
258607
258608
258609
258610
258611
258612
258613
258621
258622
258623
258624
258625
258626
258627
258628
258629
258630
258631
258632
258633
258634
258635
258636
258648
258649
258650
258651
258652
258653
258654
258655
258656
258657
258658
258659
258675
258676
258677
258678
258679
258680
258681
258682
258702
258703
258704
258834
258835
258836
258837
258838
258839
258840
258841
258842
258843
258844
258845
258846
258847
258848
258849
258850
258851
258852
258853
258854
258855
258856
258857
258858
258859
258860
258861
258862
258863
258864
258865
258866
258867
258868
258869
258870
258871
258874
261133
261152
261153
261154
261171
261172
261173
261174
261190
261191
261192
261193
261194
261209
261210
261211
261212
261213
261214
261215
261228
261229
261230
261231
261232
261233
261234
261235
261310
261311
261312
261315
261316
261317
261318
261319
261320
261321
261322
261323
261324
261325
261326
261327
262002
262021
262022
262040
262041
262042
262059
262060
262061
262062
262078
262079
262080
262081
262082
262165
262166
262167
262168
262169
262170
262171
262172
262173
262177
272629
272630
272631
272632
272633
272634
272635
272636
272637
272653
272654
272655
272656
272657
272658
272659
272660
272661
272662
272663
272676
272677
272678
272679
272680
272681
272682
272683
272684
272685
272686
272687
272699
272700
272701
272702
272703
272704
272705
272706
272707
272708
272709
272710
272711
272722
272723
272724
272725
272726
272727
272728
272729
272730
272731
272732
272733
272734
272735
272745
272746
272747
272748
272749
272750
272751
272752
272753
272754
272755
272756
272757
272758
272759
272768
272769
272770
272771
272772
272773
272774
272775
272776
272777
272778
272779
272780
272781
272782
272783
272784
272791
272792
272793
272794
272795
272796
272797
272798
272799
272800
272801
272802
272803
272804
272805
272806
272807
272808
272814
272815
272816
272817
272818
272819
272820
272821
272822
272823
272824
272825
272826
272827
272828
272829
272830
272831
272832
272833
272836
272837
272838
272839
272840
272841
272842
272843
272844
272845
272846
272847
272848
272849
272850
272851
272852
272853
272854
272855
272856
272857
272858
272860
272861
272862
272863
272864
272865
272866
272867
272868
272869
272870
272871
272872
272873
272874
272875
272876
272877
272878
272879
272880
272881
272882
272884
272885
272886
272887
272888
272889
272890
272891
272892
272893
272894
272895
272896
272897
272898
272899
272900
272901
272902
272903
272904
272905
272906
272907
272908
272909
272910
272911
272912
272913
272914
272915
272916
272917
272918
272919
272920
272921
272922
272923
272924
272925
272926
272927
272928
272929
272930
272931
272932
272933
272934
272935
272936
272937
272938
272939
272940
272941
272942
272943
272944
272945
272946
272947
272948
272949
272950
272951
272952
272953
272954
272955
272956
272957
272958
272959
272960
272961
272962
272963
272964
272965
272966
272967
272968
272969
272970
272971
272972
272973
272974
272975
272976
272977
272978
272979
272980
272981
272982
272983
272984
272985
272986
272987
272988
272989
272990
272991
272992
272993
272994
272995
272996
272997
272998
272999
273000
273001
273002
273003
273004
273005
273006
273007
273008
273009
273010
273011
273012
273013
273014
273015
273016
273017
273018
273019
273020
273021
273022
273023
273024
273025
273026
273027
273107
273108
273109
273112
273113
273114
273115
273116
273117
273118
273119
273120
273121
273122
273123
273124
273125
273126
273127
273128
273129
273130
273142
273143
273148
273149
273150
273151
273152
273153
273154
273155
273156
273157
273158
273159
273160
273161
273162
273163
273164
273165
273166
273168
273169
273170
273171
273172
273173
273174
273175
273176
273177
273178
273179
273180
273181
273182
273183
273184
273185
273186
273187
273188
273189
273190
273191
273192
273193
273194
273195
273196
273197
273198
273199
273200
273201
273202
273203
273204
273205
273206
273207
273208
273209
273210
273211
273212
273213
273214
273215
273216
273217
273218
273219
273220
273221
273222
273223
273224
273225
273226
273227
273228
273229
273230
273231
273232
273233
273234
273235
273236
273237
273238
273239
273240
273241
273242
273243
273244
273245
273246
273247
273248
273249
273250
273251
273252
273253
273254
273255
273256
273257
273258
273259
273260
273261
273262
273263
273264
273265
273266
273267
273268
273269
273270
273271
273272
273273
273274
273275
273276
273277
273278
273279
273280
273281
273282
273283
273284
273285
273286
273287
273288
273289
273290
273291
273292
273293
273294
273295
273296
273297
273298
273299
273300
273301
273302
273303
273304
273305
273306
273307
273308
273309
273310
273311
273312
273313
273314
273315
273316
273317
273318
273319
273320
273321
273322
273323
273324
273325
273326
273327
273328
273329
273330
273331
273332
273333
273334
273335
273336
273337
273338
273339
273340
273341
273342
273343
273344
273345
273346
273347
273348
273349
273350
273351
273352
273353
273354
273355
273356
273357
273360
273361
273362
273363
273364
273365
273366
273367
273368
273369
273370
273371
273372
273373
273374
273375
273376
273377
273378
273379
273380
273384
273385
273386
273387
273388
273389
273390
273391
273392
273393
273394
273395
273396
273397
273398
273399
273400
273401
273402
273403
273410
273411
273412
273413
273414
273415
273416
273417
273418
273419
273420
273421
273422
273423
273424
273425
273426
273437
273438
273439
273440
273441
273442
273443
273444
273445
273446
273447
273448
273449
273464
273465
273466
273467
273468
273469
273470
273471
273472
273491
273492
273493
273494
273624
273625
273626
273627
273628
273629
273630
273631
273632
273633
273634
273635
273636
273637
273638
273639
273640
273641
273642
273643
273644
273645
273646
273647
273648
273649
273650
273651
273652
273653
273654
273655
273656
273657
273658
273659
273660
273661
273662
273663
273664
273665
273666
273667
273668
273672
273723
275964
275983
275984
276002
276003
276004
276005
276021
276022
276023
276024
276025
276040
276041
276042
276043
276044
276045
276059
276060
276061
276062
276063
276064
276065
276066
276078
276079
276080
276081
276082
276083
276084
276085
276086
276173
276174
276177
276179
276180
276181
276182
276183
276184
276185
276186
276187
276188
276189
276190
276191
276192
276193
276194
276893
276912
276913
276931
276932
276933
276950
276951
276952
276953
277045
277049
277051
277052
277053
277054
277055
277056
277057
277058
277059
277060
277061
287535
287536
287537
287538
287539
287540
287541
287542
287543
287544
287559
287560
287561
287562
287563
287564
287565
287566
287567
287568
287569
287582
287583
287584
287585
287586
287587
287588
287589
287590
287591
287592
287593
287605
287606
287607
287608
287609
287610
287611
287612
287613
287614
287615
287616
287617
287628
287629
287630
287631
287632
287633
287634
287635
287636
287637
287638
287639
287640
287641
287651
287652
287653
287654
287655
287656
287657
287658
287659
287660
287661
287662
287663
287664
287665
287666
287674
287675
287676
287677
287678
287679
287680
287681
287682
287683
287684
287685
287686
287687
287688
287689
287690
287697
287698
287699
287700
287701
287702
287703
287704
287705
287706
287707
287708
287709
287710
287711
287712
287713
287714
287715
287720
287721
287722
287723
287724
287725
287726
287727
287728
287729
287730
287731
287732
287733
287734
287735
287736
287737
287738
287739
287740
287742
287743
287744
287745
287746
287747
287748
287749
287750
287751
287752
287753
287754
287755
287756
287757
287758
287759
287760
287761
287762
287763
287764
287766
287767
287768
287769
287770
287771
287772
287773
287774
287775
287776
287777
287778
287779
287780
287781
287782
287783
287784
287785
287786
287787
287788
287789
287790
287791
287792
287793
287794
287795
287796
287797
287798
287799
287800
287801
287802
287803
287804
287805
287806
287807
287808
287809
287810
287811
287812
287813
287814
287815
287816
287817
287818
287819
287820
287821
287822
287823
287824
287825
287826
287827
287828
287829
287830
287831
287832
287833
287834
287835
287836
287837
287838
287839
287840
287841
287842
287843
287844
287845
287846
287847
287848
287849
287850
287851
287852
287853
287854
287855
287856
287857
287858
287859
287860
287861
287862
287863
287864
287865
287866
287867
287868
287869
287870
287871
287872
287873
287874
287875
287876
287877
287878
287879
287880
287881
287882
287883
287884
287885
287886
287887
287888
287889
287890
287891
287892
287893
287894
287895
287896
287897
287898
287899
287900
287901
287902
287903
287904
287905
287906
287907
287908
287909
287910
287911
287912
287913
287914
287915
287916
287917
287918
287919
287920
287921
287922
287923
287924
287925
287926
287927
287928
287929
287930
287931
287932
287933
288004
288005
288006
288009
288010
288011
288012
288013
288014
288015
288016
288017
288018
288019
288020
288021
288022
288023
288024
288036
288037
288040
288041
288042
288043
288044
288045
288046
288047
288048
288049
288050
288051
288052
288053
288054
288055
288056
288057
288058
288059
288060
288061
288062
288063
288064
288065
288066
288067
288068
288069
288070
288071
288072
288073
288074
288075
288076
288077
288078
288079
288080
288081
288082
288083
288084
288085
288086
288087
288088
288089
288090
288091
288092
288093
288094
288095
288096
288097
288098
288099
288100
288101
288102
288103
288104
288105
288106
288107
288108
288109
288110
288111
288112
288113
288114
288115
288116
288117
288118
288119
288120
288121
288122
288123
288124
288125
288126
288127
288128
288129
288130
288131
288132
288133
288134
288135
288136
288137
288138
288139
288140
288141
288142
288143
288144
288145
288146
288147
288148
288149
288150
288151
288152
288153
288154
288155
288156
288157
288158
288159
288160
288161
288162
288163
288164
288165
288166
288167
288168
288169
288170
288171
288172
288173
288174
288175
288176
288177
288178
288179
288180
288181
288182
288183
288184
288185
288186
288187
288188
288189
288190
288191
288192
288193
288194
288195
288196
288197
288198
288199
288200
288201
288202
288203
288204
288205
288206
288207
288208
288209
288210
288211
288212
288213
288214
288215
288216
288217
288218
288219
288220
288221
288222
288223
288224
288225
288226
288227
288228
288229
288230
288231
288232
288233
288234
288235
288236
288237
288238
288239
288240
288241
288242
288243
288246
288247
288248
288249
288250
288251
288252
288253
288254
288255
288256
288257
288258
288259
288260
288261
288262
288263
288264
288265
288266
288270
288271
288272
288273
288274
288275
288276
288277
288278
288279
288280
288281
288282
288283
288284
288285
288286
288287
288288
288289
288297
288298
288299
288300
288301
288302
288303
288304
288305
288306
288307
288308
288309
288310
288311
288312
288324
288325
288326
288327
288328
288329
288330
288331
288332
288333
288334
288335
288351
288352
288353
288354
288355
288356
288357
288358
288378
288379
288380
288510
288511
288512
288513
288514
288515
288516
288517
288518
288519
288520
288521
288522
288523
288524
288525
288526
288527
288528
288529
288530
288531
288532
288533
288534
288535
288536
288537
288538
288539
288540
288541
288542
288543
288544
288545
288546
288547
288550
290809
290828
290829
290830
290847
290848
290849
290850
290866
290867
290868
290869
290870
290885
290886
290887
290888
290889
290890
290891
290904
290905
290906
290907
290908
290909
290910
290911
290986
290987
290988
290991
290992
290993
290994
290995
290996
290997
290998
290999
291000
291001
291002
291003
291678
291697
291698
291716
291717
291718
291735
291736
291737
291738
291754
291755
291756
291757
291758
291841
291842
291843
291844
291845
291846
291847
291848
291849
291853
)


// ************************************************************************* //
