/*--------------------------------*- C++ -*----------------------------------*\
  =========                 |
  \\      /  F ield         | OpenFOAM: The Open Source CFD Toolbox
   \\    /   O peration     | Website:  https://openfoam.org
    \\  /    A nd           | Version:  8
     \\/     M anipulation  |
\*---------------------------------------------------------------------------*/
/*   Windows 32 and 64 bit porting by blueCAPE: http://www.bluecape.com.pt   *\
|  Based on Windows porting (2.0.x v4) by Symscape: http://www.symscape.com   |
\*---------------------------------------------------------------------------*/
FoamFile
{
    version     2.0;
    format      ascii;
    class       labelList;
    location    "constant/tower/polyMesh";
    object      pointProcAddressing;
}
// * * * * * * * * * * * * * * * * * * * * * * * * * * * * * * * * * * * * * //


8811
(
9996
10021
10046
10071
10096
10121
10903
10904
10913
10914
10915
10916
10917
10918
11924
11925
11926
11927
11928
11929
11930
11946
11948
11949
11950
11951
11952
11953
11954
11955
11956
11957
11971
11972
11973
11974
11975
11976
11977
11978
11979
11980
11981
11982
11983
11996
11997
11998
11999
12000
12001
12002
12003
12004
12005
12006
12007
12008
12021
12022
12023
12024
12025
12026
12027
12028
12029
12030
12031
12032
12033
12046
12047
12048
12049
12050
12051
12052
12053
12054
12055
12056
12057
12058
12071
12072
12073
12074
12075
12076
12077
12078
12079
12080
12081
12082
12083
12096
12097
12098
12099
12100
12101
12102
12103
12104
12105
12106
12107
12108
12121
12122
12123
12124
12125
12126
12127
12128
12129
12130
12131
12132
12133
12146
12147
12148
12149
12150
12151
12152
12153
12154
12155
12156
12157
12158
12171
12172
12173
12174
12175
12176
12177
12178
12179
12180
12181
12182
12183
12196
12197
12198
12199
12200
12201
12202
12203
12204
12205
12206
12207
12208
12221
12222
12223
12224
12225
12226
12227
12228
12229
12230
12231
12232
12233
12246
12247
12248
12249
12250
12251
12252
12253
12254
12255
12256
12257
12258
12271
12272
12273
12274
12275
12276
12277
12278
12279
12280
12281
12282
12283
12296
12297
12298
12299
12300
12301
12302
12303
12304
12305
12306
12307
12308
12321
12322
12323
12324
12325
12326
12327
12328
12329
12330
12331
12332
12333
12346
12347
12348
12349
12350
12351
12352
12353
12354
12355
12356
12357
12358
12371
12372
12373
12374
12375
12376
12377
12378
12379
12380
12381
12382
12383
12396
12397
12398
12399
12400
12401
12402
12403
12404
12405
12406
12407
12408
12421
12422
12423
12424
12425
12426
12427
12428
12429
12430
12431
12432
12433
12446
12447
12448
12449
12450
12451
12452
12453
12454
12455
12456
12457
12458
12471
12472
12473
12474
12475
12476
12477
12478
12479
12480
12481
12482
12483
12496
12497
12498
12499
12500
12501
12502
12503
12504
12505
12506
12507
12508
12521
12522
12523
12524
12525
12526
12527
12528
12529
12530
12531
12532
12533
12546
12547
12548
12549
12550
12551
12552
12553
12554
12555
12556
12557
12558
12571
12572
12573
12574
12575
12576
12577
12578
12579
12580
12581
12582
12583
12611
12612
12613
12614
12615
12616
12638
12639
12640
12641
12642
12643
12644
12645
12646
12647
12648
12649
12650
12651
12652
12653
12654
12655
12656
12657
12658
12659
12660
12661
12662
12663
12664
12665
12666
12667
12668
12669
12670
12671
12704
12705
12706
12707
12708
12709
12710
12711
12712
12713
12714
12715
12716
12717
12718
12719
12720
12721
12722
12723
12724
12753
12754
12755
12756
12757
12758
12759
12778
12779
12780
12804
12829
13203
13204
13205
13206
13207
13208
13244
13245
13246
13247
13248
13249
13250
13251
13252
13253
13254
13255
13256
13257
13258
13259
13260
13261
13262
13263
13264
13265
13266
13267
13268
13269
13270
13271
13272
13273
13274
13275
13276
13277
13278
13279
13280
13281
13282
13283
13284
13285
13286
13287
13288
13289
13290
13291
13292
13293
13294
13295
13296
13297
13298
13299
13300
13301
13302
13303
13304
13305
13306
13307
13308
13309
13310
13311
13312
13313
13314
13315
13316
13317
13318
13319
13320
13321
13322
13323
13324
13325
13326
13327
13328
13329
13330
13331
13332
13333
13334
13335
13336
13337
13338
13339
13340
13341
13342
13343
13344
13345
13346
13347
13348
13349
13350
13351
13352
13353
13354
13355
13356
13357
13358
13359
13360
13361
13362
13363
13364
13365
13366
13367
13368
13369
13370
13371
13372
13373
13374
13375
13376
13377
13378
13379
13380
13381
13382
13383
13384
13385
13386
13387
13388
13389
13390
13391
13392
13393
13394
13395
13396
13397
13398
13399
13400
13401
13402
13403
13404
13405
13406
13407
13408
13409
13410
13411
13412
13413
13414
13415
13416
13417
13418
13419
13420
13421
13422
13423
13424
13425
13426
13427
13428
13429
13430
13431
13432
13433
13434
13435
13436
13437
13438
13439
13440
13441
13442
13443
13445
13446
13447
13448
13449
13450
13451
13452
13453
13454
13455
13456
13457
13458
13459
13460
13461
13462
13465
13466
13467
13468
13469
13470
13471
13472
13473
13474
13475
13476
13477
13478
13479
13480
13481
13482
13486
13487
13488
13489
13490
13491
13492
13493
13494
13495
13496
13497
13498
13499
13500
13501
13502
13507
13508
13509
13510
13511
13512
13513
13514
13515
13516
13517
13518
13519
13520
13521
13522
13528
13529
13530
13531
13532
13533
13534
13535
13536
13537
13538
13539
13540
13541
13542
13549
13550
13551
13552
13553
13554
13555
13556
13557
13558
13559
13560
13561
13562
13570
13571
13572
13573
13574
13575
13576
13577
13578
13579
13580
13581
13582
13591
13592
13593
13594
13595
13596
13597
13598
13599
13600
13601
13602
13613
13614
13615
13616
13617
13618
13619
13620
13621
13622
13635
13636
13637
13638
13639
13640
13641
13642
13656
13657
13658
13659
13660
13661
13662
13677
13678
13679
13680
13681
13682
13699
13700
13701
13702
13720
13721
13722
13741
13742
13762
14043
24840
24865
24890
24915
24940
24965
25747
25748
25757
25758
25759
25760
25761
25762
26768
26769
26770
26771
26772
26773
26774
26790
26792
26793
26794
26795
26796
26797
26798
26799
26800
26801
26815
26816
26817
26818
26819
26820
26821
26822
26823
26824
26825
26826
26827
26840
26841
26842
26843
26844
26845
26846
26847
26848
26849
26850
26851
26852
26865
26866
26867
26868
26869
26870
26871
26872
26873
26874
26875
26876
26877
26890
26891
26892
26893
26894
26895
26896
26897
26898
26899
26900
26901
26902
26915
26916
26917
26918
26919
26920
26921
26922
26923
26924
26925
26926
26927
26940
26941
26942
26943
26944
26945
26946
26947
26948
26949
26950
26951
26952
26965
26966
26967
26968
26969
26970
26971
26972
26973
26974
26975
26976
26977
26990
26991
26992
26993
26994
26995
26996
26997
26998
26999
27000
27001
27002
27015
27016
27017
27018
27019
27020
27021
27022
27023
27024
27025
27026
27027
27040
27041
27042
27043
27044
27045
27046
27047
27048
27049
27050
27051
27052
27065
27066
27067
27068
27069
27070
27071
27072
27073
27074
27075
27076
27077
27090
27091
27092
27093
27094
27095
27096
27097
27098
27099
27100
27101
27102
27115
27116
27117
27118
27119
27120
27121
27122
27123
27124
27125
27126
27127
27140
27141
27142
27143
27144
27145
27146
27147
27148
27149
27150
27151
27152
27165
27166
27167
27168
27169
27170
27171
27172
27173
27174
27175
27176
27177
27190
27191
27192
27193
27194
27195
27196
27197
27198
27199
27200
27201
27202
27215
27216
27217
27218
27219
27220
27221
27222
27223
27224
27225
27226
27227
27240
27241
27242
27243
27244
27245
27246
27247
27248
27249
27250
27251
27252
27265
27266
27267
27268
27269
27270
27271
27272
27273
27274
27275
27276
27277
27290
27291
27292
27293
27294
27295
27296
27297
27298
27299
27300
27301
27302
27315
27316
27317
27318
27319
27320
27321
27322
27323
27324
27325
27326
27327
27340
27341
27342
27343
27344
27345
27346
27347
27348
27349
27350
27351
27352
27365
27366
27367
27368
27369
27370
27371
27372
27373
27374
27375
27376
27377
27390
27391
27392
27393
27394
27395
27396
27397
27398
27399
27400
27401
27402
27415
27416
27417
27418
27419
27420
27421
27422
27423
27424
27425
27426
27427
27455
27456
27457
27458
27459
27460
27482
27483
27484
27485
27486
27487
27488
27489
27490
27491
27492
27493
27494
27495
27496
27497
27498
27499
27500
27501
27502
27503
27504
27505
27506
27507
27508
27509
27510
27511
27512
27513
27514
27515
27548
27549
27550
27551
27552
27553
27554
27555
27556
27557
27558
27559
27560
27561
27562
27563
27564
27565
27566
27567
27568
27597
27598
27599
27600
27601
27602
27603
27622
27623
27624
27648
27673
28047
28048
28049
28050
28051
28052
28088
28089
28090
28091
28092
28093
28094
28095
28096
28097
28098
28099
28100
28101
28102
28103
28104
28105
28106
28107
28108
28109
28110
28111
28112
28113
28114
28115
28116
28117
28118
28119
28120
28121
28122
28123
28124
28125
28126
28127
28128
28129
28130
28131
28132
28133
28134
28135
28136
28137
28138
28139
28140
28141
28142
28143
28144
28145
28146
28147
28148
28149
28150
28151
28152
28153
28154
28155
28156
28157
28158
28159
28160
28161
28162
28163
28164
28165
28166
28167
28168
28169
28170
28171
28172
28173
28174
28175
28176
28177
28178
28179
28180
28181
28182
28183
28184
28185
28186
28187
28188
28189
28190
28191
28192
28193
28194
28195
28196
28197
28198
28199
28200
28201
28202
28203
28204
28205
28206
28207
28208
28209
28210
28211
28212
28213
28214
28215
28216
28217
28218
28219
28220
28221
28222
28223
28224
28225
28226
28227
28228
28229
28230
28231
28232
28233
28234
28235
28236
28237
28238
28239
28240
28241
28242
28243
28244
28245
28246
28247
28248
28249
28250
28251
28252
28253
28254
28255
28256
28257
28258
28259
28260
28261
28262
28263
28264
28265
28266
28267
28268
28269
28270
28271
28272
28273
28274
28275
28276
28277
28278
28279
28280
28281
28282
28283
28284
28285
28286
28287
28289
28290
28291
28292
28293
28294
28295
28296
28297
28298
28299
28300
28301
28302
28303
28304
28305
28306
28309
28310
28311
28312
28313
28314
28315
28316
28317
28318
28319
28320
28321
28322
28323
28324
28325
28326
28330
28331
28332
28333
28334
28335
28336
28337
28338
28339
28340
28341
28342
28343
28344
28345
28346
28351
28352
28353
28354
28355
28356
28357
28358
28359
28360
28361
28362
28363
28364
28365
28366
28372
28373
28374
28375
28376
28377
28378
28379
28380
28381
28382
28383
28384
28385
28386
28393
28394
28395
28396
28397
28398
28399
28400
28401
28402
28403
28404
28405
28406
28414
28415
28416
28417
28418
28419
28420
28421
28422
28423
28424
28425
28426
28435
28436
28437
28438
28439
28440
28441
28442
28443
28444
28445
28446
28457
28458
28459
28460
28461
28462
28463
28464
28465
28466
28479
28480
28481
28482
28483
28484
28485
28486
28500
28501
28502
28503
28504
28505
28506
28521
28522
28523
28524
28525
28526
28543
28544
28545
28546
28564
28565
28566
28585
28586
28606
28887
39684
39709
39734
39759
39784
39809
40591
40592
40601
40602
40603
40604
40605
40606
41612
41613
41614
41615
41616
41617
41618
41634
41636
41637
41638
41639
41640
41641
41642
41643
41644
41645
41659
41660
41661
41662
41663
41664
41665
41666
41667
41668
41669
41670
41671
41684
41685
41686
41687
41688
41689
41690
41691
41692
41693
41694
41695
41696
41709
41710
41711
41712
41713
41714
41715
41716
41717
41718
41719
41720
41721
41734
41735
41736
41737
41738
41739
41740
41741
41742
41743
41744
41745
41746
41759
41760
41761
41762
41763
41764
41765
41766
41767
41768
41769
41770
41771
41784
41785
41786
41787
41788
41789
41790
41791
41792
41793
41794
41795
41796
41809
41810
41811
41812
41813
41814
41815
41816
41817
41818
41819
41820
41821
41834
41835
41836
41837
41838
41839
41840
41841
41842
41843
41844
41845
41846
41859
41860
41861
41862
41863
41864
41865
41866
41867
41868
41869
41870
41871
41884
41885
41886
41887
41888
41889
41890
41891
41892
41893
41894
41895
41896
41909
41910
41911
41912
41913
41914
41915
41916
41917
41918
41919
41920
41921
41934
41935
41936
41937
41938
41939
41940
41941
41942
41943
41944
41945
41946
41959
41960
41961
41962
41963
41964
41965
41966
41967
41968
41969
41970
41971
41984
41985
41986
41987
41988
41989
41990
41991
41992
41993
41994
41995
41996
42009
42010
42011
42012
42013
42014
42015
42016
42017
42018
42019
42020
42021
42034
42035
42036
42037
42038
42039
42040
42041
42042
42043
42044
42045
42046
42059
42060
42061
42062
42063
42064
42065
42066
42067
42068
42069
42070
42071
42084
42085
42086
42087
42088
42089
42090
42091
42092
42093
42094
42095
42096
42109
42110
42111
42112
42113
42114
42115
42116
42117
42118
42119
42120
42121
42134
42135
42136
42137
42138
42139
42140
42141
42142
42143
42144
42145
42146
42159
42160
42161
42162
42163
42164
42165
42166
42167
42168
42169
42170
42171
42184
42185
42186
42187
42188
42189
42190
42191
42192
42193
42194
42195
42196
42209
42210
42211
42212
42213
42214
42215
42216
42217
42218
42219
42220
42221
42234
42235
42236
42237
42238
42239
42240
42241
42242
42243
42244
42245
42246
42259
42260
42261
42262
42263
42264
42265
42266
42267
42268
42269
42270
42271
42299
42300
42301
42302
42303
42304
42326
42327
42328
42329
42330
42331
42332
42333
42334
42335
42336
42337
42338
42339
42340
42341
42342
42343
42344
42345
42346
42347
42348
42349
42350
42351
42352
42353
42354
42355
42356
42357
42358
42359
42392
42393
42394
42395
42396
42397
42398
42399
42400
42401
42402
42403
42404
42405
42406
42407
42408
42409
42410
42411
42412
42441
42442
42443
42444
42445
42446
42447
42466
42467
42468
42492
42517
42891
42892
42893
42894
42895
42896
42932
42933
42934
42935
42936
42937
42938
42939
42940
42941
42942
42943
42944
42945
42946
42947
42948
42949
42950
42951
42952
42953
42954
42955
42956
42957
42958
42959
42960
42961
42962
42963
42964
42965
42966
42967
42968
42969
42970
42971
42972
42973
42974
42975
42976
42977
42978
42979
42980
42981
42982
42983
42984
42985
42986
42987
42988
42989
42990
42991
42992
42993
42994
42995
42996
42997
42998
42999
43000
43001
43002
43003
43004
43005
43006
43007
43008
43009
43010
43011
43012
43013
43014
43015
43016
43017
43018
43019
43020
43021
43022
43023
43024
43025
43026
43027
43028
43029
43030
43031
43032
43033
43034
43035
43036
43037
43038
43039
43040
43041
43042
43043
43044
43045
43046
43047
43048
43049
43050
43051
43052
43053
43054
43055
43056
43057
43058
43059
43060
43061
43062
43063
43064
43065
43066
43067
43068
43069
43070
43071
43072
43073
43074
43075
43076
43077
43078
43079
43080
43081
43082
43083
43084
43085
43086
43087
43088
43089
43090
43091
43092
43093
43094
43095
43096
43097
43098
43099
43100
43101
43102
43103
43104
43105
43106
43107
43108
43109
43110
43111
43112
43113
43114
43115
43116
43117
43118
43119
43120
43121
43122
43123
43124
43125
43126
43127
43128
43129
43130
43131
43133
43134
43135
43136
43137
43138
43139
43140
43141
43142
43143
43144
43145
43146
43147
43148
43149
43150
43153
43154
43155
43156
43157
43158
43159
43160
43161
43162
43163
43164
43165
43166
43167
43168
43169
43170
43174
43175
43176
43177
43178
43179
43180
43181
43182
43183
43184
43185
43186
43187
43188
43189
43190
43195
43196
43197
43198
43199
43200
43201
43202
43203
43204
43205
43206
43207
43208
43209
43210
43216
43217
43218
43219
43220
43221
43222
43223
43224
43225
43226
43227
43228
43229
43230
43237
43238
43239
43240
43241
43242
43243
43244
43245
43246
43247
43248
43249
43250
43258
43259
43260
43261
43262
43263
43264
43265
43266
43267
43268
43269
43270
43279
43280
43281
43282
43283
43284
43285
43286
43287
43288
43289
43290
43301
43302
43303
43304
43305
43306
43307
43308
43309
43310
43323
43324
43325
43326
43327
43328
43329
43330
43344
43345
43346
43347
43348
43349
43350
43365
43366
43367
43368
43369
43370
43387
43388
43389
43390
43408
43409
43410
43429
43430
43450
43731
54528
54553
54578
54603
54628
54653
55435
55436
55445
55446
55447
55448
55449
55450
56456
56457
56458
56459
56460
56461
56462
56478
56480
56481
56482
56483
56484
56485
56486
56487
56488
56489
56503
56504
56505
56506
56507
56508
56509
56510
56511
56512
56513
56514
56515
56528
56529
56530
56531
56532
56533
56534
56535
56536
56537
56538
56539
56540
56553
56554
56555
56556
56557
56558
56559
56560
56561
56562
56563
56564
56565
56578
56579
56580
56581
56582
56583
56584
56585
56586
56587
56588
56589
56590
56603
56604
56605
56606
56607
56608
56609
56610
56611
56612
56613
56614
56615
56628
56629
56630
56631
56632
56633
56634
56635
56636
56637
56638
56639
56640
56653
56654
56655
56656
56657
56658
56659
56660
56661
56662
56663
56664
56665
56678
56679
56680
56681
56682
56683
56684
56685
56686
56687
56688
56689
56690
56703
56704
56705
56706
56707
56708
56709
56710
56711
56712
56713
56714
56715
56728
56729
56730
56731
56732
56733
56734
56735
56736
56737
56738
56739
56740
56753
56754
56755
56756
56757
56758
56759
56760
56761
56762
56763
56764
56765
56778
56779
56780
56781
56782
56783
56784
56785
56786
56787
56788
56789
56790
56803
56804
56805
56806
56807
56808
56809
56810
56811
56812
56813
56814
56815
56828
56829
56830
56831
56832
56833
56834
56835
56836
56837
56838
56839
56840
56853
56854
56855
56856
56857
56858
56859
56860
56861
56862
56863
56864
56865
56878
56879
56880
56881
56882
56883
56884
56885
56886
56887
56888
56889
56890
56903
56904
56905
56906
56907
56908
56909
56910
56911
56912
56913
56914
56915
56928
56929
56930
56931
56932
56933
56934
56935
56936
56937
56938
56939
56940
56953
56954
56955
56956
56957
56958
56959
56960
56961
56962
56963
56964
56965
56978
56979
56980
56981
56982
56983
56984
56985
56986
56987
56988
56989
56990
57003
57004
57005
57006
57007
57008
57009
57010
57011
57012
57013
57014
57015
57028
57029
57030
57031
57032
57033
57034
57035
57036
57037
57038
57039
57040
57053
57054
57055
57056
57057
57058
57059
57060
57061
57062
57063
57064
57065
57078
57079
57080
57081
57082
57083
57084
57085
57086
57087
57088
57089
57090
57103
57104
57105
57106
57107
57108
57109
57110
57111
57112
57113
57114
57115
57143
57144
57145
57146
57147
57148
57170
57171
57172
57173
57174
57175
57176
57177
57178
57179
57180
57181
57182
57183
57184
57185
57186
57187
57188
57189
57190
57191
57192
57193
57194
57195
57196
57197
57198
57199
57200
57201
57202
57203
57236
57237
57238
57239
57240
57241
57242
57243
57244
57245
57246
57247
57248
57249
57250
57251
57252
57253
57254
57255
57256
57285
57286
57287
57288
57289
57290
57291
57310
57311
57312
57336
57361
57735
57736
57737
57738
57739
57740
57776
57777
57778
57779
57780
57781
57782
57783
57784
57785
57786
57787
57788
57789
57790
57791
57792
57793
57794
57795
57796
57797
57798
57799
57800
57801
57802
57803
57804
57805
57806
57807
57808
57809
57810
57811
57812
57813
57814
57815
57816
57817
57818
57819
57820
57821
57822
57823
57824
57825
57826
57827
57828
57829
57830
57831
57832
57833
57834
57835
57836
57837
57838
57839
57840
57841
57842
57843
57844
57845
57846
57847
57848
57849
57850
57851
57852
57853
57854
57855
57856
57857
57858
57859
57860
57861
57862
57863
57864
57865
57866
57867
57868
57869
57870
57871
57872
57873
57874
57875
57876
57877
57878
57879
57880
57881
57882
57883
57884
57885
57886
57887
57888
57889
57890
57891
57892
57893
57894
57895
57896
57897
57898
57899
57900
57901
57902
57903
57904
57905
57906
57907
57908
57909
57910
57911
57912
57913
57914
57915
57916
57917
57918
57919
57920
57921
57922
57923
57924
57925
57926
57927
57928
57929
57930
57931
57932
57933
57934
57935
57936
57937
57938
57939
57940
57941
57942
57943
57944
57945
57946
57947
57948
57949
57950
57951
57952
57953
57954
57955
57956
57957
57958
57959
57960
57961
57962
57963
57964
57965
57966
57967
57968
57969
57970
57971
57972
57973
57974
57975
57977
57978
57979
57980
57981
57982
57983
57984
57985
57986
57987
57988
57989
57990
57991
57992
57993
57994
57997
57998
57999
58000
58001
58002
58003
58004
58005
58006
58007
58008
58009
58010
58011
58012
58013
58014
58018
58019
58020
58021
58022
58023
58024
58025
58026
58027
58028
58029
58030
58031
58032
58033
58034
58039
58040
58041
58042
58043
58044
58045
58046
58047
58048
58049
58050
58051
58052
58053
58054
58060
58061
58062
58063
58064
58065
58066
58067
58068
58069
58070
58071
58072
58073
58074
58081
58082
58083
58084
58085
58086
58087
58088
58089
58090
58091
58092
58093
58094
58102
58103
58104
58105
58106
58107
58108
58109
58110
58111
58112
58113
58114
58123
58124
58125
58126
58127
58128
58129
58130
58131
58132
58133
58134
58145
58146
58147
58148
58149
58150
58151
58152
58153
58154
58167
58168
58169
58170
58171
58172
58173
58174
58188
58189
58190
58191
58192
58193
58194
58209
58210
58211
58212
58213
58214
58231
58232
58233
58234
58252
58253
58254
58273
58274
58294
58575
69372
69397
69422
69447
69472
69497
70279
70280
70289
70290
70291
70292
70293
70294
71300
71301
71302
71303
71304
71305
71306
71322
71324
71325
71326
71327
71328
71329
71330
71331
71332
71333
71347
71348
71349
71350
71351
71352
71353
71354
71355
71356
71357
71358
71359
71372
71373
71374
71375
71376
71377
71378
71379
71380
71381
71382
71383
71384
71397
71398
71399
71400
71401
71402
71403
71404
71405
71406
71407
71408
71409
71422
71423
71424
71425
71426
71427
71428
71429
71430
71431
71432
71433
71434
71447
71448
71449
71450
71451
71452
71453
71454
71455
71456
71457
71458
71459
71472
71473
71474
71475
71476
71477
71478
71479
71480
71481
71482
71483
71484
71497
71498
71499
71500
71501
71502
71503
71504
71505
71506
71507
71508
71509
71522
71523
71524
71525
71526
71527
71528
71529
71530
71531
71532
71533
71534
71547
71548
71549
71550
71551
71552
71553
71554
71555
71556
71557
71558
71559
71572
71573
71574
71575
71576
71577
71578
71579
71580
71581
71582
71583
71584
71597
71598
71599
71600
71601
71602
71603
71604
71605
71606
71607
71608
71609
71622
71623
71624
71625
71626
71627
71628
71629
71630
71631
71632
71633
71634
71647
71648
71649
71650
71651
71652
71653
71654
71655
71656
71657
71658
71659
71672
71673
71674
71675
71676
71677
71678
71679
71680
71681
71682
71683
71684
71697
71698
71699
71700
71701
71702
71703
71704
71705
71706
71707
71708
71709
71722
71723
71724
71725
71726
71727
71728
71729
71730
71731
71732
71733
71734
71747
71748
71749
71750
71751
71752
71753
71754
71755
71756
71757
71758
71759
71772
71773
71774
71775
71776
71777
71778
71779
71780
71781
71782
71783
71784
71797
71798
71799
71800
71801
71802
71803
71804
71805
71806
71807
71808
71809
71822
71823
71824
71825
71826
71827
71828
71829
71830
71831
71832
71833
71834
71847
71848
71849
71850
71851
71852
71853
71854
71855
71856
71857
71858
71859
71872
71873
71874
71875
71876
71877
71878
71879
71880
71881
71882
71883
71884
71897
71898
71899
71900
71901
71902
71903
71904
71905
71906
71907
71908
71909
71922
71923
71924
71925
71926
71927
71928
71929
71930
71931
71932
71933
71934
71947
71948
71949
71950
71951
71952
71953
71954
71955
71956
71957
71958
71959
71987
71988
71989
71990
71991
71992
72014
72015
72016
72017
72018
72019
72020
72021
72022
72023
72024
72025
72026
72027
72028
72029
72030
72031
72032
72033
72034
72035
72036
72037
72038
72039
72040
72041
72042
72043
72044
72045
72046
72047
72080
72081
72082
72083
72084
72085
72086
72087
72088
72089
72090
72091
72092
72093
72094
72095
72096
72097
72098
72099
72100
72129
72130
72131
72132
72133
72134
72135
72154
72155
72156
72180
72205
72579
72580
72581
72582
72583
72584
72620
72621
72622
72623
72624
72625
72626
72627
72628
72629
72630
72631
72632
72633
72634
72635
72636
72637
72638
72639
72640
72641
72642
72643
72644
72645
72646
72647
72648
72649
72650
72651
72652
72653
72654
72655
72656
72657
72658
72659
72660
72661
72662
72663
72664
72665
72666
72667
72668
72669
72670
72671
72672
72673
72674
72675
72676
72677
72678
72679
72680
72681
72682
72683
72684
72685
72686
72687
72688
72689
72690
72691
72692
72693
72694
72695
72696
72697
72698
72699
72700
72701
72702
72703
72704
72705
72706
72707
72708
72709
72710
72711
72712
72713
72714
72715
72716
72717
72718
72719
72720
72721
72722
72723
72724
72725
72726
72727
72728
72729
72730
72731
72732
72733
72734
72735
72736
72737
72738
72739
72740
72741
72742
72743
72744
72745
72746
72747
72748
72749
72750
72751
72752
72753
72754
72755
72756
72757
72758
72759
72760
72761
72762
72763
72764
72765
72766
72767
72768
72769
72770
72771
72772
72773
72774
72775
72776
72777
72778
72779
72780
72781
72782
72783
72784
72785
72786
72787
72788
72789
72790
72791
72792
72793
72794
72795
72796
72797
72798
72799
72800
72801
72802
72803
72804
72805
72806
72807
72808
72809
72810
72811
72812
72813
72814
72815
72816
72817
72818
72819
72821
72822
72823
72824
72825
72826
72827
72828
72829
72830
72831
72832
72833
72834
72835
72836
72837
72838
72841
72842
72843
72844
72845
72846
72847
72848
72849
72850
72851
72852
72853
72854
72855
72856
72857
72858
72862
72863
72864
72865
72866
72867
72868
72869
72870
72871
72872
72873
72874
72875
72876
72877
72878
72883
72884
72885
72886
72887
72888
72889
72890
72891
72892
72893
72894
72895
72896
72897
72898
72904
72905
72906
72907
72908
72909
72910
72911
72912
72913
72914
72915
72916
72917
72918
72925
72926
72927
72928
72929
72930
72931
72932
72933
72934
72935
72936
72937
72938
72946
72947
72948
72949
72950
72951
72952
72953
72954
72955
72956
72957
72958
72967
72968
72969
72970
72971
72972
72973
72974
72975
72976
72977
72978
72989
72990
72991
72992
72993
72994
72995
72996
72997
72998
73011
73012
73013
73014
73015
73016
73017
73018
73032
73033
73034
73035
73036
73037
73038
73053
73054
73055
73056
73057
73058
73075
73076
73077
73078
73096
73097
73098
73117
73118
73138
73419
84216
84241
84266
84291
84316
84341
85123
85124
85133
85134
85135
85136
85137
85138
86144
86145
86146
86147
86148
86149
86150
86166
86168
86169
86170
86171
86172
86173
86174
86175
86176
86177
86191
86192
86193
86194
86195
86196
86197
86198
86199
86200
86201
86202
86203
86216
86217
86218
86219
86220
86221
86222
86223
86224
86225
86226
86227
86228
86241
86242
86243
86244
86245
86246
86247
86248
86249
86250
86251
86252
86253
86266
86267
86268
86269
86270
86271
86272
86273
86274
86275
86276
86277
86278
86291
86292
86293
86294
86295
86296
86297
86298
86299
86300
86301
86302
86303
86316
86317
86318
86319
86320
86321
86322
86323
86324
86325
86326
86327
86328
86341
86342
86343
86344
86345
86346
86347
86348
86349
86350
86351
86352
86353
86366
86367
86368
86369
86370
86371
86372
86373
86374
86375
86376
86377
86378
86391
86392
86393
86394
86395
86396
86397
86398
86399
86400
86401
86402
86403
86416
86417
86418
86419
86420
86421
86422
86423
86424
86425
86426
86427
86428
86441
86442
86443
86444
86445
86446
86447
86448
86449
86450
86451
86452
86453
86466
86467
86468
86469
86470
86471
86472
86473
86474
86475
86476
86477
86478
86491
86492
86493
86494
86495
86496
86497
86498
86499
86500
86501
86502
86503
86516
86517
86518
86519
86520
86521
86522
86523
86524
86525
86526
86527
86528
86541
86542
86543
86544
86545
86546
86547
86548
86549
86550
86551
86552
86553
86566
86567
86568
86569
86570
86571
86572
86573
86574
86575
86576
86577
86578
86591
86592
86593
86594
86595
86596
86597
86598
86599
86600
86601
86602
86603
86616
86617
86618
86619
86620
86621
86622
86623
86624
86625
86626
86627
86628
86641
86642
86643
86644
86645
86646
86647
86648
86649
86650
86651
86652
86653
86666
86667
86668
86669
86670
86671
86672
86673
86674
86675
86676
86677
86678
86691
86692
86693
86694
86695
86696
86697
86698
86699
86700
86701
86702
86703
86716
86717
86718
86719
86720
86721
86722
86723
86724
86725
86726
86727
86728
86741
86742
86743
86744
86745
86746
86747
86748
86749
86750
86751
86752
86753
86766
86767
86768
86769
86770
86771
86772
86773
86774
86775
86776
86777
86778
86791
86792
86793
86794
86795
86796
86797
86798
86799
86800
86801
86802
86803
86831
86832
86833
86834
86835
86836
86858
86859
86860
86861
86862
86863
86864
86865
86866
86867
86868
86869
86870
86871
86872
86873
86874
86875
86876
86877
86878
86879
86880
86881
86882
86883
86884
86885
86886
86887
86888
86889
86890
86891
86924
86925
86926
86927
86928
86929
86930
86931
86932
86933
86934
86935
86936
86937
86938
86939
86940
86941
86942
86943
86944
86973
86974
86975
86976
86977
86978
86979
86998
86999
87000
87024
87049
87423
87424
87425
87426
87427
87428
87464
87465
87466
87467
87468
87469
87470
87471
87472
87473
87474
87475
87476
87477
87478
87479
87480
87481
87482
87483
87484
87485
87486
87487
87488
87489
87490
87491
87492
87493
87494
87495
87496
87497
87498
87499
87500
87501
87502
87503
87504
87505
87506
87507
87508
87509
87510
87511
87512
87513
87514
87515
87516
87517
87518
87519
87520
87521
87522
87523
87524
87525
87526
87527
87528
87529
87530
87531
87532
87533
87534
87535
87536
87537
87538
87539
87540
87541
87542
87543
87544
87545
87546
87547
87548
87549
87550
87551
87552
87553
87554
87555
87556
87557
87558
87559
87560
87561
87562
87563
87564
87565
87566
87567
87568
87569
87570
87571
87572
87573
87574
87575
87576
87577
87578
87579
87580
87581
87582
87583
87584
87585
87586
87587
87588
87589
87590
87591
87592
87593
87594
87595
87596
87597
87598
87599
87600
87601
87602
87603
87604
87605
87606
87607
87608
87609
87610
87611
87612
87613
87614
87615
87616
87617
87618
87619
87620
87621
87622
87623
87624
87625
87626
87627
87628
87629
87630
87631
87632
87633
87634
87635
87636
87637
87638
87639
87640
87641
87642
87643
87644
87645
87646
87647
87648
87649
87650
87651
87652
87653
87654
87655
87656
87657
87658
87659
87660
87661
87662
87663
87665
87666
87667
87668
87669
87670
87671
87672
87673
87674
87675
87676
87677
87678
87679
87680
87681
87682
87685
87686
87687
87688
87689
87690
87691
87692
87693
87694
87695
87696
87697
87698
87699
87700
87701
87702
87706
87707
87708
87709
87710
87711
87712
87713
87714
87715
87716
87717
87718
87719
87720
87721
87722
87727
87728
87729
87730
87731
87732
87733
87734
87735
87736
87737
87738
87739
87740
87741
87742
87748
87749
87750
87751
87752
87753
87754
87755
87756
87757
87758
87759
87760
87761
87762
87769
87770
87771
87772
87773
87774
87775
87776
87777
87778
87779
87780
87781
87782
87790
87791
87792
87793
87794
87795
87796
87797
87798
87799
87800
87801
87802
87811
87812
87813
87814
87815
87816
87817
87818
87819
87820
87821
87822
87833
87834
87835
87836
87837
87838
87839
87840
87841
87842
87855
87856
87857
87858
87859
87860
87861
87862
87876
87877
87878
87879
87880
87881
87882
87897
87898
87899
87900
87901
87902
87919
87920
87921
87922
87940
87941
87942
87961
87962
87982
88263
99060
99085
99110
99135
99160
99185
99967
99968
99977
99978
99979
99980
99981
99982
100988
100989
100990
100991
100992
100993
100994
101010
101012
101013
101014
101015
101016
101017
101018
101019
101020
101021
101035
101036
101037
101038
101039
101040
101041
101042
101043
101044
101045
101046
101047
101060
101061
101062
101063
101064
101065
101066
101067
101068
101069
101070
101071
101072
101085
101086
101087
101088
101089
101090
101091
101092
101093
101094
101095
101096
101097
101110
101111
101112
101113
101114
101115
101116
101117
101118
101119
101120
101121
101122
101135
101136
101137
101138
101139
101140
101141
101142
101143
101144
101145
101146
101147
101160
101161
101162
101163
101164
101165
101166
101167
101168
101169
101170
101171
101172
101185
101186
101187
101188
101189
101190
101191
101192
101193
101194
101195
101196
101197
101210
101211
101212
101213
101214
101215
101216
101217
101218
101219
101220
101221
101222
101235
101236
101237
101238
101239
101240
101241
101242
101243
101244
101245
101246
101247
101260
101261
101262
101263
101264
101265
101266
101267
101268
101269
101270
101271
101272
101285
101286
101287
101288
101289
101290
101291
101292
101293
101294
101295
101296
101297
101310
101311
101312
101313
101314
101315
101316
101317
101318
101319
101320
101321
101322
101335
101336
101337
101338
101339
101340
101341
101342
101343
101344
101345
101346
101347
101360
101361
101362
101363
101364
101365
101366
101367
101368
101369
101370
101371
101372
101385
101386
101387
101388
101389
101390
101391
101392
101393
101394
101395
101396
101397
101410
101411
101412
101413
101414
101415
101416
101417
101418
101419
101420
101421
101422
101435
101436
101437
101438
101439
101440
101441
101442
101443
101444
101445
101446
101447
101460
101461
101462
101463
101464
101465
101466
101467
101468
101469
101470
101471
101472
101485
101486
101487
101488
101489
101490
101491
101492
101493
101494
101495
101496
101497
101510
101511
101512
101513
101514
101515
101516
101517
101518
101519
101520
101521
101522
101535
101536
101537
101538
101539
101540
101541
101542
101543
101544
101545
101546
101547
101560
101561
101562
101563
101564
101565
101566
101567
101568
101569
101570
101571
101572
101585
101586
101587
101588
101589
101590
101591
101592
101593
101594
101595
101596
101597
101610
101611
101612
101613
101614
101615
101616
101617
101618
101619
101620
101621
101622
101635
101636
101637
101638
101639
101640
101641
101642
101643
101644
101645
101646
101647
101675
101676
101677
101678
101679
101680
101702
101703
101704
101705
101706
101707
101708
101709
101710
101711
101712
101713
101714
101715
101716
101717
101718
101719
101720
101721
101722
101723
101724
101725
101726
101727
101728
101729
101730
101731
101732
101733
101734
101735
101768
101769
101770
101771
101772
101773
101774
101775
101776
101777
101778
101779
101780
101781
101782
101783
101784
101785
101786
101787
101788
101817
101818
101819
101820
101821
101822
101823
101842
101843
101844
101868
101893
102267
102268
102269
102270
102271
102272
102308
102309
102310
102311
102312
102313
102314
102315
102316
102317
102318
102319
102320
102321
102322
102323
102324
102325
102326
102327
102328
102329
102330
102331
102332
102333
102334
102335
102336
102337
102338
102339
102340
102341
102342
102343
102344
102345
102346
102347
102348
102349
102350
102351
102352
102353
102354
102355
102356
102357
102358
102359
102360
102361
102362
102363
102364
102365
102366
102367
102368
102369
102370
102371
102372
102373
102374
102375
102376
102377
102378
102379
102380
102381
102382
102383
102384
102385
102386
102387
102388
102389
102390
102391
102392
102393
102394
102395
102396
102397
102398
102399
102400
102401
102402
102403
102404
102405
102406
102407
102408
102409
102410
102411
102412
102413
102414
102415
102416
102417
102418
102419
102420
102421
102422
102423
102424
102425
102426
102427
102428
102429
102430
102431
102432
102433
102434
102435
102436
102437
102438
102439
102440
102441
102442
102443
102444
102445
102446
102447
102448
102449
102450
102451
102452
102453
102454
102455
102456
102457
102458
102459
102460
102461
102462
102463
102464
102465
102466
102467
102468
102469
102470
102471
102472
102473
102474
102475
102476
102477
102478
102479
102480
102481
102482
102483
102484
102485
102486
102487
102488
102489
102490
102491
102492
102493
102494
102495
102496
102497
102498
102499
102500
102501
102502
102503
102504
102505
102506
102507
102509
102510
102511
102512
102513
102514
102515
102516
102517
102518
102519
102520
102521
102522
102523
102524
102525
102526
102529
102530
102531
102532
102533
102534
102535
102536
102537
102538
102539
102540
102541
102542
102543
102544
102545
102546
102550
102551
102552
102553
102554
102555
102556
102557
102558
102559
102560
102561
102562
102563
102564
102565
102566
102571
102572
102573
102574
102575
102576
102577
102578
102579
102580
102581
102582
102583
102584
102585
102586
102592
102593
102594
102595
102596
102597
102598
102599
102600
102601
102602
102603
102604
102605
102606
102613
102614
102615
102616
102617
102618
102619
102620
102621
102622
102623
102624
102625
102626
102634
102635
102636
102637
102638
102639
102640
102641
102642
102643
102644
102645
102646
102655
102656
102657
102658
102659
102660
102661
102662
102663
102664
102665
102666
102677
102678
102679
102680
102681
102682
102683
102684
102685
102686
102699
102700
102701
102702
102703
102704
102705
102706
102720
102721
102722
102723
102724
102725
102726
102741
102742
102743
102744
102745
102746
102763
102764
102765
102766
102784
102785
102786
102805
102806
102826
103107
113904
113929
113954
113979
114004
114029
114811
114812
114821
114822
114823
114824
114825
114826
115832
115833
115834
115835
115836
115837
115838
115854
115856
115857
115858
115859
115860
115861
115862
115863
115864
115865
115879
115880
115881
115882
115883
115884
115885
115886
115887
115888
115889
115890
115891
115904
115905
115906
115907
115908
115909
115910
115911
115912
115913
115914
115915
115916
115929
115930
115931
115932
115933
115934
115935
115936
115937
115938
115939
115940
115941
115954
115955
115956
115957
115958
115959
115960
115961
115962
115963
115964
115965
115966
115979
115980
115981
115982
115983
115984
115985
115986
115987
115988
115989
115990
115991
116004
116005
116006
116007
116008
116009
116010
116011
116012
116013
116014
116015
116016
116029
116030
116031
116032
116033
116034
116035
116036
116037
116038
116039
116040
116041
116054
116055
116056
116057
116058
116059
116060
116061
116062
116063
116064
116065
116066
116079
116080
116081
116082
116083
116084
116085
116086
116087
116088
116089
116090
116091
116104
116105
116106
116107
116108
116109
116110
116111
116112
116113
116114
116115
116116
116129
116130
116131
116132
116133
116134
116135
116136
116137
116138
116139
116140
116141
116154
116155
116156
116157
116158
116159
116160
116161
116162
116163
116164
116165
116166
116179
116180
116181
116182
116183
116184
116185
116186
116187
116188
116189
116190
116191
116204
116205
116206
116207
116208
116209
116210
116211
116212
116213
116214
116215
116216
116229
116230
116231
116232
116233
116234
116235
116236
116237
116238
116239
116240
116241
116254
116255
116256
116257
116258
116259
116260
116261
116262
116263
116264
116265
116266
116279
116280
116281
116282
116283
116284
116285
116286
116287
116288
116289
116290
116291
116304
116305
116306
116307
116308
116309
116310
116311
116312
116313
116314
116315
116316
116329
116330
116331
116332
116333
116334
116335
116336
116337
116338
116339
116340
116341
116354
116355
116356
116357
116358
116359
116360
116361
116362
116363
116364
116365
116366
116379
116380
116381
116382
116383
116384
116385
116386
116387
116388
116389
116390
116391
116404
116405
116406
116407
116408
116409
116410
116411
116412
116413
116414
116415
116416
116429
116430
116431
116432
116433
116434
116435
116436
116437
116438
116439
116440
116441
116454
116455
116456
116457
116458
116459
116460
116461
116462
116463
116464
116465
116466
116479
116480
116481
116482
116483
116484
116485
116486
116487
116488
116489
116490
116491
116519
116520
116521
116522
116523
116524
116546
116547
116548
116549
116550
116551
116552
116553
116554
116555
116556
116557
116558
116559
116560
116561
116562
116563
116564
116565
116566
116567
116568
116569
116570
116571
116572
116573
116574
116575
116576
116577
116578
116579
116612
116613
116614
116615
116616
116617
116618
116619
116620
116621
116622
116623
116624
116625
116626
116627
116628
116629
116630
116631
116632
116661
116662
116663
116664
116665
116666
116667
116686
116687
116688
116712
116737
117111
117112
117113
117114
117115
117116
117152
117153
117154
117155
117156
117157
117158
117159
117160
117161
117162
117163
117164
117165
117166
117167
117168
117169
117170
117171
117172
117173
117174
117175
117176
117177
117178
117179
117180
117181
117182
117183
117184
117185
117186
117187
117188
117189
117190
117191
117192
117193
117194
117195
117196
117197
117198
117199
117200
117201
117202
117203
117204
117205
117206
117207
117208
117209
117210
117211
117212
117213
117214
117215
117216
117217
117218
117219
117220
117221
117222
117223
117224
117225
117226
117227
117228
117229
117230
117231
117232
117233
117234
117235
117236
117237
117238
117239
117240
117241
117242
117243
117244
117245
117246
117247
117248
117249
117250
117251
117252
117253
117254
117255
117256
117257
117258
117259
117260
117261
117262
117263
117264
117265
117266
117267
117268
117269
117270
117271
117272
117273
117274
117275
117276
117277
117278
117279
117280
117281
117282
117283
117284
117285
117286
117287
117288
117289
117290
117291
117292
117293
117294
117295
117296
117297
117298
117299
117300
117301
117302
117303
117304
117305
117306
117307
117308
117309
117310
117311
117312
117313
117314
117315
117316
117317
117318
117319
117320
117321
117322
117323
117324
117325
117326
117327
117328
117329
117330
117331
117332
117333
117334
117335
117336
117337
117338
117339
117340
117341
117342
117343
117344
117345
117346
117347
117348
117349
117350
117351
117353
117354
117355
117356
117357
117358
117359
117360
117361
117362
117363
117364
117365
117366
117367
117368
117369
117370
117373
117374
117375
117376
117377
117378
117379
117380
117381
117382
117383
117384
117385
117386
117387
117388
117389
117390
117394
117395
117396
117397
117398
117399
117400
117401
117402
117403
117404
117405
117406
117407
117408
117409
117410
117415
117416
117417
117418
117419
117420
117421
117422
117423
117424
117425
117426
117427
117428
117429
117430
117436
117437
117438
117439
117440
117441
117442
117443
117444
117445
117446
117447
117448
117449
117450
117457
117458
117459
117460
117461
117462
117463
117464
117465
117466
117467
117468
117469
117470
117478
117479
117480
117481
117482
117483
117484
117485
117486
117487
117488
117489
117490
117499
117500
117501
117502
117503
117504
117505
117506
117507
117508
117509
117510
117521
117522
117523
117524
117525
117526
117527
117528
117529
117530
117543
117544
117545
117546
117547
117548
117549
117550
117564
117565
117566
117567
117568
117569
117570
117585
117586
117587
117588
117589
117590
117607
117608
117609
117610
117628
117629
117630
117649
117650
117670
117951
128748
128773
128798
128823
128848
128873
129655
129656
129665
129666
129667
129668
129669
129670
130676
130677
130678
130679
130680
130681
130682
130698
130700
130701
130702
130703
130704
130705
130706
130707
130708
130709
130723
130724
130725
130726
130727
130728
130729
130730
130731
130732
130733
130734
130735
130748
130749
130750
130751
130752
130753
130754
130755
130756
130757
130758
130759
130760
130773
130774
130775
130776
130777
130778
130779
130780
130781
130782
130783
130784
130785
130798
130799
130800
130801
130802
130803
130804
130805
130806
130807
130808
130809
130810
130823
130824
130825
130826
130827
130828
130829
130830
130831
130832
130833
130834
130835
130848
130849
130850
130851
130852
130853
130854
130855
130856
130857
130858
130859
130860
130873
130874
130875
130876
130877
130878
130879
130880
130881
130882
130883
130884
130885
130898
130899
130900
130901
130902
130903
130904
130905
130906
130907
130908
130909
130910
130923
130924
130925
130926
130927
130928
130929
130930
130931
130932
130933
130934
130935
130948
130949
130950
130951
130952
130953
130954
130955
130956
130957
130958
130959
130960
130973
130974
130975
130976
130977
130978
130979
130980
130981
130982
130983
130984
130985
130998
130999
131000
131001
131002
131003
131004
131005
131006
131007
131008
131009
131010
131023
131024
131025
131026
131027
131028
131029
131030
131031
131032
131033
131034
131035
131048
131049
131050
131051
131052
131053
131054
131055
131056
131057
131058
131059
131060
131073
131074
131075
131076
131077
131078
131079
131080
131081
131082
131083
131084
131085
131098
131099
131100
131101
131102
131103
131104
131105
131106
131107
131108
131109
131110
131123
131124
131125
131126
131127
131128
131129
131130
131131
131132
131133
131134
131135
131148
131149
131150
131151
131152
131153
131154
131155
131156
131157
131158
131159
131160
131173
131174
131175
131176
131177
131178
131179
131180
131181
131182
131183
131184
131185
131198
131199
131200
131201
131202
131203
131204
131205
131206
131207
131208
131209
131210
131223
131224
131225
131226
131227
131228
131229
131230
131231
131232
131233
131234
131235
131248
131249
131250
131251
131252
131253
131254
131255
131256
131257
131258
131259
131260
131273
131274
131275
131276
131277
131278
131279
131280
131281
131282
131283
131284
131285
131298
131299
131300
131301
131302
131303
131304
131305
131306
131307
131308
131309
131310
131323
131324
131325
131326
131327
131328
131329
131330
131331
131332
131333
131334
131335
131363
131364
131365
131366
131367
131368
131390
131391
131392
131393
131394
131395
131396
131397
131398
131399
131400
131401
131402
131403
131404
131405
131406
131407
131408
131409
131410
131411
131412
131413
131414
131415
131416
131417
131418
131419
131420
131421
131422
131423
131456
131457
131458
131459
131460
131461
131462
131463
131464
131465
131466
131467
131468
131469
131470
131471
131472
131473
131474
131475
131476
131505
131506
131507
131508
131509
131510
131511
131530
131531
131532
131556
131581
131955
131956
131957
131958
131959
131960
131996
131997
131998
131999
132000
132001
132002
132003
132004
132005
132006
132007
132008
132009
132010
132011
132012
132013
132014
132015
132016
132017
132018
132019
132020
132021
132022
132023
132024
132025
132026
132027
132028
132029
132030
132031
132032
132033
132034
132035
132036
132037
132038
132039
132040
132041
132042
132043
132044
132045
132046
132047
132048
132049
132050
132051
132052
132053
132054
132055
132056
132057
132058
132059
132060
132061
132062
132063
132064
132065
132066
132067
132068
132069
132070
132071
132072
132073
132074
132075
132076
132077
132078
132079
132080
132081
132082
132083
132084
132085
132086
132087
132088
132089
132090
132091
132092
132093
132094
132095
132096
132097
132098
132099
132100
132101
132102
132103
132104
132105
132106
132107
132108
132109
132110
132111
132112
132113
132114
132115
132116
132117
132118
132119
132120
132121
132122
132123
132124
132125
132126
132127
132128
132129
132130
132131
132132
132133
132134
132135
132136
132137
132138
132139
132140
132141
132142
132143
132144
132145
132146
132147
132148
132149
132150
132151
132152
132153
132154
132155
132156
132157
132158
132159
132160
132161
132162
132163
132164
132165
132166
132167
132168
132169
132170
132171
132172
132173
132174
132175
132176
132177
132178
132179
132180
132181
132182
132183
132184
132185
132186
132187
132188
132189
132190
132191
132192
132193
132194
132195
132197
132198
132199
132200
132201
132202
132203
132204
132205
132206
132207
132208
132209
132210
132211
132212
132213
132214
132217
132218
132219
132220
132221
132222
132223
132224
132225
132226
132227
132228
132229
132230
132231
132232
132233
132234
132238
132239
132240
132241
132242
132243
132244
132245
132246
132247
132248
132249
132250
132251
132252
132253
132254
132259
132260
132261
132262
132263
132264
132265
132266
132267
132268
132269
132270
132271
132272
132273
132274
132280
132281
132282
132283
132284
132285
132286
132287
132288
132289
132290
132291
132292
132293
132294
132301
132302
132303
132304
132305
132306
132307
132308
132309
132310
132311
132312
132313
132314
132322
132323
132324
132325
132326
132327
132328
132329
132330
132331
132332
132333
132334
132343
132344
132345
132346
132347
132348
132349
132350
132351
132352
132353
132354
132365
132366
132367
132368
132369
132370
132371
132372
132373
132374
132387
132388
132389
132390
132391
132392
132393
132394
132408
132409
132410
132411
132412
132413
132414
132429
132430
132431
132432
132433
132434
132451
132452
132453
132454
132472
132473
132474
132493
132494
132514
132795
143592
143617
143642
143667
143692
143717
144499
144500
144509
144510
144511
144512
144513
144514
145520
145521
145522
145523
145524
145525
145526
145542
145544
145545
145546
145547
145548
145549
145550
145551
145552
145553
145567
145568
145569
145570
145571
145572
145573
145574
145575
145576
145577
145578
145579
145592
145593
145594
145595
145596
145597
145598
145599
145600
145601
145602
145603
145604
145617
145618
145619
145620
145621
145622
145623
145624
145625
145626
145627
145628
145629
145642
145643
145644
145645
145646
145647
145648
145649
145650
145651
145652
145653
145654
145667
145668
145669
145670
145671
145672
145673
145674
145675
145676
145677
145678
145679
145692
145693
145694
145695
145696
145697
145698
145699
145700
145701
145702
145703
145704
145717
145718
145719
145720
145721
145722
145723
145724
145725
145726
145727
145728
145729
145742
145743
145744
145745
145746
145747
145748
145749
145750
145751
145752
145753
145754
145767
145768
145769
145770
145771
145772
145773
145774
145775
145776
145777
145778
145779
145792
145793
145794
145795
145796
145797
145798
145799
145800
145801
145802
145803
145804
145817
145818
145819
145820
145821
145822
145823
145824
145825
145826
145827
145828
145829
145842
145843
145844
145845
145846
145847
145848
145849
145850
145851
145852
145853
145854
145867
145868
145869
145870
145871
145872
145873
145874
145875
145876
145877
145878
145879
145892
145893
145894
145895
145896
145897
145898
145899
145900
145901
145902
145903
145904
145917
145918
145919
145920
145921
145922
145923
145924
145925
145926
145927
145928
145929
145942
145943
145944
145945
145946
145947
145948
145949
145950
145951
145952
145953
145954
145967
145968
145969
145970
145971
145972
145973
145974
145975
145976
145977
145978
145979
145992
145993
145994
145995
145996
145997
145998
145999
146000
146001
146002
146003
146004
146017
146018
146019
146020
146021
146022
146023
146024
146025
146026
146027
146028
146029
146042
146043
146044
146045
146046
146047
146048
146049
146050
146051
146052
146053
146054
146067
146068
146069
146070
146071
146072
146073
146074
146075
146076
146077
146078
146079
146092
146093
146094
146095
146096
146097
146098
146099
146100
146101
146102
146103
146104
146117
146118
146119
146120
146121
146122
146123
146124
146125
146126
146127
146128
146129
146142
146143
146144
146145
146146
146147
146148
146149
146150
146151
146152
146153
146154
146167
146168
146169
146170
146171
146172
146173
146174
146175
146176
146177
146178
146179
146207
146208
146209
146210
146211
146212
146234
146235
146236
146237
146238
146239
146240
146241
146242
146243
146244
146245
146246
146247
146248
146249
146250
146251
146252
146253
146254
146255
146256
146257
146258
146259
146260
146261
146262
146263
146264
146265
146266
146267
146300
146301
146302
146303
146304
146305
146306
146307
146308
146309
146310
146311
146312
146313
146314
146315
146316
146317
146318
146319
146320
146349
146350
146351
146352
146353
146354
146355
146374
146375
146376
146400
146425
146799
146800
146801
146802
146803
146804
146840
146841
146842
146843
146844
146845
146846
146847
146848
146849
146850
146851
146852
146853
146854
146855
146856
146857
146858
146859
146860
146861
146862
146863
146864
146865
146866
146867
146868
146869
146870
146871
146872
146873
146874
146875
146876
146877
146878
146879
146880
146881
146882
146883
146884
146885
146886
146887
146888
146889
146890
146891
146892
146893
146894
146895
146896
146897
146898
146899
146900
146901
146902
146903
146904
146905
146906
146907
146908
146909
146910
146911
146912
146913
146914
146915
146916
146917
146918
146919
146920
146921
146922
146923
146924
146925
146926
146927
146928
146929
146930
146931
146932
146933
146934
146935
146936
146937
146938
146939
146940
146941
146942
146943
146944
146945
146946
146947
146948
146949
146950
146951
146952
146953
146954
146955
146956
146957
146958
146959
146960
146961
146962
146963
146964
146965
146966
146967
146968
146969
146970
146971
146972
146973
146974
146975
146976
146977
146978
146979
146980
146981
146982
146983
146984
146985
146986
146987
146988
146989
146990
146991
146992
146993
146994
146995
146996
146997
146998
146999
147000
147001
147002
147003
147004
147005
147006
147007
147008
147009
147010
147011
147012
147013
147014
147015
147016
147017
147018
147019
147020
147021
147022
147023
147024
147025
147026
147027
147028
147029
147030
147031
147032
147033
147034
147035
147036
147037
147038
147039
147041
147042
147043
147044
147045
147046
147047
147048
147049
147050
147051
147052
147053
147054
147055
147056
147057
147058
147061
147062
147063
147064
147065
147066
147067
147068
147069
147070
147071
147072
147073
147074
147075
147076
147077
147078
147082
147083
147084
147085
147086
147087
147088
147089
147090
147091
147092
147093
147094
147095
147096
147097
147098
147103
147104
147105
147106
147107
147108
147109
147110
147111
147112
147113
147114
147115
147116
147117
147118
147124
147125
147126
147127
147128
147129
147130
147131
147132
147133
147134
147135
147136
147137
147138
147145
147146
147147
147148
147149
147150
147151
147152
147153
147154
147155
147156
147157
147158
147166
147167
147168
147169
147170
147171
147172
147173
147174
147175
147176
147177
147178
147187
147188
147189
147190
147191
147192
147193
147194
147195
147196
147197
147198
147209
147210
147211
147212
147213
147214
147215
147216
147217
147218
147231
147232
147233
147234
147235
147236
147237
147238
147252
147253
147254
147255
147256
147257
147258
147273
147274
147275
147276
147277
147278
147295
147296
147297
147298
147316
147317
147318
147337
147338
147358
147639
158436
158461
158486
158511
158536
158561
159343
159344
159353
159354
159355
159356
159357
159358
160364
160365
160366
160367
160368
160369
160370
160386
160388
160389
160390
160391
160392
160393
160394
160395
160396
160397
160411
160412
160413
160414
160415
160416
160417
160418
160419
160420
160421
160422
160423
160436
160437
160438
160439
160440
160441
160442
160443
160444
160445
160446
160447
160448
160461
160462
160463
160464
160465
160466
160467
160468
160469
160470
160471
160472
160473
160486
160487
160488
160489
160490
160491
160492
160493
160494
160495
160496
160497
160498
160511
160512
160513
160514
160515
160516
160517
160518
160519
160520
160521
160522
160523
160536
160537
160538
160539
160540
160541
160542
160543
160544
160545
160546
160547
160548
160561
160562
160563
160564
160565
160566
160567
160568
160569
160570
160571
160572
160573
160586
160587
160588
160589
160590
160591
160592
160593
160594
160595
160596
160597
160598
160611
160612
160613
160614
160615
160616
160617
160618
160619
160620
160621
160622
160623
160636
160637
160638
160639
160640
160641
160642
160643
160644
160645
160646
160647
160648
160661
160662
160663
160664
160665
160666
160667
160668
160669
160670
160671
160672
160673
160686
160687
160688
160689
160690
160691
160692
160693
160694
160695
160696
160697
160698
160711
160712
160713
160714
160715
160716
160717
160718
160719
160720
160721
160722
160723
160736
160737
160738
160739
160740
160741
160742
160743
160744
160745
160746
160747
160748
160761
160762
160763
160764
160765
160766
160767
160768
160769
160770
160771
160772
160773
160786
160787
160788
160789
160790
160791
160792
160793
160794
160795
160796
160797
160798
160811
160812
160813
160814
160815
160816
160817
160818
160819
160820
160821
160822
160823
160836
160837
160838
160839
160840
160841
160842
160843
160844
160845
160846
160847
160848
160861
160862
160863
160864
160865
160866
160867
160868
160869
160870
160871
160872
160873
160886
160887
160888
160889
160890
160891
160892
160893
160894
160895
160896
160897
160898
160911
160912
160913
160914
160915
160916
160917
160918
160919
160920
160921
160922
160923
160936
160937
160938
160939
160940
160941
160942
160943
160944
160945
160946
160947
160948
160961
160962
160963
160964
160965
160966
160967
160968
160969
160970
160971
160972
160973
160986
160987
160988
160989
160990
160991
160992
160993
160994
160995
160996
160997
160998
161011
161012
161013
161014
161015
161016
161017
161018
161019
161020
161021
161022
161023
161051
161052
161053
161054
161055
161056
161078
161079
161080
161081
161082
161083
161084
161085
161086
161087
161088
161089
161090
161091
161092
161093
161094
161095
161096
161097
161098
161099
161100
161101
161102
161103
161104
161105
161106
161107
161108
161109
161110
161111
161144
161145
161146
161147
161148
161149
161150
161151
161152
161153
161154
161155
161156
161157
161158
161159
161160
161161
161162
161163
161164
161193
161194
161195
161196
161197
161198
161199
161218
161219
161220
161244
161269
161643
161644
161645
161646
161647
161648
161684
161685
161686
161687
161688
161689
161690
161691
161692
161693
161694
161695
161696
161697
161698
161699
161700
161701
161702
161703
161704
161705
161706
161707
161708
161709
161710
161711
161712
161713
161714
161715
161716
161717
161718
161719
161720
161721
161722
161723
161724
161725
161726
161727
161728
161729
161730
161731
161732
161733
161734
161735
161736
161737
161738
161739
161740
161741
161742
161743
161744
161745
161746
161747
161748
161749
161750
161751
161752
161753
161754
161755
161756
161757
161758
161759
161760
161761
161762
161763
161764
161765
161766
161767
161768
161769
161770
161771
161772
161773
161774
161775
161776
161777
161778
161779
161780
161781
161782
161783
161784
161785
161786
161787
161788
161789
161790
161791
161792
161793
161794
161795
161796
161797
161798
161799
161800
161801
161802
161803
161804
161805
161806
161807
161808
161809
161810
161811
161812
161813
161814
161815
161816
161817
161818
161819
161820
161821
161822
161823
161824
161825
161826
161827
161828
161829
161830
161831
161832
161833
161834
161835
161836
161837
161838
161839
161840
161841
161842
161843
161844
161845
161846
161847
161848
161849
161850
161851
161852
161853
161854
161855
161856
161857
161858
161859
161860
161861
161862
161863
161864
161865
161866
161867
161868
161869
161870
161871
161872
161873
161874
161875
161876
161877
161878
161879
161880
161881
161882
161883
161885
161886
161887
161888
161889
161890
161891
161892
161893
161894
161895
161896
161897
161898
161899
161900
161901
161902
161905
161906
161907
161908
161909
161910
161911
161912
161913
161914
161915
161916
161917
161918
161919
161920
161921
161922
161926
161927
161928
161929
161930
161931
161932
161933
161934
161935
161936
161937
161938
161939
161940
161941
161942
161947
161948
161949
161950
161951
161952
161953
161954
161955
161956
161957
161958
161959
161960
161961
161962
161968
161969
161970
161971
161972
161973
161974
161975
161976
161977
161978
161979
161980
161981
161982
161989
161990
161991
161992
161993
161994
161995
161996
161997
161998
161999
162000
162001
162002
162010
162011
162012
162013
162014
162015
162016
162017
162018
162019
162020
162021
162022
162031
162032
162033
162034
162035
162036
162037
162038
162039
162040
162041
162042
162053
162054
162055
162056
162057
162058
162059
162060
162061
162062
162075
162076
162077
162078
162079
162080
162081
162082
162096
162097
162098
162099
162100
162101
162102
162117
162118
162119
162120
162121
162122
162139
162140
162141
162142
162160
162161
162162
162181
162182
162202
162483
)


// ************************************************************************* //
