/*--------------------------------*- C++ -*----------------------------------*\
  =========                 |
  \\      /  F ield         | OpenFOAM: The Open Source CFD Toolbox
   \\    /   O peration     | Website:  https://openfoam.org
    \\  /    A nd           | Version:  8
     \\/     M anipulation  |
\*---------------------------------------------------------------------------*/
/*   Windows 32 and 64 bit porting by blueCAPE: http://www.bluecape.com.pt   *\
|  Based on Windows porting (2.0.x v4) by Symscape: http://www.symscape.com   |
\*---------------------------------------------------------------------------*/
FoamFile
{
    version     2.0;
    format      ascii;
    class       labelList;
    location    "constant/air/polyMesh";
    object      cellProcAddressing;
}
// * * * * * * * * * * * * * * * * * * * * * * * * * * * * * * * * * * * * * //


6080
(
13
45
51
84
167
294
295
296
297
298
304
305
307
308
314
315
316
319
321
332
335
341
434
435
436
444
447
470
517
581
582
583
584
585
586
587
588
642
643
644
1027
1028
1029
1030
1031
1032
1035
1049
1050
1051
1053
1057
1077
1078
1079
1082
1086
1119
1120
1122
1124
1125
1127
1334
1335
1336
1355
1356
1357
1411
1460
1462
1563
1566
1568
1569
1584
1587
1589
1594
1596
1597
1700
2207
2208
2209
2210
2211
2212
2213
2214
2217
2218
2219
2220
2221
2222
2223
2224
2225
2226
2228
2230
2231
2255
2257
2259
2268
2269
2270
2271
2272
2273
2286
2287
2288
2652
2653
2656
2660
2661
2663
2713
2714
2715
2973
2974
2975
2976
2977
2978
2979
2980
2981
2982
2983
2984
2985
2986
2987
2988
2989
2990
2991
2992
2993
2994
3723
3724
3725
3726
3727
3728
3729
3730
3731
3732
3734
3735
3736
3737
3738
3765
3768
3769
3770
3771
3773
3774
3775
3776
3779
3780
3807
3808
3809
3810
3811
3812
3813
3814
3816
3818
3823
3824
3828
3830
3835
3836
3875
3879
3880
3884
3885
3888
3890
3894
3906
3909
3914
4571
4572
4573
4574
4575
4576
4577
4578
4579
4580
4581
4582
4583
4584
4765
4963
4965
4966
4968
4969
4970
4971
4972
4973
4974
4975
4976
4984
4985
4986
4987
4988
4989
4990
4991
4992
4993
4994
4995
4996
4997
5005
5006
5007
5008
5009
5010
5011
5012
5013
5014
5015
5016
5017
5018
5019
5020
5021
5040
5041
5042
5043
5044
5045
5046
5054
5055
5056
5057
5058
5059
5060
5222
5223
5226
5229
5230
5232
5266
5338
5465
5466
5467
5468
5469
5470
5471
5472
5473
5474
5475
5476
5477
5478
5479
5480
5481
5482
5483
5484
5485
5486
5487
5488
5489
5490
5491
5492
5493
5494
5495
5496
5497
5498
5499
5500
5501
5502
5503
5504
5505
5506
5507
5508
5546
5548
5550
6129
6130
6131
6132
6133
6134
6135
6136
6137
6138
6139
6140
6141
6142
6143
6144
6145
6146
6147
6148
6149
6150
6151
6152
6153
6154
6155
6156
6157
6159
6188
6189
6190
6191
6192
6193
6194
6195
6196
6197
6198
6199
6200
6201
6202
6203
6204
6205
6206
6207
6208
6209
6210
6211
6219
6224
6225
6226
6227
6228
6229
6230
6231
6232
6233
6234
6235
6236
6237
6238
6239
6240
6241
6242
6243
6244
6245
6246
6247
6248
6273
6274
6275
6276
6277
6278
6279
6280
6281
6282
6283
6284
6285
6286
6287
6288
6289
6290
6291
6292
6293
6294
6295
6296
6297
6298
6299
6300
6301
6302
6303
6304
6305
6306
6307
6308
6309
6310
6311
6312
6313
6314
6315
6316
6317
6318
6319
6320
6321
6322
6323
6324
6571
6573
6576
6870
6871
6873
6875
7280
7281
7282
7283
7284
7285
7286
7287
7288
7289
7290
7291
7292
7293
7294
7295
7296
7297
7298
7299
7300
7301
7302
7303
7304
7305
7306
7307
7308
7309
7310
7311
7312
7313
7329
7330
7331
7332
7333
7334
7336
7337
7338
7339
7340
7341
7342
7343
7344
7345
7346
7347
7348
7349
7350
7351
7352
7353
7354
7355
7356
7357
7358
7359
7360
7361
7362
7363
7364
7365
7366
7367
7368
7369
7370
7698
7699
7700
7701
7702
7703
7704
7705
7706
7707
7708
7709
7710
7711
7712
7713
7714
7715
7716
7717
7718
7719
7720
7721
7722
7723
7724
7725
7726
7727
7728
7729
7730
7731
7732
7733
7734
7735
7736
7737
7738
7739
7740
7741
7742
7743
7744
7745
7746
7747
7748
7749
7750
7751
7752
7753
7754
7755
8270
8271
8272
8273
8274
8275
8276
8277
8278
8279
8280
8281
8282
8283
8284
8285
8286
8287
8288
8289
8290
8291
8292
8293
8294
8295
8296
8297
8298
8299
8300
8301
8302
8303
8304
8305
8306
8307
8308
8309
8330
8331
8332
8333
8335
8337
8338
8339
8340
8341
8342
8343
8344
8345
8346
8347
8348
8349
8350
8351
8352
8353
8354
8355
8356
8357
8358
8359
8360
8361
8362
8363
8364
8365
8366
8367
8370
8372
8373
8375
8377
8378
8379
8380
8381
8382
8383
8384
8385
8386
8387
8388
8389
8390
8391
8392
8393
8394
8395
8408
8409
8410
8413
8415
8416
8420
8421
8422
8423
8424
8425
8426
8429
8431
8432
8436
8437
8438
8439
8440
8441
8442
8444
8447
8448
8449
8450
8451
8455
8456
8457
8458
8461
8463
8464
8468
8469
8470
8471
8666
8687
8688
8689
8690
8691
8692
8693
8696
8697
8698
8772
8775
8984
8985
8986
8987
8988
8989
8990
8992
8998
9003
9009
9044
9086
9087
9088
9089
9090
9091
9092
9093
9094
9095
9096
9097
9098
9099
9100
9101
9102
9103
9104
9105
9106
9168
9169
9170
9171
9172
9173
9174
9175
9176
9177
9178
9179
9192
9193
9194
9195
9196
9197
9198
9199
9200
9201
9202
9203
9219
9220
9222
9226
9228
9230
9255
9256
9258
9262
9263
9265
9405
9411
9415
9421
9425
9431
9436
9441
11047
11147
11148
11149
11150
11229
11230
11233
11909
11910
11911
11912
11913
11914
11915
11916
11917
11918
11919
11920
11921
11922
11923
11924
11925
11926
11927
11928
11929
11930
11931
11932
11933
11934
11935
11936
11951
11952
11953
11954
11955
11956
11957
12324
12325
12326
12327
12328
12329
12330
12331
12332
12333
12334
12335
12336
12337
12387
12388
12389
12390
12391
12392
12393
12940
12941
12942
12943
12944
12945
12946
12947
12948
12949
12950
12951
12952
12953
13200
13201
13203
13208
13209
13210
14762
14763
14764
14765
14766
14767
14768
14769
14770
14771
14772
14773
14774
14775
14783
14784
14785
14786
14787
14788
14789
14804
14805
14806
14807
14808
14809
14810
15622
15623
15625
15630
15631
15633
15688
15689
15692
15695
15696
15698
15703
15704
15706
15858
16016
16020
16021
16024
16027
16028
16387
16388
16389
16390
16391
16392
16393
16397
16398
16399
16400
16401
16402
16403
16404
16405
16406
16407
16408
16409
16410
16411
16412
16413
16414
16415
16416
16417
16418
16419
16420
16421
16457
16459
16461
16462
16464
16465
16466
16467
16468
16469
16470
16478
16479
16480
16481
16482
16483
16484
16878
16881
18608
18609
18610
18611
18612
18613
18614
18615
18616
18617
18618
18619
18620
18621
18622
18623
18624
18625
18626
18627
18628
18629
18630
18631
18632
18633
18634
18635
18636
18637
18638
18639
18640
18641
18642
18643
18644
18645
18646
18647
18648
18649
18650
18652
18653
18655
18656
18657
18658
18659
18660
18661
18662
18663
18664
18665
18666
18667
18668
18669
18670
18671
18672
18673
18674
18675
18676
18677
18678
18679
18680
18681
18682
18683
18684
18685
18686
18687
18688
18689
18690
18691
18692
18693
18694
18695
18696
18697
18698
18699
18700
18701
18702
18703
18704
18705
18706
18707
18708
18709
18710
18711
18713
18714
18715
18718
18719
18720
18721
18722
18723
18724
18725
18726
18728
18729
18732
18733
18734
18735
18736
18737
18738
18739
18740
18741
18742
18743
18744
18745
18746
18834
18835
18836
18837
18838
18841
18843
18845
18846
18847
18848
18849
18850
18851
18853
18855
18856
18857
18858
18894
18895
18896
18897
18898
18899
18900
18901
18902
18903
18904
18905
18906
18907
18908
18909
18910
18911
18912
18913
18914
20075
20077
20079
20080
20081
20082
20083
20084
20085
20086
20087
20088
20089
20090
20091
20092
20093
20095
20097
20098
20100
20101
20102
20103
20104
20105
20106
20110
20113
20117
20120
20121
20125
20128
20129
20130
20131
20132
20133
20134
20135
20136
20137
20138
20139
20140
20141
20142
20145
20146
20148
20149
20150
20151
20152
20153
20154
20155
21376
21377
21378
21379
21380
21381
21382
21383
21384
21385
21386
21387
21388
21389
21390
21391
21392
21393
21394
21395
21396
21397
21398
21399
21400
21401
21402
21403
21404
21405
21406
21407
23759
23760
23761
23762
23763
23764
23765
23766
23767
23768
23769
23770
23771
23772
23780
23781
23782
23783
23784
23785
23786
23787
23788
23789
23790
23791
23792
23793
23794
23795
23796
23797
23798
23799
23800
23801
23802
23803
23804
23805
23806
23807
23808
23809
23810
23811
23812
23813
23814
23981
23982
23983
23984
23985
23986
23987
23988
23989
26137
26138
26139
26140
26141
26142
26143
26144
26145
26146
26147
26148
26149
26150
26151
26152
26153
26154
26155
26156
26157
26158
26159
26160
26161
26162
26163
26164
27180
27181
27182
27183
27184
27185
27186
27187
27190
27191
27192
27194
27195
27196
27197
27198
27199
27200
27201
27202
27203
27204
27205
27206
27207
27208
27211
27212
27213
27215
27216
27217
27218
27219
27220
27221
27222
27223
27224
27225
27226
27227
27228
27236
27237
27238
27239
27240
27241
27242
27264
27265
27266
27267
27268
27269
27270
27271
27272
27273
27274
27275
27276
27277
27278
27279
27280
27281
27282
27283
27284
27285
27286
27287
27288
27289
27290
27291
27292
27293
27294
27295
27296
27297
27298
27395
27396
27397
27398
27399
27400
27401
27402
27403
27404
27405
27406
27407
27408
28277
28278
28279
28280
28281
28282
28283
28284
28285
28286
28287
28288
28289
28290
28291
28292
28293
28294
28295
28296
28297
28298
28299
28300
28301
28302
28303
28304
28305
28306
28307
28308
28309
28310
28311
28312
28313
28314
28315
28316
28317
28318
28319
28320
28321
28322
28323
28324
28325
28326
28327
28328
28329
28330
28331
29326
29327
29328
29329
29330
29331
29332
29333
29334
29335
29336
29337
29338
29339
29340
29341
29342
29343
29344
29345
29346
29347
29348
29349
29350
29351
29352
29353
29354
29355
29356
29357
29358
29359
29360
29361
29362
29363
29364
29365
29366
29367
29368
29369
29370
29371
29372
29373
29374
29375
29376
29377
29378
29379
29380
29381
29382
29383
29384
29385
29386
29387
29388
29389
29390
29391
29392
29393
29394
29395
29396
29397
29398
29399
29400
29401
29402
29403
29404
29405
29406
29407
29408
29409
29410
29411
29412
29413
29414
29415
29416
29417
29418
29419
29420
29421
29422
29423
29424
29425
29426
29427
29428
29429
29430
29431
29432
29433
29434
29435
29436
29437
29438
29439
29440
29441
29442
29443
29444
29445
29446
29447
29448
29449
29450
29451
29452
29453
29454
29455
29456
29457
29458
29459
29460
29461
29462
29463
29464
29465
29466
29467
29468
29469
29470
29471
29472
29473
29474
29475
29476
29477
29478
29485
29486
29487
29488
29489
29490
29491
29492
29493
29494
29495
29496
29497
29498
29499
29500
29501
29502
29503
29504
29505
29506
29507
29508
29509
29510
29511
29512
29513
29514
29515
29516
29517
29518
29519
29520
29521
29522
29523
29524
29525
29526
29527
29528
29529
29530
29531
29532
29533
29534
29535
29536
29537
29538
29539
29540
29541
29542
29543
29544
29545
29546
29547
29548
29549
29550
29551
29552
29553
29554
29555
29556
29557
29558
29559
29560
29561
29562
29563
29564
29565
29566
29567
29568
29569
29570
29571
29572
29573
29574
29575
29576
29577
29578
29579
29580
29581
29582
29583
29584
29585
29586
29587
29588
29589
29590
29591
29592
29593
29594
29595
29596
29597
29598
29599
29600
29601
29602
29603
29604
29605
29606
29607
29608
29609
29610
29611
29612
29613
29614
29615
29616
29617
29618
29619
29620
30096
30099
30101
31089
31090
31091
31092
31093
31094
31095
31096
31097
31098
31099
31100
31101
31102
31103
31104
31105
31106
31107
31108
31109
31110
31111
31112
31113
31114
31115
31116
31117
31118
31119
31120
31121
31122
31123
31124
31125
31126
31127
31128
31129
31130
31131
31132
31133
31134
31135
31136
31137
31138
31139
31140
31141
31142
31143
31144
31145
31146
31147
31148
31149
31150
31151
31152
31153
31154
31155
31156
31157
31158
31159
31160
31161
31162
31163
31164
31165
31166
31167
31168
31169
31170
31171
31172
31173
31174
31175
31176
31177
31178
31179
31180
31181
31182
31183
31184
31185
31186
31187
31188
31189
31190
31191
31192
31193
31194
31195
31196
31197
31198
31199
31200
31201
31202
31203
31204
31205
31206
31207
31208
31209
31210
31211
31212
31213
31214
31215
31216
31217
31218
31219
31220
31221
31222
31223
31224
31225
31226
31227
31228
31229
31230
31231
31232
31233
31234
31235
31236
31237
31238
31239
31240
31241
31242
31243
31244
31245
31246
31247
31248
31249
31250
31251
31252
31253
31254
31255
31256
31257
31258
31259
31260
31261
31262
31263
31264
31265
31266
31267
31268
31269
31270
31271
31272
31273
31274
31275
31276
31277
31278
31279
31280
31281
31282
31283
31284
31285
31286
31287
31288
31289
31290
31291
31292
31293
31294
31295
31296
31297
31298
31299
31300
31301
31302
31303
32288
32289
32290
32291
32292
32293
32294
32295
32296
32297
32298
32299
32300
32301
32386
32390
32393
32394
32395
32396
32397
32398
32399
32568
32569
32570
32571
32572
32573
32574
32575
32576
32577
32578
32579
32580
32581
32582
32583
32584
32585
32586
32587
32588
32589
32590
32591
32592
32593
32594
32595
32624
32625
32626
32627
32628
32629
32630
32631
32632
32633
32634
32635
32636
32637
32638
32639
32640
32641
32642
32643
32644
32645
32646
32647
32648
32649
32650
32651
34161
34162
34780
34781
34782
34783
34784
34785
34786
34787
34788
34789
34790
34791
34792
34793
35025
35026
35027
35028
35029
35030
35031
35973
35974
35975
35976
35977
35978
35979
36008
36009
36010
36011
36012
36013
36014
36453
36454
36456
36457
36458
36459
36460
36461
36462
36470
36471
36472
36473
36474
36475
36476
36729
36730
36731
36732
36733
36734
36735
36746
36747
36748
36749
36750
36751
36752
36753
36754
36755
36756
36760
36761
36762
36763
36764
36765
36766
36767
36768
36769
36770
36771
36772
36773
36774
36775
36776
36777
36810
36811
36813
36814
36815
36824
36825
36827
36828
36829
36830
36831
36832
36833
36842
36844
36846
37114
37115
37116
37117
37118
37119
37120
37818
37819
37820
37821
37822
37823
37824
37825
37826
37827
37828
37829
37830
37831
37832
37833
37834
37835
37836
37837
37838
37839
37840
37841
37842
37843
37844
37845
37846
37847
37848
37849
37850
37851
37852
37853
37854
37855
37856
37857
37858
37859
37860
37861
37862
37863
37864
37865
37866
37867
37868
37869
37870
37871
37872
37873
37874
37875
37876
37877
37878
37879
37880
37881
37882
37883
37884
37885
37886
37887
37888
37889
37890
37891
37892
37893
37894
37895
37896
37897
37898
37899
37900
37901
37902
37903
37904
37905
37906
37907
37908
37909
37910
37911
37912
37913
37914
37915
38461
38462
38463
38464
38465
38466
38467
38468
38469
38470
38471
38472
38473
38474
38475
38476
38477
38478
38479
38480
38481
38482
38483
38484
38485
38486
38487
38488
38594
38595
38596
38597
38598
38599
38600
40180
40181
40182
40183
40184
40185
40186
40187
40188
40189
40190
40191
40192
40193
40194
40195
40196
40197
40198
40199
40200
40201
40202
40203
40204
40205
40206
40207
40674
40675
40676
40677
40678
40679
40680
40681
40682
40683
40684
40685
40686
40687
40688
40689
40690
40691
40692
40693
40694
40695
40696
40697
40698
40699
40700
40701
40702
40703
40704
40705
40706
40707
40708
40709
40710
40711
40712
40713
40714
40715
40716
40717
40718
40719
40720
40721
40722
40723
40724
40725
40726
40727
40728
40729
40730
40731
40732
40733
40734
40735
40736
40737
40738
40739
40740
40741
40742
40743
40744
40745
40746
40747
40748
40749
40750
40758
40759
40760
40761
40762
40763
40764
40765
40766
40767
40768
40769
40770
40771
40772
40773
40774
40775
40776
40777
40778
40779
40780
40781
40782
40783
40784
40785
41011
41012
41013
41014
41015
41016
41017
41018
41019
41020
41021
41022
41023
41024
41025
41026
41027
41028
41029
41030
41031
41032
41033
41034
41035
41036
41037
41038
41701
41702
41703
41704
41705
41706
41707
41708
41709
41710
41711
41712
41713
41714
41715
41716
41717
41718
41719
41720
41721
41722
41723
41724
41725
41726
41727
41728
41736
41737
41738
41739
41740
41741
41742
41853
41854
41855
41856
41857
41858
41859
41860
41861
41862
41863
41864
41865
41866
41867
41868
41869
41870
41871
41872
41873
41874
41875
41876
41877
41878
41879
41880
41902
41903
41904
41905
41906
41907
41908
41909
41910
41911
41912
41913
41914
41915
41916
41917
41918
41919
41920
41921
41922
41923
41924
41925
41926
41927
41928
41929
42745
42746
42747
42748
42749
42750
42751
42752
42753
42754
42755
42756
42757
42758
42759
42760
42761
42762
42763
42764
42765
42766
42767
42768
42769
42770
42771
42772
43674
43675
43676
43677
43678
43679
43680
43681
43682
43683
43684
43685
43686
43687
44897
44898
44899
44900
44901
44902
44903
44904
44905
44906
44907
44908
44909
44910
44911
44912
44913
44914
44915
44916
44917
44918
44919
44920
44921
44922
44923
44924
44925
44926
44927
44928
44929
44930
44931
44932
44933
44934
44935
44936
44937
44938
44939
44940
44941
44942
44943
44944
44945
44946
44947
44948
44949
44950
44951
44952
44953
44954
44955
44956
44957
44958
44959
44960
44961
44962
44963
44964
44965
44966
44967
44968
44969
44970
44971
44972
44973
44974
44975
44976
44977
44978
44979
44980
44981
44982
44983
44984
44985
44986
44987
44988
44989
44990
44991
44992
44993
44994
45016
45017
45018
45019
45020
45021
45022
45023
45024
45025
45026
45027
45028
45029
45641
45642
45643
45644
45645
45646
45647
45648
45649
45650
45651
45652
45653
45654
45655
45656
45657
45658
45659
45660
45661
45662
45663
45664
45665
45666
45667
45668
45669
45670
45671
45672
45673
45674
45675
45676
45677
45678
45679
45680
45681
45682
45683
45684
45685
45686
45687
45688
45689
50598
50599
50600
50601
50602
50603
50604
50605
50607
50608
50610
50612
50613
50614
50615
50616
50617
50618
50619
50620
50621
50622
50623
50624
50625
50626
50627
50628
50629
50630
50631
50632
50634
50635
50636
50639
50640
50641
50642
50643
50644
50645
50646
50647
50648
50649
50650
50651
50652
50653
51683
51684
51685
51686
51687
51688
51689
51690
51691
51692
51693
51694
51695
51696
51697
51698
51699
51700
51701
51702
51703
51704
51705
51706
51707
51708
51709
51710
51711
51712
51713
51714
51715
51716
51717
51718
51719
51720
51721
51722
51723
51724
51746
51747
51748
51749
51750
51751
51752
51753
51754
51755
51756
51757
51758
51759
51760
51761
51762
51763
51764
51765
51766
51767
51768
51769
51770
51771
51772
51773
51774
51775
51776
51777
51778
51779
51780
51781
51782
51783
51784
51785
51786
51787
51788
51789
51790
51791
51792
51793
51794
51795
51796
51797
51798
51799
51800
51801
51802
51803
51804
51805
51806
51807
51808
51809
51810
51811
51812
51813
51814
51815
51816
51817
51818
51819
51820
51821
51822
51823
51824
51825
51826
51827
51828
51829
51830
51831
51832
51833
51834
51835
51836
51837
51838
51839
51840
51841
51842
51843
51844
51845
51846
51847
51848
51849
51850
51851
51852
51853
51854
51855
51856
51857
51858
51859
51860
51861
51862
51863
51864
51865
51866
51867
51868
51869
51870
51871
51872
51873
51874
51875
51876
51877
51878
51879
51880
51881
51882
51883
51884
51885
51886
51887
51888
51889
51890
51891
51892
51893
51894
51895
51896
51897
51898
51899
51914
51915
51916
51917
51918
51919
51920
51921
51922
51923
51924
51925
51926
51927
55477
55478
55479
55480
55481
55482
55483
55484
55485
55486
55487
55488
55489
55490
55491
55492
55493
55494
55495
55496
55497
55498
55499
55500
55501
55502
55503
55504
55505
55506
55507
55508
55509
55510
55511
55512
55513
55514
55515
55516
55517
55518
55519
55520
55521
55522
55523
55524
55525
55526
55527
55528
55529
55530
55531
55532
55533
55534
55535
55536
55537
55538
55539
55540
55541
55542
55543
55544
55545
55546
55547
55548
55549
55550
55551
55552
55553
55554
55555
55556
55557
55558
55559
55560
55561
55562
55563
55564
55565
55566
55567
55568
55569
55570
55571
55572
55573
55574
55575
55576
55577
55578
55579
55580
55581
55582
55583
55584
55585
55586
55587
55588
55589
55590
55591
55592
55593
55594
55595
55596
55597
55598
55599
55600
55601
55602
55603
55604
55605
55606
55607
55608
55609
55610
55611
55612
55613
55614
55615
55616
55617
55618
55619
55620
55621
55622
55623
55624
55625
55626
55627
55628
55629
55630
55631
55632
55633
55634
55635
55636
55637
55638
55639
55640
55641
55642
55643
55644
55645
55646
55647
55648
55649
55650
55651
55652
55653
55654
55655
55656
55657
55658
55659
55660
55661
55662
55663
55664
55665
55666
55667
55668
55669
55670
55671
55672
55673
55674
55675
55676
55677
55678
55679
55680
55681
55682
55683
55684
55685
55686
55687
55688
55689
55690
55691
55692
55693
55694
55695
55696
55697
55698
55699
55700
55701
55702
55703
55704
55705
55706
55707
55708
55709
55710
55711
55712
55713
55714
55715
55716
55717
55718
55719
55720
55721
55722
55723
55724
55725
55726
55727
55728
55729
55730
55731
55732
55733
55734
55735
55736
55737
55738
55739
55740
55741
55742
55743
55744
55745
55746
55747
55748
55749
55750
55751
55752
55753
55754
55755
55756
55757
55758
55759
55760
55761
55762
55763
55764
55765
55766
55767
55768
55769
55770
55771
55772
55773
55774
55775
55776
55777
55778
55779
55780
55781
55782
55783
55784
55785
55786
55787
55788
55789
55790
55791
55792
55793
55794
55795
55796
55797
55798
55799
55800
55801
55802
55803
55804
55805
55806
55807
55808
55809
55810
55811
55812
55813
55814
55815
55816
55817
55818
55819
55820
55821
55822
55823
55824
55825
55826
55827
55828
55829
55830
55831
55832
55833
55834
55835
55836
55837
55838
55839
55840
55841
55842
55843
55844
55845
55846
55847
55848
55849
55850
55851
55852
55853
55854
55855
55856
55857
55858
55859
55860
55861
55862
55863
55864
55865
55866
55867
55868
55869
55870
55871
55872
55873
55874
55875
55876
55877
55878
55879
55880
55881
55882
55883
55884
55885
55886
55887
55888
55889
55890
55891
55892
55893
55894
55895
55896
55897
55898
55899
55900
55901
55902
55903
55904
55905
55906
55907
55908
55909
55910
55911
55912
55913
55914
55915
55916
55917
55918
55919
55920
55921
55922
55923
55924
55925
55926
55927
55928
55929
55930
55931
55932
55933
55934
55935
55936
55937
55938
55939
55940
55941
55942
55943
55944
55945
55946
55947
55948
55949
55950
55951
55952
55953
55954
55955
55956
55957
55958
55959
55960
55961
55962
55963
55964
55965
55966
55967
55968
55969
55970
55971
55972
55973
55974
55975
55976
55977
55978
55979
55980
55981
55982
55983
55984
55985
55986
55987
55988
55989
55990
55991
55992
55993
55994
55995
55996
55997
55998
55999
56000
56001
56002
56003
56004
56005
56006
56007
56008
56009
56010
56011
56012
56013
56014
56015
56016
56017
56018
56019
56020
56021
56022
56023
56024
56025
56026
56027
56028
56029
56030
56031
56032
56033
56034
56035
56036
56037
56038
56039
56040
56041
56042
56043
56044
56045
56046
56047
56048
56049
56050
56065
56066
56067
56068
56069
56070
56071
56072
56073
56074
56075
56076
56077
56078
56079
56080
56081
56082
56083
56084
56085
56800
56801
56802
56803
56804
56805
56806
56807
56808
56809
56810
56811
56812
56813
56814
56815
56816
56817
56818
56819
56820
56821
56822
56823
56824
56825
56826
56827
56828
56829
56830
56831
56832
56833
56834
56835
56836
56837
56838
56839
56840
56841
56842
56843
56844
56845
56846
56847
56848
56849
56850
56851
56852
56853
56854
56855
56856
56857
56858
56859
56860
56861
56862
56863
56864
56865
56866
56867
56868
56869
56870
56871
56872
56873
56874
56875
56876
56877
56878
56879
56880
56881
56882
56883
56884
56885
56886
56887
56888
56889
56890
56891
56892
56893
56894
56895
56896
56897
56898
56899
56900
56901
56902
56903
56904
56905
56906
56907
56908
56909
56910
56911
56912
56913
56914
56915
56916
56917
56918
56919
56920
56921
56922
56923
56924
56925
56926
56927
56928
56929
56930
56931
56932
56933
56934
56935
56936
56937
56938
56939
56940
56941
56942
56943
56944
56945
56946
56947
56948
56949
56950
56951
56952
56953
56954
56955
56956
56957
56958
56959
56960
56961
56962
56963
56964
56965
56966
56967
56968
56969
56970
56971
56972
56973
56974
60846
60847
60848
60849
60850
60851
60852
60853
60854
60855
60856
60857
60858
60859
60860
60861
60862
60863
60864
60865
60866
60867
60868
60869
60870
60871
60872
60873
60874
60875
60876
60877
60878
60879
60880
60881
60882
60883
60884
60885
60886
60887
60888
60889
60890
60891
60892
60893
60894
60895
60896
60897
60898
60899
60900
60901
60902
60903
60904
60905
60906
60907
60908
60909
60910
60911
60912
60913
60914
60915
60916
60917
60918
60919
60920
60921
60922
60923
60924
60925
60926
60927
60928
60929
60930
60931
60932
60933
60934
60935
60936
60937
60938
60939
60940
60941
60942
60943
60944
60945
60946
60947
60948
60949
60950
60951
60952
60953
60954
60955
60956
60957
60958
60959
60960
60961
60962
60963
60964
60965
60966
60967
60968
60969
60970
60971
60972
60973
60974
60975
60976
60977
60978
60979
60980
60981
60982
60983
60984
60985
60986
60987
60988
60989
60990
60991
60992
60993
60994
60995
60996
60997
60998
60999
61000
61001
61002
61003
61004
61005
61006
61007
61008
61009
61010
61011
61012
61013
62981
62982
62983
62984
62985
62986
62987
63051
63052
63053
63054
63055
63056
63057
63058
63059
63060
63061
63062
63063
63064
63181
63324
63325
63326
63327
63328
63329
63330
63331
63332
63333
63334
63335
63336
63337
63366
63367
63370
63372
63387
63388
63389
63390
63391
63392
63393
66131
66132
66133
66134
66135
66136
66137
66140
66141
66145
66146
66147
66148
66149
66150
66151
66691
66692
66693
66694
66695
66696
66697
66698
66699
66700
66701
66702
66703
66704
66719
66720
66721
66722
66723
66724
66725
66726
66727
66728
66729
66730
66731
66732
66733
66734
66735
66736
66737
66738
66739
66740
66741
66742
66743
66744
66745
66746
66747
66748
66749
66750
66751
66752
66753
66754
66755
66756
66757
66758
66759
66760
66761
66762
66763
66764
66765
66766
66767
66768
66769
66770
66771
66772
66773
66774
66775
66776
66777
66778
66779
66780
66781
69323
69324
69325
69326
69327
69328
69329
69330
69331
69332
69333
69334
69335
69336
69351
69352
69353
69354
69355
69356
69357
69358
69359
69360
69361
69362
69363
69364
69925
69926
69927
69928
69929
69930
69931
69932
69933
69934
69935
69936
69937
69938
69939
69940
69941
69942
69943
69944
69945
69946
69947
69948
69949
69950
69951
69952
69953
69954
69955
69956
69957
69958
69959
69960
69961
69962
69963
69964
69965
69966
69981
69982
69983
69984
69985
69986
69987
69988
69989
69990
69991
69992
69993
69994
69995
69996
69997
69998
69999
70000
70001
70002
70003
70004
70005
70006
70007
70008
70009
70010
70011
70012
70013
70014
70015
70016
70017
70018
70019
70020
70021
70022
70023
70024
70025
70026
70027
70028
70029
70037
70038
70039
70040
70041
70042
70043
85514
85515
85516
85517
85518
85519
85520
85521
85522
85523
85524
85525
85526
85527
85528
85529
85530
85531
85532
85533
85534
85535
85536
85537
85538
85539
85540
85541
85542
85543
85544
85545
85546
85547
85548
85549
85550
85551
85552
85553
85554
85555
85556
85557
85558
85559
85560
85561
85562
85563
85564
85565
85566
85567
85568
85569
85570
85571
85572
85573
85574
85575
85576
85577
85578
85579
85580
85581
85582
85583
85584
85585
85586
85587
85588
85589
85590
85591
85592
85593
85594
85595
85596
85597
85598
85599
85600
85601
85602
85603
85604
85605
85606
85607
85608
85609
85610
85611
85612
85613
85614
85615
85616
85617
85618
89574
89575
89576
89577
89578
89579
89580
89581
89582
89583
89584
89585
89586
89587
89588
89589
89590
89591
89592
89593
89594
89595
89596
89597
89598
89599
89600
89601
89602
89603
89604
89605
89606
89607
89608
89609
89610
89611
89612
89613
89614
89615
89616
89617
89618
89619
89620
89621
89622
89623
89624
89625
89626
89627
89628
89629
89630
89631
89632
89633
89634
89635
89636
89637
89638
89639
89640
89641
89642
89643
89644
89645
89646
89647
89648
89649
89650
89651
89652
89653
89654
89655
89656
89657
89658
89659
89660
89661
89662
89663
89664
89721
89722
89723
89724
89725
89726
89727
89728
89729
89730
89731
89732
89733
89734
89735
89736
89737
89738
89739
89740
89741
89742
89743
89744
89745
89746
89747
89748
89749
89750
89751
89752
89753
89754
89755
89756
89757
89758
89759
89760
89761
89762
89763
89764
89765
89766
89767
89768
89769
89770
89771
89772
89773
89774
89775
89776
89777
89778
89779
89780
89781
89782
89783
89784
89785
89786
89787
89788
89789
89790
89791
89792
89793
89794
89795
89796
89797
89798
89799
89800
89801
89802
89803
89804
89805
89806
89807
89808
89809
89810
89811
89812
89813
89814
89815
89816
89817
89818
89819
89820
89821
89822
89823
89824
89825
89826
89827
89828
89829
89830
89831
89832
89833
89834
89835
89836
89837
89838
89839
89840
89841
89842
89843
89844
89845
89846
89847
89848
89849
89850
89851
89852
89853
89854
89855
89856
89857
89858
89859
89860
89861
89862
89863
89864
89865
89866
89867
89868
89869
89870
89871
89872
89873
89874
89875
89876
89877
89878
89879
89880
89881
89882
89883
89884
89885
89886
89887
89888
89889
89890
89891
89892
89893
89894
89895
89896
89897
89898
89899
89900
89901
89902
89903
89904
89905
89906
89907
89908
89909
89910
89911
89912
89913
89914
89915
89916
89917
89918
89919
89920
89921
89922
89923
89924
89925
89926
89927
89928
89929
89930
89931
89932
89933
89934
89935
89936
89937
89938
89939
89940
89941
89942
89943
89944
89945
89946
89947
89948
89949
89950
89951
89952
89953
89954
89955
89956
89957
89958
89959
89960
89961
89962
89963
89964
89965
89966
89967
89968
89969
89970
89971
89972
89973
89974
89975
89976
89977
89978
89979
89980
89981
89982
89983
89984
89985
89986
89987
89988
89989
89990
89991
89992
89993
89994
89995
89996
89997
89998
89999
90000
90001
90002
90003
90004
90005
90006
90007
90008
90009
90010
90011
90012
90013
90014
90015
90016
90017
90018
90019
90020
90021
90022
90023
90024
90025
90026
90027
90028
90029
90030
90031
90032
90033
90034
90035
90036
90037
90038
90039
90040
90041
90042
90043
90044
90045
90046
90047
90048
90049
90050
90051
90052
90053
90054
90055
90056
90057
90058
90059
90060
90061
90062
90063
90064
90065
90066
90067
90068
90069
90070
90071
90072
90073
90074
90075
90076
90077
90078
90079
90080
90081
90082
90083
90084
90085
90086
90087
90088
90089
90090
90091
90092
90093
90094
90095
90096
90097
90098
90099
90100
90101
90102
90103
90104
90105
90106
90107
90108
90109
90110
90111
90112
90113
90114
90115
90116
90117
90118
90119
90120
90121
90122
90123
90124
90125
90126
90127
90128
90129
90130
90131
90132
90133
90134
90135
90136
90137
90138
90139
90140
90141
90142
90143
90144
90145
90146
90147
90148
90149
90150
90151
90152
90153
90154
90155
90156
90157
90158
90159
90160
90161
90162
90163
90164
90165
90166
90167
90168
90169
90170
90171
90172
90173
90174
90175
90176
90177
90178
90179
90180
90181
90182
90183
90184
90185
90186
90187
90188
90189
90190
90191
90192
90193
90194
90195
90196
90197
90198
90199
90200
90201
90202
90203
90204
90205
90206
90207
90208
90209
90210
90211
90212
90213
90214
90215
90216
90217
90218
90219
90220
90221
90222
90223
90224
90225
90226
90227
90228
90229
90230
90231
90232
90233
90234
90235
90236
90237
90238
90239
90240
90241
90242
90243
90244
90245
90246
90247
90248
90249
90250
90251
90252
90253
90254
90255
90256
90257
90258
90259
90260
90261
90262
90263
90264
90265
90266
90267
90268
90269
90270
90271
90272
90273
90274
90275
90276
90277
90278
90279
90280
90281
90282
90283
90284
90285
90286
90287
90288
90289
90290
90291
90292
90293
90294
90302
90303
90304
90305
90306
90307
90308
96364
96365
96366
96367
96368
96369
96370
96371
96372
96373
96374
96375
96376
96377
96805
96807
96808
96811
96896
96897
96898
96899
96900
96901
96902
96903
96904
96905
96906
96907
96908
96909
96938
96939
96940
96941
96942
96943
96944
96945
96946
96947
96948
96949
96950
96951
96952
96953
96954
96955
96956
96957
96958
96959
96960
96961
96962
96963
96964
96965
97162
97163
97164
97165
97166
97167
97168
97407
97408
97409
97410
97411
97412
97413
97547
97548
97549
97550
97551
97552
97553
97568
97569
97570
97571
97572
97573
97574
98317
98318
98319
98320
98321
98322
98323
98324
98325
98326
98327
98328
98329
98330
99342
99343
99344
99345
99346
99347
99348
99349
99350
99351
99352
99723
99724
99725
99726
99727
99728
99729
99730
99753
99754
99757
99758
99759
99760
99761
99762
99763
99767
99768
99769
99778
99779
99780
99781
99782
99783
99784
99785
99786
99787
99788
99820
99821
99822
99826
99827
99828
99829
99830
99831
99835
99836
99837
99838
99839
99840
99844
99845
99846
99847
99848
99849
99853
99854
99857
99858
99859
100553
100554
100555
100556
100557
100558
100559
100560
100561
100574
100575
100576
100577
100578
100579
100742
100743
100744
100745
100746
100747
100748
100749
100750
100751
100752
100753
100754
100755
100756
100757
100758
100759
100760
100761
100762
100763
100764
100765
100766
100767
100768
100769
100770
100771
101289
101290
101291
101292
101293
101294
101295
101296
101297
101298
101299
101300
101301
101302
101303
101304
101305
101306
101307
101308
101309
101310
101311
101312
101355
101356
101357
101358
101359
101360
101361
101362
101363
101376
101377
101378
101388
101389
101390
101391
101392
101393
101394
101395
101396
101397
101398
101399
101400
101401
101402
101403
101404
101405
101406
101454
101455
101456
101457
101458
101459
101460
101461
101462
101463
101464
101465
101466
101467
101468
101469
101470
101471
101472
101473
101474
101475
101476
101477
101478
101479
101480
101481
101482
101483
101484
101485
101486
101487
101488
101489
101490
101491
101492
101493
102247
102248
102249
102250
102251
102252
102253
102254
102255
102256
102257
102258
102259
102260
102261
102262
102263
102264
102265
102266
102267
102268
102269
102270
102271
102272
102273
102274
102275
102276
102277
102278
102532
102533
102534
102535
102536
102537
102538
102539
102540
102725
102726
102727
102728
102729
102730
102731
102732
102733
102734
102735
102736
102737
102738
102739
102740
102759
102760
102761
102762
102764
102765
102766
102767
102768
102769
102770
102771
102772
102773
102774
102775
102776
102778
102779
102781
102782
102783
102784
102785
102786
102799
102800
102801
102802
102803
102805
102806
102808
102809
102810
102811
102812
102813
102814
102815
102816
102817
102819
102820
102822
102823
102824
102825
102826
102827
102828
102829
102830
102831
102833
102834
102835
102836
102837
102838
102839
102841
102842
102843
102844
102845
102847
102848
102850
102851
102852
102853
102854
102920
102921
102922
102923
102924
102925
102926
102927
102928
102929
102930
102931
103162
103164
103217
103218
103219
103220
103221
103222
103223
103224
103225
103226
103227
103228
103229
103230
103231
103232
103233
103234
103235
103236
103237
103238
103239
103240
103241
103242
103243
103244
103245
103246
103247
103248
103249
103250
103251
103252
103272
103273
103274
103275
103276
103277
103278
103279
103280
103281
103282
103283
103284
103285
103286
103287
103288
103289
103290
103311
103312
103313
103314
103315
103316
103317
103318
103319
103320
103321
103322
103323
103324
103325
103326
103327
103328
103329
103330
103379
103381
103383
103385
103387
103389
103391
103393
104625
104626
104627
104631
104632
104633
104793
104794
104795
104796
104797
104798
105177
106308
106309
106310
106311
106312
106313
106314
106315
106316
106523
106524
106525
106526
106527
106528
106529
106530
106531
106532
106533
106534
106535
106536
106537
106538
106539
106540
106541
106542
106543
106544
106545
106546
106547
106548
106549
106550
106551
106552
106553
106554
106555
106556
106557
106558
106559
106560
106561
106562
106563
106576
106577
106578
106579
106580
106581
106582
106583
106584
106585
106586
106587
106588
106589
106590
106591
106592
106593
106594
106595
106596
106597
106598
106599
106600
106601
106602
106603
106604
106605
106606
106607
106608
107213
107214
107215
107216
107217
107218
107219
107220
107221
107222
107223
107224
107225
107226
107227
107228
107229
107230
110229
110230
110231
110232
110233
110452
110453
110454
110455
110456
110457
110458
110459
110460
110465
110466
110467
110502
110503
110504
110505
110506
110507
110508
110509
110510
110511
110512
110513
110514
110515
110516
110517
110518
110519
110520
110521
110522
110523
110524
110525
110731
110732
110733
110734
110735
110736
110737
110738
110739
110740
110741
110742
110743
110744
110745
110746
110747
110748
110749
110750
110751
110752
110753
110754
110755
110756
110757
110758
110759
110760
110924
110925
110926
110927
110928
110929
110930
110931
110932
110933
110934
110935
110936
110937
110938
110939
110940
110941
110942
110943
110944
110945
110946
110947
111737
111738
111739
111740
111741
111742
111743
111744
111745
111746
111747
111748
111749
111750
111751
111752
111753
111754
111755
111756
111757
111758
111759
111760
111761
111762
111763
111764
111765
111766
111767
111768
111769
111770
111771
111772
111773
111774
111775
111776
111777
111778
111779
111780
111781
111782
111783
111784
111785
111786
111789
111790
111791
111792
111922
111926
111937
111940
111941
111942
111943
111944
111945
111946
111947
111948
111949
111950
111961
111962
111964
111966
111967
111968
112079
112080
112082
112084
112085
112086
112087
112088
112090
112092
112093
112094
112095
112096
112098
112099
112100
112102
112103
112104
112106
112108
112109
112110
113338
113339
113340
113341
113342
113343
113344
113345
113346
113347
113348
113349
113691
113692
113693
113694
113695
113696
113697
113698
113699
113700
113701
113702
114417
114418
114510
114511
114512
114513
114514
114515
114516
114517
114769
114770
114771
114772
114773
114774
116527
116528
116529
117433
117434
117435
117436
117437
117438
117439
117440
117441
117442
117443
117444
117445
117446
117447
117448
117449
117450
117451
117452
117453
117454
117455
117456
117457
117458
117459
117460
117461
117462
117463
117464
117465
117466
117467
117468
117469
117470
117471
117472
117473
117474
117475
117476
117477
117478
117479
117480
117481
117482
117483
117578
117579
117580
117581
117582
117583
117620
117621
117622
117623
117624
117625
117626
117627
117628
117629
117630
117631
117644
117645
117646
117647
117648
117649
117692
117693
117694
117695
117696
117697
117698
117699
117700
117701
117702
117703
117704
117705
117706
119033
119034
119035
119036
119037
119038
119039
119040
119041
119042
119043
119044
119045
119046
119047
119048
119049
119050
119051
119052
119053
119054
119055
119056
119057
119058
119059
119060
119061
119062
119063
119064
119065
119066
119067
119068
119069
119070
119071
119072
119073
119074
119075
119076
119077
119078
119079
119080
119081
119082
119083
119084
119085
119086
119087
119088
119089
119090
119091
119092
)


// ************************************************************************* //
