/*--------------------------------*- C++ -*----------------------------------*\
  =========                 |
  \\      /  F ield         | OpenFOAM: The Open Source CFD Toolbox
   \\    /   O peration     | Website:  https://openfoam.org
    \\  /    A nd           | Version:  8
     \\/     M anipulation  |
\*---------------------------------------------------------------------------*/
/*   Windows 32 and 64 bit porting by blueCAPE: http://www.bluecape.com.pt   *\
|  Based on Windows porting (2.0.x v4) by Symscape: http://www.symscape.com   |
\*---------------------------------------------------------------------------*/
FoamFile
{
    version     2.0;
    format      ascii;
    class       labelList;
    note        "nPoints: 3561 nCells: 2203 nFaces: 7741 nInternalFaces: 6377";
    location    "constant/vegetation/polyMesh";
    object      neighbour;
}
// * * * * * * * * * * * * * * * * * * * * * * * * * * * * * * * * * * * * * //


6377
(
1
2
32
33
2192
2193
2194
2195
3
177
2134
2135
2137
2139
2140
2142
2143
2146
3
37
38
1451
1452
1453
1454
61
1470
1471
1472
1474
2112
2114
2115
2118
6
12
41
7
13
180
1390
1391
1393
1584
1585
1586
1587
14
42
44
1458
1459
1460
1461
16
1390
1391
1392
15
18
47
48
19
184
185
186
11
16
556
557
560
13
194
196
557
560
561
746
747
750
751
14
1396
1397
1400
16
215
219
572
576
578
790
791
793
794
226
1640
1641
1644
1645
2162
2164
2165
2168
64
2109
2110
572
573
576
241
243
2183
2185
2187
2188
64
246
247
250
254
1701
1702
1704
1705
24
41
207
1407
1408
1409
30
106
107
26
31
82
1414
1415
1416
25
34
83
1420
1421
1424
43
88
263
264
265
45
89
270
271
272
36
94
118
119
120
29
39
95
277
278
279
48
102
235
1428
1429
1430
49
103
1434
1435
1438
106
107
108
134
135
138
36
173
2189
2190
2193
35
42
174
1444
1445
1446
1447
2140
2141
2142
35
37
143
144
145
146
45
175
1420
1424
1425
1441
1442
1445
1567
1568
1572
46
137
138
139
140
57
1448
1449
1452
40
151
152
153
154
40
47
58
295
296
297
298
2112
2113
2114
49
59
277
278
282
292
293
296
1476
1477
1479
147
148
149
150
43
1397
1408
1409
1411
1455
1459
1460
46
222
302
303
304
305
2162
2163
2164
223
1455
1456
1459
46
163
164
165
166
224
270
272
275
299
300
303
1646
1647
1649
157
158
159
160
246
1465
1466
1467
1468
247
1429
1430
1433
1463
1464
1465
1468
2109
248
1434
1438
1439
1462
1463
1466
52
106
108
134
257
53
135
167
168
54
136
168
169
259
141
170
171
142
171
172
1417
74
78
200
584
585
586
76
201
591
592
593
94
173
1469
1470
1473
246
2112
2113
2116
95
248
1476
1477
1478
96
242
249
605
606
607
63
177
243
2119
2122
2123
2125
98
178
244
2120
2121
2122
245
252
604
607
609
610
2115
2116
2117
2118
1483
1484
118
180
237
326
328
330
331
1389
1390
1393
1395
1673
1674
1675
122
238
327
328
329
69
75
97
337
1753
1754
1758
1759
1760
1761
1765
1766
70
76
341
1767
1768
1771
1773
100
203
611
612
204
1486
79
202
206
1488
1489
1490
80
212
1494
1495
81
205
213
1501
1502
1503
79
202
614
615
616
85
203
364
365
366
204
371
372
373
81
86
205
620
621
79
206
625
626
627
631
632
91
389
1840
1841
1844
1846
92
635
636
94
173
638
639
642
89
175
645
647
648
90
176
231
654
2018
2022
2023
2024
2025
2029
2030
2031
97
232
658
659
660
92
233
665
666
98
178
234
1508
1509
1510
207
223
412
413
416
224
670
671
673
211
225
427
1183
1184
1187
1188
1889
1890
1893
1894
212
431
432
433
213
676
677
210
214
227
680
681
682
441
445
1910
1912
1913
1915
103
686
687
689
99
104
454
1273
1274
1277
1279
1924
1925
1929
1930
100
460
1945
1946
1950
1951
1952
1953
1956
1958
101
692
693
694
236
242
1514
1515
1516
232
1520
1521
1522
234
244
2127
2128
2129
247
318
698
699
702
248
705
707
708
236
249
715
2067
2070
2072
2073
2074
2077
2079
2080
251
319
1527
1528
1529
108
108
167
169
181
399
479
480
182
260
400
487
488
489
116
262
506
507
511
512
1533
1535
1536
1539
116
257
269
270
274
275
299
1534
1535
1536
1538
265
300
419
500
501
502
266
420
507
508
509
261
1533
1534
1537
268
301
499
502
504
505
121
123
124
1540
1541
1544
1546
1547
1551
1552
123
441
1414
1540
1542
1544
1545
121
123
1416
1448
121
126
442
520
521
523
1449
1540
1543
1545
1546
1910
1911
1912
127
1450
128
443
1541
1542
1543
1419
1547
1548
1551
127
276
277
281
282
286
292
1555
1556
1557
1560
293
448
519
520
521
294
518
520
523
524
1547
1549
1550
1552
532
533
290
1554
1555
1558
183
285
549
550
553
555
1561
1562
1563
1566
185
468
538
539
540
188
289
469
550
551
552
290
1561
1564
136
139
155
1441
136
140
141
167
168
169
137
142
1443
139
140
143
1444
139
140
158
159
1447
146
142
146
170
171
172
143
2191
145
146
2192
145
146
152
153
2195
149
150
151
295
149
150
154
298
153
154
1451
153
154
1453
156
159
299
157
162
301
159
160
163
302
159
160
304
166
162
165
1455
163
1457
165
166
1458
165
166
1460
169
169
171
172
172
2133
2134
2136
222
2140
2141
2144
224
1567
1568
1569
225
564
1574
1575
1578
178
179
565
566
1508
1509
1511
1575
1576
1577
1580
2120
2122
2123
2136
2137
2138
2139
228
567
1577
1578
1579
1580
2143
2144
2145
2146
182
215
1414
216
1581
1582
1585
217
487
488
490
1418
1581
1583
1584
1587
1632
1634
1636
187
188
189
1427
187
189
188
189
253
539
540
541
1700
1702
1704
187
188
254
1428
1431
255
550
551
553
1432
194
333
725
726
729
196
239
336
733
734
735
198
335
339
740
741
742
216
747
748
749
198
351
725
729
730
760
762
764
765
352
363
754
755
756
198
219
364
733
734
736
767
770
771
773
355
761
762
763
356
367
740
742
743
753
755
757
759
220
369
768
769
770
202
206
585
586
587
774
775
1588
1589
1594
204
2147
2148
1588
1589
1590
232
1595
1596
1598
1599
233
1601
1602
1603
626
627
628
783
784
1488
1489
1492
1397
1608
1609
1611
209
1398
1609
1610
1613
1614
1399
2153
2154
2155
2156
563
1401
2150
2151
2154
231
568
1617
1618
1620
1622
1623
233
1625
1626
1627
563
570
2157
2158
2160
221
237
638
1633
1634
1636
1637
1673
1677
1678
399
789
791
792
400
640
1632
1634
1635
401
641
657
797
798
799
221
239
658
803
806
807
809
849
851
853
661
804
805
806
240
644
663
796
799
800
802
1681
1683
1684
2162
2163
2166
1397
1639
1640
1642
1646
1647
1648
568
817
818
821
228
569
1400
2172
2173
2174
2175
570
1401
2169
2170
2173
571
820
821
822
823
2165
2166
2167
2168
415
430
825
826
827
417
435
824
827
829
830
1403
1653
1654
564
1655
1656
1659
2176
2177
2178
1661
1662
1663
566
2196
2197
2198
318
1428
1429
1431
2109
581
1668
1669
1670
441
1673
1674
1677
443
840
458
849
850
851
447
461
1681
1682
1683
245
579
1687
1689
1691
1692
244
245
581
606
607
609
1514
1516
1518
1688
1690
1691
1692
244
245
565
566
2121
2122
2125
2127
2128
2132
2184
2186
2187
2188
582
252
859
860
862
864
2113
2116
2117
251
699
702
704
858
860
863
864
1483
707
708
709
858
859
861
1477
1478
1482
581
1693
1694
1695
251
252
1484
1485
1527
1528
1532
1694
1697
1698
1699
582
1695
1696
1698
1699
468
1700
1702
1703
255
698
469
700
1317
1321
1322
1700
1701
1704
1706
259
1413
1707
1709
1710
1712
1714
1716
1718
1720
259
1420
1422
1423
1425
1441
1715
1716
1719
1720
259
402
1415
1423
1424
1425
1426
1442
1710
1711
1712
1713
1862
1863
1866
1417
1443
403
1418
1707
1708
1711
1714
1715
1717
266
267
268
266
267
412
1407
267
268
1408
1455
266
268
413
501
502
504
1456
414
507
509
512
1139
1141
1144
1412
1457
273
274
275
493
499
274
275
1420
273
274
494
670
1421
273
275
500
671
496
503
672
497
1422
505
280
281
282
518
525
281
282
1434
280
282
519
686
280
281
526
687
1435
522
528
688
530
1436
524
284
537
544
543
289
290
291
1427
290
291
1434
1436
1437
1439
1462
865
866
867
289
291
471
1430
1437
1438
1439
1440
1463
472
550
552
555
866
869
870
871
1335
1337
1339
1432
867
868
869
870
1555
1558
1560
1561
1564
1566
1433
1464
294
298
1462
294
297
519
520
524
597
1449
1990
1991
1993
295
1450
297
298
1451
297
298
598
1466
599
1454
1467
301
304
1441
301
305
500
502
505
810
1456
302
1457
304
305
1458
304
305
811
1445
1447
812
1461
308
310
590
875
876
878
1725
1727
1729
1730
308
353
591
1725
1728
1730
1731
594
311
354
595
1726
1727
1728
312
875
876
877
315
357
881
882
590
1733
1734
1735
359
592
774
1740
1741
1742
383
775
1747
1748
1749
361
595
887
888
384
893
894
596
776
1732
1735
1737
1738
1739
1742
1743
1744
1746
1749
1750
1751
319
698
702
703
1483
1485
1527
1529
1530
323
324
325
326
1389
323
324
837
1392
323
325
1394
330
838
1395
332
330
331
332
331
332
514
1541
330
331
840
1542
330
332
841
1544
515
351
898
900
340
353
904
905
906
342
356
914
915
916
364
458
1754
1755
1756
341
365
611
924
927
928
931
933
934
343
459
612
1761
1762
1763
342
367
929
930
931
371
1768
1769
1770
373
1486
1774
1777
1779
1780
375
1775
1776
1777
344
464
945
946
466
612
1781
1782
347
386
783
1047
1048
1050
1487
1489
1492
1493
1497
348
387
778
1785
1786
1787
350
388
1058
1059
1060
1499
1784
1786
1789
1790
1806
1807
1809
396
780
1792
1793
1794
397
787
1495
1799
1800
1801
398
1496
1806
1807
1808
356
900
902
968
970
972
973
370
955
956
957
356
371
904
906
909
961
964
965
967
357
374
962
963
964
969
970
971
375
914
916
919
954
957
958
960
361
976
370
377
977
978
372
777
1813
1814
1815
378
387
778
981
982
374
986
987
376
380
779
991
992
993
370
377
998
999
1000
367
658
1004
1006
1008
1010
1754
1755
1758
367
368
373
1595
368
379
659
1004
1007
1009
1010
1026
1027
1029
1596
375
930
931
934
997
998
1001
1002
376
380
997
999
1002
1003
1032
1034
1037
1597
381
661
1005
1006
1007
1012
1013
1014
375
591
1768
1770
1773
1819
1821
1823
1824
376
592
1598
1814
1815
1818
1819
1822
1823
1825
375
376
1599
595
1820
1821
1822
1011
1013
1015
1017
1776
1777
1780
991
992
995
1011
1014
1016
1017
1600
1018
1019
396
780
1021
1022
409
781
1025
1026
1027
782
1032
1033
1034
410
1038
1039
386
783
1827
1828
1829
784
1834
1835
1836
1042
1043
785
1826
1829
1830
1831
1833
1836
1837
1839
393
1047
1048
1049
396
1053
1054
395
398
1057
1058
1059
394
1494
1847
1849
1851
1852
397
432
1495
1841
1842
1843
395
398
1496
1848
1849
1850
434
1068
1069
1070
1048
1049
1052
1497
1854
1856
1858
1859
1498
1854
1857
1858
1860
1499
1855
1856
1857
1074
1075
439
1077
1078
1079
1083
1084
1085
1088
403
1090
1091
404
407
1093
1094
639
718
1862
1863
1864
640
1099
1101
1102
641
651
1107
1108
1109
422
652
721
1114
1115
1116
643
655
722
1869
1870
1871
651
657
1121
1122
1123
438
653
833
1127
1128
1129
659
834
1876
1877
1878
661
1134
1135
656
662
835
1883
1884
1885
417
1140
1141
1143
1144
1608
418
419
1139
1140
1144
1145
1154
1157
1159
1639
420
1139
1141
1142
421
679
1147
1148
1149
417
418
680
1611
1642
683
1146
1148
1150
1152
1612
423
685
1146
1149
1151
1152
1171
1172
1175
1643
810
1153
1154
1157
1160
1162
424
1164
425
813
1166
1167
429
814
1171
1172
1173
437
679
1178
1179
652
817
1184
1185
1186
438
653
1617
1890
1891
1892
681
818
1618
1896
1899
1900
1902
1903
1906
1907
1909
440
684
1619
1897
1898
1899
685
819
1904
1905
1906
437
679
1196
1197
1198
435
1202
1204
1206
1207
1653
1654
436
439
1202
1205
1207
1208
1221
1222
1225
1622
1841
1843
1846
435
436
682
1615
1623
1203
1204
1205
683
1195
1197
1199
1201
1616
440
684
1195
1198
1200
1201
1229
1231
1234
1624
1209
786
1213
1214
1215
787
1220
1221
1222
788
1229
1230
1231
447
638
1235
1237
1238
1240
1674
1677
1679
448
1469
1910
1911
1914
1235
1236
1239
691
1243
1244
1245
447
642
692
1473
1917
1920
1921
1923
450
695
1475
1918
1919
1920
644
696
1242
1245
1246
1248
1681
1682
1685
597
1249
1250
1252
452
474
601
1257
1258
1259
455
602
1261
1262
1263
691
1268
1269
605
713
1274
1275
1276
463
714
1515
1925
1926
1927
606
693
1516
1931
1934
1935
1937
1938
1941
1943
1944
608
695
1932
1933
1934
465
697
1517
1939
1940
1941
691
1285
1286
658
1946
1947
1948
464
1521
1953
1954
1955
660
694
1522
1959
1962
1964
1965
1966
1969
1971
1972
663
696
1960
1961
1962
465
697
1525
1967
1968
1969
477
1298
1299
466
1303
1304
467
1307
1308
1309
1521
1973
1974
1308
1309
1312
1517
1525
1974
1975
1313
1315
472
1317
1318
1321
473
476
1325
1326
1327
475
699
706
707
709
710
858
1336
1337
1339
1341
700
1335
1337
1338
701
712
1343
1344
1345
713
861
1350
1351
1352
704
717
863
1342
1345
1347
1348
1349
1352
1353
1355
712
1359
1360
714
1362
1363
481
482
486
482
488
1088
1581
481
482
1582
490
1583
485
486
485
1370
492
1371
490
491
492
490
492
1707
490
491
1090
491
492
1708
1709
496
497
498
506
1536
496
497
1368
497
498
1370
1537
510
1372
1538
511
1539
503
504
505
506
503
505
1153
503
504
509
1154
504
505
510
1155
512
510
511
512
511
512
510
511
510
512
1160
1161
517
527
546
515
516
532
536
1558
1564
522
523
524
531
522
524
1249
523
524
522
523
533
1250
534
1251
535
528
529
530
531
1557
528
530
865
529
530
867
1558
534
536
1559
868
1560
534
535
536
1550
535
536
1541
1551
534
535
1255
1543
1546
1552
1553
541
542
543
549
542
543
541
542
551
1313
541
543
553
554
1314
547
548
549
1563
548
552
866
547
548
867
1564
1565
555
869
1566
553
554
555
553
555
553
554
1317
554
555
1318
1319
558
562
573
558
561
725
559
727
561
562
728
732
561
562
576
733
730
736
577
737
1405
2151
2154
2155
2158
2160
566
567
568
1575
1578
1580
1656
1659
1660
566
567
2196
2197
2202
571
570
571
818
821
823
1618
1620
1621
570
571
1404
1405
2157
2160
2161
2170
2173
2175
574
578
1390
1673
574
577
837
1392
575
838
1395
1675
577
578
839
848
1676
577
578
849
852
853
1678
582
1977
1979
1981
1982
1976
1977
1978
582
1668
1670
1672
1694
1695
1699
1978
1980
1981
1982
587
588
589
885
1739
1746
588
589
614
625
587
588
615
1740
587
589
627
1747
1743
1750
618
1745
629
1752
594
596
1733
1735
1737
1983
1986
1987
1989
594
1984
1986
1988
1989
596
1741
1742
1744
1985
1987
1988
1989
2147
594
596
2148
1983
1984
1985
2149
1469
1990
1991
1992
599
603
859
1477
1479
1481
1482
2113
600
1471
1991
1993
1995
1996
2114
603
604
1472
2007
2008
2009
2010
2115
605
861
1997
1998
2001
608
1475
2004
2005
2008
610
862
2000
2001
2002
2003
2117
608
609
610
2119
608
610
1274
1275
1277
1693
1998
2001
2002
608
609
2121
609
610
1695
1933
1934
1935
2005
2008
2010
2124
2125
1696
1486
1595
1521
1761
1762
1765
1781
1782
1783
617
618
980
1812
618
617
618
1589
1813
617
632
981
1590
983
1592
1816
1817
622
623
1024
622
635
1021
1602
622
623
666
1025
1603
1023
1028
1605
668
1030
628
629
630
1826
1833
629
630
628
630
631
1827
628
629
1834
1830
1837
1838
634
1832
633
634
1047
1489
633
1053
1490
1050
1055
1493
1051
637
1074
1502
637
677
1077
1503
1076
1080
1506
640
644
1414
640
643
1415
1863
1864
1867
2133
641
1101
1102
1104
1418
1634
1635
1637
643
644
797
799
800
1107
1108
1110
1507
643
644
1508
2136
1511
1869
1870
1873
2138
1513
650
670
1421
649
650
1113
1861
649
650
1424
1567
1862
649
673
1114
1569
1117
1570
1865
1098
1426
1866
1507
2011
2012
2013
1574
2018
2019
2020
1655
2025
2026
2027
655
656
1509
1575
1656
1511
1576
1870
1871
1874
2011
2014
2016
2017
2019
2021
2023
2024
1512
1657
1883
1884
1887
2013
2015
2016
2017
2027
2028
2030
2031
1507
2032
2033
2034
663
1946
1948
1951
2040
2042
2043
2045
662
1877
1878
1881
2041
2043
2044
2045
2177
662
663
1510
2178
2039
2040
2041
1512
1883
1885
1888
2033
2036
2037
2038
2179
1513
1961
1962
1964
2034
2035
2037
2038
667
668
669
1126
1875
667
669
676
1127
1662
667
668
1663
1876
1130
1664
1879
1880
1132
672
672
674
1153
1646
1155
674
1166
1648
1158
1168
1650
678
1212
1219
678
1213
1626
678
1220
1627
1216
1223
1629
2046
2047
2048
683
685
2150
2169
684
685
2157
2170
683
684
2151
2158
2046
2049
2051
2052
2152
1897
1899
1902
2047
2050
2051
2052
2159
1904
1906
1909
2048
2049
2050
2052
2171
688
690
1249
1476
688
705
1251
690
708
1257
1478
1253
1260
1480
2053
2054
2055
695
696
1508
2120
695
697
2121
2128
696
697
1510
2129
1919
1920
1923
1932
1934
1937
2053
2056
2057
2059
2124
1513
1960
1962
1965
2054
2056
2058
2059
1939
1941
1943
1967
1969
1971
2055
2057
2058
2059
2131
700
703
1428
700
704
1430
701
1337
1338
1341
1432
703
704
1343
1345
1347
1526
703
704
1527
1530
1532
710
711
1331
1435
709
710
711
1333
1349
709
710
1438
709
711
1350
1353
1334
1440
1354
1526
2060
2061
2062
1693
2067
2068
2069
1669
2074
2075
2076
716
717
1528
1670
1694
1531
1671
2060
2064
2065
2066
2075
2078
2079
2080
1532
1697
2062
2063
2065
2066
2069
2071
2072
2073
720
722
1442
1567
1570
1571
1572
1862
1864
1865
2133
720
724
811
1445
1568
1571
1572
1573
2141
723
1446
2135
2142
813
1574
2081
2082
2085
723
1576
1869
1871
1872
2082
2083
2084
2086
2138
724
1577
2139
2143
816
1579
2084
2085
2086
2087
2145
727
730
727
731
898
728
730
731
739
730
731
740
900
743
744
901
736
737
738
739
736
737
849
736
738
742
1755
737
738
850
1756
743
852
745
1757
743
744
745
743
744
914
744
745
915
929
743
745
930
917
932
750
751
752
760
767
750
751
791
750
752
761
751
752
768
792
764
771
794
766
772
757
758
759
760
767
757
758
763
956
757
759
957
998
758
759
769
1000
765
958
766
772
773
1001
764
765
766
764
766
764
765
970
765
766
971
972
771
772
773
771
772
804
772
773
1005
771
773
806
1006
807
1008
776
777
1740
1742
1743
2147
776
784
1747
1749
1750
2149
779
1589
1592
1593
1594
1598
1813
1815
1816
780
2088
2089
2090
782
992
993
994
1600
2090
2092
2093
2094
2095
2096
2097
782
834
1025
1026
1028
1596
1603
1605
1606
1607
1033
1034
1035
1597
2097
2099
2100
2101
785
1827
1829
1830
785
1834
1836
1837
788
833
1213
1214
1216
1617
1626
1629
1630
1631
788
1220
1222
1223
1622
1627
1628
1629
1630
1799
1801
1802
1230
1231
1232
1619
1624
793
795
1088
1581
1632
793
794
795
803
1633
793
794
1585
794
795
804
1587
1636
807
808
1089
1638
800
801
802
803
1633
800
801
1093
1635
801
802
805
1094
2032
800
802
2034
1637
808
1095
1638
809
2035
807
808
809
807
808
808
809
1096
2039
807
809
2040
1097
2042
812
814
1153
1157
1158
1639
1646
1649
1650
1651
812
816
1647
1649
1651
1652
2163
815
1641
2164
817
2102
2103
2106
815
819
1171
1173
1174
1643
2103
2104
2105
2108
816
820
1644
2165
822
2105
2106
2107
2108
2167
819
822
1184
1186
1187
1574
2103
2106
2108
819
823
2170
820
1905
1906
1907
2171
822
823
2172
822
823
1578
1579
2175
828
829
830
828
829
1147
828
830
831
1196
829
830
1148
1197
1150
832
1199
832
1203
1206
1654
835
1127
1129
1130
1655
1662
1664
1665
1667
835
1663
1664
1665
1666
1876
1878
1879
2177
836
1657
1884
1885
1886
2179
1658
2181
838
839
841
842
855
841
843
1235
1674
842
1675
843
844
1676
846
1240
1679
846
847
855
1680
846
847
1245
1285
1682
1246
1685
857
1287
1686
852
853
854
855
1680
852
853
852
854
856
1947
853
854
1683
1948
1684
857
1686
1949
857
857
1291
1293
860
863
1463
860
862
1466
864
1468
862
863
1350
1352
1353
1693
1997
2001
2003
864
1696
864
1697
1698
868
871
1331
1435
869
871
1332
868
869
870
1436
870
871
1437
1334
1440
873
881
975
1722
883
1723
878
879
880
878
879
878
880
882
1733
879
880
884
1734
883
1736
883
976
1726
883
887
1727
1729
893
886
892
889
890
891
1732
1739
889
890
1733
1983
890
891
987
1741
1985
1736
1737
1744
1987
988
1745
895
896
897
1732
1746
895
896
1734
896
897
1043
1748
1736
1738
1751
1044
1752
901
901
902
913
901
902
914
917
919
907
908
909
913
907
909
907
908
910
1769
908
909
916
1770
911
912
918
1772
919
911
912
943
944
917
918
919
917
919
917
918
1775
918
919
1776
1778
922
923
924
928
935
922
923
929
940
932
938
933
942
926
927
1760
926
927
948
1762
949
1764
1765
932
933
934
1753
932
933
1775
932
934
1755
933
934
1777
1757
1779
1758
938
939
1753
1760
938
939
1291
1756
939
1292
1763
1757
1294
1759
1766
941
942
1775
944
1778
1779
944
1769
1772
947
948
1762
1781
947
1303
1763
949
1764
949
952
953
961
968
952
953
962
975
1722
965
1724
966
974
958
959
960
961
968
959
960
963
1012
958
959
971
958
960
1013
972
966
974
967
1015
965
966
967
965
966
976
1726
966
967
1820
965
967
1728
1821
1731
1824
972
973
974
973
974
972
973
972
974
976
979
986
1012
979
991
1014
1018
989
995
1016
983
984
990
983
1053
2088
983
984
993
1022
2090
994
2092
996
988
989
1812
989
1820
988
989
1814
1822
1817
1818
1825
994
995
996
1812
995
996
1032
994
995
1815
994
996
1033
1816
1818
1036
1001
1002
1003
1004
1001
1002
1013
1002
1003
1014
1018
1001
1003
1005
1019
1008
1017
1009
1020
1008
1009
1010
1008
1009
1038
1008
1010
2040
1009
1010
1039
2041
1040
2043
1015
1016
1017
1819
1015
1016
1820
1015
1017
1016
1017
1824
1825
1020
1032
1020
1038
1037
1040
1023
1074
2095
1023
1033
2097
1035
2099
1028
1029
1030
1031
1028
1030
1876
1028
1029
1034
1029
1030
1039
1877
1035
1037
1040
1880
1035
1036
1037
1036
1037
1035
1036
1035
1037
1040
1040
1135
1044
1045
1833
1045
1044
1045
1835
1838
1839
1050
1051
1052
1056
1050
1051
1827
1050
1052
1058
1051
1052
1828
1060
1832
1061
1055
1785
1055
1059
1075
1786
1060
1790
1060
1061
1062
1061
1062
1083
1855
1060
1061
1856
1060
1062
1084
1859
1065
1066
1067
1847
1065
1066
1848
1852
1072
1853
1071
1072
1073
1840
1071
1072
1071
1073
1204
1072
1073
1205
1843
1845
1207
1846
1076
1792
1076
1084
1793
1086
1797
1080
1082
1220
1799
1080
1081
1085
1800
1842
1081
1082
1221
1843
1086
1804
1087
1845
1224
1087
1848
1086
1807
1086
1087
1808
1850
1811
1853
1089
1090
1092
1092
1632
1092
1093
1102
1635
1095
1638
1095
1107
1095
1096
1121
1097
1097
1134
1103
1374
1103
1105
1708
1103
1104
1105
1106
1861
1103
1104
1711
1863
1104
1105
1107
1713
1866
1110
1867
1111
1110
1111
1112
1868
1110
1111
1110
1112
1870
2011
1111
1112
2012
1873
1119
1874
2014
1117
1118
1868
1117
1166
2081
1117
1118
1871
2019
2082
1118
2020
1872
2083
1119
1874
2021
1378
1124
1125
1133
1882
1125
1134
2032
1124
2012
1124
1125
1883
2013
2033
1138
1887
2015
1137
1888
2036
1130
1131
1132
1882
1130
1132
1213
1131
1132
1215
2026
1130
1131
1884
2027
1886
1138
1887
2028
1217
1136
1137
1875
1137
2039
1136
1137
1877
2041
1880
1881
2044
1379
1144
1145
1160
1143
1144
1145
1146
1143
1144
1143
1145
1147
1162
1150
1151
1163
1150
1151
1152
1150
1151
1150
1152
2046
1151
1152
1164
2048
1165
2049
1155
1158
1155
1159
1160
1156
1161
1158
1159
1170
1158
1159
1171
1174
1163
1175
1161
1163
1163
1165
1165
1172
1179
1175
1168
2102
1168
1169
1173
1186
2103
1174
2104
1176
1189
1174
1175
1176
1174
1175
1175
1176
1904
1174
1176
1905
1908
1180
1181
1182
1190
1896
1903
1181
1182
1209
1897
2047
1180
1182
1904
2048
1193
1908
1194
1210
1901
1902
1909
2050
1187
1188
1189
1190
1903
1187
1188
2018
1188
1189
2020
1187
1189
1905
1907
1192
2022
1193
1908
1192
1193
1194
1889
1192
1194
1377
1892
1380
1894
1895
1199
1200
1201
1202
1199
1200
1203
1199
1201
2046
1200
1201
1209
2047
1206
1208
1211
2051
1206
1207
1208
1206
1208
1206
1207
1207
1208
1226
1227
1210
1211
1229
1233
1227
1234
1216
1217
1218
1228
1216
1217
1216
1218
1230
1891
1217
1218
1892
1232
1233
1895
1223
1224
1225
1228
1223
1224
1224
1225
1226
1223
1225
1231
1232
1227
1234
1227
1232
1233
1234
1233
1234
1897
1232
1233
1898
1232
1234
1901
1237
1240
1542
1237
1241
1255
1543
1911
1238
1545
1912
1240
1241
1242
1913
1240
1241
1243
1246
1247
1916
1246
1247
1248
1917
1246
1247
1247
1248
1256
1919
2053
1246
1248
2054
1922
1923
2056
1251
1253
1990
1251
1254
1255
1911
1253
1254
1261
1914
1992
1264
1994
1265
1916
1262
1268
1260
1350
1997
1260
1263
1275
1998
1276
1351
1264
1999
1264
1265
1918
2004
1265
1266
1919
1932
1264
1266
1933
2005
2006
1922
1936
1270
1271
1272
1280
1931
1938
1270
1272
1932
2053
1271
1272
1296
1939
2055
1936
1282
1942
1937
1943
2057
1277
1278
1279
1280
1931
1277
1279
2067
1277
1278
1933
1278
1279
2068
1935
1936
1283
2070
1282
1283
1924
1282
1283
1384
1927
1928
1385
1930
1287
1288
1289
1290
1959
1966
1287
1289
1960
2054
1288
1289
1296
1967
2055
1293
1963
1295
1970
1965
1971
2058
1293
1294
1295
1945
1952
1293
1294
1947
1294
1295
1954
1949
1950
1956
1957
1307
1300
1301
1306
1300
1301
1308
1926
1300
1363
1927
1310
1928
1312
1305
1306
1305
1954
1305
1309
1955
1974
1311
1957
1310
1311
1312
1310
1311
1939
1967
1310
1312
1940
1311
1312
1968
1942
1970
1314
1316
1317
1700
1319
1316
1703
1322
1706
1319
1322
1319
1323
1335
1320
1322
1323
1324
1322
1323
1325
1338
1328
1329
1340
1328
1329
1330
1328
1329
1343
1328
1330
1329
1330
1344
1360
1346
1334
1334
1335
1334
1336
1356
1339
1339
1340
1339
1340
1341
1342
1339
1341
1340
1341
1343
1346
1347
1346
1347
1348
1356
1346
1347
1346
1348
1357
2061
1347
1348
2062
1358
2063
1353
1354
1355
1356
1353
1354
1354
1355
2068
1353
1355
2069
1358
2071
1358
1358
1382
1386
1361
2060
1361
1365
2061
1367
2064
1364
2075
1364
1366
2076
1367
2078
1367
1382
1367
1384
1387
1372
1374
1421
1371
1374
1708
1371
1372
1717
1373
1709
1718
1373
1422
1719
1374
1423
1710
1720
1426
1713
1378
1379
2012
1378
1380
2020
1379
1380
2026
1381
2014
2021
1381
2015
2028
1381
2022
2029
2016
2023
2030
1386
1387
2061
1385
1386
2068
1385
1387
2076
1388
2070
2077
1388
2063
2071
1388
2064
2078
2065
2072
2079
1393
1394
1395
1393
1395
1393
1394
1394
1395
1398
1402
1398
1401
1609
1611
1614
1640
1642
1645
1399
1401
1402
1401
1402
1404
1405
2150
2154
2156
2169
2173
2174
1612
1616
1405
1410
1411
1412
1410
1412
1608
1411
1412
1410
1411
1609
1610
1417
1418
1419
1418
1419
1417
1418
2189
1417
1419
2190
2191
1707
1711
1712
1422
1425
1422
1426
1423
1425
1426
1425
1426
1431
1432
1433
1431
1432
1431
1433
1432
1433
1436
1439
1436
1440
1437
1439
1440
1439
1440
1443
1447
1443
1446
2189
1444
2191
1446
1447
2192
1446
1447
2194
1450
1453
2190
1450
1454
1469
1451
1453
1454
1453
1454
1470
2193
2195
1471
1457
1460
1457
1461
1639
1458
1460
1461
1460
1461
1640
1641
1464
1467
1464
1468
1465
1467
1468
1467
1468
1471
1475
1910
1914
1915
1991
1992
1996
1471
1474
2134
1472
1474
1475
2119
1474
1475
2120
2136
2123
2137
1918
1920
1921
2004
2008
2009
2124
1479
1480
1990
1479
1482
1480
1482
1997
1481
1993
1481
1994
1999
1482
1995
2000
2003
1485
2109
1485
1599
1491
1492
1493
1784
1491
1492
1588
1492
1493
1491
1493
1590
1785
1591
1788
1790
1496
1498
1496
1622
1800
1801
1803
1841
1842
1844
1499
1806
1808
1810
1849
1850
1851
1499
1499
1856
1857
1858
1504
1505
1506
1791
1798
1504
1505
1601
1625
1504
1506
1602
1792
1505
1506
1627
1799
1604
1795
1628
1802
1797
1804
1511
1512
1513
2011
2013
2017
2033
2034
2038
1511
1513
1511
1512
2197
1512
1513
2198
2199
1518
1668
1517
1669
1925
1926
1929
1517
1518
2128
1940
1941
1944
2131
2132
1523
1524
1525
2126
1523
1524
2176
1523
1525
1953
1955
1958
1973
1974
1975
1524
1525
2129
2178
2130
2180
1968
1969
1972
2131
1530
1531
1532
2060
2062
2066
1530
1532
1531
1532
1530
1531
1535
1539
1535
1538
1715
1536
1538
1539
1538
1539
1717
1719
1544
1545
1546
1544
1546
1544
1545
1545
1546
1549
1552
1549
1553
1554
1550
1556
1552
1553
1557
1552
1553
1559
1556
1559
1556
1560
1557
1559
1560
1559
1560
1562
1566
1563
1565
1566
1565
1566
1570
1572
1572
1573
1647
1570
1573
1648
2081
1571
2083
1572
1573
2084
1652
2087
1576
1579
2018
2019
2024
2082
2085
2086
1576
1580
1577
1579
1580
1579
1580
1583
1587
1583
1586
1584
1586
1587
1586
1587
1591
1594
1592
1594
1591
1592
2088
1593
2091
1593
2092
1594
2093
1597
1599
1597
2177
1600
1600
2147
1600
1604
1607
1661
1604
1605
2095
1605
1607
1663
1606
2098
1606
2099
1607
2100
1666
1610
1612
1610
1614
1613
1612
1614
2150
1613
2152
1614
2153
2156
1616
2151
2152
1619
1655
1890
1891
1893
1619
1621
2157
1898
1899
1900
2159
1621
1659
2161
1624
1624
2158
2159
1628
1631
1661
1629
1631
1662
1628
1629
1630
1630
1631
1667
1636
1638
1636
1637
1638
1636
1637
1637
1638
1641
1643
1641
1645
1644
1643
1645
2169
1644
2171
1645
2172
2174
1649
1650
1649
1652
1650
1652
2102
1651
1651
2104
1652
2105
2107
1654
1657
2025
2027
2031
1657
1660
2197
1658
2199
1660
2201
1660
2202
1666
1667
1664
1667
1664
1666
1665
1666
1667
1672
1671
2074
2075
2080
1671
1672
1675
1678
1675
1679
1676
1678
1679
1680
1678
1679
1681
1684
1685
1684
1685
1686
1684
1685
1685
1686
1960
1684
1686
1961
1963
1689
1692
1977
1690
1692
1978
1691
2185
1691
2186
1692
2187
1981
1696
1697
2067
2069
2073
1697
1699
1696
1699
1698
1698
1699
1704
1706
1704
1705
1706
1704
1705
1705
1706
1709
1712
1709
1713
1710
1712
1713
1712
1713
1716
1718
1716
1719
1720
1718
1719
1720
1720
1723
1724
1725
1723
1724
1726
1729
1731
1729
1730
1731
1729
1731
1729
1730
1983
1730
1731
1984
1986
1736
1737
1738
1736
1737
1736
1738
1737
1738
1743
1744
1745
1743
1745
1813
1744
1745
1814
1743
1744
1817
1750
1751
1752
1750
1752
1834
1751
1752
1835
1750
1751
1838
1757
1758
1759
1758
1759
1946
1757
1758
1757
1759
1947
1950
1764
1765
1766
1765
1766
1953
1764
1765
1764
1766
1954
1956
1771
1772
1773
1774
1771
1773
1771
1772
1772
1773
1776
1778
1780
1778
1779
1780
1778
1779
1778
1780
1779
1780
1783
1783
1973
1788
1789
1790
1788
1790
2088
1789
1790
1793
1788
1789
1794
2089
2091
1796
1795
1796
1797
1805
1795
1797
2095
1796
1797
1807
1795
1796
2096
2098
1809
1811
1802
1803
1804
1805
1802
1804
1803
1804
1808
1802
1803
1810
1811
1809
1810
1811
1809
1810
1809
1811
1810
1811
1816
1817
1818
1816
1817
1817
1818
1816
1818
1823
1824
1825
1824
1825
1823
1824
1984
1823
1825
1985
1988
1830
1831
1832
1830
1832
1831
1832
1830
1831
1837
1838
1839
1837
1838
1838
1839
1837
1839
1844
1845
1846
1847
1844
1846
1844
1845
1850
1845
1846
1851
1853
1851
1852
1853
1852
1853
1855
1851
1852
1857
1851
1853
1860
1858
1859
1860
1859
1860
1858
1859
1858
1860
1865
1866
1867
1868
1865
1866
1866
1867
1865
1867
1869
1872
1873
1872
1873
1874
1872
1873
1873
1874
1872
1874
1879
1880
1881
1882
1879
1880
1880
1881
1879
1881
1885
1886
1888
1886
1887
1888
1887
1888
1886
1887
1886
1888
1893
1894
1895
1896
1893
1894
2025
1893
1895
1898
1894
1895
2026
1900
2029
1901
1900
1901
1902
1901
1902
1900
1901
1900
1902
1907
1908
1909
1908
1909
1907
1908
1907
1909
1912
1915
1912
1916
1913
1915
1916
1917
1915
1916
1918
1921
1922
1921
1922
1923
1921
1922
1922
1923
1921
1923
1928
1929
1930
1938
1929
1930
2074
1928
1929
1940
1928
1930
2076
1942
1944
2077
1935
1936
1937
1936
1937
1935
1936
1935
1937
1942
1943
1944
1942
1943
1942
1944
1943
1944
1949
1950
1951
1959
1950
1951
1949
1950
1949
1951
1961
1963
1964
1956
1957
1958
1966
1956
1958
1956
1957
1957
1958
1968
1970
1972
1963
1964
1965
1963
1965
1963
1964
1964
1965
1970
1971
1972
1970
1971
1970
1972
1971
1972
1975
1975
1979
1980
1979
1981
1980
1981
1982
1982
1982
1986
1987
1986
1988
1987
1988
1989
1989
1989
1993
1994
1993
1996
1994
1996
2004
1995
1995
2006
1996
2007
2009
1999
2003
1999
2002
2005
2000
2006
2002
2003
2007
2002
2003
2010
2006
2009
2006
2010
2007
2009
2010
2009
2010
2014
2017
2014
2015
2015
2017
2016
2016
2017
2022
2024
2021
2024
2021
2022
2023
2023
2024
2029
2031
2028
2029
2028
2031
2030
2030
2031
2035
2036
2039
2036
2038
2035
2038
2037
2042
2037
2044
2038
2045
2042
2044
2042
2043
2043
2044
2045
2045
2045
2049
2051
2050
2051
2049
2050
2052
2052
2052
2056
2057
2056
2058
2057
2058
2059
2059
2059
2064
2066
2063
2064
2063
2066
2065
2065
2066
2070
2073
2070
2071
2071
2073
2072
2072
2073
2077
2080
2078
2080
2077
2078
2079
2079
2080
2083
2087
2102
2083
2086
2084
2086
2087
2086
2087
2106
2107
2091
2092
2091
2094
2096
2092
2094
2097
2093
2093
2094
2101
2098
2099
2098
2101
2099
2101
2100
2100
2101
2104
2107
2104
2108
2105
2107
2108
2107
2108
2111
2111
2114
2118
2114
2117
2115
2117
2118
2117
2118
2123
2124
2125
2123
2124
2124
2125
2123
2125
2130
2131
2132
2130
2132
2196
2131
2132
2130
2131
2198
2200
2135
2138
2189
2135
2137
2193
2139
2194
2137
2138
2139
2139
2142
2146
2142
2145
2163
2143
2145
2146
2145
2146
2166
2167
2149
2149
2152
2156
2152
2155
2153
2155
2156
2155
2156
2159
2161
2159
2161
2164
2168
2164
2167
2165
2167
2168
2167
2168
2171
2174
2171
2175
2172
2174
2175
2174
2175
2180
2182
2179
2182
2179
2180
2198
2181
2199
2181
2200
2182
2201
2185
2188
2186
2188
2187
2187
2188
2191
2194
2191
2195
2192
2194
2195
2194
2195
2200
2202
2199
2202
2199
2200
2201
2201
2202
)


// ************************************************************************* //
