/*--------------------------------*- C++ -*----------------------------------*\
  =========                 |
  \\      /  F ield         | OpenFOAM: The Open Source CFD Toolbox
   \\    /   O peration     | Website:  https://openfoam.org
    \\  /    A nd           | Version:  8
     \\/     M anipulation  |
\*---------------------------------------------------------------------------*/
/*   Windows 32 and 64 bit porting by blueCAPE: http://www.bluecape.com.pt   *\
|  Based on Windows porting (2.0.x v4) by Symscape: http://www.symscape.com   |
\*---------------------------------------------------------------------------*/
FoamFile
{
    version     2.0;
    format      ascii;
    class       labelList;
    note        "nPoints: 8152 nCells: 6018 nFaces: 20061 nInternalFaces: 18518";
    location    "constant/air/polyMesh";
    object      neighbour;
}
// * * * * * * * * * * * * * * * * * * * * * * * * * * * * * * * * * * * * * //


18518
(
422
423
424
7
1643
1644
3
14
1647
1648
1649
9
3463
3464
3467
3468
3470
3471
3474
3476
3477
3478
3481
3483
5
13
1661
1662
1663
16
5084
5085
5087
8
438
439
442
446
448
5092
5093
5094
5095
452
453
456
14
1669
1670
3512
3513
3516
3517
467
468
469
15
474
475
476
174
177
1138
1140
1142
1143
16
3109
3110
3113
3116
3117
3118
1681
1682
184
1856
1859
1860
1861
3109
3113
3114
5084
5087
5088
21
32
188
189
19
23
33
191
192
5103
27
40
194
195
5104
25
54
69
3124
3125
3126
70
487
488
491
55
4955
4956
4957
27
71
499
500
503
28
56
4962
4963
4964
57
76
1692
1693
1694
3125
3126
3127
77
217
1195
1197
1199
1200
78
519
520
523
58
527
3407
3408
3411
3413
4962
4963
4966
30
31
531
532
533
5349
38
543
546
2272
2274
2276
2277
5352
38
551
552
553
5346
70
558
559
562
40
71
565
566
569
41
72
421
573
574
575
423
580
581
582
43
425
587
588
589
75
427
594
595
596
601
604
2286
2288
2290
2291
5355
77
251
255
1279
1281
1283
1284
78
607
608
611
79
466
615
616
617
469
622
623
624
470
629
630
631
82
472
636
637
638
49
92
120
265
266
5105
51
93
642
643
50
52
94
1871
1872
1874
1875
5106
53
99
186
272
1880
1881
5109
100
127
274
275
5112
101
187
277
1886
1887
5113
106
645
646
107
187
1892
1893
5116
110
1895
1896
5119
57
180
1700
1701
3124
3126
3128
3589
3590
3593
3594
1706
3603
3607
3608
3609
4955
4956
4959
58
1709
3617
3620
3622
3623
4963
4964
4967
183
4968
4969
4970
3130
62
227
652
653
656
5364
66
538
660
661
662
67
229
539
655
656
657
658
659
661
663
664
230
666
667
670
5358
119
673
674
677
121
232
680
681
684
5361
67
122
233
579
683
684
685
686
694
696
698
699
3156
3158
3159
580
688
689
690
235
584
669
670
671
672
687
689
691
692
125
585
695
696
697
76
180
1719
3124
3125
3129
3638
3639
3642
3643
3645
3646
3649
3650
487
491
492
559
562
563
708
709
710
78
500
503
505
566
569
571
715
716
717
79
445
722
723
726
181
447
1724
1725
1726
81
182
449
1731
1732
1733
451
729
730
733
183
1738
1739
1740
744
745
2381
2384
2385
2387
520
523
525
608
611
613
750
751
752
473
757
758
761
184
476
3112
3113
3114
3115
3132
3135
3137
3138
3142
3143
3144
3145
185
477
3133
3134
3135
479
3139
3140
3143
147
201
238
315
316
5122
150
202
764
765
149
152
203
767
768
5123
89
208
271
770
771
5124
153
209
245
318
319
5127
155
210
273
773
774
5128
220
281
776
777
5131
157
221
259
321
322
5134
158
222
282
779
780
5135
100
294
782
783
786
106
642
643
644
789
790
793
101
107
796
797
2395
2396
2400
2401
102
108
431
1745
1746
1747
295
433
1752
1753
1754
105
297
436
1759
1760
1761
109
437
1766
1767
1768
110
197
831
832
835
301
838
839
842
198
845
846
2598
2599
2602
2604
199
480
1773
1774
1775
113
302
482
1780
1781
1782
114
200
485
1787
1788
1789
304
486
1794
1795
1796
645
646
647
880
881
198
883
884
199
494
1801
1802
1803
498
896
898
1766
1767
1770
2843
2844
2847
2848
902
905
215
308
907
908
911
216
512
1808
1809
1810
309
514
915
916
917
1780
1781
1784
3400
3401
3402
516
922
923
924
1787
1789
1791
218
311
518
1815
1816
1817
133
928
929
932
137
228
549
3149
3150
3151
138
550
936
937
938
942
943
946
127
294
949
950
953
128
956
960
2851
2853
2855
2856
5367
129
593
3156
3157
3158
296
594
964
965
966
131
298
598
971
972
973
599
978
979
980
140
231
985
988
2865
2868
2869
2870
5370
301
991
992
995
232
998
1002
2879
2881
2883
2884
5373
233
572
3163
3164
3165
144
303
573
1006
1007
1008
305
577
1013
1014
1015
145
236
578
3170
3171
3172
173
1019
1020
1023
140
231
1026
1030
2893
2895
2897
2898
5376
142
175
1033
1034
1037
143
176
628
1041
1042
1043
234
629
3177
3178
3179
178
632
1048
1049
1050
145
236
633
3184
3185
3186
1058
2907
2910
2911
2912
2914
2916
2918
2919
5379
252
308
1061
1062
1065
253
1068
1069
1072
254
614
1076
1077
1078
310
615
1083
1084
1085
618
3191
3192
3193
256
312
620
1090
1091
1092
324
360
402
403
5138
154
268
325
1096
1097
5139
270
326
1099
1100
5142
789
1102
1103
156
269
790
1105
1106
5144
270
791
1108
1109
5145
331
367
405
406
5146
278
332
1111
1112
5147
279
333
1114
1115
5150
280
880
1117
1118
5153
338
388
408
409
5154
340
1120
1121
5155
166
652
1821
1822
1825
5384
285
1123
1124
1127
286
654
1828
1829
1832
5385
164
165
655
659
1831
1832
1833
1834
164
165
170
441
442
443
444
660
171
657
663
1824
1825
1826
1827
665
1126
1127
1128
1129
666
1835
1836
1839
5382
287
1130
1131
1134
289
668
1842
1843
1846
5383
171
172
290
669
687
1845
1846
1847
1848
171
172
455
456
457
458
688
671
691
1838
1839
1840
1841
293
693
1133
1134
1135
1136
1020
1023
1024
1137
1138
1139
179
251
1145
1147
1149
1150
253
1033
1037
1038
1144
1145
1146
178
179
254
621
1041
1042
1044
1146
1148
1149
1150
178
179
622
625
1048
1049
1051
1139
1141
1142
1143
257
627
183
3197
3198
3199
1643
3204
3205
3208
185
1645
3211
3212
3215
1738
1740
1743
1856
1857
1858
3198
3199
3203
4968
4970
4974
185
1682
1683
1858
1860
1861
1862
3133
3135
3138
3211
3215
3217
197
1151
5158
198
1152
5161
190
315
487
559
190
488
764
317
489
766
193
194
499
770
5164
193
318
500
566
5166
320
501
772
5457
196
519
776
5167
196
321
520
608
5169
323
521
778
5479
1153
1154
1156
1157
506
1864
1865
1866
511
1168
1787
1788
1792
2962
2963
2966
2967
3393
3394
3395
324
708
1173
1174
1177
203
207
488
489
490
493
764
765
766
789
204
326
767
768
769
791
1174
1175
1176
1179
206
207
327
792
810
1408
1409
1411
2465
2466
2467
206
207
490
491
492
493
709
811
329
711
815
1176
1177
1178
1179
1422
1423
1425
2493
2494
2495
795
816
210
214
220
499
501
502
504
770
771
772
831
331
715
1180
1181
1184
333
773
774
775
833
1181
1182
1183
1186
1187
1188
1191
1192
334
834
859
1188
1189
1190
213
214
224
502
503
504
505
716
860
2675
2676
2677
336
718
863
1183
1184
1185
1186
1187
1189
1192
1193
1457
1458
1460
2696
2697
2698
226
837
865
1187
1190
1191
1193
2710
2711
2712
743
908
911
912
1194
1195
1196
218
219
1660
1808
1810
1813
218
219
744
1662
746
1196
1198
1199
1200
1665
1815
1816
1820
1666
222
226
519
521
522
524
776
777
778
902
338
750
1201
1202
1205
223
340
779
780
781
903
1202
1203
1204
1207
225
226
341
904
914
225
226
522
523
524
525
751
915
343
753
918
1204
1205
1206
1207
906
919
230
1208
1209
1210
5393
229
234
533
535
536
537
540
3149
3150
3152
235
541
1210
1211
1213
1214
1215
1216
1217
5448
1222
1223
1224
5451
1229
1230
1231
5454
235
236
586
1231
1232
1233
1234
3163
3165
3166
235
236
553
554
555
557
587
3177
3179
3181
591
1217
1218
1219
1221
592
1224
1225
1226
1227
3170
3171
3173
3184
3186
3187
353
1236
1237
1240
360
708
1243
1244
1247
355
362
1250
1251
1254
5386
242
243
356
363
963
1253
1254
1255
1256
242
243
561
562
563
564
710
964
365
712
967
1246
1247
1248
1249
359
969
1239
1240
1241
1242
258
984
1257
1258
1261
5387
367
715
1264
1265
1268
369
986
1271
1272
1275
5390
249
250
370
987
1005
1274
1275
1276
1277
249
250
262
568
569
570
571
717
1006
372
719
1009
1267
1268
1269
1270
264
990
1011
1260
1261
1262
1263
257
1286
1288
1290
1291
743
1062
1065
1066
1278
1279
1280
1069
1072
1073
1285
1286
1287
256
257
635
1076
1078
1080
1287
1289
1290
1291
256
257
636
745
640
747
1090
1091
1094
1280
1282
1283
1284
641
1054
1292
1293
1296
5396
388
750
1299
1300
1303
390
1056
1306
1307
1310
5399
263
264
391
1057
1082
1309
1310
1311
1312
263
264
610
611
612
613
752
1083
393
754
1086
1302
1303
1304
1305
1059
1087
1295
1296
1297
1298
267
402
782
949
5170
267
275
783
1096
5171
404
784
1098
5488
278
796
1870
1871
5173
280
797
1873
1874
5176
798
1876
1877
5178
281
831
1879
1880
5180
277
832
1151
1883
1884
5183
279
833
1882
1883
5186
276
405
838
991
5189
276
839
1111
5190
407
840
1113
5508
845
1152
1889
1890
5192
846
1885
1886
5195
847
1888
1889
5198
883
1891
1892
5201
902
1894
1895
5203
903
1897
1898
5206
284
408
907
1061
5209
410
416
909
5551
1313
1314
412
1900
1901
5404
1316
1317
1320
354
681
1903
1904
1907
5402
682
1910
1911
1914
5403
292
293
683
694
1913
1914
1915
1916
292
293
357
676
677
678
679
695
358
686
698
1906
1907
1908
1909
700
1319
1320
1321
1322
301
782
786
787
949
953
954
1323
1324
1325
460
1330
1334
1752
1753
1756
2976
2977
2980
2981
3302
3303
3304
710
712
713
714
729
964
965
967
3219
3220
3221
3224
3225
3227
3230
3231
304
461
1918
1919
1920
305
731
3218
3219
3222
306
462
732
1345
1346
1347
465
735
3226
3227
3228
838
842
843
991
995
996
1351
1353
3032
3034
3035
3037
309
702
1925
1926
1927
310
717
719
720
721
722
1006
1007
1009
1379
1381
1384
1385
3233
3234
3235
3238
703
1932
1933
1934
724
3232
3233
3236
704
725
1373
1374
1375
314
706
728
1380
1381
1382
743
907
911
913
1061
1065
1067
1386
1387
1388
737
1393
1394
1397
1925
1927
1930
312
314
752
754
755
756
757
1083
1085
1086
313
738
746
1387
1389
1391
1392
1394
1395
1396
1399
1815
1817
1818
313
747
759
1090
1092
1093
1388
1390
1391
1392
314
739
748
760
741
762
1380
1381
1385
1396
1397
1398
1399
317
1173
1243
317
403
767
1174
5210
769
1175
320
1180
1264
5211
320
406
774
1181
5212
775
1182
5564
323
1201
1299
5214
323
409
780
1202
5215
781
1203
5594
1323
1400
1401
1404
326
332
783
784
785
788
796
1096
1097
1098
1428
1429
1432
1434
798
1099
1100
1101
1401
1402
1403
1405
1407
1408
1411
1412
799
817
1408
1409
1410
335
818
1324
1415
1416
1417
822
1326
1422
1423
1424
337
801
823
1429
1430
1431
1351
1435
1436
1439
333
839
840
841
844
846
1111
1112
1113
1463
1464
1467
1468
847
1114
1115
1116
1436
1437
1438
1440
1442
1443
1446
1447
848
873
1443
1444
1445
874
1352
1450
1451
1452
877
1354
1457
1458
1459
851
879
1464
1465
1466
1386
1470
1471
1474
1194
1477
1478
1481
341
1120
1121
1122
1471
1472
1473
1475
1478
1479
1480
1483
343
344
1814
343
344
910
911
912
913
1196
1387
1815
1389
1473
1474
1475
1476
1818
1198
1480
1481
1482
1483
1820
374
542
1484
1485
1488
5418
1491
1492
1495
352
544
1498
1499
1502
5421
350
351
545
935
1501
1502
1503
1504
350
351
378
931
932
933
934
936
939
1494
1495
1496
1497
380
548
941
1487
1488
1489
1490
414
1507
1508
5424
1510
1511
1514
956
1938
1939
1942
5405
958
1945
1946
1949
5406
358
359
959
977
1948
1949
1950
1951
358
359
945
946
947
948
978
961
981
1941
1942
1943
1944
983
1513
1514
1515
1516
1323
1517
1518
1521
368
957
1524
1525
1528
5407
958
1531
1532
1535
5410
365
366
959
970
1534
1535
1536
1537
365
366
371
952
953
954
955
971
1325
974
1327
1520
1521
1522
1523
373
962
975
1527
1528
1529
1530
1351
1538
1539
1542
999
1545
1546
1549
5412
1000
1552
1553
1556
5415
372
373
1001
1012
1555
1556
1557
1558
372
373
994
995
996
997
1013
1353
1016
1355
1541
1542
1543
1544
1004
1017
1548
1549
1550
1551
600
1559
1560
1563
5427
381
1137
1566
1567
1570
383
602
1573
1574
1577
5430
379
380
384
603
1047
1576
1577
1578
1579
379
380
1022
1023
1024
1025
1048
1139
386
1051
1141
1569
1570
1571
1572
605
1052
1562
1563
1564
1565
1144
1580
1581
1584
395
1027
1587
1588
1591
5433
1028
1594
1595
1598
5436
386
387
1029
1040
1597
1598
1599
1600
386
387
399
1036
1037
1038
1039
1041
1146
1044
1148
1583
1584
1585
1586
400
1032
1045
1590
1591
1592
1593
1386
1601
1602
1605
396
1278
1608
1609
1612
397
1615
1616
1619
5439
393
394
398
1089
1618
1619
1620
1621
393
394
1064
1065
1066
1067
1090
1280
1388
1093
1390
1604
1605
1606
1607
401
1094
1282
1611
1612
1613
1614
1055
1622
1623
1626
5442
1285
1629
1630
1633
1056
1636
1637
1640
5445
400
401
1057
1075
1639
1640
1641
1642
400
401
1071
1072
1073
1074
1076
1287
1060
1079
1625
1626
1627
1628
1080
1289
1632
1633
1634
1635
404
1400
1517
5217
404
1099
1401
5218
1101
1402
5605
407
1435
1538
5220
407
1114
1436
5221
1116
1437
5623
410
1470
1601
5223
410
1120
1471
5224
1122
1472
5692
419
653
1952
1953
5483
654
1955
1956
5486
417
543
1958
1959
5523
544
1961
1962
5526
416
1121
1478
5226
1122
1479
5720
531
1964
1965
5575
420
534
1967
1968
5578
1208
1970
1971
5581
1212
1973
1974
5584
425
426
427
445
466
574
575
576
426
427
446
425
427
581
582
583
425
426
467
470
588
589
590
450
471
451
595
596
597
432
648
1674
3240
3241
3242
434
1705
1984
1985
1986
435
650
1707
3247
3248
3249
480
494
3253
3254
3257
459
481
3261
3262
3263
460
3267
3268
3271
495
3855
3856
3860
3861
3862
3863
3866
3868
3869
3870
3874
3875
484
497
3275
3276
3277
461
486
3281
3282
3285
498
3288
3289
3292
440
443
452
1821
440
444
1123
441
1125
1823
443
444
1126
1824
443
444
456
457
1826
1129
450
451
473
723
726
727
5096
5098
5099
5102
450
451
1643
5089
5090
5093
450
474
1644
5099
5100
5101
5102
477
1645
5096
5097
5100
478
730
733
734
5090
5091
5092
5095
454
457
1835
454
458
1130
455
1132
1837
457
458
1133
1838
457
458
1840
1136
701
1674
3296
3297
3298
3302
3303
3306
703
3309
3310
3313
704
1723
2072
2075
4156
4158
4159
4162
1676
1724
2079
2080
2081
707
1678
1728
2086
2087
2088
1729
2092
2093
2096
470
471
472
473
616
617
619
470
471
471
472
475
470
472
623
624
626
630
631
634
478
479
637
638
639
477
478
479
758
761
763
477
478
1681
478
479
477
479
1682
1683
3134
3135
3137
5096
5100
5102
3140
3143
3144
506
3316
3317
3320
648
701
3324
3325
3326
514
702
3330
3331
3334
508
515
649
3338
3339
3340
510
650
3345
3346
3347
511
516
3351
3352
3355
703
3358
3359
3362
489
492
1173
489
493
490
1175
492
493
1176
492
493
1178
506
3365
3366
3369
1705
2156
2157
2158
509
1706
2163
2164
2165
510
1707
3373
3374
3375
2189
2192
3288
3292
3293
4562
4564
4565
4567
501
504
519
501
505
1180
502
1182
504
505
1183
504
505
523
524
1185
3379
3380
3383
527
2202
2203
2206
528
1708
2210
3339
3340
3341
4625
4626
4629
4630
4632
4633
4636
4638
1709
2217
2218
2219
1710
3387
3388
3389
529
3393
3394
3397
526
1660
4979
4980
4983
736
1661
1711
4987
4988
4989
737
3400
3401
3404
528
1712
2251
2252
2253
3338
3340
3342
529
2257
2261
3352
3355
3357
4744
4746
4747
4749
530
1664
1713
4994
4995
4996
738
1665
5000
5001
5004
521
524
521
525
1201
522
1203
524
525
1204
524
525
1206
530
2264
2266
2267
2270
4979
4983
4985
2202
2206
2208
2265
2266
2267
2269
3130
3408
3409
3410
2264
2265
2268
3394
3397
3399
3131
3407
3410
3412
3413
4994
4996
4998
534
535
543
1964
1965
1966
5730
534
537
552
1209
5733
535
537
546
553
536
1212
1967
1968
1969
5736
536
547
537
1213
557
1214
539
580
661
662
664
541
584
541
549
587
591
600
2271
2272
2273
5461
547
1958
1959
1960
2279
2281
2283
2284
5464
2278
2279
2280
5467
547
548
2280
2282
2283
2284
3148
547
548
604
3149
3152
605
2273
2275
2276
2277
3154
550
629
3150
3151
3153
632
937
938
940
554
556
601
1222
5721
556
557
1216
5724
554
557
604
555
606
1226
556
557
1219
1227
1220
1228
5727
1221
560
564
1236
560
563
1243
561
1238
1245
563
564
1239
1246
563
564
1248
1242
567
570
607
1257
5459
567
571
1264
568
1259
1266
5460
570
571
1260
1267
570
571
611
612
1262
1269
576
577
578
586
593
3164
3165
3168
577
578
615
722
1007
1008
1010
576
578
588
616
576
577
595
723
590
597
598
724
1014
1015
1018
592
618
3171
3172
3174
583
584
585
586
593
584
585
689
690
692
583
584
589
583
585
596
590
597
591
599
696
697
699
590
591
592
591
592
629
590
592
630
590
591
633
597
598
599
3157
3158
3161
598
599
729
965
966
968
597
598
730
597
599
731
972
973
976
979
980
982
2285
2286
2287
5470
606
1026
2293
2295
2297
2298
5473
1028
2292
2293
2294
5476
605
606
1029
2294
2296
2297
2298
3176
605
606
3177
2287
2289
2290
2291
3180
1031
3181
609
612
1292
5481
609
613
1299
610
1294
1301
5482
612
613
1295
1302
612
613
1297
1304
618
619
620
628
635
1077
1078
1081
618
620
757
1084
1085
1088
618
619
630
619
620
637
758
633
3192
3193
3196
634
639
640
759
1091
1092
1095
625
626
627
628
635
625
627
625
626
631
626
627
638
632
634
639
641
632
633
634
1042
1043
1046
632
633
3178
3179
3182
633
634
632
634
1049
1050
1053
3185
3186
3189
639
640
641
640
641
3139
639
640
3140
639
641
3141
644
1102
644
646
1105
1104
1107
647
647
1117
1119
1849
3415
3416
3417
1708
1712
2307
2308
2309
3338
3339
3343
1710
3422
3423
3424
1714
1850
5008
5009
5010
654
657
666
1822
1825
1827
5753
654
658
1208
1952
1953
1954
5755
655
1828
1832
1833
1955
1956
1957
5758
657
658
657
658
670
1210
671
1211
663
664
665
663
665
688
663
664
689
664
665
691
668
671
1836
1839
1841
5739
668
672
680
1215
5741
669
682
1842
1846
1847
5744
671
672
683
671
672
1217
685
1218
675
679
1316
675
678
943
1903
676
1318
1905
678
679
1319
1906
678
679
946
947
1909
1322
682
685
1229
5746
682
686
956
1904
1907
1908
5749
683
1911
1914
1916
5751
685
686
685
686
960
1231
1232
961
691
692
693
694
691
693
691
692
692
693
697
699
700
698
699
700
698
700
978
698
699
979
699
700
981
1849
3429
3430
3431
737
3435
3436
3439
3442
3443
3446
1730
2347
2350
4940
4942
4943
4945
740
1731
1851
2354
2355
2356
741
1735
2360
2361
2364
1736
1853
2368
2369
2370
711
712
1173
1177
1178
1243
1247
1248
1323
711
714
1330
712
714
713
1326
1332
2983
2986
2987
713
1327
714
1328
1333
1336
718
719
1180
1184
1185
1264
1268
1269
1351
718
721
751
1358
719
721
752
720
1354
1360
3046
3049
3050
720
1355
721
1356
1361
756
1364
724
728
757
724
727
730
725
731
3233
3236
3238
727
728
732
1374
1375
1378
1730
5049
5050
5053
727
728
761
1732
734
1734
762
1381
1382
1384
1735
731
735
731
734
732
3219
3222
3224
734
735
1346
1347
1350
1723
5042
5043
5046
734
735
1726
1727
1729
3227
3228
3230
738
742
1737
1738
1741
1743
1856
3109
4987
4989
4992
2374
2375
2378
3401
3404
3406
3436
3439
3441
739
2374
2376
2377
2379
3111
5001
5004
5006
741
742
3112
3132
741
742
1737
1740
1742
1743
1858
2354
2355
2358
3133
2360
2364
2366
2375
2376
2377
2380
3136
1860
3114
3138
2381
2382
2383
746
749
3110
747
749
3139
748
2382
2384
2386
2387
3111
748
2383
2385
2386
2387
3141
749
3112
3142
3115
3145
753
754
1201
1205
1206
1299
1303
1304
1386
753
756
1393
754
756
755
1389
1395
755
1390
756
1391
1396
1398
759
762
759
763
3140
760
3141
762
763
3132
3142
762
763
3134
3136
3137
3144
766
766
768
1103
769
769
1099
5227
769
1108
772
776
5228
772
773
1879
5231
775
5764
775
1882
5234
775
1114
5237
5767
778
5240
778
779
1894
5243
781
5779
781
1897
5246
781
1120
5249
5782
784
787
1400
784
788
839
785
1402
787
788
1403
1414
787
788
842
1415
1406
1418
844
1420
791
795
1102
1103
1104
791
794
797
880
1105
1106
1107
792
798
1108
1109
1110
794
795
799
824
2388
2392
2393
2549
2552
2553
794
795
825
881
802
829
882
2410
2411
2413
2578
2579
2581
830
798
846
1870
1871
1872
2402
2404
2405
2408
798
883
1873
1874
1875
2409
2410
2413
2415
1876
1877
1878
2388
2390
2391
2393
803
2388
2389
2392
804
849
884
2396
2397
2398
808
851
2402
2403
2406
809
885
2410
2411
2412
817
824
2416
2418
2419
853
887
2424
2425
2426
819
855
2001
2431
2432
2433
826
889
2002
2438
2439
2440
821
828
2003
2445
2446
2447
823
858
2451
2453
2454
829
891
2459
2460
2461
817
824
2465
2466
2469
816
1330
1751
1752
1756
1757
2494
2495
2496
2499
820
1331
2015
2473
2474
2475
827
2016
2480
2481
2482
821
828
2017
2487
2488
2489
822
1332
2493
2494
2497
830
2466
2467
2468
2471
2479
2482
2484
2485
2500
2501
2504
874
1337
2507
2508
2511
875
2036
2515
2516
2517
1338
2037
2522
2523
2524
2038
2529
2530
2531
1339
2535
2536
2539
879
2542
2543
2546
2549
2551
2552
830
896
1765
1766
1770
1771
2577
2579
2581
2583
897
2043
2557
2558
2559
2044
2564
2565
2566
2045
2571
2572
2573
899
2578
2579
2580
2549
2550
2553
2555
2563
2566
2568
2569
833
837
902
1879
1880
1881
833
836
845
1153
847
1882
1883
1884
2584
2586
2587
2589
848
866
2584
2585
2588
836
837
867
905
1154
850
870
1155
2587
2588
2589
2590
2606
2607
2609
2739
2740
2742
872
906
2585
2586
2587
2590
2752
2754
2756
840
843
1435
840
844
841
1437
843
844
1438
1449
843
844
1450
1441
1453
1454
847
1156
2605
2606
2609
2611
847
1885
1886
1887
2612
2614
2615
2617
1888
1889
1890
2591
2593
2594
2596
852
2591
2592
2595
853
1157
2599
2600
2601
856
1158
2606
2607
2608
858
2612
2613
2616
866
873
2619
2621
2622
1159
2627
2628
2629
868
1161
2099
2634
2635
2636
875
2100
2641
2642
2643
870
1162
2648
2649
2650
871
878
2101
2655
2656
2657
879
2661
2663
2664
866
873
2668
2669
2672
915
1358
2675
2676
2679
869
916
2113
2683
2684
2685
876
1359
2114
2690
2691
2692
877
1360
2696
2697
2700
871
878
2115
2704
2705
2706
872
919
2710
2711
2714
2717
2719
2720
922
1168
1786
1787
1791
1792
2738
2740
2742
2744
2753
2754
2756
2758
1169
2134
2725
2726
2727
924
2135
2732
2733
2734
1170
2739
2740
2741
2136
2746
2747
2748
925
2752
2754
2755
2759
2760
2763
1365
2766
2767
2770
2141
2774
2775
2776
1366
2142
2781
2782
2783
1367
2787
2788
2791
2143
2795
2796
2797
2801
2802
2805
882
883
1117
1118
1119
882
896
885
899
885
1891
1892
1893
885
887
1157
2396
2398
2401
2810
2811
2813
891
2410
2412
2415
2830
2831
2834
890
895
2829
2830
2834
2835
2836
2837
2841
2842
1159
2809
2810
2811
893
1160
2148
2816
2817
2818
897
2149
2823
2824
2825
1163
2808
2810
2813
2814
2815
2817
2820
2821
899
2830
2831
2832
894
900
2150
2837
2838
2839
894
1166
2182
2817
2818
2820
2183
2837
2838
2841
3147
899
900
901
899
901
2188
2844
2845
2846
900
901
2189
3146
2579
2580
2583
2830
2832
2835
2843
2845
2848
2849
2190
2837
2839
2842
2843
2846
2847
2849
3147
903
906
1894
1895
1896
904
1897
1898
1899
906
921
906
922
925
909
913
1470
909
912
1477
910
1472
1479
912
913
1473
1480
912
913
1482
1476
918
919
920
921
1814
918
919
1393
2676
2679
2680
919
920
924
2243
2683
2685
2688
4716
4717
4718
918
920
1394
1817
2244
1395
1818
925
2711
2714
2716
927
1819
2245
925
926
927
1807
925
926
926
927
1809
2257
925
927
2258
2732
2734
2737
4744
4745
4746
2754
2755
2758
1811
1812
2259
930
934
1019
1484
5521
930
933
1491
931
1486
1493
5522
933
934
1487
1494
933
934
1023
1496
1025
1490
939
940
941
3148
939
941
1048
939
940
940
941
1050
3151
3153
1052
3154
944
948
1510
944
947
1938
945
1512
1940
947
948
1513
1941
947
948
1943
1516
951
954
1517
951
955
992
1524
5490
952
1519
1526
5491
954
955
1520
1527
954
955
995
1523
997
1530
961
1939
1942
1944
2857
2860
2861
2863
5492
999
2850
2851
2852
5494
2857
2858
2859
5497
961
962
2859
2861
2862
2863
3155
961
962
1002
3156
3159
1004
2852
2854
2855
2856
3160
967
968
969
970
977
967
969
967
968
973
968
969
980
974
976
982
983
974
975
976
3155
974
975
1013
3218
975
976
1014
3157
974
976
3219
3220
1017
3160
3161
981
982
983
3155
981
983
981
982
3158
982
983
3159
3161
1054
2864
2865
2866
5499
989
998
1223
2872
2875
2876
2877
5502
1000
2871
2872
2873
5505
989
990
1001
2873
2874
2876
2877
3169
989
990
1058
1224
3170
1003
1225
3173
1059
2866
2867
2869
2870
3175
993
996
1538
993
997
1545
5510
994
1540
1547
5511
996
997
1541
1548
996
997
1544
1550
1003
1230
2886
2888
2890
2891
5512
2878
2879
2880
5515
2885
2886
2887
5518
1003
1004
2887
2889
2890
2891
3162
1003
1004
1231
3163
1233
3166
2880
2882
2883
2884
3167
1009
1010
1011
1012
3169
1009
1011
1083
1009
1010
1015
1010
1011
1084
3172
1016
1018
3174
1087
3175
1016
1017
1018
3162
1016
1017
3232
1017
1018
3164
1016
1018
3233
3234
3167
3168
1021
1025
1559
5529
1021
1024
1566
1022
1561
1568
5530
1024
1025
1562
1569
1024
1025
1571
1565
1031
1222
2900
2902
2904
2905
5531
1055
2892
2893
2894
5534
2899
2900
2901
5537
1031
1032
2901
2903
2904
2905
3183
1031
1032
1058
1224
3184
1226
3187
1060
2894
2896
2897
2898
3188
1035
1038
1580
1035
1039
1068
1587
5540
1036
1582
1589
5541
1038
1039
1583
1590
1038
1039
1072
1585
1074
1593
1044
1045
1046
1047
3183
1044
1045
1076
1044
1046
1049
1045
1046
1077
3185
1051
1079
3188
1053
3189
1051
1052
1053
3176
1051
1052
1051
1053
1052
1053
3178
3180
3182
2906
2907
2908
5542
2913
2914
2915
5545
2920
2921
2922
5548
1059
1060
2922
2923
2925
2926
3190
1059
1060
3191
2908
2909
2911
2912
3194
2915
2917
2918
2919
3195
1063
1067
1601
1063
1066
1608
1064
1603
1610
5552
1066
1067
1604
1611
1066
1067
1613
1607
1070
1074
1622
5553
1070
1073
1629
1071
1624
1631
5554
1073
1074
1625
1632
1073
1074
1634
1627
1079
1080
1081
1089
3190
1079
1080
1079
1081
3192
1080
1081
1091
3195
1094
1095
3196
1086
1087
1088
1089
3190
1086
1087
1087
1088
3193
1086
1088
1092
1093
3194
1095
3196
1093
1094
1095
1093
1094
1094
1095
1093
1095
1098
1111
5252
1098
1100
1870
5255
1101
5789
1101
5258
1101
1876
5260
5792
1104
1104
1108
1110
1107
1117
1107
1109
1873
5263
1110
1110
1110
1877
5264
1113
5265
1113
1115
1885
5268
1116
5795
1116
5271
1116
1888
5274
5798
1119
1119
1891
5277
1122
5278
1122
5281
5801
1125
1129
1125
1128
1313
1829
1126
1830
1128
1129
1831
1128
1129
1314
1315
1834
1132
1136
1132
1135
1317
1843
1133
1844
1135
1136
1845
1135
1136
1320
1321
1848
1140
1141
1144
1566
1570
1571
1140
1143
1141
1143
1142
1147
1142
1148
1143
1149
1147
1148
1580
1584
1585
1147
1150
1286
1148
1150
1287
1149
1149
1150
1291
1152
1153
5283
1156
5286
1155
1156
1155
1168
1158
1170
2970
2972
2974
1158
1158
1159
2599
2600
2604
2929
2930
2933
1162
2606
2608
2611
2949
2951
2953
2928
2929
2930
1166
2195
2935
2936
2937
1169
2196
2942
2943
2944
1170
2949
2950
2951
1164
2927
2930
2932
2933
2934
2936
2939
2940
1171
2948
2951
2953
2954
2955
2958
2960
2961
1167
1172
2197
2956
2957
2958
1167
2230
2936
2937
2940
2231
2956
2958
2960
2969
2970
2973
2974
2236
2963
2964
2965
2970
2971
2972
1172
2969
2972
2974
2975
2238
2957
2958
2961
2962
2965
2966
2968
4688
4689
4690
1175
1178
1175
1179
1401
1176
1178
1179
1178
1179
1404
1405
1182
1185
1182
1186
1436
1183
1185
1186
1185
1186
1439
1440
1191
1192
1193
1191
1192
1443
2584
1192
1193
1444
2668
1191
1193
2585
2669
2586
1446
2670
1197
1198
1477
1481
1482
1197
1200
2381
1198
1200
2382
1199
1199
1200
2384
1203
1206
1203
1207
1471
1204
1206
1207
1206
1207
1474
1475
1211
1212
1970
1971
1972
5770
1212
1214
1216
5773
1211
1214
1217
1213
1213
1973
1974
1975
5776
1214
1221
1218
1220
1229
5803
1220
1221
5806
1218
1221
1219
1232
1220
1221
1234
1235
5809
1226
1228
5812
1225
1228
1230
5815
1225
1226
1227
1233
1227
1228
1234
1235
5818
1232
1235
5821
1233
1235
5824
1232
1233
1234
1234
1235
5827
1238
1242
1238
1241
1250
1511
1239
1252
1241
1242
1253
1241
1242
1514
1255
1515
1245
1248
1245
1249
1251
1518
5555
1246
1252
1248
1249
1253
1248
1249
1521
1256
1522
1252
1255
1945
1252
1256
1531
5556
1253
1255
1256
1255
1256
1535
1949
1950
1536
1259
1262
1292
5557
1259
1263
1271
2864
5559
1260
1273
5562
1262
1263
1274
1262
1263
1296
2866
1297
1276
2867
1266
1269
1266
1270
1272
1539
5566
1267
1273
5567
1269
1270
1274
1269
1270
1542
1277
1543
1273
1276
2871
5568
1273
1277
1552
5571
1274
5573
1276
1277
1276
1277
1556
2873
2874
1557
1281
1282
1285
1608
1612
1613
1281
1284
2381
1282
1284
2383
1283
1288
1283
1289
1284
1290
2385
1288
1289
1629
1633
1634
1288
1291
1289
1291
1290
1290
1291
1294
1297
5587
1294
1298
1306
2906
5589
1295
1308
5592
1297
1298
1309
1297
1298
2908
1311
2909
1301
1304
1301
1305
1307
1602
5596
1302
1308
5597
1304
1305
1309
1304
1305
1605
1312
1606
1308
1311
2920
5598
1308
1312
1615
5601
1309
5603
1311
1312
1311
1312
1619
2922
2923
1620
1315
1900
1315
1902
1318
1322
1318
1321
1910
1319
1912
1321
1322
1913
1321
1322
1915
1326
1327
1400
1404
1406
1517
1521
1523
1326
1329
1337
1352
1415
1416
1418
2990
2993
2995
3032
3036
3037
1327
1329
1353
3218
1328
1339
1422
1424
1426
3004
3007
3009
1328
3220
1329
1340
3221
1343
1357
3026
3027
3029
3223
1336
2983
2984
2987
2988
1338
2057
2977
2978
2979
1339
2983
2985
2986
1335
1336
1340
2984
2986
2987
2989
3225
1335
1336
2058
3226
1342
2059
2976
2979
2980
2982
3019
3020
3023
3229
4079
4080
4081
3231
1365
2990
2992
2993
2064
2998
2999
3000
3004
3006
3007
1344
3005
3007
3009
3010
3018
3020
3023
3024
3025
3027
3029
3030
1345
1369
2065
3012
3013
3014
1348
2066
3019
3020
3021
1349
1371
3026
3027
3028
1348
1349
1350
3221
3225
1348
1349
1373
2071
3013
3014
3016
4156
4157
4158
1349
1350
1374
3222
1348
1350
2072
3228
2073
3020
3021
3024
3229
1377
3027
3028
3030
3223
3224
3230
1354
1355
1435
1439
1441
1538
1542
1544
1365
3032
3033
3036
1355
1357
3232
1356
1367
1457
1459
1461
3033
3034
3035
3038
3074
3077
3079
1356
3234
1357
1368
3082
3084
3085
3235
1371
3035
3036
3037
3038
3103
3104
3107
3237
1364
1393
1924
1925
1929
1930
2675
2679
2681
3046
3047
3050
3051
1366
2332
3040
3041
3042
1367
3046
3048
3049
1364
1368
1379
3047
3049
3050
3052
3053
3055
3058
3059
3082
3083
3086
1364
1380
1397
1924
1927
1928
1930
2333
3053
3056
3057
3059
1370
1383
2334
3054
3055
3056
1385
1398
3060
3062
3063
2339
3068
3069
3070
3074
3076
3077
1372
3082
3083
3084
1373
2340
3089
3090
3091
1376
2341
3096
3097
3098
1377
3103
3104
3105
1376
1377
1378
1379
3083
3084
3087
3235
1376
1377
2346
3090
3091
3094
4940
4941
4942
1377
1378
3236
1376
1378
1382
2347
1383
2348
3097
3098
3101
3104
3105
3108
3237
1384
3238
1383
1384
1385
1383
1385
2360
1384
1385
1383
1384
2361
2362
3055
3056
3059
1389
1390
1470
1474
1476
1601
1605
1607
1389
1392
2382
1390
1392
2383
1391
1391
1392
2386
1395
1398
1395
1399
2374
1396
1398
1399
1398
1399
2375
2376
1402
1406
1402
1405
1403
1405
1406
1421
1405
1406
1422
1425
1426
1411
1412
1413
1421
1428
1411
1412
2388
1411
1413
1423
2500
1412
1413
1430
2389
2501
1425
1432
2390
1427
1433
2502
1418
1419
1420
1421
1428
1418
1420
1450
1418
1419
1424
2507
1419
1420
1431
1452
2508
1426
1427
1433
2509
1434
1454
1425
1426
1427
1425
1426
1425
1427
2535
1426
1427
2536
2537
1432
1433
1434
1432
1434
1464
2402
1432
1433
2403
2542
1433
1434
1466
2543
2404
2544
1467
1437
1441
1437
1440
1438
1440
1441
1456
1440
1441
1457
1460
1461
1446
1447
1448
1456
1463
1446
1447
2591
1446
1448
1458
2759
1447
1448
1465
2592
2760
1460
1468
2593
1462
1469
2761
1453
1454
1455
1456
1463
1453
1454
3032
1453
1455
1459
2766
3033
1454
1455
1466
2767
1461
3034
1467
1462
1469
2768
1460
1461
1462
1460
1461
1460
1462
2787
1461
1462
2788
2789
1467
1468
1469
1467
1468
2612
1468
1469
2613
2801
1467
1469
2802
2614
2803
1472
1476
1472
1475
1473
1475
1476
1475
1476
1479
1482
1479
1483
1480
1482
1483
1482
1483
1486
1490
1559
5641
1486
1489
1498
2271
5643
1487
1500
5646
1489
1490
1501
1489
1490
1563
2273
1503
2275
1565
1493
1496
1493
1497
1499
1505
5648
1494
1500
5649
1496
1497
1501
1496
1497
1504
1506
1500
1503
2278
5650
1500
1504
1507
5653
1501
5655
1503
1504
1503
1504
1508
2280
2282
1509
1506
1507
5657
1509
1509
5658
1509
1962
1512
1516
1512
1515
1945
1513
1947
1515
1516
1948
1515
1516
1950
1519
1523
1519
1522
1531
5607
1520
1533
5608
1522
1523
1534
1522
1523
1536
1526
1530
1545
5609
1526
1529
1532
2850
5611
1527
1533
5614
1529
1530
1534
1529
1530
1549
2852
1537
2854
1550
1533
1536
5616
1533
1537
2858
5618
1534
5621
1536
1537
1536
1537
2859
2862
1540
1544
1540
1543
1552
5625
1541
1554
5626
1543
1544
1555
1543
1544
1557
1547
1550
5627
1547
1551
1553
2878
5629
1548
1554
5632
1550
1551
1555
1550
1551
2880
1558
2882
1554
1557
5634
1554
1558
2885
5636
1555
5639
1557
1558
1557
1558
2887
2889
1561
1565
5660
1561
1564
1573
2285
5662
1562
1575
5665
1564
1565
1576
1564
1565
2287
1578
2289
1568
1571
1568
1572
1574
1581
5667
1569
1575
5668
1571
1572
1576
1571
1572
1584
1579
1586
1575
1578
2292
5669
1575
1579
1594
5672
1576
5674
1578
1579
1578
1579
1598
2294
2296
1599
1582
1585
1582
1586
1594
5676
1583
1596
5677
1585
1586
1597
1585
1586
1599
1589
1593
1622
5678
1589
1592
1595
2892
5680
1590
1596
5683
1592
1593
1597
1592
1593
1626
2894
1600
2896
1627
1596
1599
5685
1596
1600
2899
5687
1597
5690
1599
1600
1599
1600
2901
2903
1603
1607
1603
1606
1615
5694
1604
1617
5695
1606
1607
1618
1606
1607
1620
1610
1613
1610
1614
1616
1630
5696
1611
1617
5697
1613
1614
1618
1613
1614
1633
1621
1635
1617
1620
5698
1617
1621
1637
5700
1618
5702
1620
1621
1620
1621
1640
1642
1624
1627
5704
1624
1628
1636
2913
5706
1625
1638
5709
1627
1628
1639
1627
1628
2915
1641
2917
1631
1634
1631
1635
1637
5711
1632
1638
5712
1634
1635
1639
1634
1635
1642
1638
1641
2921
5713
1638
1642
5716
1639
5718
1641
1642
1641
1642
2922
2925
1645
3205
3208
3209
5089
5093
5094
1645
1681
1683
3212
3215
3216
5097
5100
5101
1651
1652
1976
1983
3449
3450
3454
3455
4975
1651
1654
1977
3116
3449
3451
3453
3454
3464
3465
3467
3668
3669
3670
1652
1656
1984
3449
3452
3453
3455
3478
3479
3481
1651
1652
3117
4976
1657
1980
1987
3450
3451
3452
1981
3119
4977
1989
4978
2008
2018
2022
3457
3458
3459
1668
2009
3464
3465
3466
1669
2019
3471
3472
3473
2023
3478
3479
3480
2012
2026
3485
3486
3487
1671
2013
2020
3492
3493
3494
2021
2028
3499
3500
3501
1664
1665
1666
4980
4983
4984
1664
1665
3109
4988
4989
4990
5084
1665
1666
3110
1664
1666
5085
4994
4995
4997
5086
3111
5000
5004
5005
2050
2060
2078
3506
3507
3508
2051
3116
3513
3514
3515
1673
2061
3471
3472
3474
3519
3522
3523
3525
4095
4096
4097
1672
1673
2079
3118
2054
2062
3520
3521
3522
2055
2082
3120
3505
3507
3509
3511
3512
3515
3517
3518
2063
2084
3505
3508
3510
3511
1849
5014
5015
5016
1680
3117
3119
3121
3122
4976
4977
5022
5024
5025
5026
1680
2079
2080
2082
3118
3120
3121
3122
3204
5029
5030
5031
5034
1852
5021
5022
5023
1853
3206
5028
5029
5032
1680
1854
3207
5023
5025
5026
5027
5031
5032
5033
5034
3210
1683
1683
2106
2116
2120
3534
3535
3536
1699
1717
2107
3541
3542
3543
1693
1718
2117
3548
3549
3550
1694
1700
2121
3555
3556
3557
1695
2118
2125
3562
3563
3564
1702
2111
2126
3569
3570
3571
1720
2112
2119
3576
3577
3578
1696
1697
2246
2250
3582
3583
3587
3588
4986
1696
1697
1738
4968
4987
1697
1739
2247
3548
3549
3551
3582
3584
3586
3587
4725
4726
4727
1696
2251
3555
3556
3558
3582
3585
3586
3588
4969
2248
2254
3583
3584
3585
2256
4971
4991
1741
2249
4992
1703
1704
2299
2306
3596
3597
3601
3602
5007
2300
3197
3590
3591
3592
1703
2307
3555
3557
3559
3596
3599
3600
3602
4969
1703
1704
3198
4970
5008
2304
2310
3597
3598
3599
2312
4972
5012
2305
3200
3589
3592
3594
3595
5013
3603
3604
3605
1709
2163
2164
2168
3611
3614
3615
3616
1710
3248
3249
3250
3374
3375
3376
3610
3611
3612
3130
3617
3618
3619
2217
2218
2222
3625
3627
3629
3630
3388
3389
3390
3423
3424
3425
3624
3625
3626
1713
1715
1856
4968
4971
4973
4974
4987
4988
4991
5084
3130
5035
5036
5037
3131
4995
4996
4999
5036
5038
5040
5041
5086
1715
1857
4970
4972
4973
4974
5008
5009
5012
1859
5088
2325
2335
2353
3632
3633
3634
2326
3197
3639
3640
3641
1739
2336
3646
3647
3648
1721
1722
1740
2354
3199
2330
2337
3653
3654
3655
1742
2338
2358
3631
3633
3636
3637
3645
3648
3650
3651
2331
2359
3201
3631
3634
3635
3637
3638
3641
3643
3644
4850
4851
4853
1730
5042
5043
5044
1728
1729
2080
2081
2083
3204
1727
1728
1733
3205
5089
1727
1729
5090
1734
5043
5046
5047
5048
5091
1736
2087
2088
2091
3206
5044
5045
5047
5048
2093
2096
2097
5042
5045
5046
5047
5049
5050
5051
1735
1736
2355
2356
2357
3133
3211
1734
1735
3134
5096
1734
1736
3212
5097
5050
5053
5054
5055
5098
2361
2364
2365
3136
5049
5052
5053
5054
2369
2370
2372
3213
5051
5052
5054
5055
1741
1742
1743
2377
1741
1743
1741
1742
2378
3646
3648
3650
1742
1743
2379
2380
1748
1749
1750
2423
2430
2437
1749
1750
1773
1801
2424
1748
1749
1775
2431
3253
1748
1750
1803
2438
3254
2434
2441
3255
1777
2428
2436
1805
2429
2443
1755
1756
1757
2472
2479
1756
1757
1755
1756
2473
3267
1755
1757
2480
3268
2476
2483
3269
2478
2485
1762
1763
1764
2510
2514
2521
1763
1764
1794
1918
2511
1762
1763
1795
2515
3281
1762
1764
1919
2522
3282
2518
2525
3283
1798
2512
2520
1922
2513
2527
1769
1770
1771
2556
2563
1770
1771
1769
1770
2557
3288
1769
1771
2564
3289
2560
2567
3290
2562
2569
1776
1777
1778
2626
2633
2640
1777
1778
1864
2627
1776
1778
1866
2634
3316
1776
1777
2641
3317
2637
2644
3318
2630
2645
1868
2632
2639
1783
1784
1785
2678
2682
2689
1784
1785
1925
2679
1783
1784
2683
3330
1783
1785
1926
2690
3331
2686
2693
3332
2680
2688
1929
2681
2695
1790
1791
1792
2724
2731
1791
1792
1790
1792
2725
3351
1790
1791
2732
3352
2728
2735
3353
2737
2730
1797
1798
1799
2769
2773
2780
1798
1799
1932
2770
1797
1798
2774
3358
1797
1799
1933
2781
3359
2777
2784
3360
2771
2778
1936
2772
2786
1804
1805
1806
2808
2815
2822
1805
1806
1864
2809
1804
1806
1865
2816
3365
1804
1805
2823
3366
2819
2826
3367
2812
2827
1869
2814
2821
1811
1812
1813
1814
1811
1813
1811
1812
4979
1812
1813
1816
4980
1819
4981
1820
1818
1819
1820
1818
1820
1819
1820
5000
1818
1819
5001
5002
1823
1826
1835
1823
1827
1828
5762
1824
1830
1826
1827
1831
1826
1827
1839
1840
1833
1830
1833
5763
1830
1834
1900
1831
1833
1834
1833
1834
1901
1902
1837
1840
1837
1841
1842
5760
1838
1844
1840
1841
1845
1840
1841
1847
1844
1847
5761
1844
1848
1910
1845
1847
1848
1847
1848
1914
1915
5056
5057
5058
1855
1857
3198
3200
3202
3203
5008
5010
5013
5064
5066
5067
5068
1855
1858
2354
2356
2359
3199
3201
3202
3203
3211
5071
5072
5073
5076
5063
5064
5065
3213
5070
5071
5074
1855
3214
5065
5067
5068
5069
5073
5074
5075
5076
1862
3217
1859
1860
1859
1862
1860
1862
1861
1861
1862
1867
1868
1869
2927
2934
2941
1868
1869
2928
1867
1869
2935
3379
1867
1868
2942
3380
2938
2945
3381
2931
2946
2932
2939
1872
1876
5289
1872
1886
5292
1878
5988
1875
1877
5295
1875
1892
5297
1878
5991
1878
5300
1878
5303
5994
1881
1882
5305
1881
1895
5308
1884
5997
1884
5311
1884
1889
5314
6000
1887
1888
5317
1887
5320
1890
6003
1890
5323
1890
5326
6006
1893
5329
1893
5331
6009
1896
1897
5334
1896
5337
1899
6012
1899
5340
1899
5343
6015
1902
1902
1956
1905
1909
1938
1905
1908
1911
5785
1906
1912
1908
1909
1913
1908
1909
1942
1916
1943
1912
1915
1912
1916
5786
1913
1915
1916
1915
1916
1921
1922
1923
2991
2997
3011
1922
1923
1932
2992
1921
1922
2998
3309
1921
1923
1934
3012
3310
3001
3015
3311
2994
3002
1937
2996
3017
1928
1929
1930
3039
1929
1930
1928
1929
3040
3435
1928
1930
3436
3043
3437
3044
1935
1936
1937
3061
3067
3088
1936
1937
3062
1935
1936
3068
3442
1935
1937
3089
3443
3071
3092
3444
3064
3072
3065
3093
1940
1943
1940
1944
1946
5787
1941
1947
1943
1944
1948
1943
1944
1951
1947
1950
1947
1951
2857
5788
1948
1950
1951
1950
1951
2859
2861
1954
1955
5866
1954
1971
1957
1957
5869
1957
1960
1961
5925
1960
1965
1963
1963
2279
5928
1963
2280
2283
1966
1967
5976
1966
1969
1969
5979
1969
1974
1972
1973
5982
1972
1975
1975
5985
1975
1981
1982
1990
1997
3680
3681
3684
3685
2009
3526
3667
3668
3669
1991
2010
2301
3674
3675
3676
1981
1982
1998
2302
3239
3242
3243
3245
3527
1994
2012
3681
3682
3683
1999
3529
3666
3669
3670
3671
1995
2000
2303
3673
3676
3677
3679
1987
1988
1989
1990
1987
1989
2023
3856
3857
3860
1987
1988
1992
2024
3604
3696
3697
3699
3863
3864
3866
1988
1989
3605
1994
2026
3450
3452
3455
3702
3704
3706
3878
3879
3881
1996
3606
1995
1996
3701
3702
3705
3706
2031
2314
3688
3689
3690
2032
3610
3695
3696
3697
1995
1996
2316
3246
3249
3250
3252
3612
2033
3702
3703
3704
2317
3687
3690
3691
3693
3613
3694
3697
3698
3699
1999
2000
4975
1999
2000
2321
5021
4977
5024
2323
2036
2100
3708
3709
3712
2043
2149
3715
3716
3719
2038
2045
3722
3723
3726
2029
2039
2046
3730
3731
3732
2030
2103
2152
3737
3738
3739
2034
2042
2104
3711
3712
3713
3714
3729
3731
3733
3734
3736
3738
3740
3741
3933
3934
3936
2035
2048
2153
3744
3745
3746
2029
2039
3751
3752
3753
2051
3758
3759
3760
2031
2108
3765
3766
3767
2040
2052
2109
3772
3773
3774
2033
3779
3780
3781
2041
2054
3786
3787
3788
2034
2042
2110
3793
3794
3795
2037
2057
3799
3800
3803
2044
3806
3807
3810
2038
2045
3813
3814
3817
2039
2046
3821
3822
3823
2061
3828
3829
3830
2041
2062
3835
3836
3837
2049
3842
3843
3844
2029
2046
3849
3850
3851
3856
3857
3858
2032
2157
3863
3864
3865
2047
2158
3870
3871
3872
2033
3877
3878
3879
2035
2048
2159
3884
3885
3886
2049
3891
3892
3893
3898
3899
3900
2128
2176
3905
3906
3907
2129
3912
3913
3914
2177
3919
3920
3921
3926
3927
3928
2131
3933
3934
3935
2179
3940
3941
3942
2042
2141
2515
2516
2518
3281
3283
3284
3287
3709
3712
3713
3953
3955
3956
3958
2064
3946
3947
3950
3953
3954
3957
3961
3962
3963
2068
2145
3968
3969
3970
2069
3975
3976
3977
2146
3793
3795
3797
3960
3963
3964
3965
3967
3970
3971
3973
2188
3981
3982
3985
3988
3989
3992
3995
3996
3999
4003
4004
4005
2192
4010
4011
4012
2193
4017
4018
4019
4024
4025
4026
2067
2085
4031
4032
4033
3526
4038
4039
4040
2068
2327
4045
4046
4047
2086
2328
3528
4052
4053
4054
2069
4059
4060
4061
2089
3530
4030
4032
4034
4036
4037
4040
4041
4042
4051
4053
4055
4056
2070
2090
2329
4066
4067
4068
2064
4072
4073
4076
2063
2092
3303
3304
3305
3308
4080
4081
4082
4085
2066
2094
4079
4080
4083
2067
2095
4087
4088
4089
4094
4095
4096
2069
4101
4102
4103
2098
4086
4089
4090
4092
4093
4096
4097
4099
4107
4108
4111
2071
2340
4114
4115
4118
2073
4121
4122
4125
2074
4129
4130
4131
2343
4136
4137
4138
4143
4144
4145
2076
2344
4150
4151
4152
2346
4156
4157
4160
2073
2077
2093
5042
2074
2094
4122
4125
4127
4157
4158
4159
4161
2077
2085
2095
4129
4131
4134
4163
4165
4167
4168
2077
2087
2350
4163
4166
4168
4169
5044
2090
2351
4164
4165
4166
2091
2097
5045
2082
2083
2084
2085
2095
3507
3508
3511
2082
2084
2082
2083
2088
2083
2084
2096
2089
2091
2097
2098
2089
2090
2091
4032
4033
4036
2089
2090
2368
4053
4054
4056
5028
2090
2091
2369
2089
2091
5029
5030
2371
4066
4068
4070
4165
4166
4168
2094
2098
3226
2094
2097
3228
2095
3229
4080
4083
4085
2097
2098
4087
4089
4092
2097
2098
2134
2196
4170
4171
4174
2104
2141
2641
2642
2644
3317
3318
3319
3321
3708
3712
3714
4178
4179
4180
4183
2136
2143
4177
4178
4181
2127
2137
2144
4185
4186
4187
2128
2199
4192
4193
4194
2131
2146
4184
4186
4188
4190
4191
4193
4195
4196
4381
4382
4385
2132
2139
2200
4199
4200
4201
2127
2144
4206
4207
4208
2300
2326
4213
4214
4215
2129
2301
4220
4221
4222
2145
2327
4227
4228
4229
2131
2146
4234
4235
4236
2133
2304
4241
4242
4243
2147
2330
4248
4249
4250
2135
2243
4254
4255
4258
2142
2332
4261
4262
4265
2136
2143
4268
4269
4272
2137
2144
4276
4277
4278
2247
2336
4283
4284
4285
2140
2248
4290
4291
4292
2147
2337
4297
4298
4299
2127
2137
4304
4305
4306
2251
2307
4311
4312
4313
2130
2211
2308
4318
4319
4320
2138
2212
2252
4325
4326
4327
2132
2139
2213
4332
4333
4334
2140
2254
4339
4340
4341
2133
2310
4346
4347
4348
4353
4354
4355
2224
4360
4361
4362
2314
4367
4368
4369
2225
2315
4374
4375
4376
4381
4382
4383
2227
4388
4389
4390
2318
4395
4396
4397
2236
4401
4402
4405
2258
4408
4409
4412
4415
4416
4419
4423
4424
4425
2240
2261
4430
4431
4432
2241
4437
4438
4439
2262
4444
4445
4446
2143
2146
2774
2775
2777
3358
3360
3361
3363
2339
4450
4451
4454
2144
2796
2797
2798
4178
4181
4183
4269
4272
4274
4451
4452
4453
4455
2146
4185
4186
4190
4206
4208
4211
4276
4278
4281
4464
4466
4468
4469
2343
4458
4459
4460
4234
4236
4239
4457
4459
4461
4462
2345
4465
4466
4467
2182
2195
4471
4472
4475
2188
4478
4479
4482
2183
2190
4485
4486
4489
2175
2184
2191
4493
4494
4495
2176
2199
4500
4501
4502
2179
2193
4507
4508
4509
2180
2186
2201
4514
4515
4516
2160
2161
2175
2191
4520
4521
4525
4526
4528
4530
4532
4954
2160
2161
3603
4955
2160
2177
3604
3863
3865
3868
4520
4522
4524
4525
4543
4544
4547
2161
2192
3870
3871
3874
4520
4523
4524
4526
2179
2193
4521
4522
4523
2181
3607
4959
2194
4960
2166
2167
2168
2175
2184
4529
4530
4533
4954
2167
2168
4956
2166
2168
2178
2218
2166
2167
2185
2219
2180
2186
2220
4556
4558
4560
2187
4958
2181
4959
2170
2174
2189
3146
2171
2183
2190
3147
2173
2174
2184
2191
4954
2173
2174
4957
2187
4958
2194
4960
4528
4529
4530
2224
4535
4536
4537
3610
4542
4543
4544
2181
2226
3372
3375
3376
3378
3611
4555
4558
4560
4561
4549
4550
4551
2228
4556
4557
4558
3614
4527
4530
4532
4533
4541
4544
4545
4547
2183
2186
2230
4472
4475
4476
2184
4485
4489
4490
2186
2187
4493
4495
4497
2186
2187
2233
2234
4514
4515
4518
4562
4563
4566
2190
2194
2191
4486
4489
4491
4563
4564
4565
4568
2194
4493
4494
4498
4569
4571
4574
4575
2194
4010
4011
4014
4569
4572
4573
4575
4570
4571
4572
2230
4576
4577
4580
2236
4583
4584
4587
2231
2238
4590
4591
4594
2223
2232
2239
4598
4599
4600
2224
4605
4606
4607
2227
2241
4612
4613
4614
2228
2234
4619
4620
4621
2204
2208
2237
2204
2207
2205
2231
2238
4689
4692
4694
2207
2208
2232
2239
4696
4698
4700
4961
2207
2208
4962
2235
4965
2242
4966
2214
2215
2223
2239
4639
4640
4644
4645
4647
4649
4651
4697
4698
4701
4961
2214
2215
3408
3617
4963
2225
3618
4626
4627
4628
2240
3409
4633
4634
4635
2227
2241
4640
4641
4642
2242
3411
4632
4635
4637
4638
4966
2229
3620
4625
4628
4629
4631
4967
2220
2221
2222
2223
2232
4648
4649
4652
4961
2221
2222
4964
2220
2222
2226
2220
2221
2233
2228
2234
4675
4677
4680
2235
4965
2229
4967
4647
4648
4649
4654
4655
4656
3624
4661
4662
4663
2229
3386
3389
3390
3392
3625
4674
4677
4678
4680
4668
4669
4670
4675
4676
4677
3627
4646
4649
4651
4652
4660
4663
4664
4666
2231
2234
4577
4580
4582
2232
4590
4594
4595
2234
2235
4598
4600
4602
2234
2235
4619
4620
4624
4681
4682
4685
2242
2265
3394
3395
3396
3399
4689
4690
4691
4694
4688
4689
4692
4696
4697
4698
2268
4703
4704
4705
4710
4711
4712
2269
4695
4698
4700
4701
4702
4705
4707
4708
2258
4716
4717
4720
2245
2249
2374
3401
3402
3403
3406
5001
2246
2259
4717
4718
4719
4722
5002
2249
2260
4730
4732
4734
4736
5003
2378
4724
4725
4726
2262
4731
4732
4733
2379
4723
4726
4727
4729
5006
2255
2256
2260
4737
4738
4741
4743
4993
2256
4311
4312
4315
4737
4739
4741
4742
5035
2255
2261
3409
4325
4327
4330
4737
4740
4742
4743
2255
2256
3410
4996
5036
2262
4738
4739
4740
2263
3412
4998
4999
5038
2259
2263
2264
4979
4744
4745
4748
2260
4745
4746
4747
4750
4981
2263
4751
4753
4756
4757
4982
2263
2268
4430
4432
4435
4751
4754
4755
4757
4752
4753
4754
2270
4985
2266
2270
2266
2269
2267
2269
2270
3407
2269
2270
3409
4703
4705
4708
3411
3412
2274
2275
2278
5830
2274
2277
2286
5833
2275
2277
2287
2276
2281
5836
2276
2282
2277
2284
2291
2281
2282
5839
2281
2283
5842
2282
2283
2284
5845
2284
2284
2288
2289
2292
5848
2288
2291
5851
2289
2291
2290
2295
5854
2290
2296
2291
2297
2295
2296
5857
2295
2298
2900
5860
2296
2298
2901
2297
5863
2297
2298
2905
2303
2305
2313
2320
4772
4773
4776
4778
3659
4759
4760
4761
2314
4766
4767
4768
2303
2305
2321
3414
3417
3418
3419
3660
2317
2323
4765
4767
4769
4771
2318
4773
4774
4775
2324
3662
4758
4761
4762
4763
2311
2312
2313
4779
4780
4783
4785
2312
4311
4313
4316
4779
4781
4783
4784
5035
2311
2315
3618
4318
4320
4323
4779
4782
4784
4785
4795
4796
4799
2311
2312
3619
5037
2318
4780
4781
4782
2319
3621
5039
2317
2319
4800
4801
4805
4806
4787
4788
4789
3624
4794
4795
4796
2317
2319
3421
3424
3425
3426
3626
4786
4788
4790
4792
4801
4802
4803
3628
4793
4796
4797
4799
2323
2324
5007
2323
2324
5063
2324
5010
5064
5013
5066
2342
2367
4808
4809
4810
3659
4815
4816
4817
2343
4822
4823
4824
2368
3661
4829
4830
4831
2344
2371
4836
4837
4838
2345
4843
4844
4845
2373
3663
4850
4851
4852
2339
4856
4857
4860
2338
2360
2375
3436
3437
3438
3441
4864
4865
4866
4869
2341
2362
4863
4864
4867
2342
2363
4871
4872
4873
2378
4878
4879
4880
2345
4885
4886
4887
2366
2380
4870
4873
4874
4876
4877
4880
4881
4883
4891
4892
4895
2346
4898
4899
4902
2348
4905
4906
4909
2349
4913
4914
4915
4920
4921
4922
2351
4927
4928
4929
4934
4935
4936
4940
4941
4944
2348
2352
2361
5049
2349
2362
4906
4909
4911
4941
4942
4943
4946
2352
2363
2367
4913
4914
4918
4947
4949
4952
4953
2352
2369
4947
4950
4951
4953
5051
2371
4948
4949
4950
2365
2372
5052
2357
2358
2359
2363
2367
3633
3634
3637
2358
2359
2357
2358
2364
2357
2359
2370
2365
2372
2366
2373
2362
2366
2362
2365
2363
4864
4867
4869
2365
2366
4871
4873
4876
2365
2366
2371
2372
2373
4808
4810
4813
2371
2373
4830
4831
4834
5070
2371
2372
2372
2373
5071
4836
4838
4841
4949
4950
4953
4850
4852
4855
5072
2376
2379
2376
2380
2377
2379
2380
2379
2380
4724
4726
4729
4878
4880
4883
2384
2385
2384
2386
2385
2386
2387
2387
2387
2390
2393
2390
2394
2403
2416
2391
2404
2393
2394
2405
2409
2393
2394
2411
2419
2413
2407
2414
2420
2399
2400
2401
2405
2409
2400
2401
2599
2399
2400
2406
2425
2601
2399
2401
2412
2426
2407
2414
2427
2408
2602
2415
2404
2408
2612
2404
2407
2451
2405
2407
2408
2407
2408
2453
2616
2455
2617
2413
2414
2415
2413
2415
2413
2414
2459
2414
2415
2460
2462
2420
2421
2451
2501
2420
2421
2422
2444
2452
2458
2421
2422
2445
2504
2551
2420
2422
2459
2552
2455
2462
2449
2456
2505
2450
2463
2554
2427
2428
2429
2452
2458
2428
2429
2627
2809
2427
2428
2453
2629
2427
2429
2460
2811
2455
2462
2457
2630
2464
2812
2434
2435
2436
2444
2452
2434
2436
2641
3708
2434
2435
2446
2516
3709
2435
2436
2454
2517
2643
2448
3710
2449
2456
2519
2457
2645
2441
2442
2443
2444
2458
2441
2443
2823
3715
2441
2442
2447
2558
3716
2442
2443
2461
2559
2824
2448
3717
2450
2463
2561
2464
2827
2448
2449
2450
2449
2450
2529
2571
2448
2449
2530
3722
2448
2450
2572
3723
3724
2533
2575
2455
2456
2542
2455
2456
2457
2455
2457
2663
2456
2457
2546
2664
2547
2665
2462
2463
2464
2462
2463
2578
2462
2464
2831
2463
2464
2580
2832
2582
2833
2467
2470
2493
2500
2467
2471
2549
2468
2495
2470
2471
2486
2496
2470
2471
2487
2504
2551
2491
2498
2506
2492
2555
2476
2477
2478
2486
2496
2476
2478
2977
3799
2476
2477
2488
2523
3800
2477
2478
2497
2524
2978
2490
3801
2491
2498
2526
2499
2981
2483
2484
2485
2486
2483
2485
3806
2483
2484
2489
2565
3807
2484
2485
2566
2490
3808
2492
2568
2490
2491
2492
2491
2492
2529
2571
2490
2491
2531
3813
2490
2492
2573
3814
3815
2534
2576
2495
2498
2535
2495
2499
2983
2496
2498
2499
2498
2499
2539
2985
2540
2988
2502
2506
2535
2502
2505
2542
2503
2537
2544
2505
2506
2528
2538
2545
2505
2506
2529
2533
2547
2534
2540
2509
2513
2536
2990
2509
2512
2543
2767
2510
2537
2544
2512
2513
2538
2545
2512
2513
2770
2992
2548
2771
2541
2994
2518
2519
2520
2528
2545
2518
2520
2774
2518
2519
2530
2519
2520
2546
2776
2532
2533
2547
2548
2778
2525
2526
2527
2528
2538
2525
2527
2998
3946
2525
2526
2531
3947
2526
2527
2539
2999
2532
3948
2534
2540
2541
3002
2532
2533
2534
2533
2534
2532
2533
3953
2532
2534
3954
3955
2537
2540
2537
2541
3004
2538
2540
2541
2540
2541
3006
3008
2544
2547
2544
2548
2802
2545
2547
2548
2547
2548
2805
2806
2553
2555
2553
2554
2555
2570
2577
2554
2555
2571
2553
2554
2578
2581
2575
2582
2576
2560
2561
2562
2570
2577
2560
2562
2844
3981
2560
2561
2572
3982
2561
2562
2580
2845
2574
3983
2575
2582
2583
2848
2567
2568
2569
2570
2567
2569
3988
2567
2568
2573
3989
2568
2569
2574
3990
2576
2574
2575
2576
2575
2576
2574
2575
3995
2574
2576
3996
3997
2581
2582
2583
2581
2582
2581
2583
2582
2583
2586
2589
2591
2586
2590
2717
2587
2589
2590
2589
2590
2595
2719
2596
2721
2593
2596
2593
2597
2613
2619
2594
2614
2596
2597
2605
2615
2596
2597
2607
2621
2609
2610
2618
2623
2602
2603
2604
2605
2615
2602
2604
2603
2604
2608
2628
2602
2603
2616
2629
2617
2610
2618
2631
2611
2609
2610
2611
2609
2611
2609
2610
2648
2610
2611
2649
2651
2614
2617
2614
2618
2661
2615
2617
2618
2617
2618
2663
2666
2623
2625
2661
2760
2623
2624
2625
2647
2654
2662
2623
2624
2648
2719
2624
2625
2655
2720
2763
2651
2666
2652
2659
2722
2660
2667
2764
2630
2631
2632
2647
2662
2630
2632
2928
2631
2632
2649
2929
2630
2631
2663
2665
2651
2666
2653
2931
2637
2638
2639
2647
2654
2637
2639
2942
4170
2638
2639
2650
2726
2943
2637
2638
2656
2727
4171
2658
4172
2652
2659
2729
2653
2946
2644
2645
2646
2654
2662
2644
2645
2644
2646
2657
2775
2645
2646
2664
2776
2658
2665
2660
2667
2779
2651
2652
2653
2651
2652
2739
2651
2653
2949
2652
2653
2741
2950
2743
2952
2658
2659
2660
2659
2660
2746
2795
2658
2659
2747
4177
2658
2660
2796
4178
4179
2750
2799
2666
2667
2801
2665
2666
2667
2665
2666
2665
2667
2805
2807
2670
2674
2696
2759
2670
2673
2710
2717
2671
2698
2712
2673
2674
2699
2703
2713
2673
2674
2704
2720
2763
2708
2715
2723
2701
2709
2765
2677
2681
2697
2677
2680
2711
2678
2698
2712
2680
2681
2699
2713
2680
2681
2716
2702
2686
2687
2688
2703
2713
2686
2688
4254
2686
2687
2705
2733
4255
2687
2688
2714
2734
2707
4256
2708
2715
2736
2716
2693
2694
2695
2699
2703
2693
2695
3040
4261
2694
2695
2700
2782
3041
2693
2694
2706
2783
4262
2707
4263
2701
2709
2785
2702
3044
2698
2701
2787
2698
2702
3046
2699
2701
2702
2701
2702
2791
3048
2792
3051
2707
2708
2709
2708
2709
2746
2795
2707
2708
2748
4268
2707
2709
2797
4269
4270
2751
2800
2712
2715
2752
2712
2716
2713
2715
2716
2715
2716
2755
2757
2721
2723
2752
2721
2722
2723
2738
2745
2753
2721
2722
2739
2722
2723
2746
2742
2756
2743
2750
2751
2757
2728
2729
2730
2738
2745
2728
2730
2963
4401
2729
2730
2741
2964
2728
2729
2747
4402
2749
4403
2743
2750
2744
2967
2735
2736
2737
2745
2753
2735
2737
4408
2735
2736
2748
4409
2736
2737
2755
2749
4410
2751
2757
2758
2742
2743
2744
2742
2743
2742
2744
2970
2743
2744
2971
2973
2749
2750
2751
2750
2751
2749
2750
4415
2749
2751
4416
4417
2756
2757
2756
2757
2758
2756
2758
2757
2758
2761
2765
2787
2761
2764
2801
2762
2789
2803
2764
2765
2790
2794
2804
2764
2765
2795
2799
2807
2792
2800
2768
2772
2788
3060
2768
2771
2802
2769
2789
2803
2771
2772
2790
2804
2771
2772
3062
2806
2793
3064
2777
2778
2779
2794
2804
2777
2778
2777
2779
2796
2778
2779
2805
2798
2806
2799
2807
2784
2785
2786
2790
2794
2784
2786
3068
4450
2785
2786
2791
3069
2784
2785
2797
4451
2798
4452
2792
2800
2793
3072
2789
2792
2789
2793
3074
2790
2792
2793
2792
2793
3076
3078
2798
2799
2800
2799
2800
2798
2799
2798
2800
2803
2807
2803
2806
2804
2806
2807
2806
2807
2812
2813
2814
2829
2812
2814
2928
2813
2814
2930
2812
2813
2831
2833
2834
2932
2819
2820
2821
2836
2819
2821
2935
4471
2820
2821
2936
2819
2820
2838
4472
2840
4473
2841
2939
2826
2827
2828
2829
2836
2826
2827
4478
2827
2828
2832
2845
2826
2828
2839
2846
4479
2840
4480
2833
2835
2842
2849
2833
2834
2835
2834
2835
2833
2834
2833
2835
2840
2841
2842
2841
2842
2840
2841
4485
2840
2842
4486
4487
2847
2848
2849
2847
2848
4562
2848
2849
2847
2849
4563
4564
2853
2854
2858
5872
2853
2856
2879
5875
2854
2856
2880
2855
2860
5878
2855
2862
2856
2863
2884
2860
2861
5881
2860
2862
5883
2861
2862
2863
5886
2863
2863
2867
2868
2871
5889
2868
2870
2907
5892
2867
2870
2908
2869
2874
2869
2875
5895
2870
2876
2912
2874
2875
5898
2875
2877
2886
5901
2874
2877
2887
2876
2876
5904
2877
2891
2881
2882
2885
5907
2881
2884
5910
2882
2884
2883
2888
5913
2883
2889
2884
2890
2888
2889
5916
2888
2891
5919
2889
2891
2890
5922
2890
2891
2895
2896
2899
5931
2895
2898
2914
5934
2896
2898
2915
2897
2902
5937
2897
2903
2898
2904
2919
2902
2903
5940
2902
2905
5943
2903
2905
2904
5946
2904
2905
2909
2910
2920
5949
2910
2912
5952
2909
2912
2911
2923
2911
2924
5955
2912
2926
2916
2917
2921
5958
2916
2919
5961
2917
2919
2918
2924
5964
2918
2925
2919
2926
2923
2924
5967
2924
2925
5970
2923
2925
2926
2926
5973
2926
2931
2932
2933
2948
2931
2932
2931
2933
2949
2932
2933
2952
2953
2938
2939
2940
2955
2938
2939
4576
2939
2940
2938
2940
2956
4577
2959
4578
2960
2945
2946
2947
2948
2955
2945
2946
4583
2946
2947
2950
2964
2945
2947
2957
2965
4584
2959
4585
2952
2954
2961
2968
2952
2953
2954
2952
2953
2952
2954
2971
2953
2954
2972
2975
2959
2960
2961
2959
2960
4590
2959
2961
4591
2960
2961
4592
2966
2967
2968
2969
2966
2967
4681
2967
2968
2971
2966
2968
4682
4683
2973
2975
2973
2974
2975
2973
2974
2973
2975
2974
2975
2980
2981
2982
2984
2980
2981
4072
2981
2982
2985
2999
2980
2982
3000
4073
4074
2988
2989
3003
2987
2988
2987
2988
2989
2988
2989
3006
2987
2989
3007
3010
2994
2995
3004
2994
2995
2996
3005
3025
2994
2996
3062
2995
2996
3026
3063
3008
3009
3029
3031
3065
3001
3002
3003
3005
3018
3001
3002
4107
3002
3003
3006
3001
3003
3019
4108
3022
4109
3008
3010
3023
3008
3009
3008
3009
3010
3008
3010
3009
3010
3015
3016
3017
3018
3025
3015
3017
3089
4114
3015
3016
3021
4115
3016
3017
3028
3091
3022
4116
3024
3030
3031
3093
3022
3023
3024
3022
3023
4121
3023
3024
3022
3024
4122
4123
3029
3030
3031
3029
3031
3103
3029
3030
3030
3031
3105
3106
3034
3037
3034
3038
3060
3035
3037
3038
3037
3038
3063
3066
3043
3044
3045
3047
3053
3043
3044
4856
3044
3045
3048
3069
3043
3045
3054
3070
4857
3057
4858
3051
3052
3058
3073
3050
3051
3050
3051
3052
3051
3052
3076
3050
3052
3077
3080
3057
3058
3059
3057
3058
3096
4863
3058
3059
3097
3057
3059
4864
4865
3100
3064
3066
3074
3064
3065
3066
3075
3102
3064
3065
3065
3066
3103
3078
3106
3079
3107
3071
3072
3073
3075
3095
3071
3072
4891
3072
3073
3076
3071
3073
3096
4892
3099
4893
3078
3080
3100
3078
3079
3078
3079
3080
3081
3078
3080
3079
3080
3082
3085
3086
3085
3086
3087
3095
3102
3085
3086
3086
3087
3097
3085
3087
3104
3107
3100
3101
3108
3092
3093
3094
3095
3102
3092
3093
4898
3092
3094
3098
4899
3093
3094
3105
3099
4900
3106
3101
3108
3099
3100
3101
3099
3100
4905
3100
3101
3099
3101
4906
4907
3106
3107
3108
3106
3107
3107
3108
3106
3108
3111
3114
3111
3115
3112
3114
3115
3114
3115
3119
3120
3513
3515
3517
3526
3119
3122
3120
3122
3121
3529
3121
3530
3122
3531
3127
3128
3129
3540
3547
3554
3128
3129
3541
3127
3129
3548
3127
3128
3555
3551
3558
3544
3559
3545
3552
3131
3408
3410
3413
3617
3619
3623
5036
5037
5041
3136
3137
3138
3136
3138
3136
3137
3137
3138
3141
3145
3141
3144
3142
3144
3145
3144
3145
3147
3152
3153
3154
3152
3154
3177
3152
3153
3153
3154
3178
3180
3159
3160
3161
3159
3160
3163
3160
3161
3164
3159
3161
3167
3166
3167
3168
3169
3166
3167
3167
3168
3166
3168
3171
3173
3174
3173
3174
3175
3173
3175
3191
3173
3174
3174
3175
3193
3194
3180
3181
3182
3183
3180
3181
3180
3182
3181
3182
3186
3187
3189
3187
3188
3189
3187
3188
3191
3188
3189
3192
3187
3189
3195
3194
3195
3196
3194
3195
3195
3196
3194
3196
3200
3201
3590
3592
3594
3639
3641
3643
3659
5078
5079
5083
3200
3203
3201
3203
3202
3662
3202
3663
3203
3664
3206
3210
3206
3209
3212
3207
3213
5029
5032
5034
3209
3210
3214
3209
3210
3216
3213
3217
3213
3216
3214
5071
5074
5076
3216
3217
3216
3217
3220
3223
3232
3220
3224
3221
3223
3224
3223
3224
3236
3237
3229
3230
3231
3229
3231
3230
3231
3229
3230
3234
3237
3234
3238
3235
3237
3238
3237
3238
3243
3244
3245
3666
3673
3243
3244
3261
3667
5014
3244
3245
3262
3416
3674
3243
3245
3417
5015
3671
5017
3264
3672
3678
3419
3679
3250
3251
3252
3687
3694
3251
3252
3276
3422
3688
3250
3251
3277
3695
3250
3252
3424
3698
3278
3692
3700
3426
3693
3255
3258
3317
3708
3255
3259
3366
3715
3256
3710
3717
3258
3259
3711
3718
3736
3258
3259
3320
3369
3737
3321
3714
3741
3370
3721
3742
3264
3265
3266
3757
3764
3771
3264
3265
3296
3758
3264
3266
3325
3765
3265
3266
3297
3326
3772
3762
3768
3300
3763
3776
3327
3770
3777
3269
3272
3302
3799
3269
3273
3806
3270
3801
3808
3272
3273
3802
3809
3827
3272
3273
3306
3828
3307
3805
3832
3812
3833
3278
3279
3280
3904
3911
3918
3279
3280
3345
3373
3905
3278
3279
3346
3912
3278
3280
3374
3919
3915
3922
3348
3909
3917
3377
3910
3924
3283
3287
3358
3283
3286
3309
3946
3284
3948
3286
3287
3949
3967
3286
3287
3313
3362
3968
3314
3952
3972
3363
3973
3290
3293
3981
3290
3294
3988
3291
3983
3990
3293
3294
3984
3991
4009
3293
3294
4010
3987
4014
3994
4015
3299
3300
3301
4037
4044
4051
3299
3300
4038
5014
3300
3301
3430
4045
3299
3301
3431
4052
5016
4042
4055
5018
4043
4048
3433
4050
4057
3304
3307
4072
3304
3308
3305
4074
3307
3308
4075
4093
3307
3308
4094
4077
4098
4099
3311
3314
4107
3311
3315
3443
4114
3312
4109
4116
3314
3315
4110
4117
4135
3314
3315
3446
4136
4112
4139
3447
4120
4141
3318
3322
3380
4170
3318
3321
3319
4172
3321
3322
4173
4191
3321
3322
3383
4192
4195
3384
4176
4197
3327
3328
3329
4212
4219
4226
3328
3329
3415
3429
4213
3327
3328
3416
4220
3327
3329
3430
4227
4223
4230
3420
4217
4225
3434
4218
4232
3332
3335
3400
4254
3332
3336
3435
4261
3333
4256
4263
3335
3336
4257
4264
4282
3335
3336
3404
3439
4283
3405
4260
4287
3440
4267
4288
3341
3342
3343
4310
4317
4324
3342
3343
4311
3341
3343
4318
3341
3342
4325
4322
4329
4315
4330
4316
4323
3348
3349
3350
4359
4366
4373
3348
3349
3387
4360
3348
3350
3422
4367
3349
3350
3388
3423
4374
4363
4370
3391
4365
4378
3427
4372
4379
3353
3356
3393
4401
3353
3357
4408
3354
4403
4410
3356
3357
4404
4411
4429
3356
3357
3397
4430
3398
4407
4434
4414
4435
3360
3363
3360
3364
3442
4450
3361
4452
3363
3364
4453
4457
3363
3364
3446
4458
4461
3448
4456
4463
3367
3371
3379
4471
3367
3370
4478
3368
4473
4480
3370
3371
4474
4481
4499
3370
3371
3383
4500
4483
4503
3385
4477
4505
3376
3377
3378
4534
4541
3377
3378
3387
4535
3376
3377
4542
3376
3378
3389
4545
4538
4546
3392
4540
3381
3385
4576
3381
3384
4583
3382
4578
4585
3384
3385
4579
4586
4604
3384
3385
4605
4588
4608
4581
4609
3390
3391
3392
4653
4660
3391
3392
4654
3390
3391
4661
3390
3392
4664
4657
4665
4658
3395
3398
4681
3395
3399
3396
4683
3398
3399
4684
4702
3398
3399
4703
4686
4706
4708
3402
3405
4716
3402
3406
3403
4718
3405
3406
4719
4723
3405
3406
4724
4721
4728
4729
3411
3412
3413
3411
3413
3411
3412
4633
4635
4638
3412
3413
3418
3419
3420
4758
4765
3418
3420
4759
5056
3419
3420
4766
3418
3419
5057
4763
5059
4769
4764
4770
3425
3426
3427
4786
4793
3426
3427
4787
3425
3427
4794
3425
3426
4797
4790
4791
4798
3432
3433
3434
4814
4821
4828
3432
3434
4815
5056
3433
3434
4822
3432
3433
4829
5058
4819
4832
5060
4825
4833
4820
4826
3437
3440
4856
3437
3441
3438
4858
3440
3441
4859
4877
3440
3441
4878
4861
4882
4883
3444
3448
4891
3444
3447
4898
3445
4893
4900
3447
3448
4894
4901
4919
3447
3448
4920
4903
4923
4896
4924
3453
3454
3455
3454
3455
3681
3453
3454
3486
3682
3453
3455
3487
3488
3684
3460
3461
3462
3484
3491
3498
3460
3462
3485
3751
3849
3460
3461
3492
3752
3822
3461
3462
3499
3823
3851
3489
3496
3754
3497
3502
3824
3490
3503
3852
3467
3468
3469
3484
3491
3467
3468
3513
3467
3469
3486
3759
3468
3469
3493
3514
3760
3488
3495
3516
3489
3496
3761
3474
3475
3476
3491
3498
3474
3476
3474
3475
3494
3829
3475
3476
3500
3830
3495
3497
3502
3831
3504
3481
3482
3483
3484
3498
3481
3483
3481
3482
3487
3857
3482
3483
3501
3858
3488
3490
3503
3859
3504
3488
3489
3490
3489
3490
3779
3877
3488
3489
3780
3488
3490
3878
3782
3880
3495
3496
3497
3496
3497
3786
3836
3495
3496
3521
3787
3495
3497
3522
3837
3523
3789
3838
3502
3503
3504
3502
3503
3843
3891
3502
3504
3844
3503
3504
3892
3845
3894
3509
3510
3511
3519
3509
3510
3520
4031
4088
3509
3511
4032
3510
3511
4089
3524
4034
3525
4090
3516
3517
3518
3519
3516
3517
3516
3518
3521
4039
3517
3518
4040
3523
3524
4041
3523
3524
3525
3524
3525
4059
4102
3523
3524
4060
3523
3525
4103
4062
4104
3529
3530
3667
3669
3671
4038
4040
4042
5014
5017
5018
5019
3529
3532
3660
5015
5017
5019
5020
5021
3530
3532
3661
4052
4053
4055
5016
5018
5019
5020
5028
3531
5024
3531
5030
3532
5026
5031
3665
5027
5033
3537
3538
3539
3561
3568
3575
3538
3539
3562
4277
4305
3537
3539
3569
4207
4306
3537
3538
3576
4208
4278
3573
3580
4209
3566
3581
4279
3567
3574
4307
3544
3545
3546
3568
3575
3544
3545
3590
3639
3544
3546
3570
3591
4214
3545
3546
3577
3640
4215
3572
3593
3579
3642
3573
3580
4216
3551
3552
3553
3561
3575
3551
3552
3646
3551
3553
3563
4284
3552
3553
3578
3647
4285
3565
3579
3649
3566
3581
4286
3558
3559
3560
3561
3568
3558
3559
3558
3560
3564
4312
3559
3560
3571
4313
3565
3572
3567
3574
4314
3565
3566
3567
3566
3567
4291
4339
3565
3566
3584
4292
3565
3567
3585
4340
3586
4293
4342
3572
3573
3574
3573
3574
4241
4346
3572
3573
3598
4242
3572
3574
3599
4347
3600
4244
4349
3579
3580
3581
3580
3581
4248
4298
3579
3580
3654
4249
3579
3581
3655
4299
3656
4251
4300
3586
3587
3588
3587
3588
4732
4738
3586
3587
4733
3586
3588
4739
4734
4741
3593
3594
3595
3596
3593
3594
3593
3595
3598
4760
3594
3595
4761
3600
3601
4762
3600
3601
3602
3601
3602
4773
4780
3600
3601
4774
3600
3602
4781
4776
4783
3607
3609
3606
3607
3610
3606
3609
3608
3613
3608
3614
3609
3615
3613
3614
3695
3697
3698
4542
4544
4545
3614
3616
3625
3613
3616
3626
3615
3615
3616
3630
3620
3623
3620
3621
3624
4626
4628
4629
3621
3623
3622
3627
3622
3628
3623
3629
3627
3628
4661
4663
4664
4794
4796
4797
3627
3630
3628
3630
3629
3629
3630
3635
3636
3637
3652
3635
3636
3653
4809
4872
3636
3637
4873
3635
3637
4810
3657
4811
3658
4874
3642
3643
3644
3652
3642
3643
3642
3644
3654
4816
3643
3644
4817
3656
3657
4818
3649
3650
3651
3652
3649
3650
3649
3651
3655
4879
3650
3651
4880
3656
3658
4881
3656
3657
3658
3657
3658
4843
4886
3656
3657
4844
3656
3658
4887
4846
4888
5077
5078
5079
3662
3665
5057
5059
5061
5062
5063
3663
3665
4829
4831
4832
5058
5060
5061
5062
5070
3664
5066
5078
5080
5082
5083
3664
4851
4852
4854
5072
5079
5081
5082
5083
3665
5068
5073
5069
5075
3670
3671
3672
3680
3671
3672
3758
3670
3672
3682
3759
3670
3671
3684
3686
3762
3677
3678
3679
3680
3678
3679
3765
4766
3677
3678
3683
3689
3766
3677
3679
3690
4767
3685
3691
3686
3768
4769
3684
3685
3686
3684
3685
3702
3684
3686
3780
3685
3686
3703
3781
3705
3783
3691
3692
3693
3701
3692
3693
3912
4787
3691
3692
3703
3913
3691
3693
4788
3705
3707
3915
4790
3698
3699
3700
3701
3698
3700
3919
3699
3700
3704
3920
3698
3699
3706
3707
3922
3705
3706
3707
3705
3706
3705
3707
3927
3706
3707
3928
3929
3710
3714
3710
3713
3722
3711
3724
3713
3714
3725
3713
3714
3727
3717
3721
4478
3717
3720
3723
3982
3718
3724
3720
3721
3725
3743
3720
3721
3744
3985
4482
3728
3748
3986
3749
4483
3724
3727
3953
3724
3728
3995
3725
3727
3728
3729
3727
3728
3730
3957
3999
3734
3958
3735
4000
3733
3734
3735
3743
3734
3735
3961
4003
3733
3734
3899
3963
3733
3735
3745
3900
4004
3747
3901
3964
3748
4006
3740
3741
3742
3743
3741
3742
4192
4500
3740
3741
3906
4193
3740
3742
3746
3907
4501
3747
3908
4195
3749
4503
3747
3748
3749
3748
3749
4017
4507
3747
3748
3940
4018
3747
3749
3941
4509
3943
4020
4510
3754
3755
3756
3778
3785
3792
3754
3755
3779
3898
3754
3756
3786
3962
3755
3756
3793
3899
3963
3782
3789
3784
3796
3902
3790
3797
3965
3761
3762
3763
3778
3785
3762
3763
4038
3761
3762
3780
3761
3763
3787
4039
3782
3789
3783
3791
4043
3768
3769
3770
3778
3792
3768
3770
4220
3768
3769
3781
3913
3769
3770
3794
3914
4221
3783
3784
3796
3916
3798
4223
3775
3776
3777
3785
3792
3776
3777
4045
4227
3775
3776
3788
3969
4046
3775
3777
3795
3970
4228
3790
3797
3971
3791
4048
3798
4230
3782
3783
3784
3782
3784
3926
3782
3783
3783
3784
3927
3930
3789
3790
3791
3789
3790
3976
3789
3791
4060
3790
3791
3977
4061
3978
4063
3796
3797
3798
3796
3797
3933
3796
3798
3935
4235
3797
3798
4236
3937
4237
3801
3805
4072
3801
3804
3813
3947
3802
3815
3804
3805
3816
3834
3804
3805
3835
3950
4076
3818
3839
3951
3840
4077
3808
3812
3808
3811
3814
3989
3809
3815
3811
3812
3816
3841
3811
3812
3842
3992
3819
3846
3993
3847
3815
3818
3954
3815
3819
3996
3816
3818
3819
3820
3818
3819
3821
3957
3999
3825
3959
3826
4001
3824
3825
3826
3834
3841
3825
3826
3961
4003
3824
3825
3836
3962
3824
3826
3843
4005
3838
3845
3839
3966
3846
4007
3831
3832
3833
3834
3841
3832
3833
4094
3831
3832
3837
4095
3831
3833
3844
3838
3845
3840
4098
3847
3838
3839
3840
3839
3840
3975
4101
3838
3839
3976
3838
3840
4103
3979
4105
3845
3846
3847
3846
3847
4024
3845
3846
4025
3845
3847
4027
3852
3853
3854
3876
3883
3890
3852
3853
3877
3898
3853
3854
3884
3900
4004
3852
3854
3891
4005
3880
3894
3882
3887
3903
3888
3895
4008
3859
3860
3861
3876
3890
3860
3861
3859
3860
3878
3859
3861
3892
3880
3894
3881
3896
3866
3867
3868
3876
3883
3866
3868
3866
3867
3879
3920
3867
3868
3885
3921
3881
3882
3887
3923
3889
3873
3874
3875
3883
3890
3874
3875
3873
3874
3886
4011
3873
3875
3893
4012
3888
3895
4013
3889
3896
3880
3881
3882
3880
3882
3926
3880
3881
3881
3882
3928
3931
3887
3888
3889
3887
3888
3940
4018
3887
3889
3942
4522
3888
3889
4019
4523
3944
4021
4524
3894
3895
3896
3894
3895
4025
3894
3896
3895
3896
4026
4028
3901
3902
3903
3925
3932
3939
3902
3903
3926
3901
3902
3933
3901
3903
3940
3936
3943
3930
3937
3931
3944
3908
3909
3910
3932
3939
3909
3910
4360
4535
3908
3909
3934
4361
3908
3910
3941
4536
3936
3943
3938
4363
3945
4538
3915
3916
3917
3925
3932
3915
3917
4367
3915
3916
3927
3916
3917
3935
4368
3929
3930
3937
3938
4370
3922
3923
3924
3925
3939
3922
3924
4542
3922
3923
3928
3923
3924
3942
4543
3929
3931
3944
3945
4546
3929
3930
3931
3930
3931
3929
3930
3929
3931
3936
3937
3938
3936
3937
3936
3938
4382
3937
3938
4383
4384
3943
3944
3945
3943
3944
3943
3945
4550
3944
3945
4551
4552
3948
3952
4107
3948
3951
3954
3949
3955
3951
3952
3956
3974
3951
3952
3975
4111
3959
3979
3980
4112
3955
3958
3955
3959
3956
3958
3959
3960
3958
3959
3961
3964
3966
3964
3965
3966
3974
3964
3966
3965
3966
3976
3964
3965
3978
3979
3971
3972
3973
3974
3972
3973
4136
4458
3971
3972
3977
4137
3971
3973
4459
3978
3980
4139
4461
3978
3979
3980
3979
3980
4143
3978
3979
3978
3980
4145
4146
3983
3987
4562
3983
3986
3995
3984
3997
3986
3987
3998
4016
3986
3987
4017
4566
4000
4020
4022
4567
3990
3994
3990
3993
3996
3991
3997
3993
3994
3998
4023
3993
3994
4024
4001
4027
4029
3997
4000
3997
4001
3998
4000
4001
4002
4000
4001
4003
4006
4007
4006
4007
4008
4016
4023
4006
4007
4006
4008
4018
4007
4008
4025
4020
4027
4021
4028
4013
4014
4015
4016
4023
4014
4015
4013
4014
4019
4013
4015
4026
4021
4028
4022
4029
4020
4021
4022
4020
4022
4570
4020
4021
4021
4022
4572
4573
4027
4028
4029
4027
4029
4027
4028
4028
4029
4034
4035
4036
4058
4065
4034
4035
4059
4130
4034
4036
4035
4036
4066
4131
4062
4064
4069
4132
4070
4041
4042
4043
4058
4042
4043
4041
4043
4060
4041
4042
4062
4063
4048
4049
4050
4058
4065
4048
4050
4822
4048
4049
4061
4137
4049
4050
4067
4138
4823
4063
4064
4069
4140
4071
4825
4055
4056
4057
4065
4055
4057
4829
4055
4056
4056
4057
4068
4830
4070
4071
4833
4062
4063
4064
4062
4064
4144
4062
4063
4063
4064
4145
4147
4069
4070
4071
4069
4070
4151
4069
4071
4152
4837
4070
4071
4838
4153
4839
4074
4077
4074
4078
4079
4108
4075
4081
4077
4078
4082
4100
4077
4078
4101
4111
4105
4084
4106
4113
4081
4084
4121
4081
4085
4082
4084
4085
4086
4084
4085
4087
4125
4091
4126
4092
4090
4091
4092
4100
4091
4092
4129
4090
4091
4102
4130
4090
4092
4104
4106
4133
4097
4098
4099
4100
4098
4099
4097
4098
4103
4097
4099
4104
4105
4104
4105
4106
4105
4106
4143
4104
4106
4144
4104
4105
4148
4109
4112
4109
4113
4121
4110
4123
4112
4113
4124
4142
4112
4113
4143
4146
4126
4148
4116
4120
4898
4116
4119
4122
4157
4117
4123
4119
4120
4124
4149
4119
4120
4150
4160
4902
4127
4154
4161
4155
4903
4123
4126
4123
4127
4124
4126
4127
4128
4126
4127
4129
4133
4134
4132
4133
4134
4142
4149
4133
4134
4132
4133
4144
4132
4134
4151
4147
4153
4148
4154
4139
4140
4141
4142
4149
4139
4141
4920
4139
4140
4145
4140
4141
4152
4921
4146
4147
4153
4155
4923
4146
4147
4148
4146
4148
4147
4148
4146
4147
4153
4154
4155
4154
4155
4164
4927
4153
4154
4165
4153
4155
4929
4167
4930
4158
4162
4940
4158
4161
4159
4161
4162
4163
4161
4162
4164
4944
4167
4169
4945
4167
4168
4169
4167
4169
4948
4167
4168
4168
4169
4950
4951
4172
4176
4583
4172
4175
4177
4402
4173
4179
4175
4176
4180
4198
4175
4176
4199
4405
4587
4182
4203
4406
4204
4588
4179
4182
4415
4179
4183
4180
4182
4183
4184
4182
4183
4185
4419
4189
4420
4190
4188
4189
4190
4198
4189
4190
4423
4188
4190
4353
4188
4189
4200
4354
4424
4202
4356
4203
4426
4195
4196
4197
4198
4195
4197
4605
4195
4196
4361
4196
4197
4201
4362
4606
4202
4364
4204
4608
4202
4203
4204
4203
4204
4437
4612
4202
4203
4388
4438
4202
4204
4389
4614
4391
4440
4615
4209
4210
4211
4233
4240
4247
4210
4211
4234
4353
4209
4210
4241
4355
4209
4211
4248
4244
4251
4238
4245
4357
4239
4252
4216
4217
4218
4240
4247
4217
4218
4759
4815
4216
4217
4242
4760
4216
4218
4249
4816
4244
4251
4246
4764
4253
4820
4223
4224
4225
4233
4240
4223
4225
4766
4223
4224
4235
4368
4224
4225
4243
4369
4768
4237
4238
4245
4371
4246
4770
4230
4231
4232
4233
4247
4230
4232
4822
4230
4231
4236
4459
4231
4232
4250
4460
4824
4237
4239
4252
4462
4253
4826
4237
4238
4239
4238
4239
4381
4237
4238
4383
4237
4239
4386
4244
4245
4246
4244
4245
4395
4244
4246
4774
4245
4246
4396
4775
4398
4777
4251
4252
4253
4251
4252
4466
4251
4253
4844
4252
4253
4467
4845
4468
4847
4256
4260
4716
4256
4259
4268
4409
4257
4270
4259
4260
4271
4289
4259
4260
4290
4412
4720
4273
4294
4413
4295
4721
4263
4267
4856
4263
4266
4269
4451
4264
4270
4266
4267
4271
4296
4266
4267
4297
4454
4860
4274
4301
4455
4302
4861
4270
4273
4416
4270
4274
4271
4273
4274
4275
4273
4274
4276
4419
4280
4421
4281
4279
4280
4281
4289
4296
4280
4281
4423
4279
4280
4291
4425
4279
4281
4298
4293
4300
4294
4427
4301
4286
4287
4288
4289
4296
4287
4288
4724
4878
4286
4287
4292
4725
4286
4288
4299
4879
4293
4300
4295
4728
4302
4882
4293
4294
4295
4294
4295
4444
4731
4293
4294
4445
4293
4295
4733
4447
4735
4300
4301
4302
4301
4302
4465
4885
4300
4301
4466
4300
4302
4887
4469
4889
4307
4308
4309
4331
4338
4345
4308
4309
4332
4354
4424
4307
4309
4339
4425
4307
4308
4346
4355
4342
4349
4335
4350
4358
4336
4343
4428
4314
4315
4316
4338
4345
4315
4316
4314
4315
4340
4314
4316
4347
4342
4349
4344
4351
4321
4322
4323
4331
4345
4322
4323
4626
4321
4322
4333
4375
4627
4321
4323
4348
4376
4335
4350
4377
4337
4630
4351
4328
4329
4330
4331
4338
4329
4330
4633
4328
4329
4334
4431
4634
4328
4330
4341
4432
4336
4343
4433
4337
4636
4344
4335
4336
4337
4335
4336
4388
4438
4335
4337
4390
4641
4336
4337
4439
4642
4392
4441
4643
4342
4343
4344
4342
4343
4445
4342
4344
4739
4343
4344
4446
4740
4448
4742
4349
4350
4351
4349
4350
4395
4349
4351
4781
4350
4351
4397
4782
4399
4784
4356
4357
4358
4380
4387
4394
4356
4357
4381
4356
4358
4388
4357
4358
4395
4385
4391
4386
4398
4392
4399
4363
4364
4365
4380
4387
4363
4365
4654
4363
4364
4382
4364
4365
4389
4655
4384
4385
4391
4393
4657
4370
4371
4372
4380
4394
4370
4372
4787
4370
4371
4383
4371
4372
4396
4789
4384
4386
4398
4400
4791
4377
4378
4379
4387
4394
4378
4379
4661
4794
4377
4378
4390
4662
4377
4379
4397
4795
4392
4399
4393
4665
4400
4798
4384
4385
4386
4385
4386
4384
4385
4384
4386
4391
4392
4393
4391
4392
4391
4393
4669
4392
4393
4670
4671
4398
4399
4400
4398
4399
4398
4400
4802
4399
4400
4803
4804
4403
4407
4681
4403
4406
4415
4404
4417
4406
4407
4418
4436
4406
4407
4437
4685
4420
4440
4442
4686
4410
4414
4744
4410
4413
4416
4411
4417
4413
4414
4418
4443
4413
4414
4444
4748
4421
4447
4449
4749
4417
4420
4417
4421
4418
4420
4421
4422
4420
4421
4423
4426
4427
4426
4427
4428
4436
4443
4426
4427
4426
4428
4438
4427
4428
4445
4440
4447
4441
4448
4433
4434
4435
4436
4443
4434
4435
4703
4433
4434
4439
4704
4433
4435
4446
4441
4448
4442
4706
4449
4440
4441
4442
4440
4442
4710
4440
4441
4441
4442
4712
4713
4447
4448
4449
4447
4449
4752
4447
4448
4448
4449
4754
4755
4452
4456
4891
4452
4455
4453
4455
4456
4464
4455
4456
4465
4895
4469
4470
4896
4461
4462
4463
4464
4461
4463
4920
4461
4462
4462
4463
4467
4922
4468
4470
4924
4468
4469
4470
4469
4470
4934
4468
4469
4468
4470
4936
4937
4473
4477
4576
4473
4476
4485
4474
4487
4476
4477
4488
4513
4476
4477
4514
4580
4490
4518
4519
4581
4480
4483
4480
4484
4486
4563
4481
4487
4483
4484
4488
4506
4483
4484
4507
4566
4510
4491
4512
4568
4487
4490
4487
4491
4488
4490
4491
4492
4490
4491
4493
4497
4498
4496
4497
4498
4506
4513
4497
4498
4496
4498
4508
4528
4496
4497
4515
4529
4511
4517
4531
4518
4512
4503
4504
4505
4506
4513
4503
4505
4605
4503
4504
4509
4536
4504
4505
4516
4537
4607
4510
4511
4517
4539
4519
4609
4510
4511
4512
4510
4512
4570
4511
4512
4549
4571
4510
4511
4550
4553
4574
4517
4518
4519
4518
4519
4619
4517
4518
4556
4517
4519
4557
4621
4559
4622
4524
4525
4526
4525
4526
4549
4571
4524
4525
4551
4524
4526
4572
4554
4575
4531
4532
4533
4548
4555
4531
4532
4549
4531
4533
4556
4532
4533
4553
4559
4554
4560
4538
4539
4540
4548
4555
4538
4540
4654
4538
4539
4550
4539
4540
4557
4656
4552
4553
4559
4561
4658
4545
4546
4547
4548
4545
4546
4546
4547
4551
4545
4547
4552
4554
4552
4553
4554
4553
4554
4552
4553
4552
4554
4559
4560
4561
4559
4560
4559
4561
4676
4560
4561
4677
4678
4564
4567
4564
4568
4565
4567
4568
4569
4567
4568
4570
4573
4574
4573
4574
4575
4573
4574
4574
4575
4573
4575
4578
4581
4578
4582
4590
4579
4592
4581
4582
4593
4618
4581
4582
4619
4622
4595
4624
4585
4588
4585
4589
4591
4682
4586
4592
4588
4589
4593
4611
4588
4589
4612
4685
4615
4596
4617
4687
4592
4595
4592
4596
4688
4593
4595
4596
4597
4595
4596
4598
4692
4602
4603
4693
4601
4602
4603
4611
4618
4602
4603
4696
4601
4603
4613
4647
4697
4601
4602
4620
4648
4616
4623
4650
4624
4617
4699
4608
4609
4610
4611
4618
4608
4609
4608
4610
4614
4655
4609
4610
4621
4656
4615
4622
4616
4623
4659
4615
4616
4617
4615
4617
4710
4616
4617
4668
4711
4615
4616
4669
4672
4714
4622
4623
4624
4622
4624
4623
4624
4675
4622
4623
4676
4679
4629
4630
4631
4639
4629
4630
4630
4631
4641
4662
4629
4631
4663
4643
4644
4666
4636
4637
4638
4639
4636
4638
4636
4637
4642
4704
4637
4638
4705
4643
4645
4707
4643
4644
4645
4644
4645
4668
4711
4643
4644
4670
4643
4645
4712
4673
4715
4650
4651
4652
4667
4674
4650
4651
4668
4650
4652
4675
4651
4652
4672
4679
4673
4680
4657
4658
4659
4667
4674
4657
4658
4657
4659
4669
4658
4659
4676
4671
4678
4672
4679
4664
4665
4666
4667
4664
4665
4665
4666
4670
4664
4666
4671
4673
4671
4672
4673
4672
4673
4671
4672
4671
4673
4678
4679
4680
4679
4680
4678
4679
4678
4680
4683
4686
4683
4687
4688
4684
4690
4686
4687
4691
4709
4686
4687
4710
4713
4693
4714
4690
4693
4690
4694
4691
4693
4694
4695
4693
4694
4696
4699
4700
4699
4700
4701
4709
4699
4700
4699
4701
4711
4700
4701
4714
4715
4706
4707
4708
4709
4706
4708
4706
4707
4712
4707
4708
4713
4715
4713
4714
4715
4713
4714
4714
4715
4713
4715
4718
4721
4718
4722
4745
4719
4721
4722
4730
4721
4722
4731
4748
4735
4736
4750
4727
4728
4729
4730
4728
4729
4727
4728
4733
4727
4729
4734
4735
4734
4735
4736
4735
4736
4752
4734
4736
4753
4734
4735
4756
4741
4742
4743
4741
4743
4753
4741
4742
4742
4743
4754
4757
4746
4749
4746
4750
4747
4749
4750
4751
4749
4750
4752
4755
4756
4755
4756
4757
4755
4756
4756
4757
4755
4757
4762
4763
4764
4772
4763
4764
5077
4762
4764
4774
4762
4763
5078
4776
5080
4777
4769
4770
4771
4772
4769
4770
4769
4771
4788
4770
4771
4775
4789
4777
4778
4792
4776
4777
4778
4776
4778
4801
4776
4777
4777
4778
4802
4805
4783
4784
4785
4783
4785
4801
4783
4784
4784
4785
4803
4806
4790
4791
4792
4800
4790
4791
4790
4792
4791
4792
4802
4804
4805
4797
4798
4799
4800
4797
4798
4798
4799
4803
4797
4799
4804
4806
4804
4805
4806
4805
4806
4804
4805
4804
4806
4811
4812
4813
4835
4842
4849
4812
4813
4836
4914
4811
4812
4843
4915
4811
4813
4850
4846
4853
4840
4848
4916
4841
4855
4818
4819
4820
4842
4849
4819
4820
5077
4818
4820
4844
4818
4819
4851
5079
4846
4853
4854
5081
4847
4825
4826
4827
4835
4842
4825
4826
4825
4827
4837
4921
4826
4827
4845
4922
4839
4847
4840
4848
4925
4832
4833
4834
4835
4849
4832
4833
4833
4834
4838
4832
4834
4852
4854
4839
4841
4855
4839
4840
4841
4840
4841
4928
4839
4840
4929
4839
4841
4931
4846
4847
4848
4846
4848
4935
4846
4847
4847
4848
4936
4938
4853
4854
4855
4853
4855
4853
4854
4854
4855
4858
4861
4858
4862
4863
4892
4859
4865
4861
4862
4866
4884
4861
4862
4885
4895
4889
4868
4890
4897
4865
4868
4905
4865
4869
4866
4868
4869
4870
4868
4869
4871
4909
4875
4910
4876
4874
4875
4876
4884
4875
4876
4913
4874
4875
4886
4915
4874
4876
4888
4890
4917
4881
4882
4883
4884
4882
4883
4881
4882
4887
4881
4883
4888
4889
4888
4889
4890
4889
4890
4934
4888
4890
4935
4888
4889
4939
4893
4896
4893
4897
4905
4894
4907
4896
4897
4908
4933
4896
4897
4934
4937
4910
4939
4900
4903
4900
4904
4906
4941
4901
4907
4903
4904
4908
4926
4903
4904
4927
4944
4930
4911
4932
4946
4907
4910
4907
4911
4908
4910
4911
4912
4910
4911
4913
4917
4918
4916
4917
4918
4926
4933
4917
4918
4916
4918
4928
4916
4917
4935
4931
4938
4939
4932
4923
4924
4925
4926
4933
4923
4924
4923
4925
4929
4924
4925
4936
4930
4937
4931
4938
4930
4931
4932
4930
4932
4948
4931
4932
4949
4930
4931
4952
4937
4938
4939
4937
4939
4938
4939
4937
4938
4942
4945
4942
4946
4943
4945
4946
4947
4945
4946
4948
4951
4952
4951
4952
4953
4951
4952
4952
4953
4951
4953
4958
4959
4960
4959
4960
4958
4959
4958
4960
4965
4966
4967
4965
4966
4966
4967
4965
4967
4971
4974
4971
4972
5035
4972
4974
4973
5038
4973
5039
4974
5040
4977
4978
4977
4978
4981
4985
4981
4984
5000
4982
5002
4984
4985
4993
5003
4984
4985
4994
4997
5005
4998
4990
4991
4992
4993
5003
4991
4992
4990
4991
4995
4990
4992
5004
4997
5005
4999
5006
4997
4998
4999
4997
4998
4997
4999
4998
4999
5002
5005
5002
5006
5003
5005
5006
5005
5006
5011
5012
5013
5012
5013
5011
5012
5011
5013
5017
5018
5017
5020
5057
5018
5020
5058
5019
5019
5020
5062
5024
5027
5063
5024
5025
5025
5027
5065
5026
5026
5027
5069
5030
5033
5070
5030
5034
5031
5033
5034
5033
5034
5074
5075
5038
5039
5038
5041
5039
5041
5040
5040
5041
5045
5046
5046
5048
5050
5045
5048
5051
5047
5047
5048
5055
5052
5053
5053
5055
5052
5055
5054
5054
5055
5059
5060
5077
5059
5062
5060
5062
5061
5080
5061
5081
5062
5082
5066
5069
5066
5067
5067
5069
5068
5068
5069
5072
5075
5072
5076
5073
5075
5076
5075
5076
5080
5081
5080
5083
5081
5083
5082
5082
5083
5086
5088
5086
5088
5091
5094
5097
5091
5095
5092
5098
5094
5095
5099
5094
5095
5101
5098
5102
5098
5101
5099
5101
5102
5101
5102
5104
5164
5165
5166
5167
5168
5169
5112
5170
5171
5172
5107
5113
5116
5292
5297
5988
5991
5108
5114
5117
5293
5298
5989
5992
5115
5118
5294
5299
5990
5993
5110
5119
5158
5183
5308
5997
5111
5120
5159
5184
5309
5998
5121
5160
5185
5310
5999
5189
5190
5191
5114
5161
5192
5320
6003
5115
5162
5193
5321
6004
5163
5194
5322
6005
5117
5161
5331
6009
5118
5162
5332
6010
5163
5333
6011
5120
5337
6012
5121
5338
6013
5339
6014
5138
5210
5142
5143
5145
5227
5125
5131
5180
5228
5231
5126
5132
5181
5229
5232
5133
5182
5230
5233
5146
5211
5212
5213
5129
5150
5186
5234
5237
5130
5151
5187
5235
5238
5152
5188
5236
5239
5132
5203
5240
5243
5133
5204
5241
5244
5205
5242
5245
5154
5214
5215
5216
5136
5155
5206
5246
5249
5137
5156
5207
5247
5250
5157
5208
5248
5251
5217
5218
5219
5140
5147
5173
5252
5255
5141
5148
5174
5253
5256
5149
5175
5254
5257
5143
5178
5258
5260
5261
5179
5259
5262
5153
5176
5177
5263
5178
5179
5264
5220
5221
5222
5148
5195
5265
5268
5149
5196
5266
5269
5197
5267
5270
5151
5198
5271
5274
5152
5199
5272
5275
5200
5273
5276
5201
5202
5277
5223
5224
5225
5156
5278
5281
5157
5279
5281
5280
5282
5159
5283
5160
5284
5285
5162
5286
5163
5287
5288
5165
5167
5228
5229
5457
5168
5230
5458
5211
5457
5458
5168
5240
5241
5479
5242
5480
5214
5479
5480
5217
5488
5489
5172
5190
5252
5253
5488
5191
5254
5489
5174
5195
5289
5292
5175
5196
5290
5293
5197
5291
5294
5177
5201
5295
5297
5298
5202
5296
5299
5179
5300
5301
5303
5302
5304
5181
5203
5305
5308
5182
5204
5306
5309
5205
5307
5310
5184
5192
5283
5314
6000
5185
5193
5284
5315
6001
5194
5285
5316
6002
5187
5198
5311
5314
5188
5199
5312
5315
5200
5313
5316
5220
5508
5509
5191
5265
5266
5508
5267
5509
5193
5286
5326
6006
5194
5287
5327
6007
5288
5328
6008
5196
5317
5320
5197
5318
5321
5319
5322
5199
5323
5326
5200
5324
5327
5325
5328
5202
5329
5331
5332
5330
5333
5204
5334
5337
5205
5335
5338
5336
5339
5207
5340
5343
5208
5341
5344
5342
5345
5223
5551
5218
5219
5227
5564
5565
5213
5221
5237
5238
5564
5222
5239
5565
5594
5595
5216
5224
5249
5250
5594
5225
5251
5595
5605
5606
5219
5258
5605
5259
5606
5623
5624
5222
5271
5272
5623
5273
5624
5692
5693
5225
5278
5279
5692
5280
5693
5281
5282
5720
5258
5259
5229
5240
5764
5230
5241
5765
5242
5766
5232
5234
5305
5764
5233
5235
5306
5765
5236
5307
5766
5235
5311
5767
5236
5312
5768
5313
5769
5238
5271
5767
5239
5272
5768
5273
5769
5241
5779
5242
5780
5781
5244
5246
5334
5779
5245
5247
5335
5780
5248
5336
5781
5247
5340
5782
5248
5341
5783
5342
5784
5250
5278
5782
5251
5279
5783
5280
5784
5253
5265
5789
5254
5266
5790
5267
5791
5256
5260
5289
5789
5257
5261
5290
5790
5262
5291
5791
5259
5792
5793
5794
5261
5300
5792
5262
5301
5793
5302
5794
5264
5295
5296
5303
5304
5266
5795
5267
5796
5797
5269
5274
5317
5795
5270
5275
5318
5796
5276
5319
5797
5272
5798
5273
5799
5800
5275
5323
5798
5276
5324
5799
5325
5800
5329
5330
5279
5801
5280
5801
5802
5282
5801
5802
5284
5286
5285
5287
5288
5287
5288
5290
5300
5988
5291
5301
5989
5302
5990
5293
5320
5988
5294
5321
5989
5322
5990
5296
5303
5991
5992
5304
5993
5298
5331
5991
5299
5332
5992
5333
5993
5301
5994
5302
5995
5996
5304
5994
5995
5996
5306
5311
5997
5307
5312
5998
5313
5999
5309
5337
5997
5310
5338
5998
5339
5999
5312
6000
5313
6001
6002
5315
5326
6000
5316
5327
6001
5328
6002
5318
5323
6003
5319
5324
6004
5325
6005
5321
6003
5322
6004
6005
5324
6006
5325
6007
6008
5327
6006
5328
6007
6008
5330
6009
6010
6011
5332
6009
5333
6010
6011
5335
5340
6012
5336
5341
6013
5342
6014
5338
6012
5339
6013
6014
5341
6015
5342
6016
6017
5344
6015
5345
6016
6017
5347
5349
5355
5721
5724
5348
5350
5356
5722
5725
5351
5357
5723
5726
5350
5352
5730
5733
5351
5353
5731
5734
5354
5732
5735
5353
5355
5464
5833
5836
5354
5356
5465
5834
5837
5357
5466
5835
5838
5356
5473
5851
5854
5357
5474
5852
5855
5475
5853
5856
5359
5364
5448
5739
5741
5360
5365
5449
5739
5742
5366
5450
5740
5743
5362
5367
5454
5746
5749
5363
5368
5455
5747
5749
5369
5456
5748
5750
5365
5393
5753
5755
5366
5394
5753
5756
5395
5754
5757
5368
5373
5492
5875
5878
5369
5374
5492
5876
5879
5375
5493
5877
5880
5371
5379
5451
5502
5892
5895
5372
5380
5452
5503
5893
5896
5381
5453
5504
5894
5897
5374
5454
5512
5910
5913
5375
5455
5513
5911
5914
5456
5514
5912
5915
5377
5379
5451
5531
5934
5937
5378
5380
5452
5532
5935
5938
5381
5453
5533
5936
5939
5380
5952
5955
5961
5964
5381
5953
5956
5962
5965
5954
5957
5963
5966
5384
5739
5740
5760
5403
5744
5745
5761
5753
5754
5762
5404
5758
5759
5763
5406
5410
5411
5556
5388
5396
5499
5557
5559
5389
5397
5500
5557
5560
5398
5501
5558
5561
5391
5415
5505
5568
5571
5392
5416
5506
5569
5571
5417
5507
5570
5572
5394
5448
5770
5773
5395
5449
5771
5774
5450
5772
5775
5397
5542
5587
5589
5398
5543
5587
5590
5544
5588
5591
5400
5439
5548
5598
5601
5401
5440
5549
5599
5601
5441
5550
5600
5602
5405
5749
5750
5785
5751
5752
5786
5486
5487
5492
5493
5787
5497
5498
5788
5408
5412
5494
5609
5611
5409
5413
5495
5609
5612
5414
5496
5610
5613
5411
5497
5616
5618
5619
5498
5617
5620
5413
5515
5627
5629
5414
5516
5627
5630
5517
5628
5631
5416
5518
5634
5636
5417
5519
5634
5637
5520
5635
5638
5419
5427
5461
5641
5643
5420
5428
5462
5641
5644
5429
5463
5642
5645
5422
5424
5467
5650
5653
5423
5425
5468
5651
5653
5426
5469
5652
5654
5425
5526
5658
5426
5527
5658
5528
5659
5428
5470
5660
5662
5429
5471
5660
5663
5472
5661
5664
5431
5436
5476
5669
5672
5432
5437
5477
5670
5672
5438
5478
5671
5673
5434
5442
5534
5678
5680
5435
5443
5535
5678
5681
5444
5536
5679
5682
5437
5537
5685
5687
5438
5538
5685
5688
5539
5686
5689
5440
5445
5698
5700
5441
5446
5698
5700
5447
5699
5701
5443
5545
5704
5706
5444
5546
5704
5707
5547
5705
5708
5446
5548
5713
5716
5447
5549
5714
5716
5550
5715
5717
5449
5803
5806
5450
5804
5807
5805
5808
5452
5812
5815
5453
5813
5816
5814
5817
5455
5821
5824
5456
5822
5825
5823
5826
5458
5564
5764
5765
5565
5766
5460
5481
5557
5558
5562
5563
5567
5462
5470
5830
5833
5463
5471
5831
5834
5472
5832
5835
5465
5523
5730
5842
5845
5925
5466
5524
5731
5843
5846
5926
5525
5732
5844
5847
5927
5468
5526
5839
5842
5469
5527
5840
5843
5528
5841
5844
5471
5848
5851
5472
5849
5852
5850
5853
5474
5531
5721
5860
5863
5475
5532
5722
5861
5864
5533
5723
5862
5865
5477
5537
5857
5860
5478
5538
5858
5861
5539
5859
5862
5480
5594
5779
5780
5595
5781
5482
5587
5588
5592
5593
5597
5484
5581
5755
5866
5485
5582
5756
5867
5583
5757
5868
5487
5758
5869
5870
5759
5871
5489
5605
5789
5790
5606
5791
5491
5510
5609
5610
5608
5614
5615
5493
5749
5787
5881
5886
5887
5750
5787
5882
5888
5495
5515
5872
5875
5496
5516
5873
5876
5517
5874
5877
5498
5881
5883
5884
5882
5885
5500
5542
5889
5892
5501
5543
5890
5893
5544
5891
5894
5503
5512
5815
5901
5904
5504
5513
5816
5902
5905
5514
5817
5903
5906
5506
5518
5898
5901
5507
5519
5899
5902
5520
5900
5903
5509
5623
5795
5796
5624
5797
5511
5627
5628
5626
5632
5633
5513
5824
5919
5922
5514
5825
5920
5923
5826
5921
5924
5516
5907
5910
5517
5908
5911
5909
5912
5519
5916
5919
5520
5917
5920
5918
5921
5522
5529
5641
5642
5646
5647
5649
5524
5575
5925
5525
5576
5926
5577
5927
5527
5928
5528
5929
5930
5530
5660
5661
5665
5666
5668
5532
5812
5943
5946
5533
5813
5944
5947
5814
5945
5948
5535
5545
5931
5934
5536
5546
5932
5935
5547
5933
5936
5538
5940
5943
5539
5941
5944
5942
5945
5541
5553
5678
5679
5677
5683
5684
5543
5949
5952
5544
5950
5953
5951
5954
5546
5958
5961
5547
5959
5962
5960
5963
5549
5967
5970
5550
5968
5971
5969
5972
5692
5693
5720
5695
5697
5554
5704
5705
5709
5710
5712
5556
5607
5616
5617
5558
5562
5587
5563
5588
5560
5562
5568
5889
5561
5562
5569
5890
5563
5570
5891
5563
5573
5574
5565
5767
5768
5769
5567
5571
5572
5625
5573
5574
5569
5573
5898
5570
5573
5899
5574
5900
5572
5573
5634
5574
5635
5574
5576
5730
5976
5577
5731
5977
5732
5978
5579
5584
5736
5979
5580
5585
5737
5980
5586
5738
5981
5582
5770
5982
5583
5771
5983
5772
5984
5585
5776
5985
5586
5777
5986
5778
5987
5588
5592
5593
5590
5592
5598
5949
5591
5592
5599
5950
5593
5600
5951
5593
5603
5604
5595
5782
5783
5784
5597
5601
5602
5694
5603
5604
5599
5603
5967
5600
5603
5968
5604
5969
5602
5603
5698
5604
5699
5604
5606
5792
5793
5794
5608
5616
5617
5621
5622
5610
5614
5627
5615
5628
5612
5614
5618
5872
5613
5614
5619
5873
5615
5620
5874
5615
5621
5622
5617
5621
5622
5619
5621
5883
5620
5621
5884
5622
5885
5622
5624
5798
5799
5800
5626
5634
5635
5639
5640
5628
5632
5633
5630
5632
5636
5907
5631
5632
5637
5908
5633
5638
5909
5633
5639
5640
5635
5639
5640
5637
5639
5916
5638
5639
5917
5640
5918
5640
5642
5646
5660
5647
5661
5644
5646
5650
5830
5645
5646
5651
5831
5647
5652
5832
5647
5655
5656
5649
5653
5654
5657
5655
5656
5651
5655
5839
5652
5655
5840
5656
5841
5654
5655
5658
5656
5659
5656
5658
5659
5659
5661
5665
5666
5663
5665
5669
5848
5664
5665
5670
5849
5666
5671
5850
5666
5674
5675
5668
5672
5673
5676
5674
5675
5670
5674
5857
5671
5674
5858
5675
5859
5673
5674
5685
5675
5686
5675
5677
5685
5686
5690
5691
5679
5683
5704
5684
5705
5681
5683
5687
5931
5682
5683
5688
5932
5684
5689
5933
5684
5690
5691
5686
5690
5691
5688
5690
5940
5689
5690
5941
5691
5942
5691
5693
5801
5802
5695
5698
5699
5702
5703
5697
5700
5701
5711
5702
5703
5699
5702
5703
5701
5702
5716
5703
5717
5703
5705
5709
5710
5707
5709
5713
5958
5708
5709
5714
5959
5710
5715
5960
5710
5718
5719
5712
5716
5717
5718
5719
5714
5718
5970
5715
5718
5971
5719
5972
5717
5718
5719
5719
5801
5802
5722
5727
5812
5723
5728
5813
5729
5814
5725
5727
5733
5806
5726
5728
5734
5807
5729
5735
5808
5728
5809
5818
5729
5810
5819
5811
5820
5731
5736
5976
5732
5737
5977
5738
5978
5734
5736
5773
5735
5737
5774
5738
5775
5737
5776
5979
5738
5777
5980
5778
5981
5740
5744
5753
5760
5745
5754
5760
5742
5744
5746
5803
5743
5744
5747
5804
5745
5748
5805
5745
5751
5761
5752
5761
5747
5751
5821
5748
5751
5822
5752
5823
5750
5751
5785
5752
5785
5752
5786
5786
5754
5758
5762
5759
5762
5756
5758
5770
5866
5757
5758
5771
5867
5759
5772
5868
5759
5763
5869
5870
5763
5871
5761
5763
5765
5767
5766
5768
5769
5768
5769
5771
5776
5982
5772
5777
5983
5778
5984
5774
5776
5806
5775
5777
5807
5778
5808
5777
5985
5778
5986
5987
5780
5782
5781
5783
5784
5783
5784
5786
5788
5881
5882
5790
5792
5791
5793
5794
5793
5794
5796
5798
5797
5799
5800
5799
5800
5802
5804
5809
5821
5805
5810
5822
5811
5823
5807
5809
5808
5810
5811
5810
5827
5811
5828
5829
5813
5818
5814
5819
5820
5816
5818
5824
5817
5819
5825
5820
5826
5819
5827
5820
5828
5829
5822
5827
5823
5828
5829
5825
5827
5826
5828
5829
5828
5829
5831
5836
5839
5832
5837
5840
5838
5841
5834
5836
5851
5835
5837
5852
5838
5853
5837
5845
5838
5846
5847
5840
5845
5841
5846
5847
5843
5845
5928
5844
5846
5929
5847
5930
5846
5847
5849
5854
5857
5850
5855
5858
5856
5859
5852
5854
5853
5855
5856
5855
5863
5856
5864
5865
5858
5863
5859
5864
5865
5861
5863
5943
5862
5864
5944
5865
5945
5864
5865
5867
5869
5868
5870
5871
5870
5871
5873
5878
5883
5874
5879
5884
5880
5885
5876
5878
5910
5877
5879
5911
5880
5912
5879
5886
5880
5887
5888
5882
5886
5887
5888
5884
5886
5885
5887
5888
5887
5888
5890
5895
5898
5891
5896
5899
5897
5900
5893
5895
5952
5894
5896
5953
5897
5954
5896
5904
5897
5905
5906
5899
5904
5900
5905
5906
5902
5904
5919
5903
5905
5920
5906
5921
5905
5906
5908
5913
5916
5909
5914
5917
5915
5918
5911
5913
5912
5914
5915
5914
5922
5915
5923
5924
5917
5922
5918
5923
5924
5920
5922
5921
5923
5924
5923
5924
5926
5928
5927
5929
5930
5929
5930
5932
5937
5940
5933
5938
5941
5939
5942
5935
5937
5961
5936
5938
5962
5939
5963
5938
5946
5939
5947
5948
5941
5946
5942
5947
5948
5944
5946
5945
5947
5948
5947
5948
5950
5955
5967
5951
5956
5968
5957
5969
5953
5955
5954
5956
5957
5956
5973
5957
5974
5975
5959
5964
5970
5960
5965
5971
5966
5972
5962
5964
5963
5965
5966
5965
5973
5966
5974
5975
5968
5973
5969
5974
5975
5971
5973
5972
5974
5975
5974
5975
5977
5979
5978
5980
5981
5980
5981
5983
5985
5984
5986
5987
5986
5987
5989
5994
5990
5995
5996
5992
5994
5993
5995
5996
5995
5996
5998
6000
5999
6001
6002
6001
6002
6004
6006
6005
6007
6008
6007
6008
6010
6011
6013
6015
6014
6016
6017
6016
6017
)


// ************************************************************************* //
