/*--------------------------------*- C++ -*----------------------------------*\
  =========                 |
  \\      /  F ield         | OpenFOAM: The Open Source CFD Toolbox
   \\    /   O peration     | Website:  https://openfoam.org
    \\  /    A nd           | Version:  8
     \\/     M anipulation  |
\*---------------------------------------------------------------------------*/
/*   Windows 32 and 64 bit porting by blueCAPE: http://www.bluecape.com.pt   *\
|  Based on Windows porting (2.0.x v4) by Symscape: http://www.symscape.com   |
\*---------------------------------------------------------------------------*/
FoamFile
{
    version     2.0;
    format      ascii;
    class       labelList;
    location    "constant/air/polyMesh";
    object      pointProcAddressing;
}
// * * * * * * * * * * * * * * * * * * * * * * * * * * * * * * * * * * * * * //


8152
(
3
4
10
11
37
38
44
45
83
84
101
103
133
162
169
208
281
282
283
285
286
298
300
366
367
369
380
382
459
502
529
530
594
659
662
663
664
679
845
858
893
936
938
959
960
1047
1048
1049
1050
1051
1052
1053
1088
1089
1090
1091
1116
1147
1148
1149
1150
1151
1152
1192
1193
1194
1195
1197
1230
1250
1251
1252
1253
1254
1308
1309
1310
1542
1544
1557
1558
1561
1612
1614
1623
1624
1666
1758
1759
1808
1809
1810
1890
1891
1925
1937
1938
1972
1987
1988
1989
1990
1999
2000
2002
2088
2093
2094
2096
2097
2098
2099
2100
2101
2102
2103
2425
2439
2468
2476
2523
2525
2526
2527
2682
2683
2684
2688
2718
2720
2721
2722
2723
2920
2921
2922
2923
2924
2925
2957
2959
2961
2962
3015
3016
3017
3018
3050
3051
3052
3053
3054
3111
3112
3113
3172
3173
3174
3175
3176
3177
3284
3479
3480
3491
3497
3498
3499
3500
3566
3567
3582
3583
3584
3586
3589
3697
3788
3830
3831
3832
3833
3834
3835
3836
3837
3838
3839
3949
3950
3951
3952
3953
4083
4084
4086
4087
4088
4106
4144
4329
4330
4331
4332
4336
4337
4338
4388
4392
4393
4394
4395
4396
4397
4398
4399
4739
4740
4741
4742
4743
4744
4745
4746
4747
4771
4773
4797
4798
4799
4800
4801
4802
4803
4804
4829
4830
4831
4832
4833
4834
4837
4886
4887
4888
4889
4890
4891
4892
4893
4894
4895
4896
5275
5276
5337
5339
5381
5501
5502
5562
5563
5564
5565
5566
5567
5678
5680
5723
5726
5812
5823
5825
5838
5984
5986
5988
5991
5992
5993
5994
5995
5996
5997
5998
5999
6000
6001
6002
6003
6004
6005
6006
6007
6051
6052
6053
6054
6230
6273
6274
6279
6280
6768
6769
6771
6772
6773
6774
6775
6776
6777
6778
6780
6790
6791
6796
6797
6798
6913
6923
6924
6925
6931
6932
6933
6934
6935
6936
6937
6938
6939
6940
6941
6942
6943
6944
6945
6946
6947
7480
7482
7483
7522
7523
7543
7621
7680
7682
7683
7684
7686
7692
7693
7719
7783
7784
7785
7788
7789
7814
7815
7816
7817
7818
7819
7833
7834
7882
7999
8000
8001
8002
8010
8011
8042
8099
8100
8101
8128
8130
8131
8132
8133
8134
8135
8136
8149
8150
8212
8308
8309
8310
8311
8325
8355
8356
8357
8379
8380
8381
8382
8383
8399
8400
8420
8421
8422
8423
8424
8425
8449
8521
8538
8539
8540
8541
8581
8590
8591
8592
8593
8595
8597
8628
8629
8630
8631
8632
8700
8701
8702
8703
8754
8755
8756
8757
8758
8759
8793
8794
8795
8796
8797
8798
8799
8863
8864
8865
8866
8867
8869
8870
8871
8896
8897
8898
8899
8900
9075
9093
9190
9191
9192
9193
9194
9195
9196
9197
9198
9199
9236
9238
9239
9240
9244
9277
9278
9279
9280
9281
9282
9283
9284
9285
9350
9351
9352
9353
9354
9355
9356
9357
9358
9359
9360
9361
9391
9392
9404
9405
9406
9407
9408
9409
9410
9411
9412
9413
9414
9415
9416
9417
9418
9419
9420
9421
9633
9634
9641
9725
9728
9730
9731
9732
9734
9735
9736
9776
9777
9877
9878
9879
9880
9881
9959
9960
9961
9962
9963
10020
10021
10022
10024
10025
10026
10027
10071
10095
10097
10098
10099
10101
10102
10147
10148
10149
10150
10151
10152
10153
10154
10155
10156
10157
10158
10159
10160
10161
10162
10163
10164
10165
10166
10167
10168
10169
10378
10380
10381
10382
10383
10384
10385
10386
10400
10401
10432
10529
10530
10531
10532
10533
10534
10535
10536
10537
10601
10603
10604
10605
10606
10607
10608
10609
10610
10611
10612
10613
10614
10615
10616
10617
10652
10653
10768
11058
11059
11060
11061
11062
11063
11064
11077
11087
11088
11089
11090
11091
11092
11093
11094
11095
11104
11105
11111
11112
11113
11114
11115
11116
11117
11118
11119
11120
11121
11122
11123
11124
11125
11218
11219
11220
11221
11222
11223
11224
11263
11264
11266
11268
11272
11273
11274
11277
11279
11385
11386
11387
11388
11389
11390
11391
11392
11393
11394
11395
11396
11397
11398
11399
11435
11436
11438
11440
11441
11442
11443
11444
11499
11500
11501
11506
11507
11508
11510
11883
11884
11885
11886
11919
11920
11928
11929
11930
11931
11932
11933
11934
11947
11948
11949
11950
11951
11952
11953
11954
11955
11956
11957
11958
12214
12215
12219
12220
12330
12331
12384
12385
12457
12458
12475
12477
12496
12504
12557
12558
12559
12560
12561
12562
12567
12569
12570
12571
12572
12573
12574
12575
12576
12577
12578
12579
12580
12588
12623
12624
12626
12627
12628
12629
12630
12631
12632
12633
12634
12635
12636
12637
12791
12810
12814
12815
12816
12817
13098
13163
13165
13166
13167
13168
13169
13170
13171
13172
13173
13174
13175
13180
13181
13182
13183
13184
13185
13186
13187
13188
13296
13297
13300
13301
13302
13303
13304
13305
13306
13307
13308
13309
13310
13311
13312
13313
13314
13315
13316
13317
13318
13319
13320
13321
13322
13323
13324
13325
13326
13327
13328
13329
13330
13392
13393
13394
13395
13396
13397
13398
13399
13400
13401
13402
13403
13404
13405
13406
13407
13409
13657
13676
13679
13682
13687
13688
13690
13691
13692
13694
13696
14266
14269
14270
14271
14272
14273
14274
14275
14276
14277
14278
14279
14280
14281
14282
14283
14284
14285
14286
14316
14317
14318
14319
14419
14420
14621
14622
14623
14624
14625
14626
14627
14628
14629
14630
14737
14738
14739
14740
14741
14742
14746
14748
14749
14750
14751
14752
14753
14754
14755
14756
14757
14758
14759
14760
14761
14762
14763
14764
14765
14766
14767
14768
14769
14770
14771
14772
14773
14774
14775
14776
14777
14778
14779
14780
14781
14782
14783
14850
14851
15010
15329
15330
15331
15332
15340
15346
15355
15356
15379
15398
15402
15423
15425
15462
15655
15712
15779
15780
15847
15866
16149
16150
16159
16166
16175
16338
16339
16414
16577
16579
16581
16686
16884
16953
16954
17129
17130
20038
20042
20058
20085
20087
20088
20089
20090
20091
20308
20309
20310
20311
20312
20322
20323
20324
20404
20408
20409
20411
20416
20417
20418
20419
20420
20421
20422
20423
20424
20425
20426
20427
20428
20429
20481
20482
20805
20957
20961
20965
20966
20967
20968
20969
20970
20971
20972
20973
20974
20975
20976
20977
20978
21012
21013
21014
21015
21170
21171
21565
21566
21567
21568
21569
21570
21571
21572
21573
21574
21575
21576
21577
21578
21580
21581
21582
21583
21584
21601
21602
21604
21605
21727
21732
21736
21737
21738
21739
21740
21741
21742
21743
21744
21745
21746
21747
21748
21749
21750
21751
21752
21753
21754
21755
21756
21757
21802
21803
21804
21805
21806
21807
21808
21810
21997
22497
22500
22501
22502
22526
22528
22800
22802
22803
22804
22805
22806
22807
22808
22823
22825
22878
22883
22884
22885
22886
22887
22888
22889
22890
22891
22892
22893
22894
22895
22896
23177
23179
23180
23181
23182
23183
23184
23185
23186
23187
23188
23189
23190
23429
23430
23431
23432
23433
23434
23435
23436
23437
23438
23439
23440
23469
23470
23471
23472
23474
23475
23476
23477
23478
23479
23480
23481
23482
23483
23484
23485
23486
23487
23488
23489
23490
23491
23492
23493
23794
23795
23796
23797
23798
23799
23817
23818
23819
23820
23821
23822
23872
23874
23875
23876
23877
23878
23948
23949
23950
23951
23952
23953
23954
23955
24006
24007
24013
24015
24016
24141
24142
24169
24170
24172
24173
24296
24297
24298
24299
24300
24301
24517
24518
24519
24520
24522
24523
24525
24528
24529
24553
24554
24555
24556
24557
24560
24642
24643
24644
24645
24647
24663
24664
24758
24897
24960
24961
24962
24963
24964
24965
24966
25158
25159
25160
25232
25234
25235
25236
25242
25243
25244
25245
25290
25667
25668
25669
25670
25747
25748
25749
25790
25791
25792
25793
25794
25795
25802
25875
25876
25877
25878
25879
25880
26118
26119
26120
26121
26122
26123
26124
26125
26126
26127
26128
26129
26130
26131
26132
26133
26134
26135
26136
26137
26206
26207
26208
26209
26246
26321
26322
26323
26324
26325
26326
26327
26328
26329
26330
26331
26332
26333
26334
26335
26336
26413
26414
26415
26416
26417
26418
26419
26420
26421
26422
26427
26428
26498
26502
26545
26546
26547
26548
26549
26550
26551
26552
26553
26554
26555
26556
26557
26558
26675
26676
26677
26678
26679
26680
26681
26682
26683
27353
27355
27358
27359
27386
27387
27388
27389
27390
27391
27395
27396
27397
27498
27499
27502
27503
27520
27521
27522
27626
27627
27873
27874
27875
27876
27985
27986
27987
27988
27989
27990
27991
27992
27993
27994
27995
28174
28175
28176
28177
28259
28260
28261
28262
28312
28313
28314
28315
28330
28334
28335
28336
28337
28338
28339
28340
28341
28342
28343
28344
28345
28346
28347
28348
28349
28350
28351
28352
28387
28388
28389
28390
28391
28572
28573
28574
28575
28576
28577
28579
28580
28581
28582
28583
28584
28585
28586
28587
28588
28589
28590
28591
28592
29185
29186
29187
29188
29212
29213
29214
29215
29287
29360
29363
29364
29365
29366
29367
29368
29369
29370
29371
29372
29373
29790
29791
29792
29793
29794
29795
29796
29797
29798
29799
29800
29801
29802
29803
29805
29817
29880
29886
29887
29888
29889
29890
29891
29926
29927
30364
30365
30366
30367
30369
30370
30371
30402
30507
30508
30509
30510
30511
30512
30513
30514
30515
30516
30517
30518
30519
30520
30580
30581
30582
30583
30584
30585
30661
30662
30713
30714
30715
30716
30717
30718
30719
30720
30896
30897
30898
31229
31230
31241
31242
31243
31244
31252
31253
31254
31335
31337
31338
31339
31341
31344
31460
31461
31462
31463
31655
31656
31657
31658
31736
31737
31738
31739
31740
31741
31742
31743
31744
31745
31746
31747
31748
31749
31750
31751
31752
31753
31754
31755
31756
31757
31957
31958
31959
31960
31961
31962
31963
31964
31965
31966
32104
32105
32106
32107
32108
32110
32111
32112
32113
32114
32140
32141
32142
32143
32201
32504
32505
32506
32507
32508
32509
32510
32511
32512
32513
32514
32515
32525
32526
32609
32610
32611
32616
32617
32618
32619
32620
32621
32622
32623
32624
32625
32626
32627
32628
32629
32630
33016
33017
33018
33019
33020
33021
33022
33023
33024
33025
33026
33027
33028
33029
33030
33031
33077
33137
33138
33139
33140
33141
33142
33143
33144
33145
33146
33147
33148
33149
33150
33151
33152
33153
33154
33155
33195
33196
33197
33198
33199
33200
33201
33202
33203
33204
33205
33210
33211
33284
33285
33286
33287
33288
33289
33290
33291
33292
33293
33294
33295
33296
33297
33298
33299
33300
33301
33302
33899
33900
33901
33992
33994
34063
34247
34248
34249
34250
34323
34324
34325
34326
34327
34328
34329
34330
34331
34332
34333
34334
34459
34461
34524
34525
34546
34557
34564
34615
34616
34617
34618
34619
34620
34621
34622
34623
34624
34625
34626
34627
34628
34629
34630
34631
34632
34665
34666
34667
34668
34742
34743
34744
34757
34758
34763
34764
35030
35031
35032
35033
35034
35035
35036
35037
35038
35046
35047
35108
35110
35111
35112
35113
35114
35115
35116
35117
35118
35119
35283
35284
35285
35288
35289
35290
35291
35292
35293
35294
35298
35459
35461
35462
35463
35464
35465
35466
35467
35468
35477
35478
35479
35480
35481
35530
35531
35532
35533
35534
35535
35536
35537
35538
35539
35540
35541
35542
35543
35544
35545
35546
35547
35889
35893
35894
35895
35896
35897
35898
35899
35900
35901
35902
35903
35904
35905
35906
36135
36136
36137
36138
36139
36140
36141
36142
36143
36144
36145
36146
36147
36148
36188
36189
36190
36191
36193
36196
36197
36198
36199
36200
36201
36202
36203
36204
36205
36206
36207
36208
36209
36210
36211
36212
36213
36214
36215
36216
36217
36218
36219
36220
36221
36222
36265
36266
36267
36303
36304
36313
36314
36315
36316
36335
36336
36337
36338
36339
36340
36417
36418
36419
36442
36444
36445
36446
36524
36525
36526
36527
36542
36543
36544
36545
36546
36547
36570
36571
36572
36573
36574
36575
36620
36621
36622
36623
36625
36626
36627
36798
36799
36800
36801
36802
36803
36804
36805
36824
36842
36843
36844
36845
36846
36847
36848
36849
36850
36851
36852
36896
36897
36898
36899
36900
36901
36902
36903
36904
36943
36944
36945
36946
36947
36948
36949
36950
36951
36952
36953
36954
36955
36956
36957
36958
36959
37103
37104
37146
37148
37149
37150
37152
37153
37154
37260
37261
37262
37263
37264
37302
37303
37304
37305
37306
37307
37336
37337
37339
37340
37341
37342
37345
37346
37399
37400
37401
37402
37403
37404
37405
37406
37435
37436
37437
37438
37439
37440
37441
37442
37443
37444
37445
37446
37447
37448
37449
37450
37451
37452
37453
37508
37509
37510
37511
37574
37575
37576
37577
37578
37579
37580
37581
37582
37583
37584
37654
37655
37656
37657
37658
37659
37660
38600
38601
38602
38603
38604
38605
38606
38607
38627
38628
38629
38631
38714
38715
38716
38717
38718
38719
38720
38729
38854
38855
38856
38857
38859
38865
38866
38867
38868
38869
38870
38871
38872
38873
38874
38875
38876
38877
38878
38879
38880
38881
38882
38883
38884
38885
38886
38892
38978
39198
39791
39792
39863
39933
39934
39935
39936
39937
39938
39939
39940
39941
39942
39943
39944
39945
39946
39947
39948
39949
39950
39951
39952
39953
39954
39955
39956
39957
39958
39959
39960
39961
40013
40014
40015
40016
40017
40018
40019
40020
40021
40022
40023
40024
40025
40387
40388
40389
40390
40406
40408
40410
40412
40413
40419
40420
40421
40422
40423
40424
40438
40440
40441
40444
40445
40446
40447
40448
40449
40450
40451
40452
40453
40454
40455
40456
40457
40458
40459
40460
40461
40462
40463
40464
40465
40466
40467
40468
40469
40470
40471
40472
40473
40474
40475
40476
40477
40478
40479
40480
40481
40482
40483
40484
40485
40486
40487
40488
40489
40490
40491
40492
40493
40494
40697
40698
40699
40700
40701
40702
40703
42080
42081
42090
42091
42092
42093
42322
42323
42348
42354
42389
42762
42763
42764
42774
42778
42779
42780
42788
42789
42790
42791
42792
42793
42794
42795
42796
42797
42798
42799
42800
42801
42802
42803
42804
42805
42806
42807
42808
42809
42810
42811
42812
42813
42814
42815
42816
42817
42818
42819
42820
42821
42822
42823
42824
42825
42826
42827
42828
42829
42830
42831
42832
42833
42834
42835
42836
42837
42838
42839
42840
42968
42969
42970
42971
42972
42973
42974
42975
42976
42977
42978
42979
42980
43413
43483
43484
43488
43497
43498
43499
43500
43501
43502
44936
44937
45004
45006
45007
45008
45009
45010
45011
45012
45013
45014
45015
45016
45017
45018
45019
45020
45021
45022
45023
45024
45025
45026
45027
45028
45029
45030
45031
45032
45033
45034
45035
45036
45037
45038
45039
45040
45041
45042
45043
45044
45045
45046
45047
45048
45049
45050
45051
45052
45053
45054
45055
45056
45057
45058
45059
45060
45061
45062
45063
45068
45069
45071
45073
45074
45075
45076
45077
45078
45079
45081
45122
45123
45134
45135
45136
45137
45138
45139
45140
45141
45146
45147
45148
45149
45559
45560
45561
45562
45563
45575
45578
45579
45582
45583
45594
45595
45596
45597
45598
45599
45600
45601
45602
45603
45604
45605
45606
45607
45608
45609
45610
45611
45612
45613
45614
45615
45616
45617
45618
45619
45620
45621
45622
45623
45624
45625
45626
45627
45628
45629
45630
45631
45632
45633
45634
45635
45636
45637
45638
45639
45640
45641
45642
45643
45644
45645
45646
45647
45648
45649
45650
45651
45652
45653
45654
45655
45656
45657
45658
45659
45660
45661
45662
45663
45664
45665
45666
45667
45668
45669
45670
45671
45672
45673
45674
45675
45676
45677
45678
45679
45680
45681
45682
45683
45684
45685
45838
45839
45840
45841
45842
45843
45844
45845
45846
45847
45848
45849
45850
45851
45852
45853
45854
45855
45857
45858
46350
46351
46360
47668
47669
47670
47673
47675
47680
47681
47682
47683
47684
47685
47686
47687
47688
47689
47690
47691
47692
47707
47759
47760
47764
47765
47766
47767
48491
48492
48493
48494
48498
48499
48500
48501
48502
48505
48506
48507
48508
48509
48510
48511
48512
48513
48514
48515
48516
48517
48543
48544
48545
48546
48548
48552
48553
48554
48692
48693
48701
48702
48703
48704
48705
48706
48707
48708
48709
48710
48711
48712
48713
48714
48715
48716
48717
48718
48719
48720
48721
48722
48723
48724
48725
48726
48727
48728
48729
48730
48731
48732
48733
48734
48735
48736
48737
48738
48739
48993
48994
49461
49462
49466
49467
49468
49469
49470
49471
49472
49473
49474
49475
49476
49477
49478
49479
49480
49481
49482
49483
49484
49485
49486
49487
49488
49489
49490
49491
49492
49493
49494
49495
49496
49497
49498
49499
49500
49501
49697
49698
49699
49700
50022
50023
50024
50025
50026
50027
50028
50029
50030
50031
50032
50033
50034
50035
50036
50037
50038
50039
50040
50041
50042
50043
50044
50107
50108
50109
50110
50111
50112
50113
50114
50115
50116
50120
50121
50122
50123
50124
50125
50126
50127
50128
50129
50130
50131
50132
50133
50134
50135
50136
50137
50138
50139
50140
50141
50142
50143
50144
50145
50146
50147
50148
50149
50150
50151
50152
50153
50154
50155
50156
50157
50158
50159
50996
51004
51005
51006
51021
51023
51038
51065
51068
51069
51070
51138
51140
51173
51176
51177
51178
51179
51180
51320
51324
51325
51326
51327
51328
51330
51404
51405
51406
51407
51408
51434
51435
51436
51438
51520
51521
51538
51548
51549
51550
51558
51569
51582
51606
51607
51612
51614
51616
51630
51633
51652
51653
51654
51786
51790
51944
51946
51948
51997
52064
52065
52066
52067
52307
52308
52309
52310
52311
52312
52313
52314
52315
52323
52324
52532
52533
52534
52535
52536
52543
52629
52668
52669
52670
52671
52672
52673
52674
52677
52759
52761
52964
52965
52966
52967
52968
52969
53010
53011
53022
53023
53074
53075
53080
53081
53082
53083
53101
53102
53103
53105
53136
53137
53138
53139
53140
53141
53142
53189
53190
53191
53192
53193
53194
53195
53670
53671
53672
53673
53674
53675
53676
53677
53678
53679
53680
53681
53682
53683
53684
53685
53686
53687
53688
53689
53690
53713
53714
53715
53716
53879
53880
53882
53883
54118
54119
54120
54122
54522
54523
54524
54525
54526
54527
54528
54529
54530
55173
55174
55175
55176
55177
55178
55179
55180
55181
55182
55183
55184
55185
55186
55187
55188
55189
55190
55191
55192
55193
55194
55195
55196
55197
55198
55199
55200
55201
55202
55203
55204
55205
55206
55207
55208
55209
55210
55211
55212
55213
55214
55215
55216
55217
55218
55219
55220
55221
55222
55223
55224
55225
55226
55227
55228
55229
55230
55231
55232
55233
55234
55235
55236
55237
55238
55388
55389
55390
55391
55392
55393
55394
55395
55396
55397
55398
55689
55690
55691
55692
55693
55694
55695
55834
55835
55836
55837
55838
55839
55840
55841
55842
55843
55844
55845
55846
55847
55848
55849
55850
55851
55852
55859
55865
55866
55867
55868
55869
55904
55915
55917
55919
55920
55921
55991
55992
55993
55994
55995
55996
56030
56032
56033
56087
56088
56089
56158
56159
56161
56313
56314
56315
56316
56358
56359
56360
56706
56707
56708
56961
56962
56963
56964
56965
56966
56973
56974
56975
56976
57062
57063
57064
57065
57066
57067
57068
57069
57070
57071
57072
57073
57074
57075
57076
57077
57146
57147
57148
57196
57197
57251
57252
57253
57254
57255
57256
57257
57258
57259
57260
57261
57262
57338
57339
57340
57341
57342
57346
57347
57421
57639
57640
57812
57813
57913
57914
57915
57916
57917
57918
57919
57991
58037
58038
58039
58040
58041
58042
58043
58044
58045
58046
58047
58048
58074
58075
58076
58077
58386
58387
58388
58389
58484
58675
58676
58677
58678
58679
58755
58757
58758
58759
58760
58761
58791
58796
58797
58925
58926
58927
58928
58929
58930
58931
59068
59070
59140
59141
59142
59470
59471
59758
59759
59955
59956
59957
59958
59959
59960
60050
60051
60052
60053
60054
60055
60056
60057
60058
60059
60060
60061
60062
60063
60064
60065
60066
60067
60068
60069
60070
60071
60072
60090
60091
60092
60094
60095
60297
60298
60299
60300
60301
60302
60303
60304
60305
60306
60307
60308
60309
60325
60326
60328
60351
60352
60353
60354
60355
60356
60357
60358
60359
60360
60361
60362
60376
60378
60416
60417
60590
60591
60629
60717
60718
60719
60720
60779
60781
60782
60783
60930
60931
60932
60933
60934
60935
61086
61087
61088
61089
61090
61091
61092
61093
61094
61095
61096
61097
61098
61219
61403
61404
61405
61406
61407
61408
61409
61410
61411
61412
61413
61414
61415
61416
61417
61418
61419
61420
61421
61422
61423
61424
61425
61426
61427
61428
61429
61430
61460
61461
61611
61612
61613
61648
61649
61650
61652
61653
61802
61803
61804
61806
61853
61949
61950
61951
61952
61981
61998
62030
62031
62115
62116
62131
62132
62133
62134
62136
62177
62178
62207
62237
62253
62254
62255
62256
62257
62258
62455
62456
62457
62458
62468
62484
62485
62486
62487
62488
62528
62660
62661
62663
62664
62665
62705
62706
62707
62748
62749
62796
62797
62833
62834
62835
62843
62844
62845
62846
62847
62848
62849
62850
62851
62852
62853
62864
62865
62866
62867
62887
62888
62955
62956
62957
62958
62959
62960
62961
62962
62963
62964
62965
62966
62971
62972
62973
62982
62983
62984
62985
62986
63041
63042
63043
63044
63045
63080
63081
63082
63083
63154
63155
63199
63200
63201
63202
63203
63204
63205
63229
63261
63262
63263
63264
63265
63287
63288
63289
63295
63296
63317
63318
63319
63320
63321
63322
63323
63324
63325
63326
63327
63328
63367
63368
63369
63370
63376
63377
63378
63379
63380
63393
63419
63422
63423
63465
63466
63467
63476
63477
63478
63528
63529
63530
63540
63641
63642
63643
63644
63645
63646
63674
63675
63676
63677
63678
63729
63730
63731
63732
63733
64179
64180
64181
64182
64183
64184
64185
64186
64187
64188
64189
64190
64191
64192
64193
64212
64213
64214
64215
64216
64217
64375
64379
64380
64629
64630
64631
64632
64633
64634
64998
64999
65000
65001
65002
65003
65004
65005
65655
65656
65657
65658
65659
65660
65661
65662
65663
65664
65665
65666
65667
65668
65669
65670
65671
65672
65673
65674
65675
65676
65677
65678
65679
65680
65681
65682
65683
65684
65685
65686
65687
65688
65689
65690
65691
65692
65693
65694
65695
65696
65697
65698
65699
65700
65701
65702
65703
65704
65705
65706
65707
65708
65709
65710
65711
65712
65713
65714
65715
65716
65717
65885
65886
65887
65888
65889
65890
65891
65892
65893
66209
66210
66211
66212
66213
66214
66215
66216
66217
66218
66375
66376
66377
66378
66379
66380
66381
66382
66383
66384
66385
66386
66387
66388
66389
66390
66391
66392
66393
66394
66395
66396
66397
66398
66426
66427
66428
66429
66430
66431
66432
66433
66434
66435
66436
66437
66438
66439
66582
66583
66584
66585
66586
66587
66588
66589
66590
66591
66592
66593
66594
66595
66596
66597
66598
66599
66600
66601
66708
66709
66712
66713
66715
66717
66913
66914
66916
66917
66921
66922
67673
67674
67675
67994
67995
67996
67997
67998
67999
68000
68001
68002
68003
68004
68005
68006
68007
68008
68009
68010
68011
68012
68013
68201
68202
68203
68204
68205
68206
68207
68208
68209
68210
68211
68212
68213
68214
68215
68216
68217
68218
68219
68220
68221
68222
68223
68224
68225
68226
68227
68228
68229
68230
68507
68508
68509
68510
68511
68512
68513
68514
68515
68516
68517
68518
68519
68520
68521
68522
68523
68524
68525
68526
68527
68528
68686
68687
68688
68689
68690
68691
69046
69047
69160
69161
69241
69242
69243
69262
69263
69264
69265
69266
69267
69268
69269
69270
69271
69272
69273
69274
69275
69276
69277
69278
69279
69280
69281
69282
69283
69284
69437
69438
69439
69440
69441
69442
69443
69455
69613
69614
69615
69930
69931
69932
69933
69934
69935
69936
69937
69938
69939
69940
69941
69942
69943
69944
69945
69946
69947
69948
69949
70035
70037
70041
70043
70044
70045
70046
70268
70270
70271
70273
70274
70276
70277
70278
70279
70811
70812
70813
70814
70815
71051
71052
71053
71054
71055
71056
71243
71244
71245
71246
71247
71248
71249
71250
71251
71252
71253
71254
71255
71256
71257
71277
71278
71279
71280
71281
71282
71283
71284
71285
71286
71287
71288
71289
71290
71291
71292
71293
71294
71295
71296
71297
71298
71299
71300
71301
71302
71303
71304
71305
71306
71307
71308
71309
71310
71311
71312
71313
71388
71389
71390
71391
71392
71393
71394
71395
71396
71397
71398
71399
71400
71401
71402
71403
71443
71444
71445
71446
71447
71448
71449
71450
71451
71452
71453
71454
71455
71456
71457
71458
71485
71486
71497
71498
71499
71500
71501
71502
71611
71612
71613
71647
71724
71725
71796
71797
71798
71799
71800
71801
71802
71803
71804
71910
71911
71929
71930
71931
71932
71933
71934
71935
71942
71950
71951
71952
71953
71954
72026
72027
72028
72029
72035
72038
72039
72040
72047
72048
72117
72118
72119
72120
72121
72122
72123
72124
72125
72126
72127
72128
72129
72130
72292
72293
72734
72735
72736
72737
72738
72739
72740
72741
72742
72743
72744
72745
72746
72747
72763
72764
72765
72766
72767
72963
72968
73002
73003
73004
73005
73007
73214
73215
73560
73561
73562
73563
73564
73572
73573
73574
73575
73577
73578
73579
73590
73591
73592
73593
73594
73597
73598
73830
73876
73877
73878
73879
73887
74185
74186
74187
74188
74189
74190
74191
74192
74193
74194
74195
74196
74197
74198
74199
74200
74201
74202
74203
74204
74205
74206
74207
74208
74502
75160
75161
75162
75163
75164
75165
75166
75167
75168
75169
75170
75171
75172
75173
75174
75175
75176
75177
75178
75179
75180
75181
75182
75183
75184
75185
75186
75187
75188
75189
75190
75191
75192
75193
75194
75195
75196
75197
75198
75199
75200
75201
75202
75203
75204
75205
75206
75207
75208
75209
75210
75211
75212
75247
75249
75251
75255
75256
75257
75258
75259
75260
75418
75419
75420
75421
75422
75423
75949
75950
75951
75952
75953
75954
75955
75956
75957
75958
75959
75960
75961
75962
75963
75964
75965
75966
75967
75968
75969
75970
75971
75983
75989
75998
76304
76305
76306
76307
76308
76309
76310
76311
76312
76313
76314
76465
76466
76467
76468
76469
76470
76471
76472
76473
76474
76475
76476
76477
76478
76479
76480
76481
76489
76490
76689
76690
76691
76693
77170
77171
77172
77173
77174
77175
77176
77177
77178
77179
77180
77181
77182
77183
77184
77185
77186
77187
77188
77189
77190
77191
77192
77193
77194
77310
77311
77312
77313
77314
77344
77345
77346
77347
77348
77349
77468
77469
77470
77471
77472
77473
77485
77486
77487
77488
77489
77490
77491
77492
77493
77494
77495
77567
77568
77569
77570
77571
77572
77573
77574
77575
77576
77577
77581
77583
77701
77702
77703
77704
77705
77706
77707
77708
77709
77710
77711
77712
77713
77714
77715
77716
77717
77718
77719
77720
77721
77722
77723
77724
77725
77726
77727
77728
77729
77730
77731
77732
77913
77914
77915
77916
77917
77918
77919
77920
77921
77922
77923
77924
77925
77926
77927
77928
77929
79565
79566
79567
79568
79569
79570
79571
79572
79573
79574
79575
79576
79577
79578
79579
79580
79581
79582
79583
79584
79585
79586
79587
79588
79589
79590
79591
79592
79593
79594
79595
79596
79597
79598
79599
79600
79601
79602
79603
79604
79605
79606
79607
79608
79609
79610
79611
79612
79613
79614
79615
79616
79617
79618
79619
79620
79621
79622
79623
79624
79625
79626
79627
79628
79629
79630
79631
79632
79633
79634
79635
79636
79637
79718
79719
79720
79721
79722
79723
79724
79725
79726
79727
79728
80234
80235
80236
80237
80238
80242
80243
80244
80245
80246
80926
80927
80928
80929
80930
80932
80934
80935
80937
82116
82117
82118
82119
82120
82121
82122
82123
82124
82125
82126
82127
82128
82129
82130
82131
82132
82133
82134
82135
82136
82137
82138
83913
83914
83915
83916
83917
83918
83919
83920
83921
83922
83923
83924
83925
83926
83927
83928
83929
83930
83931
83932
83933
83934
83935
83936
83937
83938
83939
83940
83941
83942
83943
83944
83945
83946
83947
83948
83949
83950
83951
83952
83953
83954
83955
83956
83957
83958
83959
83960
83961
83962
83963
83964
83965
83966
83967
83968
83969
83970
83971
83972
83973
83974
83975
83976
83977
83978
83979
83980
83981
83982
83983
83984
83985
83986
83987
83988
83989
83990
83991
83992
83993
83994
83995
83996
83997
83998
83999
84000
84001
84002
84003
84004
84005
84006
84007
84008
84009
84010
84011
84012
84013
84014
84015
84016
84017
84018
84019
84020
84021
84022
84023
84024
84025
84026
84027
84028
84029
84030
84031
84032
84033
84034
84035
84036
84037
84038
84039
84040
84041
84042
84043
84044
84045
84046
84047
84048
84049
84050
84051
84052
84053
84054
84055
84056
84057
84058
84059
84060
84061
84062
84063
84064
84065
84066
84067
84068
84069
84070
84071
84072
84073
84074
84075
84076
84077
84078
84079
84080
84081
84082
84083
84084
84085
84086
84087
84088
84089
84090
84091
84092
84093
84094
84095
84096
84097
84098
84099
84100
84101
84102
84103
84104
84540
84541
84542
84543
84544
84545
84546
84547
84548
84549
84550
84551
84552
84553
84554
84555
84556
84557
84558
84559
84560
84561
84562
84563
84564
85290
85291
85292
85293
85294
85295
85296
85297
85298
85299
85300
85301
85302
85303
85304
85305
85306
85307
85308
85309
85686
85687
85688
85689
85690
85691
85692
85693
85694
85695
85696
85697
85698
85699
85700
85701
85702
85703
85704
85705
85706
85707
85708
85709
85710
85711
85712
85713
85714
85715
85716
85717
85718
85719
85720
85721
85722
85723
85724
85725
85726
85727
85728
85729
85730
85731
85732
85733
85734
85735
85736
85737
85738
85739
85740
85741
85777
85781
85786
85787
85793
85808
85810
85858
85884
85897
85898
85917
85935
85936
85937
85952
85953
85954
86019
86020
86021
86118
86119
86134
86143
86291
86292
86316
86359
86387
86388
86410
86438
86442
86443
86444
86445
86446
86447
86471
86474
86475
86487
86488
86489
86505
86506
86523
86524
86525
86526
86527
86528
86548
86549
86550
86685
86686
86687
86688
86689
86690
86691
86692
86693
86694
86695
86696
86710
86711
86786
86787
86978
86979
86980
86995
86999
87000
87001
87002
87003
87004
87005
87016
87017
87018
87019
87131
87132
87133
87134
87135
87136
87137
87145
87226
87227
87235
87236
87244
87245
87465
87466
87467
87468
87497
87547
87548
87549
87550
87551
87552
87679
87680
87681
87682
87683
87684
87685
87686
87687
87688
87689
87690
87691
87692
87693
87694
87695
87696
87697
87698
87699
87700
87701
87702
87703
87704
87705
87706
87707
87708
87709
87710
87711
87712
87713
87714
87715
87716
87717
87718
87719
87720
87721
87722
87723
87724
87850
87851
87852
87853
87854
87855
87856
87857
87858
87859
87860
87861
87862
87863
87864
87865
87866
87867
87868
87869
88776
88777
88778
88779
88780
88781
88782
88783
88784
88785
88786
88787
88788
88789
88790
88791
88792
88793
88794
88795
88796
88797
88798
88799
88800
88801
88802
88803
88804
88805
88806
88807
88808
88809
88810
88811
88812
88813
88814
88815
88816
88817
88818
88819
88820
88821
88822
88823
88824
88825
88826
88827
88828
88829
88830
88831
88832
88833
88834
88835
88836
88837
88838
88839
88840
88841
88842
88843
88844
88845
88846
88847
88848
88849
88850
88851
88852
88853
88947
88948
88949
88950
88951
88952
89464
89465
89466
89467
89468
89469
89470
90948
90949
90950
90951
90952
90953
90954
90955
90956
90957
90958
90959
90960
90961
90962
90963
90964
90965
90966
90967
90968
91095
91120
91121
91122
91160
91239
91240
91282
91299
91313
91314
91315
91316
91327
91328
91329
91330
91331
91332
91333
91334
91389
91390
91391
91392
91393
91394
91395
91396
91397
91530
91531
91532
91533
91534
91535
91577
91578
91579
91632
91633
91634
91635
91636
91637
91666
91731
91732
91733
91834
91840
91841
91842
91843
91931
91932
91933
91934
91956
91957
91963
91964
91975
91976
91977
91978
91979
91989
92004
92012
92065
92121
92122
92144
92146
92147
92169
92183
92184
92189
92190
92197
92198
92220
92221
92233
92296
92297
92298
92299
92300
92301
92316
92317
92318
92319
92320
92475
92476
92477
92478
92479
92480
92481
92482
92483
92484
92485
92486
92487
92488
92489
92507
92849
92850
92851
92852
92853
92887
92888
92889
92890
92891
92892
92893
92894
92895
92896
92897
92898
92899
92900
92901
92902
92903
92993
92994
92995
92996
92997
92998
92999
93000
93001
93002
93003
93004
93005
93006
93007
93008
93009
93010
93074
93170
93171
93724
93725
93726
93727
93728
93729
93730
93731
93732
93733
93836
93837
93838
93839
93840
93841
93842
93843
93844
93845
93846
93847
93848
93849
93850
93851
93852
93853
93854
93855
93856
93857
93858
93859
93860
93861
93862
93863
93864
93865
93866
93867
93868
94048
94049
94050
94051
94052
94053
94054
94055
94056
94057
94058
94059
94060
94061
94062
94063
94064
94065
94066
94174
94347
94359
94360
94361
94362
94363
94364
94365
94366
94367
94410
94411
94547
94548
94549
94860
94861
94862
94863
94864
94865
94866
94867
94889
94890
94891
94895
94896
94904
94905
94906
94907
94908
94909
94961
94962
94963
94969
94970
94971
94972
95005
95006
95007
95008
95009
95010
95011
95012
95101
95102
95103
95104
95105
95106
95107
95108
95109
95110
95111
95112
95113
95114
95115
95116
95117
95118
95119
95120
95121
95222
95223
95224
95225
95226
95227
95228
95229
95230
95231
95703
95704
95705
95706
95707
95708
95709
95710
95711
95712
95713
95714
95715
95716
95717
95718
95719
95720
95721
95722
95723
95724
95725
95726
95727
95728
95729
95730
95731
95732
95733
95734
95735
95736
95737
95738
95739
95740
95741
95790
95791
96029
96030
96031
96674
96675
96676
96677
96678
96679
96680
96744
96745
96746
96747
96748
96853
96854
96855
96862
96863
96864
96865
96866
96867
96881
96882
96883
96884
96885
96886
96887
96998
96999
97000
97001
97002
97003
97010
97011
97012
97097
97098
97099
97100
97106
97107
97113
97114
97332
97333
97334
97335
97336
97337
97361
97362
97414
97415
97416
97417
97418
97419
97420
97421
97422
97423
97555
97556
97557
97558
97559
97560
97561
97562
97563
97564
97565
97566
97567
97568
97569
97570
97571
97572
97573
97574
97575
97576
97577
97578
97579
97580
97581
97582
97583
97584
97585
97586
97587
97588
97589
97590
97591
97592
97740
97741
97742
97743
97744
97745
97746
97747
97748
97749
97750
97751
97752
97753
97754
97755
97756
97757
97758
98692
98693
98694
98695
98696
98697
98698
98699
98700
98701
98702
98703
98704
98705
98706
98707
98708
98709
98710
98711
98712
98713
98714
98715
98716
98717
98718
98719
98720
98721
98722
98723
98724
98725
98726
98727
98728
98729
98730
98731
98732
98733
98734
98735
98736
98737
98738
98739
98740
98741
98742
98743
98744
98745
98746
98747
98748
98749
98750
98751
98752
98753
98754
98755
98756
98757
98758
98759
98760
98761
98762
98763
98764
98765
98766
98854
98855
98856
98857
98858
98859
98860
98861
98862
98863
99391
99392
99393
99394
99395
99396
99397
99398
99399
99400
99401
99402
99403
100969
100970
100971
100972
100973
100974
100975
100976
100977
100978
100979
100980
100981
100982
100983
100984
100985
100986
100987
101112
101113
101114
101115
101116
101117
101118
101152
101153
101154
101155
101156
101157
101158
101159
101160
101480
101481
101482
101483
101554
101555
101556
101557
101558
101559
101560
101561
101562
101563
101564
101565
101566
101567
101568
101569
101570
101571
101572
101573
101574
101575
101576
101577
101578
101579
101580
101581
101582
101583
101584
101750
101751
101752
101753
101754
101755
101756
101757
101758
101759
101760
101761
102106
102107
102108
102109
102110
102111
102112
102113
102114
102115
102116
102117
102118
102119
102120
102121
102122
102123
102124
102125
102126
102127
102267
102268
102269
102270
102271
102272
102273
102442
102443
102978
102979
102980
102981
102982
102983
102984
102985
102986
102987
102988
102989
102990
103019
103020
103021
103022
103023
103024
103025
103043
103044
103045
103046
103047
103048
103049
103050
103071
103258
103259
103260
103261
103406
103407
103408
103409
103410
103411
103529
103530
103531
103532
103545
103546
103547
103596
103597
103598
103614
103615
103616
103650
103651
103652
103653
103733
103734
103735
103736
103737
103738
103739
103740
103741
103742
103743
103744
103745
103746
103747
103748
103749
103750
103751
103752
103830
103831
103832
103833
103834
103835
103836
103837
103838
103839
103840
103841
103842
103843
104343
104344
104345
104346
104347
104348
104349
104350
104351
104352
104353
104354
104355
104356
104357
104358
104359
104360
104361
104362
104363
104364
104365
104366
104367
104368
104369
104370
104371
104372
104373
104374
104375
104376
104377
104378
104379
104380
104381
104382
104433
104434
104435
104436
104730
104731
104732
104733
105603
105604
105605
105606
105607
105608
105609
105610
105611
105612
105613
105614
105615
105616
105715
105716
105717
105718
105719
105720
105721
105722
105723
105724
105725
105726
105727
105728
105729
105730
105731
105732
105733
105734
105735
105736
105737
105738
105739
105740
105741
105742
105743
105897
105898
105899
105900
105901
105902
105903
105904
105905
105906
105907
105908
105909
105910
105911
105912
105913
105914
105915
105916
105917
105918
105919
105920
105921
105922
105923
105924
105925
105926
105927
105928
105929
105930
105931
107158
107159
107160
107161
107162
107163
107164
107165
107166
107167
107168
107169
107170
107171
107172
107173
107409
107410
107411
107412
107413
107414
107415
107416
107417
107418
107419
107420
107421
107422
107423
107424
107425
107426
107427
107428
107429
107430
107431
107432
107433
107434
107435
107436
107437
107438
107439
107440
107441
107442
107443
107444
107445
107446
107447
107448
107449
107450
107451
107452
107453
107454
107455
107456
107457
107458
107459
107460
107461
107462
107463
107464
107465
107466
107863
107864
107865
107866
107867
107868
107869
107870
107871
107872
107873
107874
107875
107876
107877
107878
107879
107880
107881
107882
107883
107884
107885
107886
108140
108141
108142
108720
108721
108722
108957
109127
109128
109129
109148
109149
109150
109151
109152
109153
109154
109155
109250
109251
109252
109253
109254
109255
109262
109352
109357
109363
109442
109445
109446
109523
109524
109525
109526
109527
109528
109529
109530
109588
109657
109658
109659
109667
109668
109669
109670
109671
109672
109673
109674
109675
109676
109677
109678
109679
109680
109681
109751
109752
109753
109754
109755
109756
109764
109765
109766
109767
109769
109795
109799
109800
109801
109802
109803
109804
109805
109806
109866
109867
109868
109869
109870
109871
109872
109873
109874
109875
109876
109877
109974
109975
109976
109977
109978
109979
109980
109981
109982
109983
109984
109985
109986
109987
109988
109989
109990
109991
109992
109993
109994
109995
109996
109997
109998
109999
110000
110001
110002
110003
110004
110119
110120
110121
110122
110123
110124
110125
110126
110127
110128
110129
110130
110131
110783
110784
110785
110786
110787
110788
110789
110790
110791
110792
110793
110794
110795
110796
110797
110798
110799
110800
110801
110802
110803
110804
110805
110806
110807
110808
110809
110810
110811
110812
110813
110814
110815
110816
110817
110818
110819
110820
110821
110822
110823
110824
110825
110826
110827
110828
110829
110830
110831
110832
110833
110834
110835
110836
110837
110838
110839
110902
110903
110904
110905
110906
110907
110908
111284
111285
111286
111287
111288
111289
111290
111291
112222
112223
112224
112225
112226
112227
112228
112229
112230
112231
112232
112233
112270
112271
112342
112347
112348
112349
112373
112374
112375
112376
112377
112378
112379
112380
112381
112415
112416
112417
112418
112419
112420
112421
112422
112423
112424
112425
112426
112427
112428
112429
112430
112431
112432
112433
112434
112435
112436
112437
112438
112489
112490
112491
112492
112493
112494
112495
112496
112497
112498
112499
112500
112501
112502
112503
112504
112505
112506
112507
112980
112981
112982
112983
112984
112985
112986
112987
112988
112989
112990
112991
112992
112993
112994
112995
112996
112997
112998
112999
113000
113001
113002
113003
113004
113005
113006
113007
113008
113009
113042
113043
113044
113045
113046
113047
113368
113369
113370
113371
113372
113373
113374
113399
113400
113401
113402
113403
113404
113405
113433
113434
113435
113436
113437
113438
113439
114330
114331
114332
114333
114334
114335
114336
114337
114338
114339
114340
114341
114342
114343
114344
114345
114446
114447
114448
114449
114450
114451
114617
114618
114619
114620
114621
114622
114623
114624
114625
114626
114627
114628
114629
114630
114631
114632
114633
114634
114635
114636
114637
114638
114639
114640
114641
115074
115075
115076
115077
115078
115079
115080
115081
115082
115083
115084
115085
115086
115087
115088
115089
115090
115091
115092
115093
115094
115095
115096
115097
115098
115099
115100
115101
115102
115103
115104
115105
115106
115107
115108
115109
115110
115111
115112
115113
115114
115115
115116
115117
115118
115119
115120
115121
115122
115123
115124
115125
115126
115127
115128
115129
115130
115131
115132
115133
115134
115135
115136
115137
115138
115139
115140
115141
115142
115143
115144
115145
115146
115147
115148
115149
115150
115151
115152
115153
115154
115155
115156
115157
115158
115159
115160
115161
115162
115163
115164
115165
115166
115167
115168
115169
115170
115171
115172
115173
115174
115175
115176
115177
115178
115179
115180
115181
115182
115183
115184
115185
115186
115187
115188
115189
115190
115191
115192
115193
115194
115195
115196
115197
115198
115199
115200
115637
115638
115639
115640
115641
115642
115643
115644
115645
115646
115647
115648
115649
115650
115651
115652
115653
115654
115655
115656
115657
115658
115659
115660
115661
115662
115663
115664
115665
115666
115667
115668
115669
115670
115671
115672
115673
115674
115675
115676
115677
115678
115679
115680
115681
115682
115683
115684
115685
115686
115687
115688
115689
115690
115691
115692
118363
118364
118365
118366
118367
118368
118369
118370
118371
118372
118373
118374
118375
118376
118377
118378
118379
118380
118381
118382
118383
118384
118385
118386
118387
118388
118389
118390
118391
118392
118393
118394
118395
118396
118397
118398
118399
118400
118401
118402
118403
118404
118405
118406
118407
118408
118409
118410
118411
118412
118413
118414
118415
118416
118417
118418
118419
118420
118421
118422
118423
118424
118425
118426
118427
118428
118429
118430
118431
118432
118433
118434
118435
118436
118437
118438
118439
118440
118441
118442
118443
118444
118445
118446
118447
118448
118449
118450
118451
118452
118453
118454
118455
118456
118457
118458
118459
118460
118461
118462
118463
118464
118465
118466
118467
118468
118469
118470
118471
118472
118473
118474
118475
118476
118477
118478
118479
118480
118481
118482
118483
118484
118485
118486
118487
118488
118489
118490
118491
118492
118493
118494
118495
118496
118497
118498
118499
118500
118501
118502
118503
118504
118505
118506
118507
118508
118509
118510
118511
118512
118513
118514
118515
118516
118517
118518
118519
118520
118521
118522
118523
118524
118525
118526
118527
118528
118529
118530
118531
118532
118533
118534
118535
118536
118537
118538
118539
118540
118541
118542
118543
118544
118545
118546
118547
118548
118549
118550
118551
118552
118553
118554
118555
118556
118557
118558
118559
118560
118561
118562
118563
118564
118565
118566
118567
118568
118569
118570
118571
118572
118573
118574
118575
118576
118577
118578
118579
118580
118581
118582
118583
118584
118585
118586
118587
118588
118589
118590
118591
118592
118593
118864
118865
118866
118867
118868
118869
118870
118871
118872
118873
118874
118875
118876
118877
118878
118879
120340
120341
120342
120343
120344
120345
120346
120347
120348
120349
120350
120351
120352
120353
120354
120355
120356
124633
124634
124635
124636
124637
124638
124639
124640
124641
124642
124643
124644
124645
124646
124647
124648
124649
124650
124651
124652
124653
124654
124655
124656
124657
124658
124659
124660
124661
124662
124663
124664
124665
124666
124667
124668
124669
124670
124671
124672
124673
124674
124675
124676
124677
124678
124679
124680
124681
124682
125008
125031
125040
125042
125055
125056
125059
125115
125116
125117
125138
125204
125205
125206
125207
125208
125209
125210
125211
125212
125214
125365
125374
125384
125385
125393
125401
125440
125441
125442
125443
125466
125527
125528
125529
125579
125608
125609
125621
125622
125623
125652
125659
125661
125716
125733
125734
125735
125752
125783
125784
125785
125786
125814
125818
125826
125827
125868
125890
125907
125917
125918
125950
125978
125979
125992
126000
126079
126080
126105
126106
126107
126108
126116
126117
126189
126190
126191
126192
126194
126195
126210
126211
126212
126214
126226
126231
126245
126246
126256
126272
126292
126293
126294
126297
126310
126341
126342
126367
126368
126379
126410
126411
126423
126424
126460
126461
126462
126473
126474
126503
126504
126533
126534
126535
126554
126555
126578
126579
126580
126606
126607
126608
126609
126667
126668
126764
126765
126766
126767
126768
126769
126770
126771
126772
126773
126774
126775
126776
126777
126849
126850
126851
126904
126975
126976
126988
127036
127037
127038
127039
127040
127041
127042
127043
127044
127045
127046
127114
127118
127184
127185
127186
127256
127257
127258
127259
127260
127261
127262
127294
127295
127296
127297
127298
127299
127300
127301
127340
127384
127385
127392
127397
127423
127434
127435
127446
127457
127458
127470
127479
127484
127485
127490
127492
127495
127500
127501
127502
127505
127506
127515
127516
127527
127537
127538
127545
127572
127573
127574
127575
127576
127577
127578
127589
127606
127609
127680
127681
127682
127683
127762
127763
127968
127969
127970
127971
127972
127973
127974
127975
127976
127977
127978
127979
127980
127981
127982
127983
127984
127985
127986
127987
127988
127989
127990
127991
127992
127993
127994
127995
127996
127997
127998
127999
128000
128001
128002
128003
128004
128005
128006
128007
128008
128009
128010
128011
128012
128013
128014
128015
128031
128032
128033
128034
128035
128036
128037
128038
128039
128626
128627
128628
128629
128630
128631
128689
128690
128691
128692
128693
128694
128695
128696
128697
130187
130188
130189
130190
130191
130192
130193
130194
130195
130196
130197
130198
130199
130200
130201
130202
130203
130204
130205
130206
130207
130208
130209
130210
130211
130212
130213
130214
130215
130216
130217
130218
130219
130220
130470
130471
130472
130473
130474
130475
130476
130477
130478
130479
130480
130481
130482
130483
130484
130485
130486
130487
130488
130489
130490
130491
130880
130881
130882
130883
130884
130885
130886
130887
130888
130889
130890
130891
130892
130893
130894
130895
130896
130897
130898
130899
130900
130901
130902
130903
130904
130905
130906
130907
130908
130909
130910
130911
130912
130913
130914
130915
130916
130917
130918
130919
130920
130921
131797
131798
131803
131804
131805
131806
131807
131808
131847
131848
131849
133952
133953
133954
133961
133962
133963
133964
133965
133966
133967
133968
133969
133970
133971
134146
134147
134148
134149
134150
134728
134729
134730
134731
134732
134733
134734
134735
134736
134737
134738
134739
134740
134741
134742
134743
134744
134745
134746
134747
134748
134749
134750
134751
134752
134753
134754
134755
134756
134757
134758
134759
134760
134761
134762
134763
134764
134765
134766
134767
134768
134769
134770
134771
134772
134773
134774
134775
134776
134777
134778
134779
134780
134781
134782
134783
134784
134785
134810
134811
134812
135542
135543
135544
135548
135549
135550
135551
135552
137300
137301
137302
137303
137304
137305
137306
137307
137701
137702
137703
137704
137705
137706
138413
138414
138415
138416
138417
138418
138617
138618
138619
139268
139269
139270
139271
141213
141214
141215
141216
141217
141218
141315
141316
141317
141318
141319
141320
141520
141521
141522
141523
141524
141525
141526
141527
141528
141529
141530
141531
141532
141533
141534
141535
141703
141704
141705
142242
142243
142244
143430
143431
143432
143433
143434
143435
143436
143437
143438
143439
143440
143441
143445
143446
143447
143517
143518
143519
143520
143521
143522
143829
143830
143831
143832
143833
143834
143835
143836
143837
143838
143839
143840
143913
143914
143915
143916
143917
143918
143919
143920
143921
143922
143923
143924
143925
143926
143927
143928
143929
143930
143931
143932
143933
143998
143999
144000
144001
144002
144003
144004
144005
144006
144007
144008
144009
144010
144011
144012
144013
144014
144015
144016
144017
144018
144019
144020
144021
144115
144116
144117
144118
144119
144120
144189
144190
144191
144192
144193
144194
144195
144196
144197
144198
144199
144200
144201
144202
144203
144204
144205
144206
144207
144208
144209
144210
144211
144212
144213
144214
144215
144216
144217
144218
144219
144220
144221
144356
144357
144358
144359
144360
144361
144362
144363
144364
144365
144366
144367
144368
144369
144370
144371
144372
144373
144374
144375
144376
144609
144610
144611
144612
144613
144614
144615
144616
144631
144632
144633
144634
144635
144636
144671
144672
144673
144674
144675
144676
144677
144678
144679
144680
144681
144682
144683
144684
144685
144686
144687
144688
144689
144690
144691
144692
144693
144694
144695
144696
144697
144698
144787
144788
144789
144790
144791
144792
144797
144798
144799
144800
144801
144802
144803
144804
144805
144806
144807
144808
144809
144810
144811
144812
144813
144814
144904
144905
144906
144907
144908
144909
144924
144925
144985
144986
144987
144988
144989
144990
144991
144992
144993
144994
144995
144996
144997
144998
144999
145000
145001
145002
145003
145004
145005
145006
145007
145008
145009
145010
145011
145012
145013
145014
145015
145016
145017
145018
145230
145231
145232
145233
145234
145235
145236
145237
145238
145239
145240
145241
145242
145243
145244
145245
145246
145247
145248
145249
145250
145251
145252
145253
145260
145261
145262
145263
145264
145265
145269
145270
145271
145272
145273
145274
145275
145276
145277
145278
145279
145280
145281
145282
145283
145284
145285
145286
145287
145288
145289
145290
145291
145292
145293
145294
145295
145296
145297
145298
145299
145300
145301
145302
145303
145304
145305
145306
145307
145308
145309
145310
145311
145312
145313
145314
145315
145316
145317
145318
145319
145320
145321
145322
145755
145756
145757
145758
145759
145760
145761
145762
145763
145764
145765
145766
145767
145768
145769
145770
145771
145772
145923
145924
145925
145926
145927
145928
145929
145930
145931
145932
145933
145934
145935
145936
145937
145938
145939
145940
145941
145942
145943
145944
145945
145946
145947
145948
145949
145950
145951
145952
145953
145954
145955
145956
145957
145958
145959
145960
145961
145962
145963
145964
145965
145966
145967
145968
145969
145970
145971
146088
146089
146090
146091
146092
146093
146094
146095
146096
146097
146098
146099
146102
146103
146104
146105
146106
146107
146143
146144
146145
146146
146147
146148
146149
146150
146151
146152
146153
146154
146155
146156
146157
146158
146159
146160
146161
146162
146163
146164
146165
146166
146167
146168
146169
146170
146171
146172
146173
146174
146175
146176
146177
146178
146179
146180
146181
146182
146183
146184
146185
146186
146187
146188
146189
146190
146191
146192
146193
146194
146195
146196
146197
146198
146199
146200
146201
146202
146353
146354
146355
146356
146357
146358
146359
146360
146361
146362
146363
146364
146367
146368
146369
146384
146385
146386
146387
146388
146389
146390
146391
146392
146393
146394
146395
146396
146397
146398
146399
146403
146404
146405
146406
146407
146408
146409
146410
146411
146412
146413
146414
146415
146416
146417
146420
146421
146422
146423
146427
146428
146429
146430
146601
146602
146603
146604
146605
146606
146607
146608
146609
146610
146611
146612
146692
146693
146694
146695
146696
146697
146702
146703
146704
146705
146706
146707
146708
146709
146710
146711
146712
146713
146714
146715
146716
146717
146718
146719
146722
146723
146724
146725
146726
146727
146728
146729
146730
146731
146732
146733
146734
146735
146736
146737
147133
147134
147135
147136
147137
147138
147139
147140
147141
147142
147143
147144
147145
147146
147147
147148
147634
147635
147636
147637
147638
147639
147640
147641
147642
147643
147644
147645
147662
147663
147664
147665
147666
147667
147668
147669
147670
147671
147672
147673
147674
147675
147676
147677
147678
147679
147680
147681
147682
147683
147684
147685
147686
147687
147688
147689
147690
147691
147692
147693
150418
150419
150420
150421
150422
150423
150424
150425
150426
150427
150428
150429
150478
150479
150480
150481
150482
150483
150514
150515
150516
150517
150518
150519
150520
150521
150522
150523
150549
150550
150551
150552
150553
150659
150660
150661
150782
150783
150784
150785
150786
150787
150845
150846
150847
150848
150849
150850
150986
150987
150988
151097
151098
151099
151100
151101
151102
151103
151104
151105
151295
151296
151297
151301
151302
151303
151304
151305
151306
151307
151308
151309
151883
151884
151885
151892
151893
151894
)


// ************************************************************************* //
