/*--------------------------------*- C++ -*----------------------------------*\
  =========                 |
  \\      /  F ield         | OpenFOAM: The Open Source CFD Toolbox
   \\    /   O peration     | Website:  https://openfoam.org
    \\  /    A nd           | Version:  8
     \\/     M anipulation  |
\*---------------------------------------------------------------------------*/
/*   Windows 32 and 64 bit porting by blueCAPE: http://www.bluecape.com.pt   *\
|  Based on Windows porting (2.0.x v4) by Symscape: http://www.symscape.com   |
\*---------------------------------------------------------------------------*/
FoamFile
{
    version     2.0;
    format      ascii;
    class       labelList;
    note        "nPoints: 7354 nCells: 5172 nFaces: 17535 nInternalFaces: 15529";
    location    "constant/vegetation/polyMesh";
    object      neighbour;
}
// * * * * * * * * * * * * * * * * * * * * * * * * * * * * * * * * * * * * * //


15529
(
959
960
961
7
966
967
968
973
974
975
4
5
123
1394
1395
1396
1397
2589
2590
2593
2595
6
131
1411
1412
1413
1414
2603
2604
2607
2609
6
136
3066
3067
3068
3069
139
3080
3081
3082
3083
2524
2525
12
15
979
980
982
3125
13
991
992
993
16
998
999
1000
14
19
1009
1010
1011
24
1019
1020
1023
3128
1027
1028
1029
27
1038
1039
1040
24
1049
1050
1051
3131
36
1055
1056
1057
21
37
2528
2529
2530
25
1062
1063
1064
27
1073
1074
1075
23
28
2535
2536
2537
38
2542
2543
2544
29
32
370
372
1937
1939
1940
1942
31
2548
2549
2552
1080
1081
2999
3000
3134
1091
1092
1093
30
34
194
1519
1520
1521
1522
2723
2724
2728
2729
1098
1099
1100
31
2556
2557
2558
33
394
396
2005
2008
2009
2010
35
212
1547
1548
1549
1550
2754
2755
2758
2760
2562
2563
2566
33
222
224
1579
1580
1581
1582
228
230
1606
1607
1608
1609
35
233
2777
2778
2779
2780
236
3087
3088
3089
3090
1107
1108
38
940
2509
2511
2513
2514
2528
2529
2532
420
2068
2069
2542
2543
2546
44
50
958
1127
1128
1131
1133
1134
1135
1138
1139
1141
1142
1145
1146
959
1113
1114
1115
47
962
1128
1129
1130
48
53
1135
1136
1137
3137
55
964
1142
1143
1144
49
362
997
1166
1167
1171
1172
1173
1174
1177
1178
72
363
1149
1150
1151
3140
73
999
1160
1161
1162
1001
1167
1168
1169
366
1174
1175
1176
3143
76
368
1002
1148
1151
1152
1154
1159
1162
1164
1165
3044
3045
3046
54
362
990
1198
1199
1202
1203
1205
1206
1209
1210
59
365
1181
1182
1183
3146
60
993
1192
1193
1194
366
1199
1200
1201
3149
61
367
994
1180
1183
1184
1186
1191
1193
1195
1196
996
1206
1207
1208
153
1033
1213
1214
1215
94
159
1035
1228
1229
1230
61
153
1026
1252
1253
1256
1257
1259
1260
1263
1264
156
1235
1236
1237
3152
1029
1242
1243
1244
157
1030
1234
1236
1238
1239
1241
1243
1245
1246
158
1253
1254
1255
3155
1032
1260
1261
1262
71
175
1072
1267
1268
1269
72
363
1274
1275
1276
3158
87
364
1073
3029
3030
3031
88
176
183
851
852
3161
76
368
1076
3036
3037
3038
77
179
184
903
904
3162
90
180
1077
1280
1281
1282
164
1054
1287
1288
1289
1294
1295
3014
3015
3163
239
1056
1299
1300
1301
82
166
240
1306
1307
3166
168
241
1058
1311
1312
1313
1059
3043
3044
3045
84
169
911
912
3167
81
114
376
424
2888
2889
3168
83
117
426
427
3171
105
118
379
429
2894
2895
3172
182
186
2900
2901
2902
2904
3175
188
242
435
436
3178
190
243
438
439
3179
184
191
915
916
3180
92
200
1097
1318
1319
1320
154
1325
1326
1327
1345
1347
3182
155
1098
3050
3051
3052
201
208
843
844
3185
94
159
1101
3057
3058
3059
204
1102
1331
1332
1333
95
205
210
791
792
3186
193
1084
1338
1339
1340
102
195
715
717
2413
2414
2415
2416
1087
1349
1350
1351
103
197
765
766
3187
198
1088
2570
2571
2572
101
120
218
1355
1356
3188
109
121
445
447
2089
2090
2091
2092
110
124
221
1358
1359
3191
104
125
463
464
2129
2130
2131
2132
207
211
1361
1362
3194
213
476
478
2162
2163
2164
2165
210
215
769
770
3197
216
486
487
2196
2197
2198
2199
107
127
2937
2938
3199
112
223
377
492
2940
2941
3202
225
379
496
2946
2947
3205
111
128
1364
1365
129
499
501
2224
2225
2226
2227
113
132
1367
1368
3208
227
2576
2577
219
229
515
2952
2953
3211
221
231
2579
2580
3214
186
369
1370
1371
1374
187
2583
2584
2585
119
370
1387
1388
1389
1390
2522
2523
190
1377
1378
1381
127
374
1384
1385
1388
192
375
1373
1374
1375
1376
2582
2585
2587
2588
211
393
529
533
1355
1356
1357
2282
2284
2285
2288
129
135
1391
1392
1395
130
394
2590
2591
2592
136
212
1401
1402
1403
1404
2596
2599
2601
2602
132
398
536
540
1358
1359
1360
2296
2298
2299
2302
137
216
1398
1399
1402
217
399
2597
2598
2599
225
1405
1406
227
416
543
544
547
1364
1365
1366
138
1408
1409
1412
228
2604
2605
2606
139
417
1418
1419
1420
1421
2610
2613
2615
2616
231
550
554
1367
1368
1369
2317
2319
2320
2322
140
418
1415
1416
1419
232
419
2611
2612
2613
138
3063
3064
3067
236
3073
3074
3075
3076
238
3070
3071
3074
3077
3078
3081
2620
2621
2622
2623
2617
2618
2621
143
144
244
248
1112
2624
2625
2626
2627
143
144
986
987
988
989
1113
246
1117
1422
1423
1424
1425
251
1118
1426
1427
1428
1429
147
148
252
1148
1159
2632
2633
2634
2635
147
148
172
1004
1005
1006
1007
1160
254
1163
1430
1431
1432
1433
174
1154
1165
2628
2629
2630
2631
151
152
256
1180
1191
2640
2641
2642
2643
151
152
161
1015
1016
1017
1018
1192
162
1186
1196
2636
2637
2638
2639
259
1197
1434
1435
1436
1437
157
159
1037
1214
1215
1216
1452
1455
1456
1457
1220
1221
1438
1439
1440
3217
157
159
364
1020
1021
1022
1024
1038
3050
3051
3053
365
1445
1446
1449
3220
367
1041
1445
1447
1448
1450
1224
1225
1452
1453
1454
3223
1042
1228
1229
1231
1440
1441
1442
1443
3058
3059
3060
162
163
265
1234
1241
2648
2649
2650
2651
162
163
1044
1045
1046
1047
1242
1238
1245
2644
2645
2646
2647
268
1247
1459
1460
1461
1462
175
965
2652
2653
2656
170
940
967
2527
2528
2532
2533
2669
2670
2671
2672
188
941
943
947
1306
1307
1308
1496
1499
1501
2515
2517
2519
2521
177
189
2660
2661
2662
942
969
2666
2667
2670
179
191
1463
1464
1466
181
971
2655
2656
2657
2658
2659
2662
2663
2665
173
174
279
1293
1298
2677
2678
2679
2680
173
174
1068
1069
1070
1071
1299
282
1110
1302
1470
1471
1472
1473
1296
1303
2673
2674
2675
2676
1061
2681
2682
2685
201
381
1474
1475
1477
382
2689
2690
2691
181
202
1064
2534
2537
2539
2540
2698
2699
2700
2701
384
1481
1482
1485
204
1065
2695
2696
2699
1067
2684
2685
2686
2687
2688
2691
2692
2694
376
380
722
2975
2977
3226
208
381
862
863
3229
384
907
908
3231
209
378
385
724
2982
2983
3233
380
1488
1489
1492
420
2703
2704
2705
421
1495
1496
1499
382
2710
2711
2712
422
1502
1503
1506
384
1509
1510
1512
386
1491
1492
1493
1494
2702
2705
2706
2708
2709
2712
2714
2715
200
972
2716
2717
2720
198
199
233
975
213
234
1516
1517
1520
203
214
2724
2725
2726
205
215
1523
1524
1526
235
976
1517
1518
1519
1522
2570
2572
2574
2717
2718
2719
2721
206
978
2719
2720
2721
2722
2723
2726
2727
2729
1090
2730
2731
2734
405
1530
1531
1534
206
1093
2555
2557
2559
2561
2747
2748
2749
2750
407
2738
2739
2740
1094
2744
2745
2748
409
1537
1538
1540
1096
2733
2734
2735
2736
2737
2740
2741
2743
218
404
2751
2752
3236
405
847
848
3239
220
408
734
2988
2989
3241
409
802
803
3244
404
586
590
1361
1362
1363
2376
2378
2379
2381
236
1561
1562
1563
1564
2761
2763
2765
2767
237
1544
1545
1548
407
2755
2756
2757
409
1551
1552
1555
238
1558
1559
1562
410
2762
2763
2764
393
2768
2769
3246
377
395
1565
1566
3249
378
397
1568
1569
3252
398
2771
2772
3255
226
370
1586
1587
1588
1589
229
371
1576
1577
1580
226
230
1592
1593
1594
1595
374
1583
1584
1587
1573
1574
1575
1104
1596
1597
1600
2576
2577
2578
232
394
1613
1614
1615
1616
2605
2606
2608
395
1603
1604
1607
232
1105
1620
1621
1622
1623
398
1610
1611
1614
2579
2580
2581
1106
1599
1600
1601
1602
2611
2612
2614
235
237
2774
2775
2778
2774
2776
2777
2779
3094
3095
3096
3097
3084
3085
3088
3091
3092
3095
1108
3098
3099
3102
242
941
2781
2782
2784
942
1109
3105
3106
3109
421
1631
1632
422
1634
1635
246
247
1127
1134
2792
2793
2794
2795
246
247
253
1119
1120
1121
1122
1130
1132
1637
1638
1639
1640
255
1133
1138
2788
2789
2790
2791
250
251
1134
1141
2800
2801
2802
2803
250
251
257
1123
1124
1125
1126
1144
258
1139
1146
2796
2797
2798
2799
1147
1641
1642
1643
1644
254
255
1166
1173
2808
2809
2810
2811
254
255
1155
1156
1157
1158
1168
1170
1645
1646
1647
1648
1171
1178
2804
2805
2806
2807
258
259
1198
1205
2816
2817
2818
2819
258
259
1187
1188
1189
1190
1207
1203
1209
2812
2813
2814
2815
1211
1649
1650
1651
1652
261
310
1219
1220
1221
1222
1229
1440
1661
1663
1664
1665
264
1231
1441
1653
1654
1655
1656
1657
1658
1659
1660
311
1233
1662
1663
264
1214
1223
1224
1225
1226
1452
1674
1675
1676
1677
1216
1455
1666
1667
1668
1669
1670
1671
1672
1673
267
268
1252
1259
2824
2825
2826
2827
267
268
1248
1249
1250
1251
1262
1257
1264
2820
2821
2822
2823
1265
1678
1679
1680
1681
273
274
1048
1279
1693
1694
1698
1699
1700
1701
1702
1703
276
557
855
873
874
3258
300
856
1282
1687
1688
1689
278
857
1284
1694
1695
1696
302
1053
1285
1682
1683
1684
1685
1686
1689
1691
1692
277
1266
1273
1715
1716
1720
1721
1722
1723
1724
1725
285
880
1268
1705
1706
1707
561
881
888
889
3259
287
1270
1278
1704
1706
1709
1710
1711
1712
1713
1714
882
1272
1716
1717
1718
282
284
1310
1730
1731
1735
1736
1737
1738
1739
1740
282
943
1305
1306
1308
1309
1313
1626
1730
1732
1734
1735
286
294
944
951
952
3260
1314
1627
1726
1727
1728
1729
288
945
1316
1731
1732
1733
287
1286
1293
1752
1753
1757
1758
1759
1760
1761
1762
918
1289
1742
1743
1744
442
919
933
934
3261
1290
1297
1741
1743
1746
1747
1748
1749
1750
1751
920
1292
1753
1754
1755
292
431
3262
296
423
522
1763
1764
3265
523
609
610
3268
425
524
1766
1767
3269
297
563
607
612
613
3272
442
564
955
956
3273
298
443
565
1769
1770
3275
432
570
1772
1773
3278
571
608
615
616
3281
434
572
1775
1776
3282
302
304
1079
1330
1789
1790
1794
1795
1796
1797
1798
1799
820
1333
1783
1784
1785
306
580
821
828
829
3285
1083
1334
1778
1779
1780
1781
1782
1784
1787
1788
308
822
1336
1790
1791
1792
307
1317
1324
1811
1812
1816
1817
1818
1819
1820
1821
315
795
1320
1801
1802
1803
584
796
813
814
3286
317
1321
1329
1800
1802
1805
1806
1807
1808
1809
1810
797
1323
1812
1813
1814
314
760
1348
1823
1824
1825
312
1326
1344
1345
1346
1347
1350
1833
1836
1838
1839
1352
1834
1835
1836
317
1329
1353
1822
1824
1827
1828
1829
1830
1831
1832
319
469
762
786
787
3287
714
1337
1841
1842
1843
727
1339
1848
1849
1850
337
716
728
738
739
740
1341
1840
1841
1844
1845
1847
1849
1852
1853
1854
1855
1856
1857
718
729
1343
1859
1860
1861
338
719
744
745
3288
325
459
461
618
619
3289
326
529
600
1865
1866
3292
332
462
530
621
622
623
328
465
531
626
627
628
333
460
466
631
632
3295
444
451
634
635
3298
536
603
1868
1869
3301
352
446
537
637
638
639
448
538
642
643
644
354
449
452
647
648
3304
335
482
484
650
651
3307
336
577
586
1871
1872
3310
485
587
653
654
655
483
488
658
659
3313
339
489
588
661
662
663
468
475
666
667
3316
583
593
1874
1875
3319
477
594
669
670
671
469
479
674
675
3322
480
595
677
678
679
341
491
1877
3324
495
1571
1878
1879
3326
344
497
1572
1881
1882
3328
360
493
1590
1884
1885
3330
494
1591
1887
1888
3332
350
355
509
682
683
3334
351
356
543
1890
1891
3336
510
544
606
749
750
751
353
512
545
685
686
687
513
690
691
498
505
693
694
3338
518
550
1893
1894
3341
500
551
696
697
698
502
552
701
702
703
503
506
706
707
3344
505
507
709
710
3347
518
1596
1896
1897
3349
359
1597
2828
2829
361
520
1598
1899
1900
3351
1617
2831
2832
516
1618
1902
1903
3353
517
1619
1905
1906
3355
367
368
1008
1922
1925
1926
1927
1908
1909
1910
3357
367
368
980
981
983
984
1009
3029
3030
3032
1915
1916
1918
3360
1922
1923
1924
3363
1012
1916
1917
1919
1920
1013
1910
1911
1912
1913
3037
3038
3039
376
380
1929
1930
1931
375
1952
1953
1954
1955
377
395
1936
1937
1938
375
383
396
1945
1946
1948
1949
378
385
397
1943
1944
1946
379
1950
1951
1952
386
1931
1932
1933
1935
1957
1958
3366
1960
1961
3369
1963
1964
3372
1966
1967
3375
1969
1970
1971
405
1976
1977
1979
2834
2835
2836
386
406
1993
1994
1995
1996
2551
2552
2553
2554
1983
1984
1987
408
1990
1991
1994
1971
1973
1974
1975
2836
2838
2839
2840
444
451
453
2841
2843
2844
392
412
445
2849
2850
2852
2853
390
413
2849
2851
2852
2854
3378
456
2842
2843
2846
2847
3381
414
449
452
2848
2850
2851
450
458
2842
2844
2845
2847
404
1997
1998
1999
2768
2769
2770
399
2020
2021
2023
2024
2591
2592
2594
2004
2005
2006
399
406
2014
2015
2016
2017
408
2011
2012
2015
2018
2019
2020
2771
2772
2773
410
1999
2000
2002
2003
2597
2598
2600
468
470
475
2855
2857
2858
403
476
761
2027
2028
2029
2031
469
479
762
2025
2026
2028
474
481
2856
2858
2860
2861
2032
2033
2034
2751
2752
2753
2039
2040
2043
410
2049
2050
2051
2052
2565
2566
2567
2568
2862
2863
2864
2046
2047
2050
2053
2054
2055
2034
2036
2037
2038
2762
2764
2766
2864
2866
2867
2868
498
505
507
2869
2870
2872
415
499
2877
2878
2880
2881
2877
2879
2880
2882
2884
2885
3384
503
506
2876
2878
2879
504
508
2871
2872
2873
2875
1104
2060
2061
2062
418
419
1415
1419
1421
1624
2060
2063
2064
2065
1106
2062
2063
2065
2066
2611
2613
2615
2071
2072
2703
2704
2707
941
1495
1499
1500
1631
1632
1633
2067
2068
1503
1506
1507
1634
1635
1636
2070
2071
432
1370
2887
2888
3387
429
1371
1957
2891
2892
3390
431
1372
2890
2891
3393
428
438
1377
1763
3396
428
609
1378
3398
611
1379
1765
4535
1384
1966
2897
2898
3399
1385
2893
2894
3402
1386
2896
2897
3405
1488
2899
2900
3408
441
721
1489
2902
2903
3411
443
1490
2905
2906
3414
437
612
1495
1631
3417
437
955
1307
1496
3418
614
957
1497
4537
440
1502
1772
3420
440
615
1503
1634
3422
617
1504
1774
4539
560
925
2073
2074
3423
926
937
938
3426
927
2076
2077
3428
461
2079
2080
2083
450
499
2103
2104
2105
2106
500
1391
2086
2087
2090
450
463
1392
2096
2097
2098
2099
465
1393
2093
2094
2097
503
2100
2101
2104
467
2082
2083
2084
2085
459
2107
2108
3431
506
2110
2111
3434
459
461
2908
2910
2911
456
471
2916
2917
2919
2921
3437
458
464
472
2916
2918
2920
2921
2909
2910
2912
2913
3440
460
466
473
2915
2917
2918
467
2909
2911
2912
2914
2113
2114
3443
483
2116
2117
3446
2119
2120
2123
485
1398
2126
2127
2130
467
1399
2136
2137
2138
2139
467
486
2143
2144
2145
2146
1400
2133
2134
2137
488
2140
2141
2144
2122
2123
2124
2125
482
2147
2148
3449
757
758
3452
482
484
2922
2924
2925
2930
2931
2933
2934
3454
474
486
2930
2932
2933
2935
483
488
2929
2931
2932
490
2923
2925
2926
2928
484
2152
2153
2156
481
715
2169
2170
2171
2172
716
1544
2159
2160
2163
481
487
1545
2176
2177
2178
2179
719
2166
2167
2170
489
1546
2173
2174
2177
490
2155
2156
2157
2158
2180
2181
3460
2183
2184
3463
2186
2187
2190
1558
2193
2194
2197
490
2203
2204
2205
2206
490
1559
2210
2211
2212
2213
2200
2201
2204
1560
2207
2208
2211
2189
2190
2191
2192
495
1405
2936
2937
3466
496
1576
1960
2943
2944
3469
516
1577
2939
2940
3472
497
1578
2942
2943
3475
1583
2945
2946
3478
1584
1967
2949
2950
3481
1585
2948
2949
3484
509
2214
2215
2218
504
2238
2239
2240
2241
1408
2221
2222
2225
504
511
1409
2231
2232
2233
2234
512
1410
2228
2229
2232
2235
2236
2239
514
2217
2218
2219
2220
2242
2243
3487
2245
2246
3490
509
2250
2251
2254
514
2253
2254
2255
2256
2261
2262
2265
513
750
751
754
1415
1624
2269
2270
2271
2274
514
1416
2271
2272
2273
2274
1417
2268
2269
2272
690
691
692
1625
2262
2263
2264
2267
2264
2265
2266
2267
519
1565
1603
2955
2956
3493
1604
2951
2952
3496
520
1605
2954
2955
3499
1610
2957
2958
3502
604
1611
2580
2581
2961
2962
3505
1612
2960
2961
3508
525
1387
2522
524
528
570
1370
1377
1379
1380
1383
1763
1764
1765
2275
2276
2279
525
1372
1766
1767
1768
2276
2277
2278
2281
527
528
1373
2582
527
528
574
1380
1381
1382
1383
2584
2278
2279
2280
2281
2586
575
1375
2587
534
536
1865
1866
1867
1997
2289
2291
2292
2294
587
1398
2282
2283
2286
538
1400
2289
2290
2293
534
535
539
1401
2292
2293
2294
2295
2596
534
535
590
1999
2597
542
2000
2600
591
1404
2285
2286
2287
2288
2601
542
1868
1869
1870
2018
2303
2305
2306
2308
551
1391
2296
2297
2300
1393
2303
2304
2307
541
542
1394
2306
2307
2308
2309
2589
541
542
554
2020
2591
555
1396
2299
2300
2301
2302
2593
2021
2594
548
550
1596
1890
1891
1892
2310
2312
2313
2315
549
749
750
752
1415
2060
2311
2312
2313
2316
552
1417
2310
2311
2314
548
549
553
1418
2313
2314
2315
2316
2610
548
549
1600
2062
2611
556
1601
2614
1421
2063
2615
556
1610
1893
1894
1895
2324
2326
2327
2329
1408
2317
2318
2321
1410
2324
2325
2328
555
556
1411
2327
2328
2329
2330
2603
555
556
1614
2605
1413
2320
2321
2322
2323
2607
1615
2608
561
865
877
878
3511
581
725
867
2331
2332
3513
562
726
869
2334
2335
3516
721
892
2337
2338
3519
893
899
900
3522
723
896
2340
2341
3524
571
2067
2343
2344
2347
926
944
2350
2351
2354
566
572
927
1769
1770
1771
2344
2345
2346
2349
2351
2352
2353
2356
568
569
573
928
2541
568
569
947
1498
1499
1500
1501
2068
2543
930
948
2353
2354
2355
2356
2545
576
2069
2346
2347
2348
2349
2546
572
575
1488
1502
1504
1505
1508
1772
1773
1774
2070
2357
2358
2361
573
1490
1775
1776
1777
2358
2359
2360
2363
575
576
1491
2702
575
576
1505
1506
1507
1508
2071
2704
1493
2706
2072
2360
2361
2362
2363
2707
583
2032
2963
2964
3527
601
734
2033
2752
2753
2967
2968
3530
585
736
2035
2966
2967
3533
584
832
839
840
3536
735
834
2364
2365
3538
585
736
836
2367
2368
3541
805
2370
2371
3544
806
817
818
3547
809
2373
2374
3549
592
593
1871
1872
1873
2032
2383
2385
2386
2388
1558
2376
2377
2380
595
1560
2383
2384
2387
591
592
596
1561
2386
2387
2388
2389
2761
591
592
2034
2762
1563
2379
2380
2381
2382
2765
599
2036
2766
599
805
1551
1553
1554
1556
1874
1875
1876
2397
2399
2400
2402
728
1544
2390
2391
2394
1546
2397
2398
2401
598
599
1547
2400
2401
2402
2403
2754
598
599
731
807
1554
1555
1556
1557
2756
733
1549
2393
2394
2395
2396
2758
810
2759
603
1997
2969
2970
3552
602
1568
1998
2769
2770
3555
605
1570
2001
2970
2971
4565
2018
2972
2973
3558
605
1565
2019
2772
2773
3561
1567
2022
2973
2974
4568
749
751
753
1624
2060
608
2067
2404
2405
2070
2407
2408
611
2275
3564
611
1767
2276
3565
1768
2277
4571
614
2343
2404
3567
614
616
1769
2344
3568
1771
2345
4573
617
2357
2407
3570
617
1776
2358
3571
1777
2359
4575
620
626
634
2119
3573
620
631
2113
2120
3575
630
633
2121
4577
624
653
1356
2282
3578
624
625
628
2126
2283
625
632
654
2127
3579
629
1357
2284
4579
630
633
2128
4580
630
642
2133
3580
629
643
1866
2289
3581
629
630
2134
2290
1867
2291
4581
2135
4582
633
2116
2140
3582
633
659
2141
3585
2142
4583
636
642
2079
3587
636
647
2080
2107
3589
646
649
2081
4585
640
696
1359
2296
3592
640
641
644
2086
2297
641
648
698
2087
3593
645
1360
2298
4587
646
649
2088
4588
646
2093
3594
645
1869
2303
3595
645
646
2094
2304
1870
2305
4589
2095
4590
649
2100
2110
3596
649
707
2101
3599
2102
4591
652
658
2180
2186
3601
652
661
667
2187
3604
660
665
2188
4593
656
1362
2376
3606
657
659
2193
3607
656
657
663
2194
2377
664
1363
2378
4595
660
665
2195
4596
660
2183
2200
3608
660
2201
3611
2202
4597
665
677
2207
3613
664
678
1872
2383
3614
664
665
2208
2384
1873
2385
4599
2209
4600
668
674
2147
2152
3615
668
677
2153
3618
676
681
2154
4601
672
738
770
2390
3620
673
675
740
2159
3621
672
673
679
2160
2391
680
771
2392
4603
676
681
2161
4604
676
757
2166
3622
676
745
2167
3625
2168
4605
681
2173
3627
680
1875
2397
3628
680
681
2174
2398
1876
2399
4607
2175
4608
684
685
693
2261
3629
684
690
710
2262
3631
689
692
2263
4609
689
701
2268
3632
688
702
1891
2310
3633
688
689
750
2269
2311
752
1892
2312
4610
754
2270
4611
692
692
751
754
695
701
2214
3634
695
706
2215
2242
3636
705
708
2216
4612
699
1368
2317
3639
699
700
703
2221
2318
700
707
2222
3640
704
1369
2319
4614
705
708
2223
4615
705
2228
3641
704
1894
2324
3642
704
705
2229
2325
1895
2326
4616
2230
4617
708
2235
2245
3643
708
2236
3646
2237
4618
711
712
2243
2250
3648
711
2251
3650
713
2252
4620
713
2248
2257
3651
2258
4621
718
720
760
1842
1843
1846
2417
2419
2422
2423
2569
720
761
2420
2421
2422
2423
1516
2410
2411
2413
718
720
1517
2572
1518
1859
1861
1864
2410
2412
2415
2416
2574
762
2417
2418
2420
763
2575
1969
2975
2976
3653
724
1958
1970
2979
2980
3656
726
1972
2978
2979
3659
1963
1990
2985
2986
3662
735
1991
2981
2982
3665
1992
2984
2985
3668
729
732
795
1523
1525
1528
1529
1848
1850
1851
2716
1516
2424
2425
2427
730
1518
1860
1861
1862
2425
2426
2429
2430
2718
732
733
1519
2719
2723
732
733
799
1526
1527
1528
1529
2725
800
2722
2727
1521
2427
2428
2429
2430
2728
1568
2046
2990
2992
3671
2047
2987
2988
3674
2048
2990
2991
3677
741
742
743
764
1858
3680
741
766
2424
3681
741
742
1861
2410
2425
742
745
2411
3682
767
1862
2426
747
1864
2412
746
747
1840
1854
3683
746
747
786
1843
2417
747
2418
3684
789
1845
1857
4635
1846
2419
752
753
754
752
753
1365
752
754
753
754
1366
756
758
782
3685
759
2151
4636
759
2025
2147
3687
759
787
2026
3690
2030
2149
4639
763
1823
1825
1826
2431
2433
2436
2437
763
2434
2435
2436
2437
2431
2432
2434
767
768
1847
1854
3692
767
768
791
1523
1848
767
770
1524
3693
1525
1851
794
1852
1856
4642
771
802
1551
1874
3694
771
1552
3697
1553
1876
4643
773
774
1219
1661
3701
784
1222
1665
4647
775
1653
1657
3702
779
1655
1660
4648
777
778
1223
1674
3703
1226
1676
4649
779
1666
1670
3704
1669
1673
4650
783
784
785
1344
1833
3705
783
784
1835
783
787
3706
788
1837
1346
1838
4651
788
789
1822
1829
3707
788
789
1825
2431
788
2432
3708
1826
2433
1828
1832
4652
793
794
812
1800
1807
3709
793
794
1537
1801
793
803
813
1538
3710
815
1539
1804
1806
1810
4653
797
800
1537
1539
1541
1542
1801
1803
1804
2731
806
821
2438
2439
2442
798
822
1813
1814
1815
2439
2440
2441
2443
2732
800
801
823
2733
2737
800
801
807
1540
1541
1542
1543
2739
2736
2741
808
826
2441
2442
2443
2444
2742
804
2053
2370
3711
804
817
2054
3714
819
2056
2372
4654
809
810
2032
2053
2056
2057
2058
2370
2371
2372
832
2445
2446
2449
808
810
2055
2057
2058
2059
2863
811
835
2448
2449
2450
2451
2865
811
836
2035
2373
2374
2375
2446
2447
2448
2451
811
2036
2866
837
2037
2867
815
816
1811
1818
3716
815
817
2438
3717
815
816
829
1814
2439
1815
2440
831
1817
1821
4657
819
2445
3718
819
840
2374
2446
3720
2375
2447
4658
822
825
856
1530
1532
1533
1535
1783
1785
1786
2745
832
2452
2453
2455
823
1791
1792
1793
2453
2454
2456
2457
2746
825
826
2555
2747
825
826
833
859
1533
1534
1535
1536
2556
861
2559
2749
835
2455
2456
2457
2458
2560
830
831
842
1789
1796
3723
830
839
844
2452
3724
830
831
1792
2453
845
1793
2454
1795
1799
4661
2459
2460
2462
835
838
866
2042
2043
2044
2045
2562
836
838
867
2040
2041
2042
2045
2047
2364
2365
2366
837
2462
2463
2464
2465
2564
837
2048
2367
2368
2369
2460
2461
2463
2464
838
2049
2565
871
2051
2567
841
847
2459
3725
841
2367
2460
3727
849
2369
2461
4662
845
846
1778
1782
3730
845
846
852
1530
1783
845
847
1531
3731
1532
1786
854
1781
1787
4665
849
2039
3732
849
863
2040
2364
3734
2041
2366
4666
853
854
872
1682
1686
3737
853
862
873
1474
3738
853
854
1475
1687
875
1476
1690
1685
1692
4669
865
881
2466
2467
2470
857
861
1475
1476
1478
1479
1687
1688
1690
2696
858
882
1695
1696
1697
2467
2468
2469
2471
2697
860
861
883
2534
2698
860
861
866
1477
1478
1479
1480
2535
868
886
2469
2470
2471
2472
2538
2539
2701
864
877
1976
3739
864
1977
2331
3741
879
1978
2333
4670
893
2473
2474
2477
868
871
1979
1980
1981
1982
2548
869
871
1977
1978
1980
1981
1991
2331
2332
2333
870
895
2476
2477
2478
2479
2550
870
896
1992
2334
2335
2336
2474
2475
2476
2479
871
898
1993
2551
1996
2553
875
876
1693
1700
3744
875
877
2466
3745
875
876
889
1695
2467
1697
2468
891
1698
1703
4673
879
2473
3746
879
900
2334
2474
3748
2336
2475
4674
882
885
918
1481
1483
1484
1486
1705
1707
1708
2681
893
2480
2481
2483
883
1717
1718
1719
2481
2482
2484
2485
2683
885
886
2684
2688
885
886
894
922
1484
1485
1486
1487
2690
923
2686
2692
895
2483
2484
2485
2486
2693
890
891
902
1715
1722
3751
890
899
904
2480
3752
890
891
1718
2481
905
1719
2482
1721
1725
4677
896
897
925
1969
1984
1985
1986
1989
2337
2338
2339
2487
2488
2490
895
897
929
1986
1987
1988
1989
2835
898
2490
2491
2492
2493
2837
898
1972
2340
2341
2342
2488
2489
2491
2492
898
931
1973
2838
1974
2839
901
907
2487
3753
901
2341
2488
3755
909
2342
2489
4678
905
906
1704
1711
3758
905
906
911
1481
1705
905
907
1482
3759
1483
1708
914
1710
1714
4681
909
1983
3760
909
916
1984
2337
3762
1985
2339
4682
913
914
932
1741
1748
3765
913
914
1463
1742
913
915
933
1464
3766
935
1465
1745
1746
1750
4685
917
937
1509
3767
917
1510
2073
3769
939
1511
2075
4686
920
923
1463
1465
1467
1468
1742
1744
1745
2653
926
944
2494
2495
2497
921
945
1754
1755
1756
2495
2496
2498
2499
2654
923
924
946
2655
2659
923
924
929
1466
1467
1468
1469
2661
2658
2663
930
948
2497
2498
2499
2500
2664
927
931
1489
1510
1511
1513
1514
2073
2074
2075
2501
2502
2503
928
1490
2076
2077
2078
2502
2504
2505
2506
930
931
1491
2709
930
931
1512
1513
1514
1515
2711
2503
2505
2506
2507
2713
1494
2714
935
936
1752
1759
3772
935
937
2494
3773
935
936
952
1755
2495
1756
2496
954
1758
1762
4689
939
2501
3774
939
956
2076
2502
3776
2078
2504
4690
942
2525
2508
2509
2510
2782
2784
2787
2508
2511
2512
2514
2526
2667
2670
2672
3106
3109
3111
945
949
2508
2667
2515
2516
2518
946
1732
1733
1734
2516
2517
2520
2521
2668
948
949
2527
2669
948
949
2509
2529
2518
2519
2520
2521
2531
2511
2532
2672
953
954
1305
1730
1737
3779
953
955
1307
2515
3780
953
954
1733
2516
1308
1734
2517
1736
1740
4693
957
2350
3781
957
1770
2351
3783
1771
2352
4694
962
963
964
990
997
962
964
1114
1115
1116
963
964
991
962
963
998
1001
1128
1129
1131
995
1003
996
1142
1143
1145
969
970
971
1054
1061
2652
2656
2657
969
970
1055
2524
969
971
2525
970
971
1062
1058
2526
2666
2670
2671
1060
1066
1067
976
977
978
1084
1090
2717
2720
2721
976
977
1085
977
978
1091
976
978
1088
1089
1095
1096
981
985
1049
1908
3786
981
983
1020
1050
984
1052
1912
983
985
1023
1918
3789
984
1024
1919
985
1913
1920
1914
1921
3792
988
989
1422
1426
988
989
1424
1429
994
995
996
1008
995
996
994
995
1010
1028
994
996
1029
1193
1194
1195
1012
1030
1014
1206
1208
1210
1001
1002
1003
1008
1001
1003
1001
1002
1056
1161
1162
1164
1002
1003
1011
1057
1167
1169
1172
1013
1059
1014
1006
1007
1430
2628
3795
1006
1007
1069
4419
1070
2630
4697
1432
4699
1012
1013
1014
1012
1013
1038
1073
1012
1014
1039
1013
1014
1074
1041
1076
1017
1018
1434
2636
1017
1018
1045
1046
2638
1437
1021
1025
1080
1438
3797
1021
1024
1081
1022
1082
1442
1024
1025
1443
1448
1024
1025
1449
3800
1450
1444
1451
3803
1030
1031
1032
1037
1031
1032
1030
1031
1039
1030
1032
1243
1244
1246
1041
1043
1260
1261
1263
1035
1036
1037
1213
1215
1218
1035
1036
1040
1086
1042
1087
1228
1230
1232
1043
1041
1042
1043
1041
1042
1098
1041
1043
1042
1043
1099
1101
1046
1047
1459
2644
1046
1047
2646
1462
1052
1053
1273
2993
2994
2995
2996
3028
1052
1274
2995
2996
3806
1052
1053
1081
3029
1053
1683
1684
2994
2995
2997
3000
3809
1277
3032
1083
3034
1058
1059
1060
1072
1287
1288
1291
1058
1060
1107
1058
1059
1108
1300
1301
1304
1059
1060
1074
1109
1311
1312
1315
1076
3043
3045
3048
1078
1065
1066
1067
1072
2682
2685
2687
1066
1067
1065
1066
1075
1092
1065
1067
1093
1077
1094
2695
2699
2700
1078
1070
1071
1470
2673
3812
1070
1071
4420
2675
4703
1472
4705
1076
1077
1078
1267
1269
1271
1076
1077
1098
3030
3031
3033
1076
1078
1077
1078
1100
3036
3038
3041
1102
1280
1281
1283
1082
1083
1324
3001
3002
3003
3004
3049
1082
1325
3003
3004
4622
1082
1083
3050
1328
3053
2997
2998
2999
3000
3054
1087
1088
1089
1097
1338
1340
1342
1088
1089
1087
1089
1099
1101
1349
1351
1354
2570
2571
2573
1103
1094
1095
1096
1097
2730
2734
2735
1095
1096
1094
1095
1100
1094
1096
1102
2744
2748
2750
1103
1101
1102
1103
1318
1319
1322
1101
1102
3051
3052
3055
1101
1103
1102
1103
3057
3059
3062
1331
1332
1335
3112
3113
3114
1106
3120
3122
3123
3124
3114
3116
3117
3118
1109
2524
1109
3099
3102
3104
2526
3105
3109
3110
1111
1627
3005
3006
3007
3100
1628
3101
1116
1117
1118
1127
1141
1117
1118
1116
1117
1129
1116
1118
1143
1131
1145
1132
1147
1121
1122
1637
2788
3814
1121
1122
1156
4421
1640
4712
1158
2791
4713
1125
1126
1641
2796
1125
1126
1188
1189
2799
1644
1131
1132
1133
1131
1133
1167
1131
1132
1132
1133
1168
1171
1138
1139
1140
1138
1139
1174
1199
1138
1140
1176
2789
2790
4456
1139
1140
1201
2797
2798
4464
1178
1203
2793
2795
2801
2803
3816
1145
1146
1147
1145
1146
1206
1145
1147
1146
1147
1207
1209
1152
1153
1154
1173
1153
1154
1294
2629
2631
3818
1152
1153
1175
1909
3821
1152
1154
1295
1910
1177
1911
1179
2633
2634
3824
1296
1157
1158
1645
2804
3827
1157
1158
4422
1648
4715
2806
4716
1163
1164
1165
1166
1163
1165
1299
1163
1164
1169
1164
1165
1301
1170
1172
1303
1170
1171
1172
1171
1172
1170
1171
1170
1172
1177
1178
1179
1177
1178
1922
1177
1179
1923
3829
1178
1179
2805
2807
3832
1925
2809
2811
3835
1184
1185
1186
1198
1185
1186
1235
2637
2639
3838
1184
1185
1200
1915
3840
1184
1186
1236
1916
1202
1917
1204
2641
2642
3843
1238
1189
1190
1649
2812
1189
1190
2814
1652
1195
1196
1197
1205
1196
1197
1242
1195
1196
1243
1195
1197
1208
1210
1245
1211
1202
1203
1204
1202
1203
1922
1202
1204
1924
3845
1203
1204
2813
2815
4475
1926
2817
2819
4478
1209
1210
1211
1209
1210
1209
1211
1210
1211
1216
1217
1218
1227
1667
1668
1217
1218
1216
1217
1216
1218
1228
1231
1675
1677
1232
1221
1222
1657
3850
1221
1222
1345
4426
1659
4725
1346
4723
1225
1226
1670
3852
1225
1226
4429
1672
4728
4731
1231
1232
1233
1654
1656
1231
1232
1231
1233
1350
1232
1233
1351
1352
1663
1664
1238
1239
1240
1252
1238
1240
2645
2647
3854
1238
1239
1445
1239
1240
1254
1446
3856
1256
1447
1258
2649
2650
3859
1245
1246
1247
1259
1245
1247
1245
1246
1246
1247
1261
1263
1265
1250
1251
1678
2820
1250
1251
2822
1681
1256
1257
1258
1256
1257
1452
1256
1258
1454
3861
1257
1258
2821
2823
3864
1456
2825
2827
3866
1263
1264
1265
1263
1264
1263
1265
1264
1265
1270
1271
1272
1279
3035
1270
1271
1288
3036
1270
1272
1289
1706
1707
1709
2681
1271
1272
1280
2682
1290
3040
1283
3041
1284
1716
1717
1720
2683
1277
1278
3008
3009
3010
3011
3035
1277
1908
3010
3011
3868
1277
1278
1295
1910
3037
1278
1712
1713
3009
3010
3012
3015
4628
1912
3039
1297
3040
1283
1284
1285
3028
1283
1284
2695
1283
1285
1332
3031
1284
1285
1333
1688
1689
1691
2696
3033
1694
1696
1699
2697
1334
3034
1290
1291
1292
1310
3042
1291
1292
1311
2652
1290
1291
3043
1290
1292
1743
1744
1747
2653
3047
1315
3048
1316
1753
1754
1757
2654
1296
1297
3016
3017
3018
3019
3042
1296
2674
2676
3017
3019
4625
1296
1297
3044
3046
3012
3013
3014
3015
3047
1302
1303
1304
1310
3042
1302
1303
3098
1302
1304
1312
3099
1303
1304
3045
1314
3100
3046
1315
3048
1308
1309
1726
3871
1308
1309
2782
1308
3872
1729
2783
4742
1314
1315
1316
1315
1316
2666
1314
1315
3105
1314
1316
2667
3106
3107
1731
1732
1735
2668
1321
1322
1323
1330
3056
1321
1322
1338
3057
1322
1323
1331
2730
1321
1323
1339
1802
1803
1805
2731
1341
3061
1335
3062
1336
1812
1813
1816
2732
1328
1329
3020
3021
3022
3023
3056
1328
1438
3022
3023
4631
1328
1329
1440
3058
1329
1808
1809
1830
1831
3021
3022
3873
1442
3060
3061
1334
1335
1336
3049
1335
1336
2744
1334
1335
3052
1334
1336
1784
1785
1788
2745
3054
3055
1790
1791
1794
2746
1341
1342
1343
1348
1841
1842
1844
2569
1341
1342
1349
1341
1343
1849
1850
1853
2716
1342
1343
2570
2717
1353
1354
2573
1859
1860
1863
2574
2718
1346
1347
1829
3876
1346
1347
4432
4746
1831
4748
1352
1353
1354
1823
1824
1827
1353
1354
3057
1352
1353
3058
1352
1354
1834
1836
1839
3061
1357
1865
2768
3878
1357
1362
3881
1867
4751
1360
1868
2771
3883
1360
1368
3886
1870
4753
1363
1871
2751
3888
1363
3891
1873
4755
1366
1890
2576
1366
1892
1369
1893
2579
3893
1369
3896
1895
4757
1372
1375
1488
2887
2888
2889
1372
1376
1384
1929
1373
1386
2890
2891
2892
1375
1376
1387
1375
1376
1492
1931
1493
1390
1932
1379
1383
1502
1379
1382
2275
1380
2277
1382
1383
2278
1382
1383
1506
2280
1508
1386
1390
1950
1386
1389
2893
2894
2895
1387
2896
2897
2898
1389
1390
1389
1390
1406
1952
1953
1393
1396
1408
2086
2090
2092
2297
2300
2301
1393
1397
1399
3063
1394
1400
2094
2097
2099
2304
2307
2309
1396
1397
1401
1396
1397
1412
3067
1413
1403
3068
1400
1404
1558
2126
2130
2132
2283
2286
2287
1400
1403
3071
1401
2134
2137
2139
2290
2293
2295
1403
1404
1403
1404
1562
3074
3075
1563
1407
1583
2936
2937
2938
1407
1587
1588
1410
1413
2221
2225
2227
2318
2321
2323
1410
1414
1416
3077
1411
1417
2229
2232
2234
2325
2328
2330
1413
1414
1418
1413
1414
3081
1420
3082
1417
1421
1417
1420
2618
1418
2269
2272
2274
2311
2314
2316
1420
1421
1420
1421
2621
2622
1424
1425
2624
1424
1425
1638
4435
1639
2626
4759
1428
1429
2624
1428
1429
1642
1643
2627
1432
1433
2632
3898
1432
1433
1646
4440
4760
1647
2635
4761
1436
1437
2640
1436
1437
1650
1651
2643
1442
1444
3900
1441
1444
1453
1658
1659
3903
1441
1442
1443
1455
1443
1444
1457
1458
3906
1447
1450
1916
1447
1451
1454
3909
1448
1456
1450
1451
1457
1450
1451
1918
3912
1919
1458
3915
1455
1456
1455
1458
1671
1672
4487
1456
1458
3918
1457
1457
1458
3921
1461
1462
2648
1461
1462
1679
1680
2651
1465
1467
1481
1465
1469
1509
2494
1468
2496
1467
1469
1485
1512
1468
1486
1469
2498
1515
2500
1472
1473
2677
3924
1472
1473
1727
3005
4451
3006
4763
1728
2680
4764
1476
1480
1976
2466
1476
1478
1530
1479
2468
1478
1480
1534
1979
1479
1535
1480
2469
1982
2472
1483
1486
1483
1487
1983
2480
1484
2482
1486
1487
2485
1486
1487
1987
1988
2486
1490
1493
2899
2900
2901
1490
1494
1969
2902
2903
2904
1491
2905
2906
2907
1493
1494
1493
1494
1971
1973
1497
1500
2343
1497
1501
2350
1498
2345
2352
1500
1501
2346
2353
1500
1501
2348
2355
1504
1508
1504
1507
2357
1505
2359
1507
1508
2360
1507
1508
2362
1511
1515
2501
1511
1513
1984
1514
2504
1513
1515
1987
1514
1989
1515
2506
2507
1518
1521
1544
2410
2413
2416
2425
2427
2430
1518
1522
2774
1519
1521
1522
1521
1522
1548
2778
1549
2779
1525
1529
1537
1525
1527
1552
2424
1528
2426
1527
1529
1540
1555
1528
1557
2428
1529
2429
1541
1532
1535
1532
1536
2039
2452
1533
2454
1535
1536
2457
1535
1536
2043
2044
2458
1539
1541
1539
1543
2054
2438
1542
2440
1541
1543
2055
1542
1543
2441
2059
2444
1546
1549
2160
2163
2165
2391
2394
2396
1546
1550
1559
3084
1547
1560
2174
2177
2179
2398
2401
2403
1549
1550
1561
1549
1550
3088
1564
3089
1553
1556
2053
1553
1557
2390
1554
2392
1556
1557
2393
1556
1557
2055
2057
2395
1560
1563
2194
2197
2199
2377
2380
2382
1560
1564
3092
1561
2208
2211
2213
2384
2387
2389
1563
1564
1563
1564
3095
3097
1567
2004
3926
1567
1569
1961
2006
3929
1570
2007
4766
1570
2011
3932
1570
1964
2012
3935
2013
4769
1572
1574
1583
1878
1879
1880
1573
1585
1591
1881
1882
1883
1574
1575
1586
1592
1588
1594
1578
1581
1584
1936
1578
1582
1590
1604
2939
2940
2941
1579
1585
1591
2942
2943
2944
1581
1582
1586
1592
1581
1582
1607
1937
1589
1939
1595
1609
1585
1588
2945
2946
2947
1585
1589
1951
1586
2948
2949
2950
1588
1589
1588
1589
1952
1954
1591
1595
1618
1884
1885
1886
1592
1887
1888
1889
1594
1595
1594
1595
1621
1622
1598
1601
1610
1896
1897
1898
1598
1602
1617
2828
2829
2830
3112
1599
1612
1619
1899
1900
1901
1601
1602
1613
1620
1601
1602
3114
1615
1623
3116
1605
1608
1611
2004
1605
1609
1618
2951
2952
2953
1606
1612
1619
2954
2955
2956
1608
1609
1613
1620
1608
1609
2005
1616
2008
1622
1612
1615
2957
2958
2959
1612
1616
2019
1613
2960
2961
2962
1615
1616
1615
1616
2020
2023
1619
1623
2831
2832
2833
3119
1619
1622
1902
1903
1904
1620
1905
1906
1907
1622
1623
1622
1623
3120
3122
1625
1627
1630
2508
2782
2783
2786
2787
3106
1628
3024
3025
3026
3027
3107
1630
3108
1630
2510
2784
2785
2786
2787
2512
3111
1633
2404
1633
2784
2406
1636
2407
1636
2409
1639
1640
2792
3938
1639
1640
4455
2794
4773
4772
1643
1644
2800
1643
1644
2802
1647
1648
2808
3940
1647
1648
4468
2810
4776
4775
1651
1652
2816
1651
1652
2818
1655
1656
1661
1655
1656
1667
1669
1664
1659
1660
3944
1659
1660
1671
4484
4784
1673
4787
1664
1665
1665
1835
1664
1665
1836
1838
1668
1669
1674
1668
1669
1677
1672
1673
3946
1672
1673
4490
4789
4792
1676
1677
1676
1677
1680
1681
2824
1680
1681
2826
1684
1685
1700
3948
1684
1685
1779
4495
1702
4796
1781
4794
1690
1691
1692
1693
1690
1692
1783
1690
1691
1696
1691
1692
1784
1697
1699
1787
1697
1698
1699
1698
1699
1716
1697
1698
1718
1697
1699
1721
1702
1703
3950
1702
1703
1723
2993
4498
2994
4799
1725
4802
1708
1709
1710
1715
1708
1710
1742
1709
1710
1743
1708
1709
1717
1719
1720
1746
1713
1714
1722
3952
1713
1714
1749
4501
1724
4806
1750
4804
1719
1720
1721
1720
1721
1719
1720
1719
1721
1724
1725
3954
1724
1725
3008
4504
3009
4809
4812
1728
1729
1737
3956
1728
1729
3024
4507
1739
4815
3025
4814
1734
1735
1736
1735
1736
1753
1734
1735
1734
1736
1755
1758
1739
1740
3958
1739
1740
1760
2678
4508
2680
4817
1762
4820
1745
1746
1747
1752
1745
1746
1746
1747
1745
1747
1754
1756
1757
1750
1751
1759
3960
1750
1751
3012
4511
4822
1761
3013
4824
1756
1757
1758
1757
1758
1756
1757
1756
1758
1761
1762
3962
1761
1762
3016
4514
3018
4827
4830
1765
1772
3964
1765
1766
2887
3967
1768
4832
1768
2890
3970
1768
3973
4835
1771
1776
3976
1771
2076
3979
4838
1774
3982
1774
1775
2899
3985
1777
4841
1777
2905
3988
1777
3991
4844
1780
1781
1796
3994
1780
1781
2997
4517
1798
2998
4849
4847
1786
1787
1788
1789
1786
1787
1787
1788
1786
1788
1791
1793
1794
1793
1794
1795
1794
1795
1812
1793
1794
1793
1795
1814
1817
1798
1799
3996
1798
1799
1819
3001
4520
3002
4852
1821
4855
1804
1805
1806
1811
1804
1806
1848
1805
1806
1849
1804
1805
1813
1815
1816
1852
1809
1810
1818
3998
1809
1810
1855
4523
1820
4859
1856
4857
1815
1816
1817
1816
1817
1815
1816
1815
1817
1820
1821
4000
1820
1821
3020
4526
3021
4862
4865
1826
1827
1828
1833
1826
1827
1834
1827
1828
1841
1826
1828
1843
1837
1839
1845
1831
1832
4002
1831
1832
1855
4529
4867
1857
4870
1837
1838
1839
1837
1839
1837
1838
1838
1839
1844
1845
1846
1858
1844
1845
1844
1846
1859
1845
1846
1863
1864
1851
1852
1853
1858
1851
1852
1852
1853
1851
1853
1860
1862
1863
1856
1857
4004
1856
1857
4532
4872
4874
1862
1863
1864
1863
1864
1862
1863
1862
1864
1867
2969
4006
1867
1869
4009
4876
1870
2972
4011
1870
4014
4878
1873
2963
4016
1873
1875
4019
4880
1876
2370
4021
1876
4024
4882
1878
4026
1880
4027
1880
1881
2945
4028
1883
4884
1883
2948
4030
1883
1887
4032
4885
1886
1902
4033
1886
1888
2939
4034
1889
4886
1889
4036
1889
2942
4037
4887
1892
1896
4039
1892
1894
4040
4888
1895
2957
4042
1895
4045
4889
1898
2576
4047
1898
1899
2958
4048
1901
2578
4891
1901
2960
4050
1901
1905
2829
4052
2830
4892
1904
4053
1904
1906
2951
4054
1907
4893
1907
2832
4056
1907
2954
4057
2833
4894
1912
1914
4059
1911
1914
1923
4062
1911
1912
1913
1925
1913
1914
1927
1928
4065
1917
1921
1924
4068
1917
1919
1920
1926
1919
1921
4071
1920
1921
1927
1928
4074
1925
1926
1925
1928
4077
1926
1928
4080
1927
1927
1928
4083
1932
1934
1950
1957
1934
1935
1943
1958
1970
1932
1935
1971
1933
1953
1934
1935
1945
1955
1947
1956
1959
1948
1975
1939
1941
1951
1960
1939
1942
2005
1941
1942
1944
1961
2006
1940
1954
1941
1942
1945
1955
1947
1956
1962
1949
2010
1947
1948
1963
1990
1947
1949
1964
2012
1947
1948
1949
1948
1949
1994
2015
1965
1995
2016
1953
1956
1966
1954
1956
1967
1953
1954
1955
1955
1956
1968
1959
1966
4086
1959
1963
4089
1965
1968
4895
1962
1967
4092
1962
1964
4095
1965
1968
4898
1965
4098
1965
4101
4901
1968
4104
1968
4107
4904
1972
1973
2975
2976
2977
1972
1975
1990
1973
1975
1974
1992
2978
2979
2980
1974
1975
1993
1995
1978
1982
2473
1978
1980
2040
1981
2475
1980
1982
2043
1981
2045
1982
2476
2478
1985
1988
2487
1985
1989
1986
2489
1988
1989
2492
1988
1989
2493
1992
1995
1992
1996
2047
2981
2982
2983
1993
2984
2985
2986
1995
1996
1995
1996
2050
2051
2000
2001
2018
2969
2970
2971
2001
2003
2011
2033
2000
2003
2034
2002
2021
2002
2013
2022
2003
2014
2024
2017
2038
2007
2008
2019
2008
2010
2007
2010
2012
2009
2013
2022
2009
2023
2010
2014
2024
2016
2013
2017
2046
2013
2016
2014
2016
2017
2016
2017
2050
2052
2021
2022
2972
2973
2974
2022
2023
2021
2023
2024
2024
2024
2030
2031
2166
2855
2029
2030
2432
2029
2030
2031
2856
2029
2031
2170
2434
2435
2859
2171
2861
2035
2036
2963
2964
2965
2035
2038
2046
2036
2038
2037
2048
2966
2967
2968
2037
2038
2049
2052
2041
2044
2459
2041
2045
2042
2461
2044
2045
2464
2044
2045
2465
2048
2052
2048
2051
2987
2988
2989
2049
2990
2991
2992
2051
2052
2051
2052
2056
2057
2056
2059
2445
2057
2059
2058
2447
2058
2059
2448
2450
2063
2064
2064
2066
3113
2063
2066
3114
2065
2065
2066
3117
2069
2070
2343
2347
2348
2404
2405
2406
2069
2509
2072
2072
2357
2361
2362
2407
2408
2409
2072
2075
2337
4110
2075
2077
2903
4113
2078
4907
2078
4116
2078
2906
4119
4910
2081
2085
2093
2119
2081
2084
2100
2841
2082
2095
2102
2084
2085
2096
2103
2084
2085
2123
2844
2105
2845
2098
2124
2088
2092
2094
2088
2091
2101
2222
2089
2095
2102
2091
2092
2096
2103
2091
2092
2225
2106
2226
2099
2095
2098
2133
2095
2099
2096
2098
2099
2098
2099
2137
2138
2102
2105
2848
2102
2106
2236
2103
2105
2106
2105
2106
2239
2850
2853
2241
2109
2110
2841
4122
2109
2114
2843
4125
2112
2846
4913
2112
2848
4128
2112
2246
2851
4541
2854
4544
2115
2116
2908
4131
2115
2910
4134
2118
2913
4550
2118
2915
4137
2118
2184
2917
4547
2919
4916
2121
2124
2133
2121
2125
2140
2908
2122
2135
2142
2124
2125
2136
2143
2124
2125
2911
2138
2145
2914
2128
2132
2134
2128
2131
2141
2193
2129
2135
2142
2131
2132
2136
2143
2131
2132
2197
2146
2198
2139
2135
2138
2135
2139
2136
2138
2139
2138
2139
2142
2145
2915
2142
2146
2201
2143
2145
2146
2145
2146
2204
2918
2920
2205
2149
2855
4140
2149
2150
2181
2857
4143
2151
2859
4919
2151
4146
4922
2154
2157
2166
2855
2154
2158
2173
2187
2155
2168
2175
2157
2158
2169
2176
2157
2158
2190
2858
2171
2861
2178
2192
2161
2164
2167
2411
2161
2165
2174
2162
2168
2175
2164
2165
2169
2176
2164
2165
2413
2172
2414
2179
2168
2171
2168
2172
2418
2169
2171
2172
2171
2172
2420
2421
2175
2178
2207
2175
2179
2176
2178
2179
2178
2179
2211
2212
2182
2183
2922
4149
2182
2924
4556
2185
2927
4925
2185
2929
4152
2185
2931
4553
2934
4928
2188
2191
2200
2922
2188
2192
2207
2189
2202
2209
2191
2192
2203
2210
2191
2192
2925
2206
2928
2212
2195
2198
2201
2195
2199
2208
2196
2202
2209
2198
2199
2203
2210
2198
2199
2205
2213
2202
2206
2929
2202
2205
2203
2205
2206
2205
2206
2932
2935
2209
2212
2209
2213
2210
2212
2213
2212
2213
2216
2220
2228
2261
2216
2219
2235
2869
2217
2230
2237
2219
2220
2231
2238
2219
2220
2265
2872
2240
2873
2233
2266
2223
2227
2229
2223
2226
2236
2224
2230
2237
2226
2227
2231
2238
2226
2227
2241
2234
2230
2233
2268
2230
2234
2231
2233
2234
2233
2234
2272
2273
2237
2240
2876
2237
2241
2238
2240
2241
2240
2241
2878
2881
2244
2245
2869
4155
2244
2248
2870
4158
2247
2249
2874
4931
2247
2876
4161
2247
2879
4559
2882
4562
2249
2883
4164
2885
4934
2252
2255
2257
2870
2252
2256
2262
2253
2258
2255
2256
2259
2255
2256
2265
2872
2260
2875
2267
2258
2260
2883
2259
2260
2886
2263
2266
2268
2263
2267
2264
2270
2266
2267
2271
2266
2267
2273
2270
2273
2270
2274
2271
2273
2274
2273
2274
2277
2280
2277
2281
2278
2280
2281
2280
2281
2284
2288
2376
2284
2287
2290
2285
2291
2287
2288
2292
2287
2288
2380
2295
2381
2291
2294
2303
2291
2295
2292
2294
2295
2294
2295
2307
2308
2298
2302
2317
2298
2301
2304
2299
2305
2301
2302
2306
2301
2302
2321
2309
2322
2305
2308
2305
2309
2306
2308
2309
2308
2309
2312
2315
2324
2312
2316
2313
2315
2316
2315
2316
2328
2329
2319
2322
2319
2323
2325
2320
2326
2322
2323
2327
2322
2323
2330
2326
2329
2326
2330
2327
2329
2330
2329
2330
2333
2364
4167
2333
2335
2981
4170
2336
4937
2336
2341
4173
2336
2984
4176
4940
2339
4179
2339
2340
2976
4182
2342
4943
2342
2978
4185
2342
4188
4946
2345
2348
2345
2349
2358
2346
2348
2349
2348
2349
2361
2363
2352
2355
2515
2352
2356
2502
2353
2355
2356
2355
2356
2503
2518
2519
2505
2359
2362
2359
2363
2360
2362
2363
2362
2363
2366
4191
2366
2368
2987
4194
2369
4949
2369
2374
4197
2369
2991
4200
4952
2372
4203
2372
2373
2964
4206
2375
4955
2375
2966
4209
2375
4212
4958
2378
2381
2378
2382
2384
2379
2385
2381
2382
2386
2381
2382
2389
2385
2388
2397
2385
2389
2386
2388
2389
2388
2389
2401
2402
2392
2395
2424
2392
2396
2398
2393
2399
2395
2396
2400
2395
2396
2427
2428
2403
2399
2402
2399
2403
2400
2402
2403
2402
2403
2406
2406
2408
2409
2409
2412
2416
2412
2414
2418
2415
2419
2414
2416
2415
2421
2416
2422
2419
2423
2431
2419
2421
2422
2421
2423
2434
2422
2423
2436
2426
2428
2426
2430
2429
2428
2430
2429
2430
2433
2436
2433
2435
2437
2435
2436
2437
2437
2440
2444
2445
2440
2443
2453
2441
2443
2444
2443
2444
2449
2455
2456
2450
2447
2450
2447
2451
2460
2448
2450
2451
2450
2451
2462
2463
2454
2458
2459
2454
2456
2457
2456
2458
2462
2457
2458
2465
2461
2465
2461
2463
2464
2463
2465
2464
2465
2468
2472
2473
2468
2471
2481
2469
2471
2472
2471
2472
2477
2483
2484
2478
2475
2478
2475
2479
2488
2476
2478
2479
2478
2479
2490
2491
2482
2486
2487
2482
2484
2485
2484
2486
2490
2485
2486
2493
2489
2493
2489
2491
2492
2491
2493
2492
2493
2496
2500
2501
2496
2499
2516
2498
2499
2500
2503
2518
2499
2500
2520
2507
2504
2507
2504
2505
2505
2507
2506
2506
2507
2511
2512
2511
2513
2512
2513
2514
2514
2514
2517
2519
2517
2520
2521
2519
2520
2521
2521
2523
2582
2588
2526
2526
2531
2532
2533
2659
2532
2533
2531
2532
2543
2531
2533
2544
2660
2545
2664
2665
2538
2539
2540
2688
2538
2539
2548
2556
2538
2540
2549
2689
2539
2540
2557
2550
2693
2559
2694
2545
2546
2547
2702
2709
2546
2547
2703
2545
2546
2545
2547
2710
2713
2707
2708
2715
2550
2553
2562
2550
2554
2834
2551
2837
2553
2554
2839
2553
2554
2566
2567
2840
2559
2560
2561
2737
2559
2560
2562
2559
2561
2560
2561
2563
2738
2564
2742
2743
2564
2567
2564
2568
2862
2565
2865
2567
2568
2867
2567
2568
2868
2573
2574
2575
2573
2574
2573
2575
2574
2575
2578
2578
2828
2830
2581
2957
4215
2581
2772
4218
2959
4961
2586
2587
2588
2586
2588
2586
2587
2704
2587
2588
2705
2706
2593
2594
2595
2596
2593
2595
2604
2593
2594
2605
2594
2595
2598
2607
2600
2602
2600
2601
2602
2600
2601
2762
2600
2602
2601
2602
2763
2765
2607
2608
2609
2610
2607
2609
2607
2608
2608
2609
2612
2614
2616
2614
2615
2616
2614
2615
2614
2616
2615
2616
2619
2623
2619
2622
3077
2620
3079
2622
2623
3080
2622
2623
3082
2626
2627
2626
2627
2793
2801
4436
2794
4964
2802
2630
2631
2632
4221
2630
2631
2674
4437
2675
4965
2634
4968
2634
2635
4224
2634
2635
2809
4441
4971
2810
4974
2638
2639
2640
2638
2639
2645
4444
2646
2642
4977
2642
2643
2642
2643
2817
4445
4978
2818
2646
2647
2648
2646
2647
4446
2650
4979
2650
2651
2650
2651
2825
4447
4980
2826
2654
2657
2666
2654
2658
2681
2655
2668
2657
2658
2669
2657
2658
2685
2671
2686
2663
2664
2665
2664
2665
2710
2663
2664
2690
2711
2663
2665
2691
2692
2713
2668
2671
2668
2672
2669
2671
2672
2671
2672
2675
2676
2677
4227
2675
2676
4448
4981
2679
4984
2679
2680
4230
2679
2680
3016
4452
3017
4987
4990
2683
2686
2683
2687
2695
2684
2697
2686
2687
2698
2686
2687
2700
2692
2693
2694
2693
2694
2834
2692
2693
2835
2692
2694
2837
2697
2700
2697
2701
2745
2698
2700
2701
2700
2701
2748
2749
2706
2707
2708
2707
2708
2706
2707
2706
2708
2713
2714
2715
2713
2715
2713
2714
2835
2714
2715
2836
2838
2718
2722
2731
2718
2721
2719
2721
2722
2721
2722
2734
2736
2727
2728
2729
2728
2729
2755
2727
2728
2739
2756
2727
2729
2740
2741
2758
2732
2735
2744
2732
2736
2733
2746
2735
2736
2747
2735
2736
2750
2741
2742
2743
2742
2743
2862
2741
2742
2863
2741
2743
2865
2746
2750
2746
2749
2747
2749
2750
2749
2750
2753
2963
4233
2753
2769
4236
2965
4993
2758
2759
2760
2761
2758
2760
2758
2759
2863
2759
2760
2764
2864
2766
2866
2767
2765
2766
2767
2765
2766
2765
2767
2766
2767
2770
2969
4239
2770
4242
2971
4996
2773
2972
4245
2773
4248
2974
4999
2776
2779
2776
2780
3085
2777
2779
2780
2779
2780
3088
3090
2783
2785
2783
2787
2786
3025
2785
2787
2786
2787
3026
2790
2791
2792
4251
2790
2791
2805
4459
2795
5005
2806
5002
2794
2795
4254
2794
2795
4462
5008
5010
2798
2799
2800
2798
2799
2813
4466
2803
5013
2814
2802
2803
2802
2803
4467
5014
2806
2807
2808
4257
2806
2807
4469
5015
2811
5018
2810
2811
4260
2810
2811
4472
5021
5024
2814
2815
2816
2814
2815
4477
2819
5027
2818
2819
2818
2819
4480
5028
2822
2823
2824
2822
2823
4493
2827
5029
2826
2827
2826
2827
4494
5030
2830
2830
2832
2833
2833
2837
2840
2837
2838
2838
2840
2839
2839
2840
2845
2846
2848
2845
2846
2847
2849
2846
2847
2910
2845
2847
2911
2853
2854
2912
2853
2854
2852
2853
2854
2852
2853
2878
2852
2854
2879
2880
2859
2861
2859
2860
2861
2859
2860
2924
2860
2861
2925
2926
2865
2868
2865
2866
2866
2868
2867
2867
2868
2873
2874
2876
2874
2875
2883
2873
2874
2875
2877
2884
2873
2875
2881
2882
2885
2886
2881
2882
2880
2881
2882
2880
2881
2880
2882
2885
2886
2885
2886
2889
2890
4263
2889
2900
4266
2892
5031
2892
4269
2892
2897
4272
5034
2895
2896
4275
2895
4278
2898
5037
2898
4281
2898
4284
5040
2901
2905
4287
2901
4290
2907
5043
2904
2975
4293
2904
2906
4296
2907
5046
2907
4299
2907
4302
5049
2913
2914
2915
2912
2913
2914
2916
2912
2913
2912
2914
2919
2920
2919
2920
2919
2920
2921
2919
2921
2931
2920
2921
2932
2933
2927
2928
2929
2926
2927
2928
2930
2926
2927
2926
2928
2934
2935
2934
2935
2933
2934
2935
2933
2934
2933
2935
2938
4305
2938
2946
4308
5052
2941
2942
4311
2941
2952
4314
2944
5055
2944
4317
2944
2949
4320
5058
2947
2948
4323
2947
4326
2950
5061
2950
4329
2950
4332
5064
2953
2954
4335
2953
4338
2956
5067
2956
4341
2956
2961
4344
5070
2959
4347
2959
2960
4350
2962
5073
2962
4353
2962
4356
5076
2965
4359
2965
2966
4362
2968
5079
2968
4365
2968
2990
4368
5082
2971
4371
2971
2973
4374
5085
2974
4377
2974
4380
5088
2977
4383
2977
2978
4386
2980
5091
2980
4389
2980
2985
4392
5094
2983
2984
4395
2983
2988
4398
2986
5097
2986
4401
2986
4404
5100
2989
2991
4407
2989
4410
2992
5103
2992
4413
2992
4416
5106
2994
2996
3008
4700
2995
5109
2996
5115
3011
5112
2998
3000
4706
2999
3002
5118
3000
3003
5124
5121
3002
3004
3020
4709
3003
5127
3004
5133
3023
5130
3006
3007
3024
3027
3009
3011
4733
3010
5136
3011
5142
5139
3013
3015
4736
3014
3018
5145
3015
3019
5151
5148
3017
3018
4739
3019
5154
3019
5157
5160
3021
3023
4743
3022
5163
3023
5169
5166
3025
3027
3026
3027
3032
3033
3034
3035
3032
3034
3050
3032
3033
3038
3033
3034
3052
3039
3041
3054
3039
3040
3041
3040
3041
3043
3039
3040
3044
3039
3041
3047
3046
3047
3048
3047
3048
3046
3047
3046
3048
3053
3054
3055
3056
3053
3054
3053
3055
3059
3054
3055
3060
3062
3060
3061
3062
3061
3062
3060
3061
3060
3062
3065
3068
3071
3065
3069
3078
3066
3072
3068
3069
3073
3068
3069
3081
3075
3083
3072
3076
3091
3072
3075
3073
3075
3076
3075
3076
3095
3096
3079
3082
3079
3083
3080
3082
3083
3082
3083
3086
3089
3092
3086
3090
3087
3093
3089
3090
3094
3089
3090
3097
3093
3096
3093
3097
3094
3096
3097
3096
3097
3100
3103
3100
3104
3105
3101
3107
3103
3104
3108
3103
3104
3110
3107
3110
3107
3111
3108
3110
3111
3110
3111
3115
3116
3119
3115
3117
3116
3117
3118
3121
3118
3122
3118
3123
3121
3122
3122
3124
3123
3123
3124
3126
3128
3131
3786
3789
3127
3129
3132
3787
3790
3130
3133
3788
3791
3129
3134
3797
3800
3130
3135
3798
3801
3136
3799
3802
3132
3134
3806
3809
3133
3135
3807
3810
3136
3808
3811
3135
3809
4622
5121
5124
3136
3810
4623
5122
5125
3811
4624
5123
5126
3138
3143
3149
4456
4464
3139
3144
3150
4457
4464
3145
3151
4458
4465
3141
3163
3357
3818
3821
3142
3164
3358
3819
3822
3165
3359
3820
3823
3144
3363
3829
3832
3145
3364
3830
3833
3365
3831
3834
3147
3152
3360
3838
3840
3148
3153
3361
3838
3841
3154
3362
3839
3842
3150
3363
3845
4475
3151
3364
3846
4475
3365
3847
4476
3153
3220
3854
3856
3154
3221
3854
3857
3222
3855
3858
3156
3223
3861
3864
4423
4720
3157
3224
3862
3864
4424
4721
3225
3863
3865
4425
4722
3159
3163
3357
3868
4628
3160
3164
3358
3869
4629
3165
3359
3870
4630
3185
3229
3230
3738
3167
3231
3232
3759
3164
4625
4628
5148
5151
3165
4626
4629
5149
5152
4627
4630
5150
5153
3178
3872
3180
3181
3766
3169
3175
3366
3390
4266
5031
3170
3176
3367
3391
4267
5032
3177
3368
3392
4268
5033
3179
3396
3397
3398
3173
3199
3375
3399
4278
5037
3174
3200
3376
3400
4279
5038
3201
3377
3401
4280
5039
3176
3226
4290
4293
5043
5046
3177
3227
4291
4294
5044
5047
3228
4292
4295
5045
5048
3417
3418
3419
3420
3421
3422
3181
3231
3767
3769
3770
3232
3768
3771
3183
3217
3873
4432
4631
4748
3184
3218
3874
4433
4632
4749
3219
3875
4434
4633
4750
3239
3240
3731
3187
3244
3245
3710
3197
3198
3693
3189
3194
3246
3878
3881
3190
3195
3247
3879
3881
3196
3248
3880
3882
3192
3208
3255
3883
3886
3193
3209
3256
3884
3886
3210
3257
3885
3887
3195
3236
3888
3891
3196
3237
3889
3891
3238
3890
3892
3198
3244
3694
3695
3697
3245
3696
3698
3200
3205
4308
5052
3201
3206
4309
5053
3207
4310
5054
3203
3211
3369
3469
4314
5055
3204
3212
3370
3470
4315
5056
3213
3371
3471
4316
5057
3206
3375
3481
4326
5061
3207
3376
3482
4327
5062
3377
3483
4328
5063
3209
3214
3893
3896
3210
3215
3894
3896
3216
3895
3897
3212
3249
3493
4338
5067
3213
3250
3494
4339
5068
3251
3495
4340
5069
3215
3255
4215
4218
3216
3256
4216
4219
3257
4217
4220
3218
3900
3903
4426
4725
3219
3901
3904
4427
4726
3902
3905
4428
4727
3221
3360
3909
3912
3222
3361
3910
3913
3362
3911
3914
3224
3918
4429
4487
4728
3225
3919
4430
4488
4729
3920
4431
4489
4730
3227
3366
3656
4383
5091
3228
3367
3657
4384
5092
3368
3658
4385
5093
3230
3239
3739
3741
3742
3240
3740
3743
3232
3760
3762
3763
3761
3764
3234
3241
3372
3662
4398
5097
3235
3242
3373
3663
4399
5098
3243
3374
3664
4400
5099
3237
3246
4233
4236
3238
3247
4234
4237
3248
4235
4238
3240
3732
3734
3735
3733
3736
3242
3252
3671
4410
5103
3243
3253
3672
4411
5104
3254
3673
4412
5105
3245
3711
3712
3714
3713
3715
3247
4239
4242
3248
4240
4243
4241
4244
3250
3369
3926
3929
3251
3370
3927
3930
3371
3928
3931
3253
3372
3932
3935
3254
3373
3933
3936
3374
3934
3937
3256
4245
4248
3257
4246
4249
4247
4250
3259
3511
3512
3745
3522
3523
3752
3261
3273
3274
3780
3426
3427
3773
3263
3269
3405
3264
3270
3406
3271
3407
3266
3278
3387
3964
3967
3267
3279
3388
3965
3968
3280
3389
3966
3969
3564
3565
3566
3270
3393
3970
3973
3271
3394
3971
3974
3395
3972
3975
3281
3567
3568
3569
3274
3426
3781
3783
3784
3427
3782
3785
3276
3282
3428
3976
3979
3277
3283
3429
3977
3980
3284
3430
3978
3981
3279
3408
3982
3985
3280
3409
3983
3986
3410
3984
3987
3570
3571
3572
3283
3414
3988
3991
3284
3415
3989
3992
3416
3990
3993
3286
3536
3537
3724
3547
3548
3717
3288
3452
3453
3708
3322
3323
3684
3290
3298
3443
3573
3575
3291
3299
3444
3573
3576
3300
3445
3574
3577
3293
3301
3552
4006
4009
3294
3302
3553
4007
4009
3303
3554
4008
4010
3296
3313
3446
3582
3585
3297
3314
3447
3583
3585
3315
3448
3584
3586
3299
3431
3587
3589
3300
3432
3587
3590
3433
3588
3591
3302
3558
4011
4014
3303
3559
4012
4014
3560
4013
4015
3305
3344
3434
3596
3599
3306
3345
3435
3597
3599
3346
3436
3598
3600
3308
3316
3460
3601
3604
3309
3317
3461
3602
3604
3318
3462
3603
3605
3311
3319
3527
4016
4019
3312
3320
3528
4017
4019
3321
3529
4018
4020
3314
3463
3608
3611
3315
3464
3609
3611
3465
3610
3612
3317
3449
3615
3618
3318
3450
3616
3618
3451
3617
3619
3320
3544
4021
4024
3321
3545
4022
4024
3546
4023
4025
3323
3452
3622
3623
3625
3453
3624
3626
3325
3326
3466
3467
4026
3327
3468
4026
3327
3478
3479
4027
4028
3480
4027
4029
3329
3332
3484
3485
4030
4032
3333
3486
4031
4032
3331
3353
3472
3473
4033
4034
3354
3474
4033
4035
3333
3475
3476
4036
4037
3477
4036
4038
3335
3338
3339
3347
3629
3631
3340
3348
3630
3631
3337
3341
3342
3349
4039
4040
3343
3350
4039
4041
3339
3487
3634
3636
3340
3488
3634
3637
3489
3635
3638
3342
3502
4042
4045
3343
3503
4043
4045
3504
4044
4046
3345
3490
3643
3646
3346
3491
3644
3646
3492
3645
3647
3348
3487
3488
3648
3650
3489
3649
3650
3350
3502
3503
4047
4048
3504
4047
4049
3352
3355
3508
3509
4050
4052
3356
3510
4051
4052
3354
3496
3497
4053
4054
3498
4053
4055
3356
3499
3500
4056
4057
3501
4056
4058
3358
4059
4062
3359
4060
4063
4061
4064
3361
4068
4071
3362
4069
4072
4070
4073
3364
4077
4080
3365
4078
4081
4079
4082
3367
4086
4089
3368
4087
4090
4088
4091
3370
4092
4095
3371
4093
4096
4094
4097
3373
4098
4101
3374
4099
4102
4100
4103
3376
4104
4107
3377
4105
4108
4106
4109
3379
3381
3384
4541
4544
3380
3382
3385
4542
4545
3383
3386
4543
4546
3382
3440
4125
4913
3383
3441
4126
4914
3442
4127
4915
3385
4559
4562
4934
3386
4560
4563
4935
4561
4564
4936
3388
3408
4263
4266
3389
3409
4264
4267
3410
4265
4268
3391
3399
4086
4272
5034
3392
3400
4087
4273
5035
3401
4088
4274
5036
3394
3405
4269
4272
3395
3406
4270
4273
3407
4271
4274
3397
3420
3964
3965
4535
3421
3966
4536
3564
4535
4536
3400
4104
4284
5040
3401
4105
4285
5041
4106
4286
5042
3403
4275
4278
3404
4276
4279
4277
4280
3406
4281
4284
3407
4282
4285
4283
4286
3409
4287
4290
3410
4288
4291
4289
4292
3412
3423
3653
4293
4296
3413
3424
3654
4294
4297
3425
3655
4295
4298
3415
3428
4299
4302
3416
3429
4300
4303
3430
4301
4304
3567
4537
4538
3419
3781
3872
4537
3782
3872
4538
3421
3982
3983
4539
3984
4540
3570
4539
4540
3424
3519
4110
4113
3425
3520
4111
4114
3521
4112
4115
3427
3774
3776
3777
3775
3778
3429
4116
4119
3430
4117
4120
4118
4121
3432
3443
4122
4125
3433
3444
4123
4126
3445
4124
4127
3435
3490
4128
4541
3436
3491
4129
4542
3492
4130
4543
3438
3440
3454
4547
4916
3439
3441
3455
4548
4917
3442
3456
4549
4918
3441
4134
4550
3442
4135
4551
4136
4552
3444
4131
4134
3445
4132
4135
4133
4136
3447
3463
4137
4547
3448
3464
4138
4548
3465
4139
4549
3450
3460
4140
4143
3451
3461
4141
4144
3462
4142
4145
3453
3687
3688
3690
3689
3691
3455
3457
4553
4928
3456
3458
4554
4929
3459
4555
4930
3458
4146
4556
4925
3459
4147
4557
4926
4148
4558
4927
3461
4149
4556
3462
4150
4557
4151
4558
3464
4152
4553
3465
4153
4554
4154
4555
3467
3478
4305
4308
3468
3479
4306
4309
3480
4307
4310
3470
3481
4092
4320
5058
3471
3482
4093
4321
5059
3483
4094
4322
5060
3473
3496
4311
4314
3474
3497
4312
4315
3498
4313
4316
3476
3484
4317
4320
3477
3485
4318
4321
3486
4319
4322
3479
4323
4326
3480
4324
4327
4325
4328
3482
4107
4332
5064
3483
4108
4333
5065
4109
4334
5066
3485
4329
4332
3486
4330
4333
4331
4334
3488
4155
4158
3489
4156
4159
4157
4160
3491
4161
4559
3492
4162
4560
4163
4561
3494
3505
3926
4344
5070
3495
3506
3927
4345
5071
3507
3928
4346
5072
3497
4335
4338
3498
4336
4339
4337
4340
3500
3508
4341
4344
3501
3509
4342
4345
3510
4343
4346
3503
4347
4350
3504
4348
4351
4349
4352
3506
3561
4218
4356
4961
5076
3507
3562
4219
4357
4962
5077
3563
4220
4358
4963
5078
3509
4353
4356
3510
4354
4357
4355
4358
3512
3522
3746
3748
3749
3523
3747
3750
3514
3538
3665
4167
4170
3515
3539
3666
4168
4171
3540
3667
4169
4172
3517
3524
3668
4173
4176
3518
3525
3669
4174
4177
3526
3670
4175
4178
3520
3653
4179
4182
3521
3654
4180
4183
3655
4181
4184
3523
3753
3755
3756
3754
3757
3525
3659
4185
4188
3526
3660
4186
4189
3661
4187
4190
3528
3544
4359
4362
3529
3545
4360
4363
3546
4361
4364
3531
3555
3671
4236
4368
4993
5082
3532
3556
3672
4237
4369
4994
5083
3557
3673
4238
4370
4995
5084
3534
3549
3677
4365
4368
3535
3550
3678
4366
4369
3551
3679
4367
4370
3537
3547
3725
3727
3728
3548
3726
3729
3539
3674
4191
4194
3540
3675
4192
4195
3676
4193
4196
3542
3549
3677
4197
4200
3543
3550
3678
4198
4201
3551
3679
4199
4202
3545
4203
4206
3546
4204
4207
4205
4208
3548
3718
3720
3721
3719
3722
3550
4209
4212
3551
4210
4213
4211
4214
3553
3558
4371
4374
3554
3559
4372
4375
3560
4373
4376
3556
3932
4242
4565
4996
3557
3933
4243
4566
4997
3934
4244
4567
4998
3559
4377
4380
3560
4378
4381
4379
4382
3562
3926
4248
4568
4999
3563
3927
4249
4569
5000
3928
4250
4570
5001
4571
4572
3566
3973
3974
4571
3975
4572
4573
4574
3569
3571
3976
3977
4573
3572
3978
4574
4575
4576
3572
3991
3992
4575
3993
4576
3574
3580
3587
4577
3580
3588
4578
3576
3582
4131
4577
3577
3583
4132
4577
3584
4133
4578
3606
3881
3882
4579
3585
3586
3607
4580
3594
4582
3595
4009
4010
4581
3583
4137
4583
3584
4138
4583
4139
4584
3586
3611
4583
3612
4584
3588
3594
4585
3594
4586
3590
3596
4122
4585
3591
3597
4123
4585
3598
4124
4586
3639
3886
3887
4587
3599
3600
3640
4588
4590
4014
4015
4589
3597
4128
4591
3598
4129
4591
4130
4592
3600
3646
4591
3647
4592
3602
3608
4149
4593
3603
3609
4150
4593
3610
4151
4594
3605
3613
3618
4593
3613
3619
4594
3891
3892
4595
3611
3612
4596
3609
4152
4597
3610
4153
4597
4154
4598
3612
4597
4598
3627
4600
3628
4019
4020
4599
3616
3622
4140
4601
3617
3623
4141
4601
3624
4142
4602
3619
3627
4601
3627
4602
3681
3697
3698
4603
3625
3626
3682
4604
3623
3687
4605
3624
3688
4605
3689
4606
3626
3684
4605
3684
4606
4608
4024
4025
4607
3630
3632
3634
4609
3632
3635
4609
3650
4609
3641
4611
3642
4040
4041
4610
3635
3641
4612
3641
4613
3637
3643
4155
4612
3638
3644
4156
4612
3645
4157
4613
3896
3897
4614
3646
3647
4615
4617
4045
4046
4616
3644
4161
4618
3645
4162
4618
4163
4619
3647
4618
4619
3649
3651
4158
4159
4620
3652
4160
4620
4620
3652
4164
4165
4621
4166
4621
3654
4383
4386
3655
4384
4387
4385
4388
3657
3662
4089
4392
5094
3658
3663
4090
4393
5095
3664
4091
4394
5096
3660
3668
4389
4392
3661
3669
4390
4393
3670
4391
4394
3663
4098
4404
5100
3664
4099
4405
5101
4100
4406
5102
3666
3674
4395
4398
3667
3675
4396
4399
3676
4397
4400
3669
4401
4404
3670
4402
4405
4403
4406
3672
3932
4413
5106
3673
3933
4414
5107
3934
4415
5108
3675
4407
4410
3676
4408
4411
4409
4412
3678
4413
4416
3679
4414
4417
4415
4418
3683
3692
3693
3684
4004
4005
4635
3686
3690
3706
4636
4637
3691
3706
4638
3688
4140
4639
3689
4141
4640
4142
4641
3691
3708
4639
4640
3708
4641
4004
4005
4642
3697
3698
3695
3711
4021
4643
3696
3712
4022
4643
3713
4023
4644
3698
4643
4644
3700
3848
3849
4645
3942
3943
4646
3702
3850
3851
4647
3944
3945
4648
3704
3852
3853
4649
3946
3947
4650
3707
3876
3877
4651
3708
4002
4003
4652
3716
3998
3999
4653
3714
3715
3717
3712
4203
4654
3713
4204
4655
4205
4656
3715
3718
4654
4655
3719
4656
4000
4001
4657
3718
3719
3719
4658
4659
4660
3721
3727
4212
4658
3722
3728
4213
4659
3729
4214
4660
3730
3996
3997
4661
3725
3726
3731
3726
3732
4662
4663
3733
4664
3728
4197
4662
3729
4198
4663
4199
4664
3994
3995
4665
3732
3733
3733
4666
4667
4668
3735
3741
4191
4666
3736
3742
4192
4667
3743
4193
4668
3744
3948
3949
4669
3739
3740
3745
3740
3746
4670
4671
3747
4672
3742
4167
4670
3743
4168
4671
4169
4672
3950
3951
4673
3746
3747
3747
4674
4675
4676
3749
3755
4173
4674
3750
3756
4174
4675
3757
4175
4676
3758
3954
3955
4677
3753
3754
3759
3754
3760
4678
4679
3761
4680
3756
4188
4678
3757
4189
4679
4190
4680
3952
3953
4681
3760
3761
3761
4682
4683
4684
3763
3769
4179
4682
3764
3770
4180
4683
3771
4181
4684
3772
3960
3961
4685
3767
3768
3773
3768
3774
4686
4687
3775
4688
3770
4110
4686
3771
4111
4687
4112
4688
3962
3963
4689
3774
3775
3775
4690
4691
4692
3777
3783
4116
4690
3778
3784
4117
4691
3785
4118
4692
3871
3958
3959
4693
3781
3782
3872
3782
4694
4695
4696
3784
3979
4694
3785
3980
4695
3981
4696
3787
3792
3806
4059
3788
3793
3807
4060
3794
3808
4061
3790
3792
3800
4071
3791
3793
3801
4072
3794
3802
4073
3793
4065
4074
3794
4066
4075
4067
4076
3796
3898
4221
4222
4697
4699
3899
4223
4698
4699
3798
3803
3900
4622
3799
3804
3901
4623
3805
3902
4624
3801
3803
3912
3802
3804
3913
3805
3914
3804
3906
3915
3805
3907
3916
3908
3917
3807
3809
3868
5112
5115
3808
3810
3869
5113
5116
3811
3870
5114
5117
3810
4495
4706
4796
5109
5115
5121
3811
4496
4707
4797
5110
5116
5122
4497
4708
4798
5111
5117
5123
3813
3924
4227
4228
4703
4705
3925
4229
4704
4705
3815
3938
4251
4252
4712
4713
3939
4253
4712
4714
3817
4456
4457
4462
4464
4467
5010
5011
5014
4458
4463
4465
4467
5012
5014
3819
3824
4437
4625
4968
3820
3825
4438
4626
4969
3826
4439
4627
4970
3822
3824
3829
4062
3823
3825
3830
4063
3826
3831
4064
3825
3835
4441
4971
3826
3836
4442
4972
3837
4443
4973
3828
3940
4257
4258
4715
4716
3941
4259
4715
4717
3830
3835
4077
3831
3836
4078
3837
4079
3833
3835
4456
4469
5018
3834
3836
4457
4470
5019
3837
4458
4471
5020
3836
4472
5024
3837
4473
5025
4474
5026
3839
3843
3854
4444
4977
3844
3855
4444
4977
3841
3843
3845
4068
3842
3843
3846
4069
3844
3847
4070
3844
4445
4478
4978
4445
4479
4978
3846
4080
4478
3847
4081
4478
4082
4479
3849
3942
4718
4720
4721
3943
4719
4722
3851
3944
4723
4725
4726
3945
4724
4727
3853
3946
4728
4729
4731
3947
4730
4732
3855
3859
4446
4979
3860
4446
4979
3857
3859
3861
3909
3858
3859
3862
3910
3860
3863
3911
3860
3866
4447
4980
3867
4447
4980
3862
3866
3918
3863
3866
3919
3867
3920
3865
3866
4482
4493
4779
4780
5029
3867
4483
4493
4781
5029
3867
4494
5030
4494
5030
3869
4059
4628
5139
5142
3870
4060
4629
5140
5143
4061
4630
5141
5144
3956
3957
4742
3874
4523
4529
4631
4859
4867
5163
5169
3875
4524
4530
4632
4860
4868
5164
5170
4525
4531
4633
4861
4869
5165
5171
3877
4002
4746
4748
4749
4003
4747
4750
3879
4006
4239
4751
3880
4007
4240
4751
4008
4241
4752
3882
3891
4751
3892
4752
3884
4011
4245
4753
3885
4012
4246
4753
4013
4247
4754
3887
3896
4753
3897
4754
3889
4016
4233
4755
3890
4017
4234
4755
4018
4235
4756
3892
4755
4756
3894
4042
4215
4757
3895
4043
4216
4757
4044
4217
4758
3897
4757
4758
3899
4224
4225
4760
4761
4226
4760
4762
3901
3906
4631
3902
3907
4632
3908
4633
3904
3906
4484
4487
4784
3905
3907
4485
4488
4785
3908
4486
4489
4786
3907
3921
3908
3922
3923
3910
3915
3918
3911
3916
3919
3917
3920
3913
3915
4071
3914
3916
4072
3917
4073
3916
3921
3917
3922
3923
3919
3921
3920
3922
3923
3922
4487
3923
4488
4489
3925
4230
4231
4763
4764
4232
4763
4765
3927
4766
3928
4767
4768
3930
3935
4095
4766
3931
3936
4096
4767
3937
4097
4768
3933
4769
3934
4770
4771
3936
4101
4769
3937
4102
4770
4103
4771
3939
4254
4255
4772
4773
4256
4772
4774
3941
4260
4261
4775
4776
4262
4775
4777
3943
4779
4780
4782
4781
4783
3945
4784
4785
4787
4786
4788
3947
4789
4790
4792
4791
4793
3949
3950
4794
4796
4797
3951
4795
4798
3951
4799
4800
4802
4801
4803
3953
3954
4804
4806
4807
3955
4805
4808
3955
4809
4810
4812
4811
4813
3957
3958
4814
4815
3959
4814
4816
3959
4817
4818
4820
4819
4821
3961
3962
4822
4824
4825
3963
4823
4826
3963
4827
4828
4830
4829
4831
3965
3982
4832
3966
3983
4833
3984
4834
3968
3970
4263
4832
3969
3971
4264
4833
3972
4265
4834
3971
4269
4835
3972
4270
4836
4271
4837
3974
4835
3975
4836
4837
3977
3991
4838
3978
3992
4839
3993
4840
3980
4116
4838
3981
4117
4839
4118
4840
3983
4841
3984
4842
4843
3986
3988
4287
4841
3987
3989
4288
4842
3990
4289
4843
3989
4299
4844
3990
4300
4845
4301
4846
3992
4844
3993
4845
4846
3995
3996
4847
4849
4850
3997
4848
4851
3997
4852
4853
4855
4854
4856
3999
4000
4857
4859
4860
4001
4858
4861
4001
4862
4863
4865
4864
4866
4003
4867
4868
4870
4869
4871
4005
4872
4874
4873
4875
4007
4371
4876
4008
4372
4876
4373
4877
4010
4014
4876
4015
4877
4012
4377
4878
4013
4378
4878
4379
4879
4015
4878
4879
4017
4359
4880
4018
4360
4880
4361
4881
4020
4024
4880
4025
4881
4022
4203
4882
4023
4204
4882
4205
4883
4025
4882
4883
4027
4884
4029
4030
4323
4324
4884
4031
4325
4884
4031
4329
4330
4885
4331
4885
4036
4885
4053
4886
4035
4037
4311
4312
4886
4038
4313
4886
4887
4038
4317
4318
4887
4319
4887
4047
4888
4041
4045
4888
4046
4888
4043
4347
4889
4044
4348
4889
4349
4890
4046
4889
4890
4891
4049
4050
4350
4351
4891
4051
4352
4891
4051
4353
4354
4892
4355
4892
4056
4892
4893
4055
4057
4335
4336
4893
4058
4337
4893
4894
4058
4341
4342
4894
4343
4894
4060
4065
4061
4066
4067
4063
4065
4077
4064
4066
4078
4067
4079
4066
4083
4067
4084
4085
4069
4074
4080
4070
4075
4081
4076
4082
4072
4074
4073
4075
4076
4075
4083
4076
4084
4085
4078
4083
4079
4084
4085
4081
4083
4082
4084
4085
4084
4085
4087
4104
4895
4088
4105
4896
4106
4897
4090
4098
4895
4091
4099
4896
4100
4897
4093
4107
4898
4094
4108
4899
4109
4900
4096
4101
4898
4097
4102
4899
4103
4900
4099
4901
4100
4902
4903
4102
4901
4103
4902
4903
4105
4904
4106
4905
4906
4108
4904
4109
4905
4906
4111
4179
4907
4112
4180
4908
4181
4909
4114
4119
4296
4907
4115
4120
4297
4908
4121
4298
4909
4117
4910
4118
4911
4912
4120
4302
4910
4121
4303
4911
4304
4912
4123
4128
4913
4124
4129
4914
4130
4915
4126
4134
4913
4127
4135
4914
4136
4915
4129
4544
4130
4545
4546
4132
4137
4550
4133
4138
4551
4139
4552
4135
4550
4136
4551
4552
4138
4916
4139
4917
4918
4141
4919
4142
4920
4921
4144
4146
4556
4919
4145
4147
4557
4920
4148
4558
4921
4147
4556
4922
4148
4557
4923
4558
4924
4150
4152
4925
4151
4153
4926
4154
4927
4153
4928
4154
4929
4930
4156
4161
4931
4157
4162
4932
4163
4933
4159
4164
4931
4160
4165
4932
4166
4933
4162
4562
4163
4563
4564
4165
4934
4166
4935
4936
4168
4191
4937
4169
4192
4938
4193
4939
4171
4176
4395
4937
4172
4177
4396
4938
4178
4397
4939
4174
4188
4940
4175
4189
4941
4190
4942
4177
4401
4940
4178
4402
4941
4403
4942
4180
4943
4181
4944
4945
4183
4185
4386
4943
4184
4186
4387
4944
4187
4388
4945
4186
4389
4946
4187
4390
4947
4391
4948
4189
4946
4190
4947
4948
4192
4949
4193
4950
4951
4195
4200
4407
4949
4196
4201
4408
4950
4202
4409
4951
4198
4212
4952
4199
4213
4953
4214
4954
4201
4416
4952
4202
4417
4953
4418
4954
4204
4955
4205
4956
4957
4207
4209
4362
4955
4208
4210
4363
4956
4211
4364
4957
4210
4365
4958
4211
4366
4959
4367
4960
4213
4958
4214
4959
4960
4216
4347
4961
4217
4348
4962
4349
4963
4219
4248
4961
4220
4249
4962
4250
4963
4222
4224
4965
4968
4223
4225
4966
4969
4226
4967
4970
4225
4971
4974
4226
4972
4975
4973
4976
4228
4230
4981
4984
4229
4231
4982
4985
4232
4983
4986
4231
4987
4990
4232
4988
4991
4989
4992
4234
4359
4993
4235
4360
4994
4361
4995
4237
4242
4993
4238
4243
4994
4244
4995
4240
4371
4996
4241
4372
4997
4373
4998
4243
4996
4244
4997
4998
4246
4377
4999
4247
4378
5000
4379
5001
4249
4999
4250
5000
5001
4252
4254
5002
5005
4253
4255
5003
5006
4256
5004
5007
4255
5008
5010
4256
5008
5011
5009
5012
4258
4260
5015
5018
4259
4261
5016
5019
4262
5017
5020
4261
5021
5024
4262
5022
5025
5023
5026
4264
4269
5031
4265
4270
5032
4271
5033
4267
4290
5031
4268
4291
5032
4292
5033
4270
5034
4271
5035
5036
4273
4284
5034
4274
4285
5035
4286
5036
4276
4281
5037
4277
4282
5038
4283
5039
4279
5037
4280
5038
5039
4282
5040
4283
5041
5042
4285
5040
4286
5041
5042
4288
4299
5043
4289
4300
5044
4301
5045
4291
5043
4292
5044
5045
4294
4383
5046
4295
4384
5047
4385
5048
4297
4302
5046
4298
4303
5047
4304
5048
4300
5049
4301
5050
5051
4303
5049
4304
5050
5051
4306
5052
4307
5053
5054
4309
4326
5052
4310
4327
5053
4328
5054
4312
4317
5055
4313
4318
5056
4319
5057
4315
4338
5055
4316
4339
5056
4340
5057
4318
5058
4319
5059
5060
4321
4332
5058
4322
4333
5059
4334
5060
4324
4329
5061
4325
4330
5062
4331
5063
4327
5061
4328
5062
5063
4330
5064
4331
5065
5066
4333
5064
4334
5065
5066
4336
4341
5067
4337
4342
5068
4343
5069
4339
5067
4340
5068
5069
4342
5070
4343
5071
5072
4345
4356
5070
4346
4357
5071
4358
5072
4348
5073
4349
5074
5075
4351
4353
5073
4352
4354
5074
4355
5075
4354
5076
4355
5077
5078
4357
5076
4358
5077
5078
4360
5079
4361
5080
5081
4363
4365
5079
4364
4366
5080
4367
5081
4366
5082
4367
5083
5084
4369
4413
5082
4370
4414
5083
4415
5084
4372
5085
4373
5086
5087
4375
4380
4565
5085
4376
4381
4566
5086
4382
4567
5087
4378
5088
4379
5089
5090
4381
4568
5088
4382
4569
5089
4570
5090
4384
5091
4385
5092
5093
4387
4389
5091
4388
4390
5092
4391
5093
4390
5094
4391
5095
5096
4393
4404
5094
4394
4405
5095
4406
5096
4396
4401
5097
4397
4402
5098
4403
5099
4399
4410
5097
4400
4411
5098
4412
5099
4402
5100
4403
5101
5102
4405
5100
4406
5101
5102
4408
4416
5103
4409
4417
5104
4418
5105
4411
5103
4412
5104
5105
4414
5106
4415
5107
5108
4417
5106
4418
5107
5108
4420
4697
4698
4699
4703
4704
4705
4422
4712
4713
4714
4715
4716
4717
4424
4429
4718
4720
4425
4430
4718
4721
4431
4719
4722
4427
4432
4723
4725
4428
4433
4723
4726
4434
4724
4727
4430
4728
4731
4431
4729
4731
4730
4732
4433
4746
4748
4434
4746
4749
4747
4750
4455
4759
4462
4463
4467
4964
4438
4448
4965
4968
4439
4449
4966
4969
4450
4967
4970
4468
4760
4761
4762
4442
4472
4971
4974
4443
4473
4972
4975
4474
4973
4976
4446
4977
4480
4978
4979
4494
4980
4449
4625
4981
4984
4450
4626
4982
4985
4627
4983
4986
4507
4763
4764
4765
4453
4508
4739
4987
4990
4454
4509
4740
4988
4991
4510
4741
4989
4992
4772
4773
4774
4457
4459
5005
4458
4460
5006
4461
5007
4460
4469
5002
5005
4461
4470
5003
5006
4471
5004
5007
4463
5008
5010
5011
5009
5012
4465
4466
4475
5013
4466
4476
5013
4477
5013
5014
4775
4776
4777
4470
5015
5018
4471
5016
5019
5017
5020
4473
5021
5024
4474
5022
5025
5023
5026
4476
4477
4478
5027
4477
4479
5027
5027
4479
4480
5028
4480
5028
5028
4482
4483
4493
4778
4483
4779
4780
4782
4781
4783
4485
4490
4784
4787
4486
4491
4785
4787
4492
4786
4788
4488
4490
4789
4489
4491
4790
4492
4791
4491
4789
4792
4492
4790
4792
4791
4793
5029
5030
4496
4517
4794
4796
4497
4518
4794
4797
4519
4795
4798
4499
4504
4700
4799
4802
4500
4505
4701
4800
4802
4506
4702
4801
4803
4502
4511
4628
4804
4806
4503
4512
4629
4804
4807
4513
4630
4805
4808
4505
4733
4809
4812
4506
4734
4810
4812
4735
4811
4813
4814
4815
4816
4509
4514
4817
4820
4510
4515
4818
4820
4516
4819
4821
4512
4736
4822
4824
4513
4737
4822
4825
4738
4823
4826
4515
4739
4827
4830
4516
4740
4828
4830
4741
4829
4831
4518
4706
4847
4849
4519
4707
4847
4850
4708
4848
4851
4521
4526
4709
4852
4855
4522
4527
4710
4853
4855
4528
4711
4854
4856
4524
4532
4857
4859
4525
4533
4857
4860
4534
4858
4861
4527
4743
4862
4865
4528
4744
4863
4865
4745
4864
4866
4530
4532
4867
4870
4531
4533
4868
4870
4534
4869
4871
4533
4872
4874
4534
4872
4874
4873
4875
4536
4571
4832
4833
4572
4834
4538
4573
4694
4695
4574
4696
4540
4575
4841
4842
4576
4843
4542
4544
4559
4543
4545
4560
4546
4561
4545
4913
4546
4914
4915
4548
4553
4916
4549
4554
4917
4555
4918
4551
4916
4552
4917
4918
4554
4928
4555
4929
4930
4557
4925
4558
4926
4927
4560
4562
4561
4563
4564
4563
4931
4934
4564
4932
4935
4933
4936
4566
4568
4769
5085
4567
4569
4770
5086
4570
4771
5087
4569
4766
5088
4570
4767
5089
4768
5090
4572
4835
4836
4837
4574
4838
4839
4840
4576
4844
4845
4846
4578
4582
4583
4582
4584
4581
4751
4752
4582
4583
4584
4876
4877
4584
4586
4590
4591
4590
4592
4589
4753
4754
4590
4591
4592
4878
4879
4592
4594
4597
4600
4598
4600
4599
4755
4756
4597
4598
4600
4598
4880
4881
4602
4605
4608
4606
4608
4607
4643
4644
4605
4606
4608
4606
4882
4883
4611
4888
4613
4617
4618
4617
4619
4616
4757
4758
4617
4618
4619
4889
4890
4619
4621
4623
4631
5130
5133
4624
4632
5131
5134
4633
5132
5135
4626
4984
5154
5160
4627
4985
5155
5161
4986
5156
5162
4629
4736
4806
5136
5142
5148
4630
4737
4807
5137
5143
5149
4738
4808
5138
5144
5150
4632
5166
5169
4633
5167
5170
5168
5171
4646
4778
4652
4874
4875
4637
4639
4922
4638
4640
4923
4641
4924
4640
4919
4641
4920
4921
4653
4872
4873
4644
4882
4883
4649
4718
4719
4782
4783
4651
4723
4724
4650
4787
4788
4731
4732
4792
4793
4746
4747
4870
4871
4857
4858
4655
4658
4955
4656
4659
4956
4660
4957
4661
4865
4866
4659
4958
4660
4959
4960
4855
4856
4663
4666
4952
4664
4667
4953
4668
4954
4669
4847
4848
4667
4949
4668
4950
4951
4794
4795
4671
4674
4937
4672
4675
4938
4676
4939
4677
4802
4803
4675
4940
4676
4941
4942
4812
4813
4679
4682
4946
4680
4683
4947
4684
4948
4685
4804
4805
4683
4943
4684
4944
4945
4822
4823
4687
4690
4907
4688
4691
4908
4692
4909
4693
4830
4831
4691
4910
4692
4911
4912
4820
4821
4695
4838
4696
4839
4840
4698
4703
4965
4966
4704
4967
4760
4701
4733
5109
5112
4702
4734
5110
5113
4735
5111
5114
4704
4981
4982
4983
4763
4707
5118
5121
4708
5119
5122
5120
5123
4710
4743
5127
5130
4711
4744
5128
5131
4745
5129
5132
4772
4714
4716
5002
5003
4717
5004
4775
4717
5015
5016
5017
4719
4731
4732
4721
4779
4722
4780
4781
4724
4746
4747
4726
4784
4727
4785
4786
4729
4789
4730
4790
4791
4732
4734
5136
5139
4735
5137
5140
5138
5141
4737
5145
5148
4738
5146
5149
5147
5150
4740
5154
5157
4741
5155
5158
5156
5159
4814
4744
5163
5166
4745
5164
5167
5165
5168
4747
4749
4867
4750
4868
4869
4752
4876
4877
4754
4878
4879
4756
4880
4881
4758
4889
4890
4773
4774
4964
4762
4776
4974
4975
4777
4976
4765
4815
4990
4991
4816
4992
4767
4769
4768
4770
4771
4770
4771
4774
5008
5009
4777
5021
5022
5023
4782
4783
4780
4781
4783
4785
4786
4788
4792
4793
4790
4791
4793
4795
4847
4848
4797
4799
4798
4800
4801
4800
5109
4801
5110
5111
4803
4812
4813
4805
4822
4823
4807
4809
4808
4810
4811
4810
5136
4811
5137
5138
4813
4816
4817
4818
4819
4818
4990
4819
4991
4992
4821
4830
4831
4823
4825
4827
5145
4826
4828
5146
4829
5147
4828
5157
4829
5158
5159
4831
4833
4835
4834
4836
4837
4836
4837
4839
4840
4842
4844
4843
4845
4846
4845
4846
4848
4850
4852
5118
4851
4853
5119
4854
5120
4853
5127
4854
5128
5129
4856
4865
4866
4858
4872
4873
4860
4862
4861
4863
4864
4863
5163
4864
5164
5165
4866
4868
4869
4871
4874
4875
4873
4875
4877
4879
4881
4883
4885
4887
4890
4892
4894
4896
4901
4904
4897
4902
4905
4903
4906
4899
4901
4904
4900
4902
4905
4903
4906
4902
4903
4905
4906
4908
4910
4909
4911
4912
4911
4912
4914
4915
4917
4918
4920
4922
4921
4923
4924
4923
4924
4926
4928
4927
4929
4930
4929
4930
4932
4934
4933
4935
4936
4935
4936
4938
4940
4939
4941
4942
4941
4942
4944
4946
4945
4947
4948
4947
4948
4950
4952
4951
4953
4954
4953
4954
4956
4958
4957
4959
4960
4959
4960
4962
5073
4963
5074
5075
5008
5009
4966
4981
4967
4982
4983
4969
4971
4970
4972
4973
4972
4973
4975
5021
4976
5022
5023
4978
4980
4982
4983
4985
4987
4986
4988
4989
4988
5154
4989
5155
5156
4991
4992
4994
5079
4995
5080
5081
4997
5085
4998
5086
5087
5000
5088
5001
5089
5090
5003
5015
5004
5016
5017
5006
5010
5007
5011
5012
5009
5011
5012
5014
5016
5017
5019
5024
5020
5025
5026
5022
5023
5025
5026
5028
5030
5032
5034
5033
5035
5036
5035
5036
5038
5040
5039
5041
5042
5041
5042
5044
5049
5045
5050
5051
5047
5049
5048
5050
5051
5050
5051
5053
5054
5056
5058
5057
5059
5060
5059
5060
5062
5064
5063
5065
5066
5065
5066
5068
5070
5069
5071
5072
5071
5072
5074
5076
5075
5077
5078
5077
5078
5080
5082
5081
5083
5084
5083
5084
5086
5087
5089
5090
5092
5094
5093
5095
5096
5095
5096
5098
5100
5099
5101
5102
5101
5102
5104
5106
5105
5107
5108
5107
5108
5110
5115
5111
5116
5117
5113
5115
5139
5114
5116
5140
5117
5141
5116
5117
5119
5124
5127
5120
5125
5128
5126
5129
5122
5124
5123
5125
5126
5125
5133
5126
5134
5135
5128
5133
5129
5134
5135
5131
5133
5166
5132
5134
5167
5135
5168
5134
5135
5137
5142
5138
5143
5144
5140
5142
5141
5143
5144
5143
5144
5146
5151
5157
5147
5152
5158
5153
5159
5149
5151
5150
5152
5153
5152
5160
5153
5161
5162
5155
5160
5156
5161
5162
5158
5160
5159
5161
5162
5161
5162
5164
5169
5165
5170
5171
5167
5169
5168
5170
5171
5170
5171
)


// ************************************************************************* //
