/*--------------------------------*- C++ -*----------------------------------*\
  =========                 |
  \\      /  F ield         | OpenFOAM: The Open Source CFD Toolbox
   \\    /   O peration     | Website:  https://openfoam.org
    \\  /    A nd           | Version:  8
     \\/     M anipulation  |
\*---------------------------------------------------------------------------*/
/*   Windows 32 and 64 bit porting by blueCAPE: http://www.bluecape.com.pt   *\
|  Based on Windows porting (2.0.x v4) by Symscape: http://www.symscape.com   |
\*---------------------------------------------------------------------------*/
FoamFile
{
    version     2.0;
    format      ascii;
    class       faceSet;
    location    "constant/air/polyMesh/sets";
    object      layerFaces;
}
// * * * * * * * * * * * * * * * * * * * * * * * * * * * * * * * * * * * * * //


255
(
17412 
17416 
17443 
17448 
17457 
17461 
17468 
17473 
17482 
17486 
17493 
17497 
17504 
17508 
17515 
17519 
17526 
17529 
17534 
17541 
17544 
17548 
17555 
17559 
17566 
17573 
17578 
17581 
17586 
17591 
17594 
17597 
17602 
17607 
17610 
17616 
17627 
17629 
17632 
17636 
17643 
17645 
17648 
17651 
17656 
17659 
17664 
17665 
17666 
17670 
17677 
17680 
17685 
17689 
17696 
17699 
17704 
17707 
17712 
17715 
17720 
17723 
17728 
17733 
17742 
17748 
17759 
17763 
17770 
17773 
17778 
17782 
17789 
17792 
17797 
17800 
17805 
17810 
17819 
17823 
17830 
17833 
17838 
17842 
17849 
17852 
17857 
17860 
17865 
17868 
17873 
17880 
17884 
17891 
17896 
17899 
17904 
17911 
17914 
17921 
17924 
17929 
17934 
17939 
17942 
17947 
17950 
17955 
17957 
17960 
17963 
17970 
17974 
17981 
17986 
17993 
17996 
18001 
18004 
18009 
18013 
18020 
18025 
18030 
18033 
18038 
18041 
18046 
18049 
18054 
18059 
18062 
18067 
18084 
18087 
18092 
18095 
18100 
18103 
18108 
18112 
18119 
18122 
18127 
18129 
18132 
18134 
18137 
18138 
18139 
18141 
18144 
18147 
18152 
18153 
18154 
18157 
18162 
18165 
18170 
18173 
18178 
18181 
18186 
18189 
18194 
18197 
18202 
18204 
18207 
18209 
18212 
18213 
18214 
18216 
18219 
18221 
18224 
18225 
18236 
18238 
18241 
18244 
17224 
18249 
18250 
18251 
17229 
18254 
18259 
18261 
17238 
18264 
17241 
18266 
18269 
17246 
18271 
18274 
17251 
18276 
18279 
18280 
18281 
18284 
17260 
18289 
17265 
18291 
18294 
18296 
17274 
18299 
18301 
17279 
18304 
18307 
18312 
17288 
18313 
18314 
17292 
18317 
18322 
17299 
18324 
18327 
17303 
18329 
18332 
18334 
17310 
18337 
18339 
17315 
18342 
18343 
18344 
18346 
17324 
18349 
18351 
17329 
18354 
18355 
17338 
17343 
17359 
17364 
17373 
17377 
17384 
17389 
17398 
17403 
)

// ************************************************************************* //
