/*--------------------------------*- C++ -*----------------------------------*\
  =========                 |
  \\      /  F ield         | OpenFOAM: The Open Source CFD Toolbox
   \\    /   O peration     | Website:  https://openfoam.org
    \\  /    A nd           | Version:  8
     \\/     M anipulation  |
\*---------------------------------------------------------------------------*/
/*   Windows 32 and 64 bit porting by blueCAPE: http://www.bluecape.com.pt   *\
|  Based on Windows porting (2.0.x v4) by Symscape: http://www.symscape.com   |
\*---------------------------------------------------------------------------*/
FoamFile
{
    version     2.0;
    format      ascii;
    class       labelList;
    note        "nPoints: 7293 nCells: 5157 nFaces: 17423 nInternalFaces: 15543";
    location    "constant/vegetation/polyMesh";
    object      neighbour;
}
// * * * * * * * * * * * * * * * * * * * * * * * * * * * * * * * * * * * * * //


15543
(
5
10
285
1253
1254
1255
1499
1500
1503
1504
1512
1513
1514
2451
266
755
756
760
763
1508
257
762
763
766
1501
258
754
756
769
770
773
766
1498
1501
1504
2556
286
413
753
1260
1261
1262
1506
1507
1510
1511
1596
1597
1598
2452
760
1498
1505
1508
1510
2563
66
119
121
1665
1669
1671
2804
3570
3575
123
776
781
782
2213
75
306
784
785
786
1193
418
1512
1513
1518
21
422
423
425
1666
2854
62
131
132
136
1083
1102
1107
1108
75
790
791
1193
1547
1548
1551
2813
3563
62
132
793
794
799
138
139
144
281
977
978
980
981
1109
1113
1114
1239
1240
1241
75
306
867
868
870
873
1526
1527
1529
1532
1547
1549
1552
2813
41
288
802
803
808
378
809
810
815
842
920
66
1658
1659
1661
1665
2822
55
817
1523
1524
1672
427
428
430
1658
2847
60
139
818
820
821
73
145
151
508
1119
1120
1121
1122
1550
27
825
830
831
839
1675
31
259
832
835
837
2815
329
833
839
840
841
1678
834
848
849
853
1681
30
94
153
154
156
359
1025
1028
1030
1124
1128
1129
338
803
854
855
857
147
634
867
869
871
307
1526
1528
1530
2812
88
628
869
874
876
877
847
851
852
853
861
863
864
865
1527
1528
1531
1532
3550
816
827
881
882
885
55
817
892
893
894
38
39
47
56
892
896
897
898
1684
38
39
48
76
829
52
77
888
889
890
891
53
830
884
885
886
887
1687
45
46
47
56
909
910
911
912
1894
44
46
278
802
805
808
906
910
911
1228
1229
1230
1897
289
802
899
900
902
906
45
46
83
805
806
807
808
290
906
907
910
1519
52
84
902
903
904
905
983
984
985
57
1903
52
53
930
931
932
933
1690
52
53
90
812
813
814
815
843
997
998
999
345
900
913
914
919
927
372
840
920
921
924
1624
295
907
927
928
930
1628
91
916
917
918
919
1004
1005
1006
844
923
924
925
926
1693
57
934
936
938
939
1906
934
935
937
57
935
936
939
940
1909
1918
153
172
173
174
246
433
68
464
942
943
944
585
948
949
951
63
134
793
955
956
960
63
793
798
799
1534
131
428
956
960
961
1535
65
1081
1533
1534
1539
66
119
1533
1538
1539
3584
1659
1661
1664
3547
3559
140
185
433
437
439
818
186
963
964
965
96
102
970
971
972
71
72
142
819
821
822
824
98
143
434
436
437
438
969
971
973
974
1040
1041
1043
105
962
965
966
968
969
972
973
975
125
440
445
1354
1355
1356
1357
1541
124
427
791
1540
1542
1543
1547
1548
1549
77
79
90
862
998
1001
1002
78
91
197
198
199
200
1004
1008
1009
79
92
201
202
1013
1014
1015
93
866
1020
1021
1022
339
855
976
977
982
204
205
1111
209
211
214
340
854
899
86
857
858
859
860
984
985
986
989
91
983
984
987
92
141
991
992
993
144
979
980
981
982
990
993
994
996
215
216
913
221
222
223
688
1125
215
227
229
684
811
165
997
998
1001
1004
1005
1008
155
1012
1013
1014
157
169
1019
1020
1021
173
544
1025
1030
1031
107
146
237
239
109
1033
1034
1035
148
156
1027
1028
1029
1030
1039
1042
1044
1045
1046
1049
1050
1051
158
1040
1041
1042
112
150
1047
1048
1049
101
103
113
794
941
943
946
947
1054
1057
1059
461
795
1053
1057
1059
109
1061
1062
1063
104
105
796
111
797
1054
1056
1057
1058
1060
1062
1065
1066
941
944
945
947
1060
1063
1064
1065
114
955
1053
1067
1069
1070
252
442
454
456
457
110
250
441
454
455
458
460
957
1067
1068
1071
1073
1179
1180
1181
1075
1076
1077
111
112
443
958
959
1068
1070
1071
1072
1074
1076
1079
1080
444
455
457
458
459
1047
1048
1052
1074
1077
1078
1079
461
462
1103
1360
1363
1364
1373
1374
1377
1378
470
471
474
512
1358
477
479
483
1138
1139
1141
1142
1256
286
478
484
485
488
1596
126
416
487
491
494
496
133
462
712
713
718
1081
1082
1086
1087
2805
3578
123
137
1084
1085
1086
1667
122
1665
1668
1671
2828
123
262
1582
1586
1587
1667
1668
1671
2804
2829
4748
776
779
781
1085
1086
1087
2805
4747
423
1194
1554
1555
1558
498
503
508
1408
1411
1412
1413
1557
1088
1089
1092
1098
1206
255
485
1095
1096
1098
1205
304
505
506
1096
1159
1160
1162
1163
1425
1426
1427
1436
1437
1438
1441
130
424
1088
1090
1093
1094
1554
1556
1559
1560
2470
2826
305
783
786
787
789
1095
1097
1099
1101
2468
2806
134
137
425
514
517
518
1084
1102
1103
1108
1105
1561
1562
1567
512
514
517
1102
420
491
778
1568
1570
1571
137
781
1085
1564
1565
1566
1567
421
779
1568
1572
1573
1574
204
588
1109
1111
1113
140
142
585
818
821
822
143
153
433
436
437
589
1109
1110
1114
1115
1442
1444
1445
143
144
155
991
993
994
1112
1113
1114
1115
143
144
158
147
149
507
867
1549
442
509
1116
1117
1120
148
1025
1026
1028
1029
1116
1118
1119
1121
1421
1422
1423
1424
149
150
871
151
873
1552
151
444
1047
1049
1050
1117
1118
1119
1122
445
1553
153
360
519
520
525
1110
158
173
174
176
361
520
524
525
1337
1340
1341
358
520
1123
1124
1128
157
158
522
523
524
525
1012
1014
1016
157
158
871
872
1019
1021
1023
1126
1127
1128
1129
1040
1042
1044
162
163
218
220
1011
162
221
521
162
163
205
522
1012
224
523
1016
207
219
1017
166
627
842
1130
1131
1136
167
169
843
862
997
1001
1003
1133
1134
1135
1136
167
170
626
841
1131
1135
1136
1530
168
845
864
1531
169
170
865
870
1532
866
872
877
878
879
880
1019
1020
1024
303
868
874
875
879
880
1529
175
176
177
233
1027
1039
175
177
435
176
177
560
175
176
436
1040
235
438
1043
1030
1044
1031
182
183
184
455
1068
1074
183
184
449
574
1069
182
184
456
182
183
234
450
1075
236
459
1078
452
1072
1080
460
575
1073
526
527
529
948
1442
464
532
533
536
247
465
482
540
541
586
949
1137
1138
1143
526
587
1137
1144
1146
1147
466
483
1152
1153
1154
194
195
196
434
962
969
195
196
448
964
194
195
234
450
970
235
438
974
451
966
975
439
967
198
200
889
199
890
200
201
202
202
206
207
208
212
979
990
206
208
660
978
206
207
991
1112
981
994
1113
213
995
214
976
210
901
211
213
216
903
983
212
858
904
985
213
214
859
986
219
988
856
217
915
217
219
917
1005
218
229
918
1006
219
230
1007
1010
224
225
226
230
1018
224
226
355
1123
225
226
231
876
224
225
877
1019
1126
1023
1127
232
878
1024
228
231
354
809
1130
229
232
813
997
1133
230
814
999
232
1000
232
1132
1003
1134
235
236
238
1032
235
236
1033
1036
241
1038
240
242
467
1026
1116
240
241
242
1027
1046
240
241
457
1047
1117
1029
1050
1118
459
1052
1031
359
544
545
549
559
1158
253
489
510
552
553
554
357
486
1158
1159
1164
1166
527
558
560
1337
254
490
564
565
363
484
1145
1165
1166
1169
463
492
513
1173
1174
1175
499
515
1179
1180
1183
495
500
516
1172
1174
1176
1178
1182
1183
1184
1185
1186
1187
1190
1192
501
568
571
496
502
1187
1188
1189
465
497
579
580
581
753
1261
1575
1576
1578
258
264
265
266
600
756
271
272
273
606
310
311
312
1296
307
317
318
319
2833
301
309
1197
1198
1199
1202
308
330
331
334
2460
2811
776
1582
1583
1586
2214
267
270
298
1207
1209
1213
267
299
310
392
393
394
603
1215
1216
1217
1220
269
311
757
1217
1218
1219
1220
1696
267
269
271
598
274
300
399
400
401
601
1209
1211
1213
1456
1457
1458
301
309
1196
1214
1216
1218
275
755
1210
1211
1212
1213
1921
274
275
276
291
1207
1210
1213
1274
1275
1276
1930
274
275
607
763
274
276
292
608
1281
1282
1283
275
276
762
1936
293
609
1288
1289
1290
1470
1471
1472
764
1939
294
1942
292
608
1221
1222
1225
1228
1229
1231
1592
345
346
349
614
913
1274
1589
1591
1699
654
1239
1240
1242
300
592
593
596
640
1457
352
638
1247
1248
1249
1265
598
599
605
1260
1466
1467
1468
1469
1506
477
1253
1254
1256
1253
1260
1261
1263
605
606
611
1254
1499
1229
1267
1268
1273
612
613
615
619
1267
619
620
623
1228
1235
294
1274
1275
1279
1288
1281
1282
1285
337
1281
1288
1289
1293
1231
1232
1233
1234
1274
1278
1279
1282
1283
1284
1287
1951
364
365
367
620
1333
371
372
377
409
1312
1331
325
371
378
380
383
395
385
387
390
399
1275
323
353
392
394
396
399
400
403
1289
344
406
408
409
599
754
1295
1296
1298
1575
626
632
636
746
747
751
752
1303
357
633
634
638
1578
306
308
1576
1577
1579
1581
2457
2808
633
635
636
639
783
785
786
1302
1303
1307
1308
2832
1302
1304
1305
2831
330
334
335
1295
1297
1300
1301
1305
1306
1307
1308
2458
2830
310
311
314
1198
1202
1203
1216
1218
1220
1702
315
323
1299
313
770
1705
313
315
330
769
1297
314
332
771
1708
315
326
333
1711
328
335
1300
320
321
322
326
333
1714
321
322
832
1717
2835
320
322
327
837
1304
320
321
334
1305
2837
328
335
1306
336
1720
2839
329
833
1723
325
328
394
395
396
630
1198
1200
1201
1203
1491
1493
1494
372
840
1309
1311
1312
1651
327
378
379
380
627
739
742
743
842
1310
1311
1313
1314
328
329
1201
1202
1203
1204
1726
328
329
626
841
631
1309
1310
1314
1315
1729
332
335
2450
332
336
1732
2462
2840
333
1735
2461
335
336
1738
335
336
2844
1741
2846
640
642
645
1221
1470
646
647
649
1268
647
653
654
659
612
646
662
356
590
610
664
665
666
591
611
1317
1318
1319
385
1195
1323
1324
1589
1744
1196
1197
1326
1327
1747
347
351
365
613
347
350
381
915
348
366
382
914
350
351
368
383
402
350
351
403
616
384
404
369
405
618
602
629
671
672
673
603
630
677
678
681
379
684
685
739
688
691
698
362
604
693
694
695
359
363
1158
1159
1160
1246
1247
1250
1252
1264
359
698
699
701
706
544
545
546
634
699
701
703
1339
1340
1341
1342
361
705
706
710
733
1337
1340
1343
1444
590
1266
1345
1346
1347
587
1165
1166
1167
1263
1338
1339
1342
1343
1344
1347
1348
1350
366
370
374
928
1334
366
369
621
927
368
375
929
369
370
388
622
1335
369
370
376
389
390
625
377
391
1336
373
376
410
1313
373
374
1329
375
378
920
1311
375
377
921
1330
376
382
922
377
383
411
412
1332
379
382
380
381
809
384
396
685
382
384
684
811
383
810
384
397
398
686
386
388
1207
1276
387
391
406
1208
1323
389
401
407
1209
390
391
1277
1324
390
391
402
411
405
1280
412
1325
393
398
400
677
394
397
401
407
395
408
396
397
410
398
678
398
402
411
404
679
401
405
1290
401
404
592
402
404
405
404
405
593
1292
594
1294
407
412
1214
1326
408
411
1215
410
1198
1216
410
412
1199
1327
411
1200
412
1328
414
1512
1596
1597
1601
415
418
1597
1601
1602
2452
2455
2541
419
777
1606
1607
1608
1609
2469
2540
1206
1599
1603
1605
1609
419
713
714
715
716
780
1515
1516
1517
1518
1604
1605
1606
1608
419
1512
1517
1518
2451
2539
782
2215
421
424
1089
1090
1091
1094
1568
1571
1574
1585
1612
1613
1614
1615
422
425
1586
1667
424
1587
1668
2856
424
426
427
1554
1558
1560
1613
1615
1616
2857
1588
2858
428
1610
1614
1615
1616
1670
429
498
1611
1613
1616
429
431
1542
1543
1546
1621
1622
1623
2849
432
1617
1620
1622
1623
1660
440
1618
1621
1623
431
432
1662
2850
2851
1663
435
436
527
437
438
439
819
438
439
437
438
822
529
823
441
446
498
1542
443
499
1351
1353
1356
1357
1618
501
1351
1352
1354
444
446
1619
445
1352
1353
1355
1356
446
1545
1546
1621
451
452
453
941
1054
1060
451
453
719
942
452
453
720
1055
451
452
1061
945
1064
1058
1066
721
946
1059
458
460
568
1351
458
459
460
459
460
458
459
1352
1353
569
1104
1358
1360
1364
1105
1368
1369
1370
1371
1382
1383
1384
1385
712
1106
1365
1366
1369
1372
1373
1375
717
725
726
727
718
1379
1380
1383
469
547
1428
469
552
571
1430
550
555
1432
472
475
512
1067
1179
472
476
574
1069
1359
473
575
1073
1181
475
476
576
1172
1182
475
476
512
1173
1361
512
1176
1185
577
1177
1362
478
480
1513
479
481
1253
1514
484
1144
1145
1148
1150
1257
1386
1388
1389
1391
481
483
715
1515
488
716
1389
1390
1391
1392
1516
490
717
1386
1387
1390
718
1153
1154
1156
1387
1388
1389
1392
486
1166
1169
1171
1263
1394
1395
1396
1398
486
487
1261
1598
489
1096
1159
1162
1164
1264
488
489
1098
1599
494
1396
1397
1398
1399
1600
496
553
554
557
1100
1393
1395
1396
1399
497
1393
1394
1397
493
495
1089
1603
493
495
712
1174
1175
1178
1400
1402
1403
1406
1569
494
714
1570
1604
716
1403
1404
1405
1406
1605
496
1091
1571
1092
1187
1189
1192
1401
1402
1403
1405
717
1400
1401
1404
499
504
1558
500
1180
1183
1184
1407
1410
1411
1412
1611
504
1091
1414
1416
1417
1419
1612
509
1407
1408
1409
510
1092
1414
1415
1418
504
511
1093
1417
1418
1419
1420
1559
1094
1560
1613
507
511
633
783
1097
545
634
1421
1425
1427
508
635
785
1422
1424
1426
1427
511
788
1429
1431
1433
1434
1428
1429
1430
1100
1435
1436
1439
789
1101
1438
1439
1440
1441
513
515
955
1104
516
517
1106
1173
1174
1176
1569
515
518
956
1610
516
957
1179
1183
1185
1611
518
1571
1612
518
1107
1572
1574
1614
521
522
705
1111
521
524
706
523
707
1123
523
525
1112
524
1127
525
1128
1115
528
530
950
1443
528
1445
531
558
1146
1446
530
952
531
953
1147
562
1149
534
538
951
963
534
537
964
1372
535
952
967
537
538
953
1151
537
538
1152
1375
1155
1376
954
1157
542
543
1147
1151
543
565
1148
1386
542
543
727
1153
1387
728
1155
1150
1156
1388
546
548
560
546
550
1160
547
1025
1421
548
550
1026
1423
549
1031
550
561
1161
1163
1425
555
556
557
563
1161
555
556
1188
1435
555
557
1162
1436
556
557
564
1189
1163
1437
1191
567
1164
559
562
1165
1338
560
561
1167
1339
1341
562
1168
1170
566
567
1168
567
580
1393
566
567
1169
1394
1170
1171
1395
569
572
1180
1407
570
575
1181
572
573
576
1182
1186
572
573
1188
1409
1184
1190
1410
1191
575
577
720
576
577
578
582
723
582
583
584
1172
1186
582
584
725
1175
1400
583
584
1189
1401
582
583
726
729
1177
1191
1178
1192
1402
586
589
948
949
950
1240
1241
1244
1245
1442
1443
1448
587
591
1137
1138
1139
1256
1144
1145
1146
1257
1443
1446
1447
1448
1450
1453
1454
1455
660
732
734
736
1239
732
1442
1444
1448
1258
1449
1450
1451
1242
1243
1244
1245
1259
1318
1319
1320
1451
1452
1454
1455
594
597
677
1458
594
641
595
679
597
680
597
644
693
1459
683
697
1460
600
601
607
1456
1461
1462
1508
600
602
1262
1507
603
1296
1509
1456
1457
1462
1471
603
671
673
676
1265
1298
1464
1465
1466
1468
677
681
683
1299
1456
1458
1460
1461
610
1266
1463
1464
1467
607
1255
1480
1481
1482
1483
1500
607
608
1501
609
1471
1475
1476
1502
609
611
1221
1225
1226
1470
1474
1475
1470
1471
1475
1258
1477
1478
1481
1259
1317
1319
1321
1478
1479
1480
1483
614
617
899
1269
614
618
621
900
616
901
617
618
624
1270
1291
617
618
1292
662
1272
1293
625
1294
621
624
906
1230
621
622
907
1236
625
908
623
625
1237
1277
624
1232
1238
1278
625
1233
1279
1280
627
631
740
743
745
1304
739
740
743
637
688
746
748
749
638
1298
1484
1485
1488
1299
1491
1492
1493
632
1300
1306
1493
1494
1496
1497
639
1301
1307
1487
1488
1489
1490
635
639
1579
635
637
1421
1422
1427
636
867
637
639
868
638
699
700
702
703
746
749
752
869
639
1247
1248
1250
1485
1488
1490
1580
1581
641
644
1289
1472
642
1292
643
662
1223
1293
645
663
1224
645
664
1473
669
1226
1474
648
650
854
1269
648
652
855
651
653
856
650
652
1222
1271
651
662
1223
1272
652
656
1224
659
1227
655
656
976
655
657
977
658
660
978
1239
658
659
1316
658
659
1242
1318
661
1243
1320
1322
661
667
736
667
668
669
1316
668
669
693
1477
667
668
695
1449
667
669
1319
1451
1478
1320
1452
1321
1479
674
675
676
680
692
674
676
681
1484
674
675
689
1248
1485
675
676
694
1249
682
690
1486
691
696
1251
683
697
679
683
679
682
685
1491
680
686
682
683
682
683
1492
687
1495
686
686
687
742
690
744
689
700
690
691
702
749
750
704
696
697
697
1463
696
697
1345
1464
696
1346
1349
1465
700
704
707
1123
700
703
1124
702
1125
703
704
708
1246
703
704
1248
1250
711
1251
707
709
734
707
708
1340
711
710
711
1342
1344
710
711
735
1346
737
1343
1348
1349
714
717
1366
1369
1370
1561
714
715
1562
716
1563
716
718
717
718
725
727
731
1387
1390
1392
1400
1404
1406
1380
1383
1384
721
722
1372
721
723
1359
724
1360
1374
724
728
1376
724
729
1362
730
1363
1377
729
731
1366
728
729
728
731
1380
730
1381
730
1367
731
1368
1382
1370
1384
733
738
1109
1241
734
737
1110
1444
735
1111
736
737
1449
738
1243
1452
738
1447
1453
1244
1448
1454
741
742
1130
741
745
747
1131
744
748
1132
743
744
1491
745
1494
745
750
1495
751
1496
747
752
874
748
751
875
750
876
750
752
1485
751
1486
752
1487
1490
754
1205
1575
1576
1577
2449
2457
769
773
774
1295
1296
1297
1505
1507
1509
1511
2458
2570
2571
2572
2573
757
758
764
1876
757
759
1509
761
770
1870
760
761
765
1867
2318
760
761
773
1505
2319
767
2320
775
1873
2321
764
768
1858
764
767
1502
765
1861
767
768
1855
2311
767
768
2312
1498
2313
1864
2314
771
774
2450
771
775
1882
772
1885
2461
774
775
1879
2325
2463
774
775
2326
2327
2465
1888
2328
777
779
2213
778
782
1583
2213
779
780
1568
1570
1573
1585
1603
1604
1607
1608
781
1586
781
782
1562
1563
1565
1566
2213
785
786
789
787
788
1193
1548
1555
788
1549
787
1193
789
1193
1556
789
1550
1557
1559
792
2814
3564
792
1194
1540
1543
1544
2823
2849
2824
2851
795
798
1102
795
796
1103
797
955
1053
1056
1057
1104
797
799
798
959
799
960
801
850
1891
3541
851
3542
804
805
1267
804
806
1268
807
854
899
1269
807
808
902
807
808
857
858
904
811
813
842
811
812
914
922
814
915
814
815
916
923
814
815
842
918
842
926
846
1632
1633
1750
1635
1636
1753
822
823
948
822
823
824
962
823
824
951
963
822
824
952
967
968
827
828
849
1756
827
828
829
830
846
881
885
887
1642
1643
1644
831
852
861
830
831
843
862
844
1759
845
853
864
833
836
1960
2817
834
837
1963
836
838
839
1966
836
838
847
1528
2818
848
1969
2819
838
841
1530
845
853
1531
844
845
1999
842
844
920
924
926
1309
1310
1311
1638
1639
1640
1641
842
845
843
1130
1133
1136
844
845
2005
1642
1643
1762
848
851
853
3545
850
1972
3551
850
852
1975
851
1978
3552
852
3553
853
856
858
856
860
859
976
858
860
859
860
979
982
863
864
864
866
865
865
866
868
873
869
870
872
874
877
880
1124
1125
1126
1129
872
873
872
873
875
880
876
879
1131
878
1132
878
880
879
1134
880
1135
883
887
883
886
893
1632
884
895
886
887
896
886
887
1633
897
1634
890
891
896
890
891
898
897
898
935
1635
895
897
1636
895
898
937
896
897
898
1637
940
901
904
901
905
908
903
913
904
905
911
904
905
917
912
919
908
911
908
909
1520
912
927
910
912
930
1521
911
1522
912
932
915
917
915
916
929
918
918
919
931
918
919
932
922
926
922
925
928
1625
923
929
925
926
931
925
926
1626
933
1627
929
932
929
933
1629
931
932
933
1630
932
933
1631
936
938
1523
936
940
1524
939
1525
938
940
939
940
945
946
947
945
946
964
1372
946
947
1373
945
947
965
966
1374
950
952
950
954
953
1137
952
954
953
954
1140
1143
957
959
1067
1070
1071
957
961
1617
958
1618
959
961
1619
960
961
1620
966
967
968
967
968
966
967
966
968
973
974
975
974
975
1033
1061
973
974
1034
973
975
1063
1036
1064
978
979
978
980
981
981
982
981
982
985
988
1005
985
989
986
988
989
990
988
989
992
1008
995
1010
996
994
995
996
994
995
1012
995
996
1013
994
996
1017
999
1003
999
1002
1004
1000
1006
1002
1003
1007
1018
1002
1003
1020
1009
1022
1024
1006
1009
1006
1010
1007
1009
1010
1011
1009
1010
1013
1015
1017
1015
1016
1017
1018
1016
1017
1015
1017
1015
1016
1021
1022
1023
1022
1023
1024
1023
1024
1022
1024
1022
1023
1026
1028
1029
1031
1029
1030
1031
1029
1030
1036
1037
1038
1039
1046
1036
1038
1075
1036
1037
1041
1037
1038
1048
1077
1043
1045
1051
1052
1078
1043
1044
1045
1043
1044
1043
1045
1044
1045
1050
1051
1052
1050
1052
1051
1052
1050
1051
1055
1056
1358
1057
1058
1059
1058
1059
1069
1359
1057
1058
1070
1072
1360
1064
1065
1066
1064
1066
1075
1065
1066
1076
1064
1065
1080
1071
1073
1071
1072
1073
1072
1073
1071
1072
1078
1079
1080
1078
1080
1079
1080
1078
1079
1082
1083
1087
1084
1086
1533
1669
1084
1085
1534
1535
1670
1087
1087
1671
1090
1093
1099
1206
1090
1091
1206
1094
1206
1092
1094
1093
1100
1414
1418
1419
1094
1101
1097
1099
1205
1576
1097
1100
1578
1101
1579
1099
1100
1205
1101
1205
1101
1436
1439
1441
1104
1107
1104
1105
1106
1358
1361
1364
1106
1108
1107
1365
1369
1371
1561
1108
1564
1567
1110
1114
1111
1115
1112
1113
1115
1114
1115
1118
1121
1428
1118
1122
1352
1119
1121
1122
1121
1122
1354
1429
1431
1355
1125
1127
1125
1129
1126
1127
1129
1128
1129
1132
1133
1132
1135
1134
1134
1136
1135
1136
1139
1140
1139
1141
1142
1144
1142
1143
1147
1151
1142
1143
1154
1150
1156
1157
1145
1150
1146
1148
1149
1165
1149
1150
1149
1150
1169
1170
1155
1156
1157
1155
1157
1379
1155
1156
1380
1156
1157
1381
1160
1161
1167
1160
1162
1163
1163
1164
1168
1163
1164
1171
1167
1170
1167
1171
1168
1170
1171
1170
1171
1176
1177
1178
1176
1177
1365
1176
1178
1177
1178
1366
1367
1181
1185
1181
1184
1182
1184
1185
1184
1185
1190
1191
1192
1190
1192
1414
1190
1191
1415
1191
1192
1416
1194
2806
2832
3565
1554
1555
1556
2825
2826
2857
1207
1645
1646
1933
1648
1649
1765
1655
1656
1768
1200
1203
1200
1204
1312
1655
1201
1313
1203
1204
1314
1203
1204
1656
1315
1657
1206
1597
1598
1599
1602
2455
2468
1585
1603
1607
1609
2469
2470
1208
1210
1209
1212
1214
1645
1211
1215
1212
1213
1646
1212
1213
1217
1219
1647
1215
1219
1648
1216
1217
1220
1219
1220
1219
1220
1649
1650
1223
1226
1281
1223
1227
1285
1224
1286
1226
1227
1316
1226
1227
1317
1321
1322
1230
1232
1593
1230
1234
1233
1267
1232
1234
1594
1233
1595
1234
1270
1273
1236
1238
1519
1593
1948
1237
1333
1520
2035
1238
1335
1590
1771
1591
1595
2038
1241
1243
1241
1245
1244
1243
1245
1244
1245
1250
1251
1252
1344
1250
1252
1265
1250
1251
1251
1252
1265
1345
1349
1265
1350
1255
1257
1255
1259
1258
1260
1257
1259
1258
1263
1259
1266
1450
1451
1455
1478
1481
1483
1262
1266
1262
1264
1265
1575
1264
1266
1265
1578
1266
1580
1345
1347
1350
1464
1467
1468
1269
1270
1269
1271
1272
1272
1273
1284
1272
1273
1285
1286
1287
1276
1278
1276
1280
1290
1277
1589
1278
1280
1590
1279
1591
1280
1291
1294
1283
1286
1283
1287
1284
1288
1286
1287
1291
1286
1287
1293
1290
1291
1290
1292
1294
1293
1294
1293
1294
1297
1301
1577
1297
1299
1300
1299
1301
1484
1488
1489
1580
1300
1492
1493
1497
1301
1581
1303
1308
1526
2831
1304
1307
1529
1306
1530
1306
1308
2831
1307
1308
2831
1310
1315
1652
1311
1314
1313
1313
1315
1653
1314
1315
1654
1320
1321
1322
1321
1322
1320
1322
1320
1321
1325
1326
1645
1774
1325
1335
1590
1777
1328
1336
1780
1328
1648
1783
1328
1331
1655
1786
1332
1789
1330
1331
1624
1651
1954
1332
1334
1625
2041
1332
1653
1792
1336
1795
1334
1335
1628
2044
1336
1629
1957
1336
1798
1801
1338
1341
1445
1339
1343
1446
1341
1342
1341
1342
1343
1447
1348
1349
1350
1349
1350
1348
1349
1449
1348
1350
1450
1453
1353
1357
1407
1353
1355
1356
1355
1357
1408
1356
1357
1412
1359
1361
1360
1362
1363
1362
1364
1365
1363
1367
1364
1368
1371
1367
1371
1367
1370
1368
1370
1371
1370
1371
1374
1376
1374
1378
1377
1376
1378
1379
1377
1381
1378
1382
1385
1381
1385
1381
1384
1382
1384
1385
1384
1385
1388
1391
1394
1388
1392
1389
1391
1392
1391
1392
1397
1398
1395
1399
1401
1395
1398
1396
1398
1399
1398
1399
1404
1405
1402
1406
1402
1405
1403
1405
1406
1405
1406
1410
1412
1412
1413
1429
1410
1413
1415
1430
1411
1416
1412
1413
1417
1420
1434
1416
1419
1416
1420
1435
1417
1419
1420
1419
1420
1439
1440
1422
1423
1424
1427
1424
1425
1428
1426
1431
1426
1432
1427
1433
1431
1432
1431
1434
1432
1434
1435
1433
1433
1437
1434
1438
1440
1437
1440
1437
1441
1438
1440
1441
1440
1441
1443
1445
1446
1448
1445
1447
1446
1447
1448
1452
1453
1453
1455
1452
1455
1454
1454
1455
1458
1461
1458
1459
1472
1460
1460
1462
1463
1473
1461
1465
1462
1466
1469
1476
1465
1469
1477
1465
1468
1466
1468
1469
1468
1469
1481
1482
1472
1474
1472
1476
1473
1474
1476
1477
1475
1479
1476
1480
1482
1479
1482
1479
1483
1480
1482
1483
1482
1483
1486
1489
1492
1486
1490
1487
1495
1489
1490
1496
1489
1490
1497
1494
1495
1495
1497
1494
1497
1496
1496
1497
1502
1503
2557
1500
1501
1504
1502
1503
1506
1502
1508
1504
1510
2558
2559
1509
1511
2564
1507
1508
1510
1509
1511
1509
1511
2565
2566
1514
1517
1514
1515
1516
1596
1516
1518
1517
1600
1518
1601
1520
1522
1900
1521
1628
2047
1522
1630
1804
2050
1525
1807
1525
1635
1912
1915
1527
1529
2812
1528
1532
2812
1531
2812
1530
1532
1531
1532
1535
1538
1659
1535
1536
1537
1660
1537
1539
1538
1663
1539
1664
1541
1544
1548
1555
1542
1545
1550
1557
1546
1558
1544
1546
1545
1551
1546
1553
1551
1552
1550
1551
1550
1552
1553
1553
1553
1556
1560
1556
1557
1559
1558
1559
1560
1560
1563
1564
1569
1563
1565
1566
1570
1566
1567
1572
1566
1567
1573
1573
1574
1570
1571
1572
1573
1574
1573
1574
1577
1580
1577
1579
1581
1579
1580
1581
1581
1584
1587
2214
2809
1584
1585
2214
2469
1588
2214
2471
2809
1586
1588
1587
1588
2809
2470
2809
1590
1810
1591
1813
2053
1593
1594
1945
1595
2056
1595
1816
2059
1598
1600
1598
1602
1599
1600
1602
1601
1605
1602
1606
1609
1604
1607
1605
1608
1606
1608
1609
1608
1609
1611
1614
1616
1617
1612
1618
1613
1614
1615
1615
1616
1623
1618
1620
1623
1619
1620
1621
1622
1622
1623
1625
1626
1638
1981
1627
1629
2062
1627
1640
1819
1631
1822
1629
1630
2065
1631
1984
1631
1987
1990
1634
1636
1825
1634
1643
1993
1637
1996
1637
1828
1637
1831
1834
1639
1640
1651
2002
1641
1652
1837
1641
2008
2068
1644
2011
1644
2014
2071
1647
1648
1840
1647
1924
1650
1927
1650
1843
1650
2032
2017
1652
1653
2023
1654
2020
1654
1655
1846
1657
1849
1657
1852
1657
2026
2029
1660
1662
1666
2822
1660
1664
1669
1663
1670
1662
1664
2822
1663
2822
1664
1666
1669
2828
1668
1670
2828
1668
1670
1671
2828
1670
1671
1673
1753
1807
1912
1674
1754
1808
1913
1755
1809
1914
1676
1681
1756
1759
1999
1677
1682
1757
1760
2000
1683
1758
1761
2001
1679
1729
1837
1963
1999
2068
1680
1730
1838
1964
2000
2069
1731
1839
1965
2001
2070
1682
1966
1972
1975
1683
1967
1973
1976
1968
1974
1977
1685
1687
1690
1828
1834
1909
1686
1688
1691
1829
1835
1910
1689
1692
1830
1836
1911
1688
1693
1759
1993
1996
1689
1694
1760
1994
1997
1695
1761
1995
1998
1691
1693
1894
1987
1990
1692
1694
1895
1988
1991
1695
1896
1989
1992
1694
1819
1822
2005
1695
1820
1823
2006
1821
1824
2007
1697
1705
1870
1921
2017
2032
1698
1706
1871
1922
2018
2033
1707
1872
1923
2019
2034
1700
1810
1930
1951
2053
1701
1811
1931
1952
2054
1812
1932
1953
2055
1703
1705
1711
1765
1768
2026
2032
1704
1706
1712
1766
1769
2027
2033
1707
1713
1767
1770
2028
2034
1706
1708
1882
1707
1709
1883
1710
1884
1709
1711
1735
1885
1710
1712
1736
1886
1713
1737
1887
1712
1726
1738
1713
1727
1739
1728
1740
1715
1720
1723
1726
1738
1716
1721
1724
1727
1739
1722
1725
1728
1740
1718
1720
1723
1960
2876
1719
1721
1724
1961
2877
1722
1725
1962
2878
1721
1741
2882
1722
1742
2883
1743
2884
1724
1729
1963
1725
1730
1964
1731
1965
1727
1729
2026
2029
1728
1730
2027
2030
1731
2028
2031
1730
1849
2020
1731
1850
2021
1851
2022
1733
1735
1741
2787
2885
1734
1736
1742
2788
2886
1737
1743
2789
2887
1736
1738
2790
1737
1739
2791
1740
2792
1739
1741
1740
1742
1743
1742
2894
1743
2895
2896
1745
1774
1777
1810
1933
1746
1775
1778
1811
1934
1776
1779
1812
1935
1748
1765
1768
1783
1786
1749
1766
1769
1784
1787
1767
1770
1785
1788
1751
1762
1825
1993
1752
1763
1826
1994
1764
1827
1995
1754
1828
1831
1755
1829
1832
1830
1833
1757
1975
2011
2071
1758
1976
2012
2072
1977
2013
2073
1760
2005
2014
2071
1761
2006
2015
2072
2007
2016
2073
1763
2011
2014
1764
2012
2015
2013
2016
1766
1768
1843
2032
1767
1769
1844
2033
1770
1845
2034
1769
1852
2026
1770
1853
2027
1854
2028
1772
1798
1813
2035
2038
1773
1799
1814
2036
2039
1800
1815
2037
2040
1775
1780
1783
1840
1776
1781
1784
1841
1782
1785
1842
1778
1780
1798
1813
1779
1781
1799
1814
1782
1800
1815
1781
1789
1801
1782
1790
1802
1791
1803
1784
1789
1843
1785
1790
1844
1791
1845
1787
1789
1792
1852
1788
1790
1793
1853
1791
1794
1854
1790
1795
1791
1796
1797
1793
1795
1846
1954
1794
1796
1847
1955
1797
1848
1956
1796
1801
2041
1797
1802
2042
1803
2043
1799
1801
2044
1800
1802
2045
1803
2046
1802
1957
1803
1958
1959
1805
1894
1987
2047
2050
1806
1895
1988
2048
2051
1896
1989
2049
2052
1808
1906
1915
1809
1907
1916
1908
1917
1811
1813
1930
1933
1812
1814
1931
1934
1815
1932
1935
1814
2053
1815
2054
2055
1817
1945
1951
2059
1818
1946
1952
2060
1947
1953
2061
1820
1822
1981
2008
1821
1823
1982
2009
1824
1983
2010
1823
1990
2062
1824
1991
2063
1992
2064
1826
1831
1996
1827
1832
1997
1833
1998
1829
1834
1912
1830
1835
1913
1836
1914
1832
1834
1833
1835
1836
1835
1996
1836
1997
1998
1838
2002
2020
2068
1839
2003
2021
2069
2004
2022
2070
1841
1843
1927
1933
1842
1844
1928
1934
1845
1929
1935
1844
2017
1845
2018
2019
1847
1849
1852
2023
1848
1850
1853
2024
1851
1854
2025
1850
2020
2029
1851
2021
2030
2022
2031
1853
2029
1854
2030
2031
1856
1861
1864
1867
2727
1857
1862
1865
1868
2728
1863
1866
1869
2729
1859
1861
1864
1936
1860
1862
1865
1937
1863
1866
1938
1862
1876
1939
1863
1877
1940
1878
1941
1865
2736
1866
2737
2738
1868
1873
1876
2745
1869
1874
1877
2746
1875
1878
2747
1871
1873
1876
1882
1872
1874
1877
1883
1875
1878
1884
1874
1888
2748
1875
1889
2749
1890
2750
1877
1921
1878
1922
1923
1880
1885
1888
2757
2784
1881
1886
1889
2758
2785
1887
1890
2759
2786
1883
1885
1888
1884
1886
1889
1887
1890
1886
2790
1887
2791
2792
1889
2760
1890
2761
2762
1892
1978
3937
1893
1979
3938
1980
3939
1895
1903
1909
2050
1896
1904
1910
2051
1905
1911
2052
1898
1900
1903
1945
2050
2056
1899
1901
1904
1946
2051
2057
1902
1905
1947
2052
2058
1901
1948
2047
2050
2056
1902
1949
2048
2051
2057
1950
2049
2052
2058
1904
1918
1905
1919
1920
1907
1915
1918
1908
1916
1919
1917
1920
1910
1912
1915
1918
1911
1913
1916
1919
1914
1917
1920
1913
1915
1914
1916
1917
1916
1917
1919
1920
1922
1924
1927
1939
1923
1925
1928
1940
1926
1929
1941
1925
1927
1930
1933
1926
1928
1931
1934
1929
1932
1935
1928
2017
1929
2018
2019
1931
1933
1939
1942
1932
1934
1940
1943
1935
1941
1944
1934
1935
1937
1939
1942
1938
1940
1943
1941
1944
1940
1941
1943
1951
1944
1952
1953
1946
2056
1947
2057
2058
1949
2035
2038
2056
1950
2036
2039
2057
2037
2040
2058
1952
2053
2059
1953
2054
2060
2055
2061
1955
1981
2023
2041
1956
1982
2024
2042
1983
2025
2043
1958
1984
2041
2044
1959
1985
2042
2045
1986
2043
2046
1961
1963
1969
2864
1962
1964
1970
2865
1965
1971
2866
1964
1966
1965
1967
1968
1967
1969
1999
1968
1970
2000
1971
2001
1970
1972
2867
1971
1973
2868
1974
2869
1973
1978
3943
1974
1979
3944
1980
3945
1976
1978
1977
1979
1980
1979
3946
1980
3947
3948
1982
2002
2062
1983
2003
2063
2004
2064
1985
1990
2062
2065
1986
1991
2063
2066
1992
2064
2067
1988
1990
2065
1989
1991
2066
1992
2067
1991
1992
1994
1996
2014
1995
1997
2015
1998
2016
1997
1998
2000
2005
2001
2006
2007
2003
2008
2023
2004
2009
2024
2010
2025
2006
2008
2068
2007
2009
2069
2010
2070
2009
2068
2010
2069
2070
2012
2071
2013
2072
2073
2015
2071
2016
2072
2073
2018
2032
2019
2033
2034
2021
2023
2022
2024
2025
2024
2025
2027
2029
2028
2030
2031
2030
2031
2033
2034
2036
2044
2047
2037
2045
2048
2046
2049
2039
2053
2059
2040
2054
2060
2055
2061
2042
2062
2043
2063
2064
2045
2065
2046
2066
2067
2048
2065
2049
2066
2067
2051
2052
2054
2059
2055
2060
2061
2057
2059
2058
2060
2061
2060
2061
2063
2064
2066
2067
2069
2070
2072
2073
2075
2087
2088
2133
2134
2135
2136
2163
4009
2111
2114
2170
2173
2174
2175
2184
4032
2085
2092
2094
2095
2207
2081
2086
2097
2098
2574
4025
2082
2089
2100
2101
2209
2577
2091
2093
2103
2104
4026
2159
2160
2190
2549
2550
2551
2552
2110
2117
2118
2580
4067
2112
2120
2121
2259
2583
2157
2162
2164
2167
2192
2491
2107
2108
2161
2165
2166
2167
2168
2224
2226
4048
2106
2123
2124
2127
2247
2110
2130
2131
2134
4088
2090
2111
2140
2141
2142
2143
2162
2249
2090
2107
2147
2148
2149
2150
2165
4089
2112
2137
2138
2141
2251
2108
2126
2127
2128
2129
2166
2252
2109
2144
2145
2148
4092
2106
2151
2152
2254
2109
2154
2155
4095
2096
2100
2123
2284
2586
2096
2103
2124
2151
2102
2105
2125
2619
2099
2101
2117
2130
2587
2099
2104
2131
2590
4129
2102
2105
2132
2620
2102
2137
2290
2592
2102
2120
2138
2594
2139
2622
2105
2144
2154
2105
2145
2597
4133
2146
2624
2108
2109
2124
2127
2129
2151
2152
2153
2304
2108
2109
4309
2306
2144
2148
2149
2154
2155
2156
4311
2169
2170
2171
4347
2115
2177
2180
2181
2182
2183
2322
2176
2177
2178
2324
2115
2116
2178
2179
2181
2182
2325
2463
2607
2115
2116
2187
2464
4351
2188
2327
2465
2171
2172
2174
2175
2466
2610
4352
2119
2120
2169
2598
2119
2171
2613
4369
2122
2172
2616
2122
2176
2601
2122
2178
2447
2604
2179
2625
2125
2128
2137
2403
2125
2129
2144
2126
2139
2146
2128
2129
2140
2147
2128
2129
2407
2142
2409
2149
2132
2136
2138
2169
2132
2135
2145
4443
2133
2139
2146
2135
2136
2140
2147
2135
2136
2170
4447
2150
4448
2143
2173
2139
2142
2417
2139
2143
2176
2140
2142
2143
2142
2143
2177
2421
2422
2180
2146
2149
2146
2150
4451
2147
2149
2150
2149
2150
4454
4455
2153
2154
2153
2432
2156
2156
2156
4468
2183
2185
2189
2456
2568
2160
2161
2224
2472
2160
2161
2226
2227
2474
2163
2166
2183
2492
2164
2165
2184
4046
2168
2185
2192
4600
2166
2168
4601
2167
2494
2168
2192
2495
2192
4605
2172
2173
2176
2173
2175
4671
2172
2175
4672
2174
2179
2174
2180
2175
2181
4676
2179
2180
2180
2182
2533
2179
2182
2534
2181
2181
2182
2538
2184
2188
2569
2185
2187
4279
2186
2456
4726
2187
2189
2456
2458
4727
2188
2458
4728
2189
2458
2571
2456
2458
2573
2473
2474
2542
2543
2544
2545
2218
2219
2220
2451
2476
2481
2482
2539
2225
2226
2456
2548
3998
2196
2231
2232
2345
2346
2347
2348
2477
2195
2197
2239
2240
2379
2380
2381
2382
2485
2198
2248
2249
2413
2414
2415
2416
2490
2309
2312
2500
2501
2502
2503
2554
2198
2315
2319
2512
2514
2516
2517
2562
2322
2326
2526
2528
2530
2531
2567
2203
2229
2236
2260
2261
2211
2230
2263
2264
2628
2205
2212
2234
2266
2267
2631
2235
2237
2269
2270
2238
2245
2272
2273
2208
2241
2256
2275
2276
2634
2243
2257
2278
2279
2637
2210
2244
2246
2281
2282
2247
2254
2284
2285
2250
2258
2287
2288
2640
2251
2259
2290
2291
2643
2253
2255
2293
2294
2308
2329
2330
2646
2257
2310
2332
2333
2649
2214
2215
2540
2544
2545
4747
2216
2546
2551
2552
4740
4748
2539
2540
2545
2469
2540
2546
2547
2551
2221
2223
2224
2297
2298
2472
2486
2487
2488
2489
2221
2222
2225
2452
2484
2488
2489
2541
2221
2223
2473
2542
2453
2476
2477
2482
2227
2474
2543
2454
2476
2483
2484
2488
2301
2302
2475
2479
2480
2481
2482
2227
2305
2306
2493
2494
2495
2496
2227
2228
2449
2491
2495
2496
2547
2227
2549
4044
2550
2459
2484
2490
2491
2496
2238
2300
2335
2336
2339
2308
2342
2343
2346
2233
2240
2309
2352
2353
2354
2355
2478
2233
2301
2359
2360
2361
2362
2479
2242
2302
2338
2339
2340
2341
2480
2243
2310
2349
2350
2353
2303
2356
2357
2360
2245
2300
2363
2364
2303
2366
2367
2296
2369
2370
2373
2242
2248
2297
2393
2394
2395
2396
2486
2242
2315
2386
2387
2388
2389
2483
2250
2316
2376
2377
2380
2298
2372
2373
2374
2375
2487
2317
2383
2384
2387
2253
2299
2390
2391
2394
2296
2397
2398
2255
2299
2400
2401
2304
2403
2404
2407
2252
2305
2427
2428
2429
2430
2493
2252
2322
2420
2421
2422
2423
2492
2323
2410
2411
2414
2324
2417
2418
2421
2306
2406
2407
2408
2409
2494
2307
2424
2425
2428
2304
2431
2432
2307
2434
2435
2258
2316
2437
2438
2652
2317
2440
2441
2655
2323
2443
2444
2658
2324
2446
2447
2661
2262
2266
2272
2335
2664
2262
2269
2336
2363
2268
2271
2337
2766
2265
2267
2329
2342
2665
2265
2270
2343
2668
2268
2271
2344
2767
2268
2278
2349
2670
2268
2332
2350
2672
2351
2769
2271
2356
2366
2271
2357
2675
2358
2771
2274
2278
2369
2676
2274
2281
2370
2397
2280
2283
2371
2772
2277
2279
2376
2437
2677
2277
2282
2288
2377
2680
2280
2283
2378
2773
2280
2383
2682
2280
2384
2440
2684
2385
2775
2283
2390
2400
2283
2294
2391
2687
2392
2777
2286
2290
2403
2688
2286
2293
2404
2431
2292
2295
2405
2778
2289
2291
2410
2443
2689
2289
2294
2411
2692
2292
2295
2412
2779
2292
2417
2694
2292
2418
2446
2696
2419
2781
2295
2424
2434
2295
2425
2699
2426
2783
2298
2299
2300
2370
2373
2374
2397
2398
2399
2298
2299
2305
2302
2307
2390
2394
2395
2400
2401
2402
2302
2303
2336
2339
2341
2363
2364
2365
2302
2303
2356
2360
2361
2366
2367
2368
2306
2307
2404
2407
2408
2431
2432
2433
2306
2307
2424
2428
2430
2434
2435
2436
2497
2498
2500
2313
2315
2507
2508
2509
2510
2555
2317
2504
2505
2507
2313
2314
2318
2505
2506
2509
2510
2727
2313
2314
2556
2320
2557
2498
2499
2502
2503
2736
2320
2520
2521
2523
2524
2560
2323
2511
2512
2513
2518
2519
2520
2320
2321
2519
2522
2523
2524
2745
2320
2321
2326
2564
2563
2328
2513
2515
2516
2517
2748
2327
2533
2535
2537
2538
2569
2525
2526
2527
2532
2533
2534
2327
2328
2534
2536
2537
2538
2757
2327
2328
2570
2571
2527
2529
2530
2531
2760
2331
2332
2497
2700
2331
2498
2739
2334
2499
2742
2334
2504
2703
2334
2441
2505
2730
2506
2733
2337
2340
2349
2369
2337
2341
2356
2338
2351
2358
2340
2341
2352
2359
2340
2341
2373
2354
2375
2361
2344
2347
2350
2497
2344
2348
2357
2345
2351
2358
2347
2348
2352
2359
2347
2348
2500
2355
2501
2362
2351
2354
2383
2351
2355
2504
2352
2354
2355
2354
2355
2387
2507
2388
2508
2358
2361
2358
2362
2359
2361
2362
2361
2362
2365
2366
2365
2398
2368
2368
2368
2371
2375
2383
2371
2374
2390
2372
2385
2392
2374
2375
2386
2393
2374
2375
2395
2388
2378
2382
2384
2511
2378
2381
2391
2411
2379
2385
2392
2381
2382
2386
2393
2381
2382
2414
2512
2396
2415
2389
2514
2385
2388
2385
2389
2518
2386
2388
2389
2388
2389
2520
2521
2392
2395
2392
2396
2425
2393
2395
2396
2395
2396
2428
2429
2399
2400
2399
2402
2402
2402
2435
2405
2409
2417
2405
2408
2424
2406
2419
2426
2408
2409
2420
2427
2408
2409
2430
2422
2412
2416
2418
2525
2412
2415
2425
2413
2419
2426
2415
2416
2420
2427
2415
2416
2526
2429
2423
2528
2419
2422
2419
2423
2532
2420
2422
2423
2422
2423
2533
2535
2426
2430
2426
2429
2427
2429
2430
2429
2430
2433
2434
2433
2436
2436
2436
2439
2440
2511
2706
2439
2444
2513
2751
2442
2515
2754
2442
2518
2709
2442
2519
2712
2522
2796
2445
2446
2525
2715
2445
2527
2718
2448
2529
2763
2448
2532
2721
2448
2534
2724
2536
2799
2452
2455
2456
2459
2568
2572
2573
2458
2460
2461
2465
2452
2453
2553
2558
2559
2454
2561
2565
2566
2553
2554
2559
2553
2560
2561
2565
2467
2469
2547
2457
2467
4744
2458
2468
4743
2460
2464
2465
4280
2561
2567
2568
2572
2462
2464
4355
2462
2463
2790
2466
2787
4358
2465
2466
2784
2465
2466
4357
2793
4359
2468
2471
2548
4753
2470
4754
2471
2471
4755
2546
4745
2474
2475
2474
2475
2478
2481
2553
2478
2479
2554
2480
2483
2555
2480
2482
2481
2487
2482
2488
2485
2487
2560
2485
2489
2561
2486
2490
2562
2487
2489
2493
2488
2489
2496
2492
2493
2567
2492
2495
2568
2494
2569
2494
2496
2495
2496
2499
2501
2504
2499
2503
2502
2506
2501
2503
2502
2508
2503
2509
2506
2508
2506
2510
2519
2509
2508
2510
2520
2509
2510
2524
2514
2515
2518
2514
2517
2526
2515
2517
2527
2516
2521
2516
2522
2517
2523
2531
2521
2522
2522
2524
2521
2524
2523
2523
2524
2528
2529
2532
2528
2531
2529
2531
2530
2535
2530
2536
2531
2537
2535
2536
2535
2538
2536
2538
2537
2537
2538
2541
2542
2541
2544
2543
2547
2543
2545
2544
2550
2545
2551
2548
2552
4703
2548
2550
2549
4698
2550
2552
4699
2551
2552
4704
2555
2558
2555
2556
2557
2560
2557
2559
2558
2563
2559
2565
2562
2563
2562
2566
2564
2567
2564
2565
2566
2570
2566
2572
2569
2570
2569
2573
2571
2571
2572
2573
2573
2575
2580
2587
2590
4789
2576
2581
2588
2590
4790
2582
2589
2591
4791
2578
2583
2592
2594
2643
2579
2584
2592
2595
2644
2585
2593
2596
2645
2581
2598
2613
4818
2582
2599
2614
4819
2600
2615
4820
2584
2601
2604
2661
2585
2602
2605
2662
2603
2606
2663
2592
2593
2619
2688
2588
2594
2598
2620
2589
2595
2599
2620
2596
2600
2621
2591
2597
2620
4841
2597
2621
4842
2593
2622
2694
2623
2695
2595
2601
2622
2596
2602
2622
2603
2623
2624
4846
2599
2601
2616
2600
2602
2617
2603
2618
2602
2625
2603
2626
2627
2605
2607
2625
2724
2606
2608
2626
2725
2609
2627
2726
2608
2610
2625
2757
2784
2609
2611
2626
2758
2785
2612
2627
2759
2786
2611
2613
2616
2793
5003
2612
2614
2617
2794
5004
2615
2618
2795
5005
2614
2616
5006
2615
2617
5007
2618
5008
2617
2625
2618
2626
2627
2622
2623
2624
2621
2622
2624
2623
2624
2623
2626
2627
2629
2646
2665
2668
2630
2647
2666
2668
2648
2667
2669
2632
2637
2649
2670
2672
2633
2638
2650
2670
2673
2639
2651
2671
2674
2635
2640
2652
2677
2680
2636
2641
2653
2678
2680
2642
2654
2679
2681
2638
2655
2682
2684
2639
2656
2682
2685
2657
2683
2686
2641
2658
2689
2692
2642
2659
2690
2692
2660
2691
2693
2644
2661
2694
2696
2645
2662
2694
2697
2663
2695
2698
2647
2700
2739
2648
2701
2740
2702
2741
2650
2655
2703
2730
2651
2656
2704
2731
2657
2705
2732
2653
2658
2706
2751
2654
2659
2707
2752
2660
2708
2753
2656
2709
2712
2657
2710
2713
2711
2714
2659
2715
2718
2660
2716
2719
2717
2720
2662
2721
2724
2663
2722
2725
2723
2726
2670
2671
2676
2766
2666
2672
2700
2767
2667
2673
2701
2767
2674
2702
2768
2669
2675
2767
2675
2768
2671
2682
2769
2683
2770
2673
2703
2769
2674
2704
2769
2705
2770
2771
2682
2683
2772
2678
2684
2706
2773
2679
2685
2707
2773
2686
2708
2774
2681
2687
2692
2773
2687
2693
2774
2683
2775
2776
2685
2709
2775
2686
2710
2775
2711
2776
2699
2777
2694
2695
2778
2690
2696
2715
2779
2691
2697
2716
2779
2698
2717
2780
2693
2699
2779
2699
2780
2695
2781
2782
2697
2721
2781
2698
2722
2781
2723
2782
2783
2701
2703
2742
2702
2704
2743
2705
2744
2704
2733
2705
2734
2735
2707
2709
2754
2708
2710
2755
2711
2756
2710
2796
2711
2797
2798
2713
2730
2745
2796
2714
2731
2746
2797
2732
2747
2798
2716
2721
2763
2717
2722
2764
2723
2765
2719
2751
2760
2763
2720
2752
2761
2764
2753
2762
2765
2722
2799
2723
2800
2801
2725
2757
2799
2726
2758
2800
2759
2801
2728
2730
2733
2736
2745
2729
2731
2734
2737
2746
2732
2735
2738
2747
2731
2733
2732
2734
2735
2734
2742
2735
2743
2744
2737
2739
2742
2738
2740
2743
2741
2744
2740
2742
2741
2743
2744
2743
2744
2746
2748
2796
2747
2749
2797
2750
2798
2749
2751
2754
2760
2750
2752
2755
2761
2753
2756
2762
2752
2754
2753
2755
2756
2755
2796
2756
2797
2798
2758
2760
2799
2759
2761
2800
2762
2801
2761
2763
2762
2764
2765
2764
2799
2765
2800
2801
2769
2770
2771
2768
2769
2771
2770
2771
2770
2775
2776
2777
2774
2775
2777
2776
2777
2776
2781
2782
2783
2780
2781
2783
2782
2783
2782
2785
2790
2793
2786
2791
2794
2792
2795
2788
2790
2793
5130
2789
2791
2794
5131
2792
2795
5132
2791
2792
2794
5133
2795
5134
5135
2797
2798
2800
2801
2810
2812
2815
2816
2821
3288
2807
2822
2847
2848
2853
3329
2805
3546
3571
4741
3574
4746
2808
2826
3566
4754
2828
2854
2855
2859
3330
2830
2832
3336
4743
2829
2856
2858
2859
2860
4542
4740
4745
4752
4755
4756
2831
2833
2834
2838
3326
2830
2840
2841
2844
4355
2813
2815
2818
2821
2831
3328
3550
2814
2832
3331
3332
3550
2817
2818
2833
2817
2820
2834
2861
3004
2819
2835
2864
2819
2821
3545
2820
2867
3551
2821
2870
3291
3556
3292
3557
2828
2847
2850
2853
3548
3559
2824
2825
2848
3460
3563
2852
3457
3564
2827
2855
3464
3565
2827
2858
4755
2860
3466
3566
4756
2829
2854
2856
2859
3549
3570
3569
3571
4750
2831
2841
2844
2845
4280
4543
2832
2833
2837
2838
3334
3335
2835
2837
2835
2836
2873
3039
2839
2876
2838
2839
2843
2879
3323
2838
2839
2844
2845
3327
2846
2882
2842
2846
2885
4358
2842
2845
4354
4540
2843
2888
4033
4538
2845
2846
2891
4535
2845
2846
4541
2894
2849
2850
2854
2849
2852
2855
3329
2851
2857
2851
2853
2852
2853
3329
3329
2856
2857
2857
2860
3330
2858
2859
2858
2860
2860
3330
3330
2862
2864
2870
2873
3734
2863
2865
2871
2874
3735
2866
2872
2875
3736
2865
2867
2876
2866
2868
2877
2869
2878
2868
2870
3943
2869
2871
3944
2872
3945
2871
3895
3952
2872
3896
3953
3897
3954
2874
2876
2879
3708
2875
2877
2880
3709
2878
2881
3710
2877
2882
2878
2883
2884
2880
2882
2891
3766
2881
2883
2892
3767
2884
2893
3768
2883
2894
2884
2895
2896
2886
2888
2894
5130
2887
2889
2895
5131
2890
2896
5132
2889
2891
4988
5142
2890
2892
4989
5143
2893
4990
5144
2892
2894
5136
2893
2895
5137
2896
5138
2895
2896
2901
2954
3041
3045
3053
3054
3058
3463
3465
3468
3469
4175
3047
3049
3104
3586
4174
4206
2944
3034
3337
3339
3342
3365
2902
2956
3045
3050
3054
3055
3057
3058
3061
3063
3066
3955
2957
3040
3053
3054
3056
2958
3052
3060
3061
3063
2959
3070
3345
3346
3348
3589
2960
3060
3067
3068
2961
3070
3071
3073
3592
2910
3057
3066
3091
3092
3094
3095
3097
3099
3100
3103
3957
2912
2967
3056
3077
3079
3080
2925
2968
3062
3084
3086
3088
2942
3059
3080
3093
3095
3096
2969
3055
3061
3077
3078
3081
3082
3084
3085
3087
3090
2926
3065
3097
3098
3101
3960
2935
2936
2937
2963
3145
3150
3151
3370
2964
3104
3105
3109
3321
3711
2918
2920
2927
3081
3087
3118
3119
3123
3124
2922
2977
3079
3111
3113
3115
2918
2920
2978
3072
3086
3344
3346
3347
3350
2928
3074
3352
3353
3354
3595
2929
3075
3089
3351
3353
3356
3357
2923
3083
3119
3120
3121
3138
2980
3078
3085
3111
3112
3114
3117
2931
3125
3126
3372
3598
2945
2946
2973
3146
3601
2932
2938
2948
2949
3602
2974
3128
3129
3380
3603
2926
2983
3067
3071
3072
3075
3076
3086
3088
3089
3069
3098
3101
3102
3133
3134
3965
4171
4533
2929
3094
3100
3136
3137
3139
3141
4173
3132
3358
3361
3362
3606
3102
3133
3360
3361
3363
3364
4172
3135
3136
3140
3359
3609
4231
3142
3144
3387
3610
2951
2952
3138
3162
3613
2937
2999
3038
3365
3366
3370
2939
2941
3110
3372
3377
3378
3006
3145
3147
3150
3379
2939
2942
3080
3155
3156
3157
3158
3371
2939
2940
3007
3107
3379
3384
3385
3083
3152
3153
3156
3162
2944
3108
3365
3376
3377
3378
3009
3109
3379
3380
3385
2944
3049
3386
3387
3392
2943
2944
3159
3164
3165
3342
3963
3159
3160
3165
3388
3987
3048
3386
3388
3392
3986
2947
2949
3115
3148
3614
2947
3019
3128
3147
3615
2950
3130
3149
3714
2950
2951
3125
3152
3617
2950
3120
3153
3619
3127
3154
3718
2953
3144
3163
3620
2953
3135
3161
3622
3995
3143
3160
3722
3997
2957
3168
3170
3171
3175
3176
3458
3459
3461
3462
2957
2997
2998
3040
3414
3415
3419
3420
3461
2958
3166
3170
3171
3172
3174
3176
3179
3182
3184
3171
3173
3175
3167
3178
3179
3184
3188
3394
3395
3397
3623
3178
3185
3186
3188
3189
3194
3626
2996
3003
3196
3197
3198
3470
2967
3006
3007
3008
3293
3298
3299
3416
3202
3204
3208
3286
3725
2970
3002
3013
3014
3310
3311
3312
3313
3471
2969
3174
3182
3223
3224
3228
3229
3230
3231
3234
3235
3173
3209
3211
3213
2983
3180
3216
3218
3220
3172
3179
3209
3210
3212
3215
3216
3217
3219
3221
3177
3224
3225
3226
2984
3183
3231
3232
3233
2985
3005
3237
3238
3629
2977
3019
3020
3294
3632
3240
3241
3436
3633
2981
2988
3011
3022
3023
3636
2980
2982
2989
3212
3219
3250
3251
3255
3256
3211
3243
3245
3247
2980
2982
3190
3218
3393
3395
3396
3399
2990
3191
3401
3402
3403
3728
3210
3217
3243
3244
3246
3249
2992
3214
3251
3252
3253
2994
3192
3222
3400
3403
3405
3406
2984
3185
3189
3190
3192
3193
3218
3220
3222
3187
3232
3233
3236
3258
3259
3012
3261
3262
3637
2991
3015
3025
3026
3472
3640
3017
3264
3265
3473
3641
2992
3018
3028
3029
3644
2993
2994
3223
3230
3272
3273
3276
3278
3257
3408
3409
3410
3731
3226
3268
3269
3227
3273
3274
3275
3229
3235
3267
3269
3271
3236
3258
3407
3410
3411
3412
2998
3033
3456
3460
3461
3563
3000
3001
3196
3198
3199
3333
3421
3423
3424
3426
3000
3175
3424
3425
3426
3427
3462
3474
3000
3001
3035
3331
3001
3007
3414
3416
3418
3332
3456
3038
3202
3203
3206
3207
3328
3414
3418
3419
3177
3421
3422
3425
3516
3279
3280
3281
3333
3511
3039
3286
3288
3291
3734
3012
3205
3428
3429
3432
3293
3295
3298
3435
3009
3010
3203
3435
3440
3441
3010
3014
3213
3303
3304
3305
3306
3417
3204
3435
3436
3441
3016
3207
3418
3431
3432
3433
3434
3018
3214
3300
3301
3304
3195
3442
3443
3446
3016
3198
3421
3452
3453
3454
3455
3477
3016
3225
3317
3318
3319
3320
3422
3226
3307
3308
3311
3479
3199
3423
3445
3446
3447
3448
3201
3449
3450
3453
3481
3227
3314
3315
3318
3021
3240
3295
3645
3021
3023
3247
3296
3647
3024
3242
3297
3737
3024
3028
3238
3300
3648
3024
3252
3301
3650
3239
3302
3741
3027
3265
3307
3482
3651
3027
3029
3268
3308
3653
3030
3266
3309
3745
3030
3262
3314
3654
3030
3275
3315
3656
3263
3316
3747
3032
3042
3043
3045
3046
3050
3051
3166
3169
3170
3487
3488
3035
3464
3467
3468
3565
3037
3038
3047
3048
3337
3339
3340
4061
4207
4208
4543
3037
3038
3040
3335
3037
3040
3053
3337
3338
3340
3341
3469
4063
3336
3467
4065
3105
3106
3107
3108
3334
3365
3366
3367
3321
3323
3326
3708
3366
3367
3368
3369
3468
3042
3044
3168
3330
3534
3043
3045
3169
3534
3044
3046
3534
3534
4175
4542
3046
3170
3955
4175
3048
3106
4207
4536
3049
3108
4208
3110
3386
3387
3389
3657
4209
3051
3052
3166
3955
4530
3060
3063
3064
3167
4530
3058
3059
3999
3055
3058
3171
3056
3057
3172
3059
3077
3080
3082
3173
3368
3369
3370
3371
3058
3059
4270
4271
3092
3093
3095
3338
3341
3342
3343
4272
3062
3064
3178
3062
3066
3179
3065
3067
3084
3088
3090
3180
3064
3066
4177
3065
3068
4178
3066
3069
3097
3101
3103
4179
4180
3069
3185
3069
4183
4184
3072
3074
3188
3346
3348
3350
3776
3072
3076
3189
3075
3190
3074
3076
3131
3779
3075
3132
3352
3353
3356
3782
3076
3133
3134
3078
3082
3209
3079
3081
3210
3083
3111
3115
3117
3145
3146
3148
3151
3211
3082
3083
3082
3083
3094
3095
3096
3119
3120
3123
3153
3156
3157
3085
3090
3216
3086
3087
3217
3089
3218
3089
3090
3100
3089
3090
3101
3102
3103
3092
3094
3959
4173
4531
3093
3095
4185
3963
4186
4531
3095
3096
3135
3137
3138
3139
3159
3161
3162
3164
4531
3099
3103
4192
3099
3102
4172
4193
3100
4173
4194
3102
3103
3102
3103
3106
3110
3322
3785
3106
3107
3202
3324
3108
3325
3108
3109
3203
3110
3110
3204
3380
3382
3385
3788
3372
3374
3378
3791
3112
3117
3243
3113
3114
3244
3344
3116
3245
3345
3716
3116
3117
3118
3347
3116
3117
3120
3122
3349
3717
3123
3122
3123
3124
3351
3123
3124
3139
3122
3123
3122
3124
3140
3354
3720
3355
3721
3141
3357
3127
3144
3373
3797
3127
3129
3374
3794
3130
3375
3800
3130
3240
3381
3660
3130
3382
3663
3383
3810
3132
3134
3754
4532
3133
3358
3361
3364
3757
4534
3134
4533
4171
3137
3138
4235
3137
3141
3360
4236
3139
4237
3139
3140
3141
3141
3362
3724
3363
3143
3389
3751
3977
3144
3390
3666
4246
3391
3813
3146
3151
3293
3147
3148
3294
3149
3295
3381
3149
3151
3153
3150
3154
3383
3151
3155
3384
3157
3154
3158
3163
3373
3154
3157
3155
3375
3157
3158
3376
3157
3158
3164
3165
3377
3161
3164
4263
3161
3163
3390
4264
3162
4267
3163
3164
3165
3391
3165
3392
3167
3178
3181
3184
3169
3329
3489
3535
3170
3488
3535
3487
3172
3176
3173
3174
3177
3209
3213
3215
3415
3416
3417
3420
3176
3177
3176
3177
3224
3225
3228
3422
3425
3427
3180
3181
3180
3182
3183
3185
3216
3220
3221
3183
3184
3186
3183
3184
3187
3231
3232
3234
3187
3187
3190
3191
3395
3397
3399
3830
3190
3193
3192
3192
3194
3257
3401
3403
3405
3833
3193
3258
3194
3259
3260
3836
3199
3200
3201
3205
3442
3446
3447
3669
3199
3200
3206
3280
3200
3201
3281
3490
3672
3199
3201
3491
3207
3208
3283
3675
3449
3453
3455
3492
3678
3203
3206
3287
3204
3207
3205
3436
3438
3441
3839
3207
3208
3428
3432
3433
3845
3207
3208
3289
3290
3851
3210
3215
3211
3212
3214
3243
3247
3249
3293
3294
3296
3299
3214
3215
3223
3214
3215
3225
3227
3251
3252
3255
3301
3304
3306
3228
3217
3221
3218
3219
3222
3221
3222
3230
3221
3222
3232
3234
3236
3227
3228
3229
3228
3229
3227
3228
3227
3229
3268
3269
3271
3308
3311
3313
3273
3275
3278
3315
3318
3320
3234
3235
3236
3234
3235
3234
3236
3235
3236
3239
3241
3428
3848
3239
3262
3429
3681
3242
3430
3857
3242
3437
3684
3242
3438
3842
3439
3867
3244
3249
3245
3246
3393
3248
3394
3739
3248
3249
3250
3396
3248
3249
3252
3254
3398
3740
3255
3254
3255
3256
3400
3255
3256
3273
3254
3255
3254
3256
3274
3402
3743
3404
3744
3276
3406
3258
3260
3408
3410
3412
3870
3259
3260
3873
3263
3264
3442
3687
3263
3443
3690
3266
3444
3876
3266
3449
3854
3266
3450
3496
3693
3451
3886
3270
3271
3272
3270
3271
3275
3271
3277
3278
3276
3277
3278
3407
3276
3278
3276
3277
3409
3749
3277
3278
3411
3413
3750
3282
3285
3333
3512
3554
3283
3285
3289
3333
3282
3283
3513
3696
3284
3514
3555
3699
3284
3290
3702
3285
3291
3556
3705
3292
3333
3557
3287
3290
3321
3889
3288
3289
3324
3328
3292
3326
3328
3290
3292
3328
3291
3892
3292
3895
3328
3294
3299
3295
3296
3297
3437
3297
3299
3301
3298
3302
3439
3299
3303
3440
3306
3302
3305
3314
3429
3302
3306
3303
3430
3305
3306
3431
3305
3306
3318
3319
3434
3309
3312
3450
3498
3309
3313
3315
3310
3316
3451
3312
3313
3317
3452
3312
3313
3502
3454
3503
3320
3316
3319
3443
3316
3320
3317
3444
3319
3320
3445
3319
3320
3448
3322
3324
3760
3323
3325
3763
4174
3327
3766
4535
3325
3326
3334
3327
3334
4536
3327
3334
3334
4541
3331
3333
3334
3330
3457
3458
3459
3460
3548
3463
3464
3465
3466
3549
4542
3332
3335
3563
3333
3564
3550
3335
4543
3336
3565
3566
4277
4543
3338
3340
3367
3341
3342
3369
3340
3343
3978
3986
3341
4558
3343
4559
3343
3371
3963
4560
3345
3346
3347
3393
3349
3394
3769
3350
3395
3349
3350
3351
3349
3350
3352
3771
3355
3774
3356
3355
3356
3357
3355
3356
3803
3356
3357
3361
3355
3357
3362
3806
3808
3363
3359
3364
3816
4650
3360
3362
3819
4652
3363
3364
4654
3363
3364
3363
3821
4655
3367
3371
3367
3368
3414
3369
3369
3370
3415
3371
3371
3416
3373
3374
3387
3375
3377
3391
3375
3378
3382
3376
3383
3377
3378
3384
3392
3385
3381
3384
3435
3381
3382
3436
3383
3437
3383
3385
3384
3385
3388
3389
3988
3389
3391
3390
3392
4579
3390
4580
3391
4581
3392
3394
3395
3396
3398
3823
3399
3398
3399
3400
3398
3399
3401
3825
3404
3828
3405
3404
3405
3406
3404
3405
3860
3404
3406
3409
3863
3405
3406
3410
3865
3411
3411
3412
3413
3412
3413
3879
3411
3413
3882
3411
3412
3884
3415
3419
3416
3420
3417
3418
3420
3422
3419
3423
3420
3424
3427
3423
3426
3517
3423
3427
3424
3426
3427
3426
3427
3519
3521
3430
3433
3438
3430
3434
3443
3431
3439
3433
3434
3440
3433
3434
3446
3441
3448
3437
3440
3437
3438
3439
3439
3441
3440
3441
3444
3447
3449
3444
3448
3445
3451
3447
3448
3452
3447
3448
3455
3451
3455
3451
3454
3528
3452
3454
3455
3454
3455
3531
3533
3457
3462
3564
3458
3460
3459
3462
3460
3461
3463
3464
3462
3468
3464
3465
3468
3466
3466
3469
4053
3467
4712
3469
3566
4715
3469
4716
3490
3491
3511
3477
3478
3501
3502
3503
3504
3516
3479
3482
3483
3898
3481
3495
3496
3899
3475
3519
3520
3521
3515
3520
3521
3480
3525
3526
3480
3491
3517
3530
3531
3532
3533
3480
3507
3508
3509
3510
3518
3498
3499
3502
3515
3524
3525
3526
3492
3527
3528
3531
3484
3496
3498
3902
3484
3485
3499
3904
3486
3497
3500
3921
3486
3505
3905
3494
3506
3923
3488
3489
3535
3535
3492
3513
3906
3492
3527
3531
3532
3909
3494
3495
3522
3925
3497
3523
3931
3497
3527
3928
3497
3528
3912
3529
3934
3500
3503
3528
3500
3504
3505
3501
3506
3529
3503
3504
3507
3530
3503
3504
3533
3510
3506
3510
3507
3523
3509
3510
3524
3509
3510
3526
3512
3513
3514
3543
3514
3915
3544
3918
3517
3518
3517
3518
3519
3521
3520
3520
3521
3523
3525
3527
3524
3529
3525
3526
3530
3532
3529
3532
3529
3533
3530
3532
3533
3532
3533
3535
3549
3567
3568
3569
3548
3558
3560
3561
3546
3572
3573
3574
4741
4746
3540
3546
3567
3568
3570
3571
3572
3575
3576
3539
3572
3573
3576
3577
3579
3580
3581
3582
3547
3558
3559
3560
3562
3579
3582
3583
3542
3544
3552
3937
3543
3553
3544
3554
3555
3940
3550
3551
3553
3557
3572
3574
3575
3575
3579
3583
3584
3549
3558
3561
3567
3569
3553
3554
3557
3552
3556
3943
3553
3555
3946
3554
3555
3557
3556
3949
3557
3952
3559
3560
3567
3562
3570
3561
3562
3564
3565
3566
4757
3568
3570
3569
3571
4749
4542
4751
3571
4742
3573
3576
3574
3577
3578
3576
3578
3577
3579
3578
3581
3584
3581
3582
3581
3582
3585
3584
3583
3585
3585
3587
3657
3785
4897
4991
3588
3658
3786
4898
4992
3659
3787
4899
4993
3590
3623
3769
3771
3776
3591
3624
3769
3772
3777
3625
3770
3773
3778
3593
3626
3776
3779
3594
3627
3777
3780
3628
3778
3781
3596
3606
3782
3803
3806
3597
3607
3783
3804
3806
3608
3784
3805
3807
3599
3610
3791
3794
3797
3600
3611
3792
3795
3798
3612
3793
3796
3799
3614
3615
3616
3632
3613
3617
3618
3619
3604
3633
3660
3663
3788
3605
3634
3661
3664
3789
3635
3662
3665
3790
3607
3757
3816
3821
3608
3758
3817
3821
3759
3818
3822
3724
3819
3820
4984
3611
3657
3751
3813
3612
3658
3752
3814
3659
3753
3815
3620
3621
3622
3619
3714
3715
3616
3645
3660
3661
3714
3646
3662
3715
3618
3620
3718
3797
3798
3621
3719
3799
3718
3719
3621
3722
3813
3814
3723
3815
3722
3723
4779
3624
3823
3825
3830
3625
3823
3826
3831
3824
3827
3832
3627
3830
3836
3628
3831
3837
3832
3838
3630
3637
3681
3845
3848
3631
3638
3682
3846
3849
3639
3683
3847
3850
3645
3646
3647
3634
3684
3839
3842
3635
3685
3840
3843
3686
3841
3844
3644
3648
3649
3650
3638
3669
3687
3690
3639
3670
3688
3691
3671
3689
3692
3651
3652
3653
3898
3642
3678
3693
3854
3899
3643
3679
3694
3855
3900
3680
3695
3856
3901
3654
3655
3656
3646
3684
3685
3737
3686
3738
3650
3737
3738
3649
3654
3681
3682
3741
3655
3683
3742
3741
3742
3652
3693
3694
3745
3902
3695
3746
3903
3656
3745
3746
3655
3690
3691
3747
3692
3748
3747
3748
3658
3751
3791
4900
3659
3752
3792
4901
3753
3793
4902
3661
3684
3810
3662
3685
3811
3686
3812
3664
3788
3794
3810
3665
3789
3795
3811
3790
3796
3812
3667
3722
3751
3813
4912
3668
3722
3752
3814
4913
3723
3753
3815
4914
3670
3675
3678
3687
3845
3671
3676
3679
3688
3846
3677
3680
3689
3847
3673
3675
3678
3696
3906
3674
3676
3679
3697
3907
3677
3680
3698
3908
3676
3702
3851
3677
3703
3852
3704
3853
3679
3854
3909
3680
3855
3910
3856
3911
3682
3690
3857
3683
3691
3858
3692
3859
3685
3867
3686
3868
3869
3688
3854
3876
3689
3855
3877
3856
3878
3691
3876
3692
3877
3878
3694
3886
3912
3695
3887
3913
3888
3914
3697
3699
3702
3915
3698
3700
3703
3916
3701
3704
3917
3700
3705
3918
3949
3701
3706
3919
3950
3707
3920
3951
3703
3705
3892
3704
3706
3893
3707
3894
3706
3895
3952
3707
3896
3953
3897
3954
3709
3734
3760
3766
3710
3735
3761
3767
3736
3762
3768
3712
3725
3760
3785
3788
3713
3726
3761
3786
3789
3727
3762
3787
3790
3715
3718
3810
3811
3719
3812
3717
3739
3769
3770
3721
3774
3775
3719
3800
3801
3802
3721
3724
3806
3807
3808
3809
3723
4982
4983
3821
3822
3726
3839
3851
3889
3727
3840
3852
3890
3841
3853
3891
3729
3731
3833
3860
3863
3730
3732
3834
3861
3863
3733
3835
3862
3864
3732
3870
3879
3882
3733
3871
3880
3882
3872
3881
3883
3735
3889
3895
3736
3890
3896
3891
3897
3738
3741
3867
3868
3742
3869
3740
3823
3824
3744
3828
3829
3742
3857
3858
3859
3744
3749
3863
3864
3865
3866
3746
3747
3886
3887
3748
3888
3748
3876
3877
3878
3750
3882
3883
3884
3885
3752
4770
3753
4771
4772
3755
3757
3779
5084
3756
3758
3780
5085
3759
3781
5086
3758
3782
3816
5087
3759
3783
3817
5088
3784
3818
5089
3761
3763
3889
3762
3764
3890
3765
3891
3764
3766
3785
4991
3765
3767
3786
4992
3768
3787
4993
3767
5136
3768
5137
5138
3770
3774
3823
3775
3824
3772
3774
3776
3803
3773
3774
3777
3804
3775
3778
3805
3775
3808
3809
3777
3782
3830
3778
3783
3831
3784
3832
3780
3782
3781
3783
3784
3783
3803
3784
3804
3805
3786
3791
3787
3792
3793
3789
3791
3839
3790
3792
3840
3793
3841
3792
3794
3793
3795
3796
3795
3800
3796
3801
3802
3798
3800
3813
3799
3801
3814
3802
3815
3801
3810
3802
3811
3812
3804
3808
3805
3808
3809
3807
3808
3821
3809
3822
3809
3811
3812
3814
3815
3817
3819
5065
3818
3819
5066
3820
5067
3820
3821
5070
3822
5071
3822
3824
3828
3829
3826
3828
3830
3860
3827
3828
3831
3861
3829
3832
3862
3829
3865
3866
3831
3833
3832
3834
3835
3834
3836
3860
3870
3835
3837
3861
3871
3838
3862
3872
3837
3873
3838
3874
3875
3840
3842
3845
3841
3843
3846
3844
3847
3843
3848
3867
3844
3849
3868
3850
3869
3846
3848
3851
3847
3849
3852
3850
3853
3849
3857
3850
3858
3859
3852
3892
3853
3893
3894
3855
3886
3856
3887
3888
3858
3867
3859
3868
3869
3861
3865
3862
3865
3866
3864
3865
3882
3866
3883
3866
3868
3869
3871
3873
3879
3872
3874
3880
3875
3881
3874
3875
3877
3886
3878
3887
3888
3880
3884
3881
3884
3885
3883
3884
3885
3885
3887
3888
3890
3892
3891
3893
3894
3893
3895
3894
3896
3897
3896
3897
3902
3903
3904
3900
3909
3912
3928
3901
3910
3913
3929
3911
3914
3930
3903
3912
3913
3921
3914
3922
3905
3921
3922
3923
3924
3907
3909
3915
3908
3910
3916
3911
3917
3910
3928
3911
3929
3930
3913
3934
3914
3935
3936
3916
3918
3917
3919
3920
3919
3940
3920
3941
3942
3922
3923
3934
3935
3924
3936
3924
3931
3932
3933
3926
3928
3931
3927
3929
3932
3930
3933
3929
3934
3930
3935
3936
3932
3934
3933
3935
3936
3935
3936
3938
3940
3946
3939
3941
3947
3942
3948
3941
3949
3942
3950
3951
3944
3946
3952
3945
3947
3953
3948
3954
3947
3949
3948
3950
3951
3950
3952
3951
3953
3954
3953
3954
4176
4177
4180
4181
4270
4271
4273
4275
4176
4178
4182
4530
3959
4006
4180
4185
4188
4189
4192
4194
4195
4198
4270
3969
4170
4212
4544
4546
4549
3971
4185
4187
4189
3965
4179
4192
4193
4196
4031
4199
4201
4204
4206
4759
3963
3980
3981
3982
4186
4253
4254
4255
4560
3986
3987
4263
4265
4269
3965
4171
4210
4211
4213
4184
4193
4196
4197
4211
4213
4215
3970
3971
3972
4013
4189
4198
4225
4227
4229
4015
4216
4551
4553
4555
4762
3973
4217
4219
4223
4545
4765
3970
3971
4172
4193
4211
4546
4547
4549
4017
4197
4215
4551
4552
4554
4556
4173
4194
4217
4218
4220
4222
4018
4224
4225
4227
4552
4231
4232
4234
4651
4766
3976
3989
3990
4219
4249
4767
3983
3992
3993
4029
4226
4768
3995
3996
4234
4266
4769
4246
4247
4580
4770
3980
4061
4558
4560
4562
4105
4203
4238
4565
4566
4567
3984
3986
4200
4575
4576
4577
4578
3984
4107
4190
4256
4258
4261
4262
4564
4187
4249
4254
4255
4265
4109
4191
4256
4257
4259
4111
4202
4562
4567
4568
4570
4571
4201
4242
4572
4573
4576
4582
3988
4208
4579
4584
4585
4263
4264
4269
4579
4209
4579
4580
4584
3991
3993
4221
4250
4773
3991
3996
4244
4251
4774
3994
4245
4252
4975
3994
4141
4239
4257
4776
3994
4228
4259
4778
4241
4260
4978
3997
4235
4267
4779
3997
4248
4268
4780
4246
4264
4982
4044
4045
4600
4604
4605
4606
4698
4744
4063
4175
4271
4272
4274
4587
4588
4589
4003
4055
4056
4617
4618
4619
4620
4706
4061
4277
4280
4281
4341
4342
4344
4346
4543
4735
4738
4739
4062
4063
4064
4274
4629
4633
4634
4717
4006
4188
4276
4282
4283
4287
4182
4289
4291
4294
4181
4275
4282
4287
4288
4289
4290
4293
4295
4011
4057
4071
4072
4384
4385
4386
4387
4010
4059
4081
4082
4315
4418
4419
4420
4421
4032
4046
4089
4090
4446
4447
4448
4449
4049
4099
4100
4362
4486
4487
4488
4489
4107
4108
4285
4507
4508
4509
4510
4631
4111
4202
4312
4314
4316
4719
4017
4018
4019
4282
4293
4327
4329
4332
4028
4286
4320
4321
4322
4593
4595
4597
4782
4017
4019
4294
4586
4589
4591
4592
4292
4593
4594
4596
4599
4326
4327
4329
4594
4288
4295
4319
4322
4324
4325
4035
4069
4076
4114
4115
4028
4070
4117
4118
4785
4030
4038
4074
4120
4121
4786
4075
4077
4123
4124
4039
4087
4094
4126
4127
4067
4088
4129
4130
4789
4092
4095
4132
4133
4042
4068
4093
4135
4136
4792
4106
4138
4139
4795
4109
4141
4142
4328
4796
4110
4113
4337
4338
4797
4340
4341
4343
4537
4800
4279
4348
4351
4671
4674
4675
4676
4340
4354
4356
4358
4988
4313
4343
4361
4366
4686
4688
4689
4690
4803
4078
4080
4146
4147
4040
4083
4112
4149
4150
4806
4041
4079
4085
4152
4153
4086
4113
4155
4156
4809
4096
4098
4158
4159
4101
4144
4161
4162
4812
4097
4103
4164
4165
4104
4145
4167
4168
4815
4047
4048
4054
4305
4306
4607
4609
4610
4612
4047
4048
4699
4047
4055
4278
4610
4611
4612
4613
4700
4279
4600
4601
4602
4058
4701
4309
4310
4601
4603
4604
4605
4059
4607
4608
4611
4733
4052
4542
4705
4710
4711
4740
4751
4700
4702
4703
4705
4740
4752
4705
4706
4711
4713
4175
4542
4712
4713
4716
4058
4060
4297
4298
4621
4623
4624
4626
4058
4062
4624
4625
4626
4627
4707
4058
4060
4708
4614
4615
4618
4631
4709
4621
4622
4625
4721
4301
4302
4615
4616
4617
4620
4065
4066
4199
4200
4202
4205
4558
4561
4562
4719
4720
4725
4065
4066
4278
4718
4723
4724
4725
4065
4558
4559
4561
4563
4716
4066
4561
4628
4629
4634
4277
4715
4719
4724
4725
4347
4368
4369
4818
4145
4349
4371
4372
4821
4080
4300
4374
4375
4378
4106
4381
4382
4385
4073
4082
4108
4391
4392
4393
4394
4614
4073
4301
4398
4399
4400
4401
4615
4084
4302
4377
4378
4379
4380
4616
4086
4110
4388
4389
4392
4303
4395
4396
4399
4078
4300
4402
4303
4403
4296
4404
4097
4299
4405
4406
4296
4408
4409
4412
4084
4099
4297
4425
4426
4427
4428
4621
4084
4316
4432
4433
4434
4435
4622
4101
4317
4415
4416
4419
4298
4411
4412
4413
4414
4623
4103
4299
4422
4423
4426
4318
4429
4430
4433
4098
4308
4436
4437
4440
4347
4443
4444
4447
4091
4309
4453
4454
4455
4456
4601
4091
4100
4348
4460
4461
4462
4463
4602
4102
4310
4439
4440
4441
4442
4603
4311
4450
4451
4454
4104
4349
4457
4458
4461
4096
4308
4464
4465
4311
4467
4468
4304
4470
4471
4307
4473
4474
4304
4476
4477
4480
4102
4305
4493
4494
4495
4496
4607
4102
4363
4500
4501
4502
4503
4608
4364
4483
4484
4487
4306
4479
4480
4481
4482
4609
4307
4490
4491
4494
4365
4497
4498
4501
4312
4333
4635
4636
4638
4286
4504
4505
4508
4111
4283
4511
4513
4516
4517
4630
4111
4316
4632
4645
4646
4647
4648
4284
4511
4512
4514
4318
4642
4643
4646
4628
4636
4637
4640
4641
4144
4317
4518
4519
4824
4318
4521
4522
4827
4116
4120
4147
4374
4830
4116
4123
4375
4402
4122
4125
4376
5018
4119
4121
4139
4381
4831
4119
4124
4382
4833
4122
4125
4383
5019
4122
4155
4388
4834
4122
4338
4389
4836
4390
5021
4125
4395
4403
4125
4396
4839
4397
5023
4128
4132
4436
4464
4128
4135
4159
4437
4840
4134
4137
4438
5024
4131
4133
4443
4841
4131
4136
4368
4444
4843
4134
4137
4445
5025
4134
4450
4467
4134
4451
4846
4452
5027
4137
4167
4457
4847
4137
4371
4458
4849
4459
5028
4140
4142
4321
4504
4852
4140
4338
4505
4853
4143
4339
4506
5030
4143
4334
4512
4855
4143
4330
4514
4857
4336
4515
5033
4364
4524
4525
4858
4365
4527
4528
4861
4148
4152
4404
4408
4148
4155
4409
4864
4154
4157
4410
5046
4151
4153
4161
4415
4865
4151
4156
4416
4518
4867
4154
4157
4417
5047
4154
4405
4422
4154
4165
4423
4870
4424
5049
4157
4429
4871
4157
4430
4522
4873
4431
5050
4160
4164
4470
4476
4160
4167
4477
4876
4166
4169
4478
5052
4163
4165
4483
4877
4163
4168
4484
4524
4879
4166
4169
4485
5053
4166
4473
4490
4166
4491
4882
4492
5055
4169
4497
4883
4169
4498
4527
4885
4499
5056
4172
4534
4649
4653
4655
4532
4533
4173
4533
4653
4654
4655
4232
4233
4236
4237
4535
4536
4537
4991
4271
4273
4274
4713
4716
4717
4177
4181
4530
4178
4180
4530
4179
4183
4530
4180
4182
4184
4192
4195
4196
4181
4182
4289
4290
4291
4184
4186
4188
4272
4187
4190
4272
4191
4218
4219
4221
4222
4249
4250
4254
4531
4189
4190
4272
4191
4282
4191
4272
4283
4225
4226
4228
4229
4256
4259
4262
4284
4194
4195
4194
4197
4198
4196
4198
4290
4197
4291
4198
4292
4293
4200
4205
4207
4341
4201
4202
4208
4203
4209
4572
4576
4577
4888
4203
4205
4204
4312
4566
4567
4571
4891
4205
4313
4343
4894
4314
4344
4207
4209
4537
4897
4208
4539
4209
4580
4582
4584
4900
4212
4214
4532
4966
4212
4215
4533
4216
4534
4544
4548
4549
5075
4214
4215
4216
5078
4216
4551
4555
4556
5081
4218
4220
4232
4546
4219
4222
4233
4221
4234
4222
4223
4227
4547
4222
4223
4228
4229
4230
4550
4977
4226
4230
4326
4553
4980
4226
4229
4327
4228
4328
4229
4230
4554
4229
4230
4557
4981
4235
4236
4652
4984
4233
4236
4653
4234
4237
4531
4235
4531
4237
4531
4237
4654
4531
4239
4240
4333
5090
4241
4334
4565
4969
4241
4243
4566
4903
4245
4569
5093
4243
4244
4247
4906
4245
4572
4972
4245
4248
4573
4909
4574
5103
4248
4581
4912
4248
4582
5072
4583
4915
4250
4251
4266
4252
4254
4259
4252
4255
4268
4573
4253
4260
4574
4254
4255
4261
4575
4262
4269
4578
4258
4262
4511
4258
4260
4512
4565
4261
4513
4568
4260
4262
4261
4569
4262
4570
4265
4267
4531
4267
4268
4581
4266
4269
4531
4267
4268
4531
4531
4269
4583
4585
4271
4272
4275
4273
4276
4559
4560
4563
4564
4274
4275
4276
4276
4283
4285
4287
4629
4630
4631
4633
4278
4743
4757
4736
4737
4738
4739
4744
4758
4726
4728
4729
4354
4355
4357
4360
4727
4728
4730
4732
4743
4361
4720
4733
4735
4738
4284
4288
4284
4285
4286
4327
4328
4330
4332
4511
4514
4517
4286
4287
4288
4321
4322
4325
4504
4508
4509
4288
4290
4295
4291
4293
4292
4293
4294
4295
4295
4298
4299
4300
4404
4408
4412
4413
4298
4299
4305
4302
4307
4405
4406
4407
4422
4426
4427
4302
4303
4375
4378
4380
4402
4302
4303
4395
4399
4400
4403
4306
4307
4308
4470
4471
4472
4476
4480
4481
4306
4307
4310
4473
4474
4475
4490
4494
4496
4310
4311
4436
4440
4441
4464
4465
4466
4310
4311
4450
4454
4456
4467
4468
4469
4313
4636
4638
4641
4663
4667
4668
4669
5009
4314
4658
4660
4661
4662
5012
4315
4361
4720
4316
4362
4657
4659
4661
4662
4721
4665
4666
4667
4669
4722
4364
4656
4657
4658
4663
4664
4665
4323
4324
4325
4329
4586
4323
4324
4587
4323
4325
4330
4324
4325
4331
4590
5032
4591
4332
4328
4331
4595
5035
4328
4332
4330
4331
4332
4596
4331
4332
4598
5036
4334
4335
5111
4336
4635
4985
4336
4337
4638
4918
4339
4639
5114
4339
4521
4642
4921
4339
4643
4924
4644
5124
4342
4345
4538
4927
4342
4344
4539
4346
4354
4540
4344
4345
4930
4346
4361
4346
4356
4366
4933
4360
4367
4670
4671
4672
4353
4363
4678
4681
4682
4683
4729
4365
4677
4678
4679
4352
4353
4356
4366
4679
4680
4682
4683
4994
4352
4353
4357
4728
4359
4672
4673
4675
4676
5003
4360
4367
4730
4355
4360
4357
4358
4359
4360
5127
4359
4360
4359
5130
5133
4362
4367
4363
4685
4687
4689
4690
4733
4367
4692
4694
4696
4697
4734
4684
4685
4686
4691
4692
4693
4367
4693
4695
4696
4697
5040
4735
4370
4371
4670
4936
4370
4672
5006
4373
4673
5145
4373
4677
4939
4373
4528
4679
4997
4680
5000
4376
4379
4388
4409
4376
4380
4395
4377
4390
4397
4379
4380
4391
4398
4379
4380
4412
4393
4414
4400
4383
4386
4389
4505
4383
4387
4396
4384
4390
4397
4386
4387
4391
4398
4386
4387
4508
4394
4510
4401
4390
4393
4429
4390
4394
4643
4391
4393
4394
4393
4394
4433
4646
4434
4647
4397
4400
4397
4401
4398
4400
4401
4400
4401
4403
4405
4407
4407
4474
4410
4413
4422
4410
4414
4429
4411
4424
4431
4413
4414
4425
4432
4413
4414
4427
4434
4417
4420
4423
4483
4417
4421
4430
4656
4418
4424
4431
4420
4421
4425
4432
4420
4421
4487
4657
4428
4488
4435
4659
4424
4427
4424
4428
4491
4425
4427
4428
4427
4428
4494
4495
4431
4434
4431
4435
4664
4432
4434
4435
4434
4435
4665
4666
4438
4441
4450
4438
4442
4457
4477
4439
4452
4459
4441
4442
4453
4460
4441
4442
4480
4456
4462
4482
4445
4448
4451
4445
4449
4458
4670
4446
4452
4459
4448
4449
4453
4460
4448
4449
4671
4455
4463
4674
4452
4456
4452
4455
4453
4455
4456
4455
4456
4459
4462
4497
4459
4463
4677
4460
4462
4463
4462
4463
4501
4678
4502
4681
4466
4467
4466
4471
4469
4469
4469
4472
4473
4472
4475
4475
4475
4478
4481
4490
4478
4482
4497
4479
4492
4499
4481
4482
4493
4500
4481
4482
4496
4502
4485
4488
4491
4485
4489
4498
4684
4486
4492
4499
4488
4489
4493
4500
4488
4489
4685
4495
4503
4687
4492
4496
4492
4495
4493
4495
4496
4495
4496
4499
4502
4499
4503
4691
4500
4502
4503
4502
4503
4692
4694
4506
4509
4514
4506
4510
4643
4507
4515
4644
4509
4510
4516
4645
4509
4510
4517
4647
4513
4517
4513
4515
4635
4516
4637
4515
4517
4516
4639
4517
4640
4520
4522
4656
4942
4520
4525
4658
4945
4523
4660
5015
4523
4663
4948
4523
4664
4951
4668
5148
4526
4527
4684
4954
4526
4686
5037
4529
4688
5151
4529
4691
4957
4529
4693
5043
4695
5154
4534
5084
4534
4649
4650
4655
5087
4538
4541
5136
4539
4541
4543
4538
4539
5139
4540
5142
4540
4543
4541
4543
4543
4712
4713
4714
4545
4548
4649
4960
4546
4550
4651
5058
4547
4653
4549
4550
4554
4549
4550
4555
5060
4556
4557
5063
4552
4556
4593
4553
4554
4594
4557
4595
5096
4556
4557
4556
4557
5098
5101
4559
4561
4560
4563
4564
4562
4563
4564
4628
4564
4629
4630
4568
4569
4635
4569
4571
4572
4568
4571
4636
4570
4637
4570
4574
4571
4575
4577
4574
4577
4574
4578
4583
4575
4577
4578
4577
4578
4584
4585
4581
4585
4581
4582
4583
4583
4584
4585
4585
4590
4591
4592
4596
4590
4591
4590
4592
4597
5106
4591
4592
4598
5109
4599
4594
4599
4595
4596
4598
5117
4598
4599
4598
4599
5119
5122
4605
4606
4726
4603
4605
4603
4606
4608
4729
4604
4609
4605
4606
4610
4613
4731
4609
4612
4621
4609
4613
4734
4610
4612
4613
4612
4613
4625
4736
4626
4737
4616
4619
4622
4632
4616
4620
4617
4623
4619
4620
4624
4619
4620
4633
4627
4634
4623
4626
4623
4627
4722
4624
4626
4627
4626
4627
4723
4724
4630
4632
4719
4630
4633
4631
4632
4633
4634
4722
4634
4724
4637
4639
4637
4641
4640
4639
4641
4642
4640
4644
4641
4645
4648
4644
4648
4663
4644
4647
4645
4647
4648
4647
4648
4665
4667
4650
4651
4963
4652
4655
5065
4652
4653
5068
4654
5070
4654
4655
4659
4660
4664
4659
4662
4685
4660
4662
4686
4661
4666
4661
4668
4662
4669
4690
4667
4668
4666
4668
4666
4667
4669
4669
4669
4673
4674
4677
4674
4676
4673
4676
4675
4680
4675
4681
4676
4682
4680
4681
4681
4683
4692
4680
4683
4693
4682
4682
4683
4697
4687
4688
4691
4687
4690
4688
4690
4689
4694
4689
4695
4690
4696
4694
4695
4694
4697
4695
4697
4696
4696
4697
4699
4700
4703
4753
4701
4704
4701
4707
4758
4702
4709
4704
4710
4740
4704
4740
4745
4740
4707
4710
4714
4707
4708
4717
4709
4718
4709
4711
4710
4711
4714
4715
4756
4714
4717
4718
4752
4716
4718
4757
4717
4718
4758
4720
4722
4721
4725
4722
4723
4733
4724
4724
4725
4736
4738
4727
4731
4744
4728
4732
4744
4730
4730
4731
4734
4732
4735
4732
4737
4744
4739
4744
4734
4736
4735
4737
4739
4737
4738
4739
4739
4750
4742
4746
4748
4749
4750
4744
4754
4753
4752
4753
4755
4747
4748
4750
4751
4751
4756
4758
4754
4758
4755
4757
4756
4757
4758
4760
4800
4888
4894
4897
4761
4801
4889
4895
4898
4802
4890
4896
4899
4763
4782
5081
5096
5098
4764
4783
5082
5096
5099
4784
5083
5097
5100
4766
4977
5058
5059
4984
5068
5069
4769
4773
4774
4775
4776
4777
4778
4796
4779
4780
4781
4771
4900
4912
5072
4772
4901
4913
5073
4902
4914
5074
4778
4975
4976
4775
4780
4909
4910
4975
4781
4911
4976
4777
4855
4969
4970
4978
4856
4971
4979
4978
4979
4982
4983
4781
4915
4916
4982
4917
4983
4783
5117
5119
4784
5117
5120
5118
5121
4795
4831
4832
4833
4787
4797
4809
4834
4836
4788
4798
4810
4834
4837
4799
4811
4835
4838
4790
4818
4841
4843
4791
4819
4841
4844
4820
4842
4845
4793
4815
4821
4847
4849
4794
4816
4822
4847
4850
4817
4823
4848
4851
4852
4853
4854
4855
4856
4857
4798
4827
4921
4924
4799
4828
4922
4925
4829
4923
4926
4801
4927
4930
5139
4802
4928
4931
5140
4929
4932
5141
4804
4930
5012
5037
5040
5151
4805
4931
5013
5038
5041
5152
4932
5014
5039
5042
5153
4807
4812
4824
4865
4867
4808
4813
4825
4865
4868
4814
4826
4866
4869
4810
4827
4871
4873
4811
4828
4871
4874
4829
4872
4875
4813
4858
4877
4879
4814
4859
4877
4880
4860
4878
4881
4816
4861
4883
4885
4817
4862
4883
4886
4863
4884
4887
4819
4936
5006
4820
4937
5007
4938
5008
4822
4861
4939
4997
4823
4862
4940
4998
4863
4941
4999
4825
4858
4942
4945
4826
4859
4943
4946
4860
4944
4947
4828
4948
4951
4829
4949
4952
4950
4953
4834
4835
4864
5018
4832
4836
4837
4853
5019
4838
4854
5020
4839
5019
5020
4835
4871
5021
4872
5022
4837
4924
5021
4838
4925
5021
4926
5022
5023
4847
4848
4876
5024
4842
4846
5025
4846
5026
4844
4849
4936
5025
4845
4850
4937
5025
4851
4938
5026
5027
4848
4883
5028
4884
5029
4850
4939
5028
4851
4940
5028
4941
5029
4857
5030
5031
4854
4924
4925
5030
4926
5031
4856
4985
4986
5033
4987
5034
5033
5034
4859
4954
5037
4860
4955
5038
4956
5039
4862
4957
5043
4863
4958
5044
4959
5045
4871
4872
5046
4866
4870
4877
5047
4870
4878
5048
4868
4873
4942
5047
4869
4874
4943
5047
4875
4944
5048
4882
5049
4872
5050
5051
4874
4951
5050
4875
4952
5050
4953
5051
4883
4884
5052
4878
4882
5053
4882
5054
4880
4885
4954
5053
4881
4886
4955
5053
4887
4956
5054
5055
4884
5056
5057
4886
4957
5056
4887
4958
5056
4959
5057
4889
4891
4900
4906
4972
4890
4892
4901
4907
4973
4893
4902
4908
4974
4892
4894
4903
5009
5090
4893
4895
4904
5010
5091
4896
4905
5011
5092
4895
4930
5012
4896
4931
5013
4932
5014
4898
4900
5139
4899
4901
5140
4902
5141
4901
5072
4902
5073
5074
4904
4972
5090
5093
4905
4973
5091
5094
4974
5092
5095
4907
4909
4972
5072
4908
4910
4973
5073
4911
4974
5074
4910
4915
5103
4911
4916
5104
4917
5105
4913
4915
4982
4914
4916
4982
4917
4983
4916
5072
4917
5073
5074
4919
4921
4948
5009
5111
5114
4920
4922
4949
5010
5112
5115
4923
4950
5011
5113
5116
4922
4948
5124
4923
4949
5125
4950
5126
4925
5124
4926
5125
5126
4928
4933
4988
5142
4929
4934
4989
5143
4935
4990
5144
4931
4933
4932
4934
4935
4934
5040
5127
4935
5041
5128
5042
5129
4937
4939
5145
4938
4940
5146
4941
5147
4940
5000
4941
5001
5002
4943
4951
5015
4944
4952
5016
4953
5017
4946
5012
5015
5037
4947
5013
5016
5038
5014
5017
5039
4949
5009
5148
4950
5010
5149
5011
5150
4952
5148
4953
5149
5150
4955
4957
5151
4956
4958
5152
4959
5153
4958
5154
4959
5155
5156
4961
4963
5058
5060
5075
4962
4964
5058
5061
5076
4965
5059
5062
5077
4964
5065
5068
5087
4965
5066
5068
5088
5067
5069
5089
4967
5075
5078
5084
4968
5076
5079
5085
5077
5080
5086
4970
4985
5090
5093
4971
4986
5091
5094
4987
5092
5095
4973
5103
4974
5104
5105
4976
4978
5103
5104
4979
5105
4981
5063
5064
4979
5093
5094
5095
4981
5035
5096
5097
5101
5102
4983
5070
5071
4986
5111
5114
4987
5112
5115
5113
5116
4989
5127
5130
4990
5128
5131
5129
5132
4992
5136
5139
4993
5137
5140
5138
5141
4995
4997
5000
5003
5040
5127
4996
4998
5001
5004
5041
5128
4999
5002
5005
5042
5129
4998
5000
5043
4999
5001
5044
5002
5045
5001
5145
5002
5146
5147
5004
5006
5133
5145
5005
5007
5134
5146
5008
5135
5147
5007
5145
5008
5146
5147
5010
5012
5111
5148
5011
5013
5112
5149
5014
5113
5150
5013
5015
5014
5016
5017
5016
5148
5017
5149
5150
5021
5022
5023
5020
5021
5023
5022
5023
5022
5027
5028
5029
5026
5027
5028
5027
5029
5029
5031
5033
5124
5125
5034
5126
5036
5109
5110
5034
5114
5115
5116
5036
5117
5118
5122
5123
5038
5151
5039
5152
5153
5041
5043
5154
5042
5044
5155
5045
5156
5044
5154
5045
5155
5156
5049
5050
5051
5048
5049
5050
5049
5051
5051
5055
5056
5057
5054
5055
5056
5055
5057
5057
5059
5063
5068
5064
5069
5061
5063
5075
5098
5062
5063
5076
5099
5064
5077
5100
5064
5101
5102
5066
5070
5087
5067
5070
5088
5071
5089
5069
5070
5071
5071
5073
5074
5076
5081
5087
5077
5082
5088
5083
5089
5079
5081
5080
5082
5083
5082
5098
5083
5099
5100
5085
5087
5086
5088
5089
5088
5089
5091
5111
5092
5112
5113
5094
5103
5095
5104
5105
5097
5101
5117
5102
5118
5099
5101
5100
5101
5102
5102
5104
5105
5107
5109
5119
5108
5109
5120
5110
5121
5110
5122
5123
5112
5113
5115
5124
5116
5125
5126
5118
5122
5123
5120
5122
5121
5122
5123
5123
5125
5126
5128
5133
5129
5134
5135
5131
5133
5132
5134
5135
5134
5135
5137
5142
5138
5143
5144
5140
5142
5141
5143
5144
5143
5144
5146
5147
5149
5150
5152
5154
5153
5155
5156
5155
5156
)


// ************************************************************************* //
