/*--------------------------------*- C++ -*----------------------------------*\
  =========                 |
  \\      /  F ield         | OpenFOAM: The Open Source CFD Toolbox
   \\    /   O peration     | Website:  https://openfoam.org
    \\  /    A nd           | Version:  8
     \\/     M anipulation  |
\*---------------------------------------------------------------------------*/
/*   Windows 32 and 64 bit porting by blueCAPE: http://www.bluecape.com.pt   *\
|  Based on Windows porting (2.0.x v4) by Symscape: http://www.symscape.com   |
\*---------------------------------------------------------------------------*/
FoamFile
{
    version     2.0;
    format      ascii;
    class       faceSet;
    location    "constant/vegetation/polyMesh/sets";
    object      layerFaces;
}
// * * * * * * * * * * * * * * * * * * * * * * * * * * * * * * * * * * * * * //


503
(
5121 
5122 
6146 
5123 
5126 
6150 
5131 
6157 
5134 
6158 
6159 
6162 
5139 
5142 
6167 
6170 
5147 
5149 
6175 
5152 
5155 
6179 
5160 
5161 
5162 
6186 
6187 
6188 
5165 
6190 
6193 
5170 
5172 
6196 
5175 
5177 
5180 
6205 
5183 
6209 
6210 
6211 
5188 
6213 
5191 
6216 
6219 
5196 
5198 
6224 
5201 
6226 
5203 
6229 
5206 
6231 
5208 
6234 
5211 
5212 
6236 
5213 
6239 
5216 
6240 
6241 
5219 
6244 
5224 
6249 
5226 
6252 
5229 
5231 
6257 
5234 
5236 
6261 
5239 
5241 
5244 
6268 
5245 
5246 
6270 
5249 
6273 
6276 
5254 
5255 
5256 
6281 
5261 
6285 
5266 
6292 
6293 
6294 
5271 
6296 
6299 
6303 
5280 
5285 
6310 
6312 
6315 
6317 
5294 
6320 
5297 
6322 
6325 
5302 
6328 
5305 
6333 
5310 
6336 
5315 
6341 
6344 
5324 
6349 
6350 
6351 
5328 
6354 
6359 
5335 
6361 
5338 
6364 
6366 
5343 
6369 
5345 
6370 
6371 
5348 
6374 
5351 
6379 
5356 
6381 
6384 
5361 
6386 
6389 
6392 
5370 
5372 
6397 
5375 
6400 
5377 
5380 
6405 
5383 
6409 
5388 
6416 
5392 
6418 
6421 
5399 
6424 
5401 
5404 
6429 
5405 
5406 
6433 
4385 
5411 
4391 
6440 
6441 
6442 
6444 
5420 
6447 
5424 
6450 
4402 
6455 
4407 
5431 
6457 
5434 
6460 
6462 
5439 
4416 
6465 
5441 
6466 
6467 
5444 
6471 
4423 
6472 
6473 
6476 
6481 
5458 
6483 
4436 
6486 
6489 
4441 
5468 
6494 
6496 
5472 
4450 
6499 
6503 
4455 
5482 
6510 
6512 
4464 
5488 
6515 
5491 
6517 
4470 
5494 
6520 
6522 
5499 
6525 
5502 
6528 
4481 
5507 
5508 
6533 
5509 
5510 
6535 
4487 
5511 
6538 
5516 
6541 
6546 
4498 
6548 
5525 
4502 
6551 
6554 
5530 
4509 
6559 
6561 
4514 
5539 
6564 
6566 
5542 
6569 
6570 
4523 
5547 
5550 
4528 
5555 
5560 
4537 
4538 
4539 
5569 
5572 
4549 
5577 
5579 
5582 
4559 
5584 
5587 
5590 
4569 
5595 
5599 
4577 
5606 
5607 
5608 
4585 
5610 
5613 
5616 
4595 
5621 
4599 
5625 
4606 
5632 
4610 
5634 
5637 
5638 
5639 
4617 
5643 
4622 
5650 
5653 
4631 
5658 
5659 
5660 
5662 
4640 
5665 
5668 
4648 
5673 
5676 
4656 
5681 
5682 
5683 
5684 
5685 
4666 
4674 
5698 
4684 
5708 
4688 
4695 
5724 
4703 
4705 
5731 
4708 
4711 
5739 
4716 
4720 
5748 
4727 
4731 
5756 
5760 
4738 
5763 
4742 
5768 
5771 
4749 
5776 
4753 
5779 
4760 
5784 
4763 
5788 
4768 
4771 
5795 
5798 
4776 
4779 
5803 
5807 
4784 
4789 
5814 
5817 
4798 
4801 
5829 
4806 
4810 
5837 
4817 
5843 
4820 
5846 
4825 
5851 
4829 
5856 
4836 
4839 
5865 
5867 
4846 
5870 
5872 
4854 
5878 
4857 
5883 
5884 
4862 
5886 
4865 
5889 
5892 
4872 
5897 
5899 
5902 
4881 
5906 
5913 
4891 
5916 
5921 
4901 
5925 
4908 
5932 
5935 
4917 
5947 
4926 
5955 
4937 
5961 
5964 
5969 
4949 
5974 
5983 
4960 
5985 
5988 
5990 
4967 
5998 
4976 
6001 
4979 
4984 
6008 
6016 
4993 
4997 
6026 
5008 
6032 
6038 
5015 
6042 
5019 
6049 
5026 
6053 
5031 
5034 
6060 
6061 
6062 
5039 
5041 
6065 
5044 
5046 
6070 
5049 
6073 
5051 
5054 
6078 
5057 
6083 
5062 
5065 
6092 
5070 
6094 
5072 
6097 
5075 
6099 
5077 
5080 
5083 
6108 
5088 
5089 
5090 
6116 
5093 
5098 
5101 
6125 
5106 
6131 
5108 
5111 
6135 
5113 
6139 
5116 
5118 
)

// ************************************************************************* //
