/*--------------------------------*- C++ -*----------------------------------*\
  =========                 |
  \\      /  F ield         | OpenFOAM: The Open Source CFD Toolbox
   \\    /   O peration     | Website:  https://openfoam.org
    \\  /    A nd           | Version:  8
     \\/     M anipulation  |
\*---------------------------------------------------------------------------*/
/*   Windows 32 and 64 bit porting by blueCAPE: http://www.bluecape.com.pt   *\
|  Based on Windows porting (2.0.x v4) by Symscape: http://www.symscape.com   |
\*---------------------------------------------------------------------------*/
FoamFile
{
    version     2.0;
    format      ascii;
    class       scalarListList;
    location    "constant/air";
    object      divqrsw;
}
// * * * * * * * * * * * * * * * * * * * * * * * * * * * * * * * * * * * * * //


5
(

2246
(
0
0
0
0
0
0
0
0
0
0
0
0
0
0
0
0
0
0
0
0
0
0
0
0
0
0
0
0
0
0
0
0
0
0
0
0
0
0
0
0
0
0
0
0
0
0
0
0
0
0
0
0
0
0
0
0
0
0
0
0
0
0
0
0
0
0
0
0
0
-102.76675
0
-37.200426
-136.73732
-101.80956
-28.041859
-136.60758
0
0
0
0
0
0
0
0
0
0
0
0
0
0
0
0
0
0
0
0
-150.1592
0
-138.85101
0
0
0
0
0
0
0
0
0
0
-137.53344
0
-139.75473
0
0
0
0
0
0
0
0
0
-123.41993
0
-33.269919
0
-119.51525
-29.241037
-148.99959
0
0
0
0
0
0
0
0
0
0
0
0
0
0
0
0
0
0
0
0
0
0
0
0
0
0
0
0
0
0
0
0
0
0
0
0
0
0
0
0
0
0
0
0
0
0
0
0
0
0
0
0
0
0
0
0
0
0
0
0
0
0
0
0
0
0
-205.08104
0
-129.62783
0
0
-146.46591
-183.2938
0
0
0
0
-131.69942
0
-124.825
0
-134.92521
0
-119.53235
0
0
0
0
0
0
0
0
0
0
0
0
0
0
-118.55656
0
0
-161.06947
0
0
-23.600329
0
0
0
0
0
-27.773665
0
0
0
0
0
0
0
0
-117.76436
0
0
0
0
0
0
0
0
0
0
0
0
-146.36047
0
0
0
0
0
0
0
0
0
0
0
0
0
0
0
0
0
0
0
0
0
0
0
0
0
0
0
0
0
0
0
0
0
0
0
0
0
0
0
0
0
0
0
0
0
0
-102.94405
0
-142.56976
-72.647787
0
0
0
-176.88678
0
0
-133.58877
-116.11952
-167.6842
-70.221339
-106.62116
-75.125449
-148.42474
-134.741
-173.98265
0
-95.923695
0
-163.97007
0
0
-161.94575
0
-103.49832
-49.707565
-116.95349
-54.76128
-132.20804
0
-114.36691
0
-146.80192
-136.60527
-99.223557
-197.33603
-97.428377
0
-36.038229
-62.312793
-39.750371
-74.530286
-67.668752
-101.31519
-67.359216
-78.707037
-35.395331
0
0
0
0
0
0
0
-29.134776
-45.050646
-16.46666
-45.719983
-27.847385
0
-109.2728
0
-50.684124
-125.89567
-87.233446
-91.582649
0
0
0
0
0
-143.06822
0
-200.96814
0
0
0
0
-114.35059
0
-131.385
0
-180.29443
-182.3705
-152.12418
-227.12111
-187.3238
-228.55689
-171.21812
0
0
0
0
0
0
0
0
0
0
-164.91595
-149.81701
-196.4545
-220.65846
0
0
0
0
0
0
0
-170.58169
0
-205.64789
0
-205.53372
0
-148.79415
0
0
0
0
0
0
0
0
0
0
0
0
0
0
0
0
0
0
0
-205.57293
0
-85.039784
-83.208288
-152.23994
-214.79449
-84.024659
-233.51293
0
0
0
0
0
0
0
0
0
0
0
0
0
0
0
0
0
0
-151.46834
-93.288947
-234.48477
0
0
-210.84832
0
-213.19066
0
0
0
0
0
0
0
0
0
0
0
0
0
0
0
0
0
-182.89639
-69.804339
0
-137.76438
0
0
0
0
-93.162844
0
-152.98267
0
0
0
-58.191549
-130.42112
0
-138.47327
0
0
0
0
0
0
0
0
0
0
0
-86.839826
-65.301562
0
-39.623003
0
0
0
0
0
0
0
-53.921403
0
0
-29.798799
0
0
0
0
0
0
0
0
0
0
0
-196.13489
-214.54872
0
-145.97356
0
0
0
-192.4521
0
0
0
0
0
0
0
0
0
0
0
0
0
0
0
0
0
0
0
0
0
0
0
0
0
0
0
0
0
0
0
0
0
0
0
0
0
0
0
0
0
0
0
0
0
0
0
0
0
0
0
0
0
0
0
0
0
0
0
0
0
0
0
0
0
0
0
0
0
0
0
0
0
0
0
0
0
0
0
-139.43403
-133.82581
-137.31814
-144.27295
-152.13997
-136.02892
-161.26119
-33.723799
-27.732539
-34.661192
-27.076454
-34.23678
-27.239902
-33.592563
-135.2898
-131.10668
-128.72958
-132.58806
-149.35019
-132.1712
-147.69319
-126.90538
-134.79318
-124.27605
-176.69746
-170.66257
-173.7107
-174.60146
-112.94874
0
-107.76314
0
-116.60142
0
-104.56197
-166.09554
-136.6355
-137.66251
-166.57845
-166.42138
-136.60928
-165.45783
0
0
0
-171.01544
-170.0062
-161.76155
-179.50258
-101.22684
0
-99.673908
0
0
-111.83553
0
0
0
0
0
0
0
0
0
0
0
0
0
0
0
-122.5437
-135.27452
-103.19487
-129.35189
-111.23086
-111.28185
-143.36296
-57.640811
-39.300748
-42.522417
-38.439306
-48.071943
-49.991049
-45.934183
0
0
0
0
0
0
0
0
0
-104.52743
-120.74605
-98.962194
-125.25738
-126.12343
-99.024841
-104.78719
-33.201142
-36.468558
-26.683746
-31.890993
-26.086477
-33.496942
-40.0215
-182.14828
-161.56863
-175.32614
-151.74488
-173.27176
-184.97768
-165.83556
0
0
0
0
0
0
0
0
0
0
0
0
0
0
0
0
0
0
0
-155.29136
-141.57623
-185.10175
-218.46373
-128.91777
-206.68408
-168.72824
-122.40171
0
-148.52424
-142.86934
-92.372686
0
-166.19208
0
0
0
0
0
0
0
-135.90523
-159.91816
0
-157.96231
-104.32208
-112.41956
-176.12569
-145.26836
-209.7792
-173.32764
-114.54736
-110.38482
-200.33484
-157.5013
0
0
0
-14.961957
-18.414825
0
0
0
0
0
0
0
0
0
0
0
0
0
0
0
0
0
0
0
0
0
0
0
0
-139.23746
0
-143.39133
0
-141.75492
0
0
0
-132.41017
-128.77129
0
0
-133.36307
0
-138.97773
0
-136.98241
-52.703839
0
-134.03203
0
-136.28934
-132.3766
0
0
-140.17742
0
0
0
0
0
0
0
0
0
0
0
0
0
0
0
0
0
0
0
0
0
0
0
0
-126.26088
0
0
0
0
0
0
-149.85889
0
0
0
0
0
0
0
0
0
0
0
0
-104.08704
0
0
0
0
0
0
-116.7249
0
0
0
0
0
0
0
0
0
0
0
-93.283796
-202.10952
0
0
0
0
0
-194.63312
0
0
0
0
0
0
0
0
0
0
0
0
0
0
0
0
0
0
0
0
0
0
-90.149834
-109.18369
-97.255265
-106.91748
-105.75908
-113.70365
-98.643887
0
-117.72694
-106.72984
-118.33719
-139.57785
-149.36531
-126.7759
-99.936433
-145.25397
-97.553571
-143.2769
-152.13682
-87.760077
-111.86809
0
0
0
0
0
0
0
0
0
0
0
0
0
0
0
-141.86813
0
-154.39912
0
0
-121.92649
0
-119.12876
-139.31064
0
0
-116.54677
0
-117.33677
-138.89137
-164.56642
-146.04894
-147.86952
-134.82007
-120.15372
-102.14002
-140.25848
-139.45996
-90.604271
-146.44963
-88.738814
-104.9887
-123.8606
-111.38102
-140.74038
-182.16852
-143.18266
0
-150.03986
0
0
-97.757299
-119.28389
-125.96861
0
0
-139.32035
-178.86697
0
-142.99234
-144.33741
-152.61297
0
0
0
0
0
0
0
0
0
-144.87413
0
-141.5459
-138.31242
0
0
-65.481543
-67.8957
-101.71249
-125.50178
-113.2957
-62.228136
-70.127426
-69.339284
-131.43238
-77.228741
-129.70335
-75.234564
-123.40202
-72.002247
-146.48741
0
-143.58833
-161.91441
-190.23236
-169.62355
-177.99878
-125.31978
-119.78686
-130.59871
-130.83439
-114.13699
-121.92762
-123.99591
0
-128.48051
-138.59765
-148.51329
-139.4439
-137.25915
-148.10988
-146.98023
-147.5164
-113.71589
-154.51533
-130.01665
-159.70626
-128.39363
-168.80159
-215.3404
-169.85565
-167.17376
-185.09194
-147.6203
-190.41494
-85.144556
-93.926006
0
-94.392061
-102.03641
-95.229669
-102.18377
0
0
0
-91.222244
0
-95.928571
0
-64.051846
-45.254298
-58.672428
-30.029307
-50.274366
-72.117795
-37.376834
-65.144814
-75.853436
-61.996518
-52.561952
-66.602732
-50.55533
-76.068885
-65.548143
-57.115405
-52.70189
-36.739193
-47.98916
-56.387006
-67.308427
-80.588484
-103.91267
-71.196116
-59.357149
-57.89978
-101.27699
-81.564738
-82.312696
-67.215786
-72.137065
-108.77602
-60.603997
-86.40201
-102.16979
-65.052427
-34.857786
-47.599848
-56.291008
-45.867817
-55.906762
-66.120545
0
0
0
0
0
0
0
0
0
0
0
0
0
0
0
0
0
0
0
0
0
0
0
0
0
0
0
0
0
0
0
0
0
0
0
-41.012778
-48.889307
-24.605318
-27.88657
-42.098806
-48.029933
-23.477082
-31.963647
-24.770408
-16.879098
-18.706303
-25.267779
-18.486397
-31.650983
-40.782121
-27.159037
-48.070921
-22.986233
-47.771321
-22.888839
-40.599318
0
0
0
-121.07651
0
0
-138.76863
-120.27242
-106.56455
-117.65321
-120.52269
-109.88752
-120.11316
-110.58354
0
0
0
-108.26749
0
-100.02569
0
-97.246954
-62.074357
-68.695007
-66.714403
-82.065912
-80.989063
-82.527874
-124.95401
-150.37841
-104.14825
-125.62556
-123.70349
-106.32031
-148.55178
-120.80078
-107.50778
-82.320095
-124.82275
-101.73431
-99.902017
-146.32096
0
0
0
0
0
0
0
0
0
0
0
-111.46483
0
0
0
0
0
0
0
0
0
-96.100503
0
-184.30023
0
-138.02547
0
-140.65313
0
0
-109.39609
0
-107.92084
0
0
-121.57229
-159.35054
-200.13691
-177.47914
-157.19563
-177.39339
-116.72266
0
0
0
0
0
0
0
0
0
0
0
0
0
0
0
0
-132.08118
0
0
0
0
0
-120.65059
-140.50367
0
0
0
-123.15158
-200.47471
-195.8649
-205.81745
-188.61817
-195.01946
-212.219
-209.40807
-174.44892
-158.88014
-176.90773
-187.46649
-187.29004
-152.30443
-178.7049
-203.07428
-198.65196
-232.75035
-227.282
-224.9711
-199.6738
-203.32741
-173.43356
-197.7403
-175.7162
-166.45603
-187.09681
-151.79931
-187.00214
-201.97433
-183.94841
-195.64239
-204.3813
-197.41567
-209.04217
-202.41847
0
0
0
0
0
0
0
0
0
0
0
0
0
0
0
0
0
-182.63234
-156.98718
-147.411
-177.63837
-131.74998
0
0
-179.14074
-172.93202
-176.87186
-163.76208
0
0
0
-169.41211
0
-130.76641
0
-204.08058
-129.13079
-190.01856
-196.61539
-169.42393
-165.12959
-214.34646
-200.07748
-179.17966
-164.47154
-175.03536
-188.80474
-186.66246
-194.95485
-204.26063
-199.80663
-203.0926
-181.90418
-197.29713
-194.29879
-198.15796
-213.61317
-198.70707
-208.90315
-204.18315
-186.47461
-211.69994
-208.02698
0
0
0
0
0
0
0
-172.44206
-199.64
-129.44339
-188.02031
-159.43442
-208.01235
-147.03791
-111.23902
-48.611667
-112.67184
0
-109.53538
-115.12231
0
-183.44669
-160.59467
-209.54694
-199.86693
-207.20307
-171.07953
-167.08014
-102.97428
0
0
0
0
0
0
-183.71757
-204.66677
-175.17485
-207.0425
-180.4313
-206.37813
-172.68243
-105.87478
0
0
0
-97.881523
0
0
-169.53609
-175.56837
-182.65329
0
-200.94467
-139.80467
-148.39025
0
0
0
0
0
0
0
0
0
0
0
0
0
0
0
0
-138.41923
0
0
0
0
0
0
-105.38666
0
0
0
0
0
-160.73512
-180.80372
-161.30884
-106.48466
-129.18247
-132.59892
-196.77968
-95.291909
-177.90567
-98.184962
-99.929771
-195.72018
-189.11922
-161.09836
-130.08301
-78.50506
-90.783454
-89.49826
-162.29152
-127.04231
-192.96717
-193.8674
-222.32387
-195.35196
-191.68558
-195.16624
-206.89933
-161.83632
-91.072012
-77.247069
-136.14387
-90.304989
-128.34348
-168.43747
-193.53404
-209.74553
-199.83909
-227.57217
-197.06584
-193.01716
-214.04218
-196.91767
-93.782925
-93.981502
-172.74713
-98.051965
-191.9627
-184.25042
0
0
0
0
0
0
0
0
0
0
-147.16097
-165.57706
-174.876
-120.14923
0
0
0
-141.09462
0
-141.47704
0
0
0
0
0
0
0
0
-160.59661
0
-87.083841
-159.02902
-121.17349
-185.31852
0
-196.74004
-180.20013
-151.77041
-177.54836
-175.34798
-201.50418
-177.39012
-173.00629
-102.36381
-91.150417
-148.43698
-162.23162
-172.81761
0
-183.56379
-214.50448
-198.04294
-204.49525
-207.34953
-165.17658
-191.18769
-135.595
-163.37249
0
0
-116.67553
-180.62317
0
-108.30233
0
-111.68864
0
-114.99382
0
-97.611056
-158.83812
-154.98307
-216.37752
-188.52961
-139.21892
-165.3887
-213.21454
0
0
0
0
0
0
0
-166.01334
-204.18115
-166.13289
-215.52721
-167.80264
-152.56849
-220.59171
0
0
0
0
0
0
0
-126.14427
0
-142.55598
0
0
-166.18427
0
0
0
0
0
0
0
0
-112.7005
0
0
0
0
-96.030409
0
-150.77639
-159.07202
-157.81534
-178.77957
-159.96997
-138.97548
-164.72992
-107.26067
-85.392123
-79.938916
-79.068376
-95.263814
-91.940435
-93.83692
-108.48349
-119.63503
0
0
0
-102.13292
-126.29473
-134.39439
-141.58302
-144.81049
-102.66846
-146.56857
-121.03412
-116.33819
-93.550802
0
-70.936875
0
-79.451943
0
-84.709537
-128.20071
0
0
0
0
0
-136.06314
0
0
-114.53825
0
0
0
0
0
0
0
-135.32262
0
0
0
-74.749296
0
0
0
-83.368924
0
0
-67.842848
-46.818744
-69.398141
-66.314874
-58.876668
-80.309145
-54.140213
-88.957131
-74.644085
-139.29443
-141.96617
-82.759678
-78.277251
-154.50592
-49.702951
-33.39972
0
0
0
0
-40.778685
-91.733871
-146.71556
-86.959331
-138.43933
-80.103666
-100.16403
-148.98502
-58.339143
0
-59.243535
0
-69.242987
0
-48.53321
-70.197108
0
0
0
0
0
0
0
0
0
0
0
0
0
-100.28421
-115.13167
-73.83877
0
0
-121.18659
-90.929694
-85.036849
-79.397742
-65.027236
-71.030938
-79.403723
-84.759366
-68.819694
-96.227055
-117.22457
0
0
-116.60438
-97.691992
0
-80.480921
0
-56.971491
-58.908392
0
-72.661653
-62.060974
-78.332625
0
-66.045664
0
-78.897217
-63.277569
0
0
0
0
0
0
0
0
0
0
0
0
0
0
0
-42.713309
-44.078686
-51.713812
-58.930334
-41.834413
-48.615627
-53.827822
-23.411501
-22.770127
-17.481178
0
-17.490103
-29.317418
0
0
0
0
0
0
-35.71941
0
-34.80956
0
-48.328176
-22.601055
-38.923854
-47.672312
0
-38.583791
0
-54.159881
0
-44.351998
-49.479087
0
-179.85977
-180.57418
-184.54513
-187.05878
-158.93685
-190.17104
-180.69686
-178.58467
-198.25955
-222.23206
-169.94077
-177.76945
-203.33973
-172.83381
-158.69486
-137.3705
0
0
-153.5601
-144.40038
0
-173.00922
0
-177.85171
-192.89615
0
-201.29242
-154.08513
0
0
0
0
0
-146.62869
0
0
0
0
0
0
0
0
0
-141.68167
-182.689
-140.58583
0
-140.30218
0
0
0
-152.89608
0
-109.36784
0
0
0
0
0
0
0
0
0
0
0
0
0
0
0
0
0
0
0
0
0
0
0
0
0
0
0
0
0
0
0
0
0
0
0
0
0
0
0
0
0
0
0
0
0
0
0
0
0
0
0
0
0
0
0
0
0
0
0
0
0
0
0
0
0
0
0
0
0
0
0
0
0
0
0
0
0
0
0
0
0
0
0
0
0
0
0
0
0
0
0
0
0
0
0
0
0
0
0
0
0
0
0
0
0
0
0
0
0
0
0
0
0
0
0
0
0
0
0
0
0
0
0
0
0
0
0
0
0
0
0
0
-20.841812
-18.591715
-24.251596
-15.505775
-19.329248
-13.073659
-16.815369
-35.037105
-22.677738
-30.171196
-28.533523
-37.992822
-28.074643
-21.609899
0
0
0
0
0
0
0
0
0
-144.42018
-174.11115
-147.70008
-167.14421
-145.75885
-168.3628
-155.96574
0
0
0
0
0
0
0
0
0
0
0
0
0
0
0
0
0
-16.692339
0
0
-12.069417
0
0
0
0
0
0
0
0
0
0
0
0
0
0
0
0
0
-67.088334
-73.026411
0
-56.99239
-72.275026
-57.531287
0
0
0
0
0
0
0
0
-141.30504
0
0
-156.80056
-140.21077
-137.93607
0
-194.39416
-170.23115
-162.79539
-183.09347
-177.06808
-156.29069
-129.35121
-133.66553
0
0
0
0
0
0
0
-137.64407
-164.74764
0
0
0
0
0
0
0
0
0
0
0
-135.43567
-147.25439
0
0
0
0
0
0
0
0
0
0
0
0
0
0
0
0
0
0
0
0
0
0
0
0
0
0
0
0
0
0
0
0
0
0
0
0
0
0
0
0
0
0
0
0
0
0
0
0
0
0
0
0
0
0
0
0
0
0
0
0
0
0
-202.2351
-215.47131
-201.27931
-234.33445
-207.36104
-219.11545
-200.31034
)


2246
(
0
0
0
0
0
0
0
0
0
0
0
0
0
0
0
0
0
0
0
0
0
0
0
0
0
0
0
0
0
0
0
0
0
0
0
0
0
0
0
0
0
0
0
0
0
0
0
0
0
0
0
0
0
0
0
0
0
0
0
0
0
0
0
0
0
0
0
0
0
-82.458899
0
-31.805382
-116.48186
-81.555864
-22.653347
-116.4256
0
0
0
0
0
0
0
0
0
0
0
0
0
0
0
0
0
0
0
0
-123.7315
0
-97.78552
0
0
0
0
0
0
0
0
0
0
-108.889
0
-100.46517
0
0
0
0
0
0
0
0
0
-90.309068
0
-22.121473
0
-89.78227
-20.597565
-109.24661
0
0
0
0
0
0
0
0
0
0
0
0
0
0
0
0
0
0
0
0
0
0
0
0
0
0
0
0
0
0
0
0
0
0
0
0
0
0
0
0
0
0
0
0
0
0
0
0
0
0
0
0
0
0
0
0
0
0
0
0
0
0
0
0
0
0
-144.07331
0
-111.62406
0
0
-144.96867
-126.80296
0
0
0
0
-101.32077
0
-115.44677
0
-135.25042
0
-104.63815
0
0
0
0
0
0
0
0
0
0
0
0
0
0
-100.4291
0
0
-96.718208
0
0
-16.641348
0
0
0
0
0
-18.24243
0
0
0
0
0
0
0
0
-108.6122
0
0
0
0
0
0
0
0
0
0
0
0
-109.56618
0
0
0
0
0
0
0
0
0
0
0
0
0
0
0
0
0
0
0
0
0
0
0
0
0
0
0
0
0
0
0
0
0
0
0
0
0
0
0
0
0
0
0
0
0
0
-84.099536
0
-115.77666
-97.688048
0
0
0
-103.05826
0
0
-135.30626
-112.43025
-134.65858
-55.659751
-94.903785
-71.943401
-134.5312
-102.64232
-128.73697
0
-71.680321
0
-127.14394
0
0
-93.95923
0
-87.904027
-40.982148
-66.745953
-56.535777
-94.442794
0
-96.805129
0
-136.62234
-131.9653
-104.6911
-172.29156
-80.508924
0
-56.231266
-73.857258
-48.074109
-46.643946
-53.506391
-89.248399
-62.271889
-61.305353
-29.200012
0
0
0
0
0
0
0
-41.712686
-36.466028
-11.703108
-47.310866
-24.629817
0
-89.96129
0
-60.075962
-123.81533
-101.41148
-73.404136
0
0
0
0
0
-123.39253
0
-165.57956
0
0
0
0
-87.456377
0
-131.83392
0
-156.797
-139.47396
-128.93309
-179.32203
-159.53793
-196.52306
-152.6357
0
0
0
0
0
0
0
0
0
0
-138.82269
-141.63222
-164.73172
-188.73219
0
0
0
0
0
0
0
-149.02459
0
-179.36675
0
-180.35363
0
-136.51105
0
0
0
0
0
0
0
0
0
0
0
0
0
0
0
0
0
0
0
-163.31908
0
-88.122645
-57.238415
-132.43231
-183.62363
-67.464257
-189.03152
0
0
0
0
0
0
0
0
0
0
0
0
0
0
0
0
0
0
-142.91766
-73.59246
-192.38512
0
0
-172.67966
0
-184.1023
0
0
0
0
0
0
0
0
0
0
0
0
0
0
0
0
0
-141.80028
-48.448567
0
-95.250628
0
0
0
0
-73.837925
0
-107.16262
0
0
0
-39.151143
-71.550998
0
-88.58889
0
0
0
0
0
0
0
0
0
0
0
-48.396172
-47.722888
0
-29.094766
0
0
0
0
0
0
0
-38.606098
0
0
-22.488099
0
0
0
0
0
0
0
0
0
0
0
-144.882
-188.34011
0
-135.48975
0
0
0
-173.72564
0
0
0
0
0
0
0
0
0
0
0
0
0
0
0
0
0
0
0
0
0
0
0
0
0
0
0
0
0
0
0
0
0
0
0
0
0
0
0
0
0
0
0
0
0
0
0
0
0
0
0
0
0
0
0
0
0
0
0
0
0
0
0
0
0
0
0
0
0
0
0
0
0
0
0
0
0
0
0
-112.78761
-118.48363
-122.57801
-149.62892
-146.30216
-145.26964
-151.51088
-28.90484
-25.003551
-26.581533
-21.78256
-29.531253
-24.000943
-26.253725
-111.14757
-114.56328
-109.98085
-151.06176
-146.55459
-147.98885
-145.31415
-92.694588
-96.144376
-94.096205
-171.35104
-150.10688
-153.3503
-163.11468
-94.290273
0
-96.229348
0
-93.562132
0
-93.822322
-137.486
-109.02692
-110.51798
-136.07453
-134.50114
-109.47213
-137.29498
0
0
0
-139.7448
-152.05055
-151.49849
-156.86629
-93.300035
0
-91.896066
0
0
-94.256616
0
0
0
0
0
0
0
0
0
0
0
0
0
0
0
-81.798028
-94.142377
-72.633906
-89.70013
-74.613609
-72.819732
-102.26326
-32.77785
-26.786931
-30.226015
-20.321268
-28.180338
-34.649795
-25.295188
0
0
0
0
0
0
0
0
0
-70.829982
-88.056462
-71.715582
-88.442971
-89.005021
-71.116811
-71.034907
-21.573105
-25.122726
-19.548829
-19.970543
-16.82786
-24.190087
-25.215036
-137.41293
-115.36485
-135.96485
-109.13402
-129.47084
-141.22967
-123.12134
0
0
0
0
0
0
0
0
0
0
0
0
0
0
0
0
0
0
0
-153.41266
-123.91974
-153.06066
-158.20349
-130.53498
-169.88816
-141.95169
-129.34583
0
-133.89914
-119.19481
-90.747207
0
-151.11549
0
0
0
0
0
0
0
-131.69757
-148.15963
0
-142.92177
-101.62418
-119.02248
-151.86554
-159.28412
-153.04385
-122.044
-100.20852
-95.401895
-163.03868
-136.4396
0
0
0
-9.6644462
-7.058911
0
0
0
0
0
0
0
0
0
0
0
0
0
0
0
0
0
0
0
0
0
0
0
0
-122.45829
0
-111.21902
0
-130.13599
0
0
0
-132.30025
-122.88943
0
0
-128.95969
0
-130.87275
0
-137.91003
-75.38002
0
-130.93327
0
-120.10186
-118.75781
0
0
-129.12462
0
0
0
0
0
0
0
0
0
0
0
0
0
0
0
0
0
0
0
0
0
0
0
0
-92.075718
0
0
0
0
0
0
-88.964723
0
0
0
0
0
0
0
0
0
0
0
0
-56.762234
0
0
0
0
0
0
-117.20512
0
0
0
0
0
0
0
0
0
0
0
-56.688149
-194.21387
0
0
0
0
0
-173.60031
0
0
0
0
0
0
0
0
0
0
0
0
0
0
0
0
0
0
0
0
0
0
-83.959042
-86.707791
-84.762179
-126.15052
-141.20766
-146.75433
-122.61571
0
-90.563101
-86.452747
-131.75061
-156.53459
-127.80781
-155.64881
-126.35175
-138.38385
-101.39576
-109.37816
-128.06611
-95.060186
-133.8808
0
0
0
0
0
0
0
0
0
0
0
0
0
0
0
-91.43108
0
-115.40742
0
0
-98.592011
0
-123.85948
-128.85857
0
0
-118.37314
0
-97.440668
-101.9027
-138.30913
-127.909
-133.10404
-107.63638
-93.289692
-89.133075
-110.4439
-115.20244
-74.840071
-121.39283
-79.519229
-83.972923
-99.482078
-96.113267
-126.31273
-145.26909
-119.32031
0
-130.05551
0
0
-77.056262
-89.657081
-98.643813
0
0
-96.404228
-141.86269
0
-116.72398
-119.25194
-124.46563
0
0
0
0
0
0
0
0
0
-93.292869
0
-108.65154
-104.69104
0
0
-55.321181
-45.600625
-71.21827
-73.192799
-76.344236
-48.86407
-51.912454
-63.468573
-100.26923
-66.8341
-83.576608
-71.932661
-89.384263
-57.812239
-108.81841
0
-125.21995
-156.75675
-145.33263
-162.07577
-154.57328
-110.98851
-100.86054
-113.58639
-155.53525
-162.02437
-164.75575
-157.3395
0
-103.30066
-115.29733
-157.31274
-168.48424
-169.32947
-159.95165
-146.63546
-158.57887
-114.3849
-151.87485
-141.38113
-163.68753
-126.36624
-160.43028
-175.64919
-162.13698
-157.33102
-178.06568
-141.21508
-177.76434
-82.512177
-76.633289
0
-110.29673
-135.54913
-118.2312
-130.49711
0
0
0
-89.589392
0
-106.98094
0
-92.588338
-75.663526
-71.826362
-48.308269
-63.670079
-103.08285
-66.716338
-108.52677
-117.61595
-76.993941
-71.254807
-110.60938
-72.17425
-117.64344
-61.895218
-63.50069
-50.355973
-37.956165
-42.529286
-50.456553
-75.539154
-68.402271
-84.326002
-48.357081
-41.563419
-41.697432
-87.135439
-65.909263
-78.356808
-55.59061
-54.720196
-110.6499
-46.226396
-93.242604
-97.576691
-56.000161
-32.656912
-35.741317
-40.535616
-38.534151
-45.035018
-52.498028
0
0
0
0
0
0
0
0
0
0
0
0
0
0
0
0
0
0
0
0
0
0
0
0
0
0
0
0
0
0
0
0
0
0
0
-36.236123
-52.798694
-34.939756
-32.830733
-44.039719
-41.353353
-27.367521
-25.892167
-20.93644
-13.755717
-14.948349
-22.9401
-16.644496
-24.274127
-30.9992
-28.255852
-33.895856
-18.668556
-36.493047
-21.94453
-28.628235
0
0
0
-154.89961
0
0
-146.0841
-106.20306
-83.09408
-100.54293
-157.62514
-160.47513
-161.00671
-151.09516
0
0
0
-146.19431
0
-130.03302
0
-123.60013
-78.476247
-79.670883
-62.457312
-112.62584
-96.314944
-78.75123
-134.92945
-149.22946
-104.59065
-128.12642
-129.68848
-109.80006
-150.76237
-141.7505
-81.042981
-69.486952
-138.26671
-117.76244
-80.54069
-158.45801
0
0
0
0
0
0
0
0
0
0
0
-101.62976
0
0
0
0
0
0
0
0
0
-89.958327
0
-151.65093
0
-124.90116
0
-119.82464
0
0
-87.543695
0
-86.426679
0
0
-115.86246
-145.16759
-167.08846
-136.35889
-149.19519
-140.60229
-119.23245
0
0
0
0
0
0
0
0
0
0
0
0
0
0
0
0
-111.9026
0
0
0
0
0
-121.87785
-132.31726
0
0
0
-113.16616
-175.26325
-171.95121
-184.51193
-167.72651
-165.24864
-187.49815
-196.51969
-140.37809
-114.67013
-145.13987
-148.04096
-150.4969
-121.21495
-135.08542
-162.69687
-165.89669
-179.76129
-178.46636
-185.93033
-161.88607
-163.14096
-149.59731
-161.87152
-153.07068
-151.88457
-153.76197
-131.85577
-167.67816
-167.87714
-180.4676
-150.75351
-174.62307
-160.67896
-194.49638
-160.38103
0
0
0
0
0
0
0
0
0
0
0
0
0
0
0
0
0
-169.56652
-136.65084
-138.1653
-173.24922
-94.980305
0
0
-168.04152
-139.43841
-155.54051
-133.28977
0
0
0
-140.54133
0
-109.08267
0
-170.44806
-110.74793
-160.80472
-168.86007
-144.61166
-135.89498
-192.56699
-181.42958
-165.58636
-152.40842
-159.15492
-170.63491
-166.67043
-176.56686
-184.51245
-163.58335
-168.80912
-168.51747
-177.58931
-163.07908
-180.84042
-187.67218
-168.63071
-181.94721
-179.12991
-166.29366
-185.59664
-189.16162
0
0
0
0
0
0
0
-147.30767
-170.44784
-126.27609
-156.60539
-149.24558
-175.5435
-145.46748
-100.20276
-50.707947
-99.787298
0
-101.73247
-95.458375
0
-146.59682
-156.76196
-189.49478
-186.5217
-192.99493
-149.78138
-150.78084
-93.935404
0
0
0
0
0
0
-146.63451
-179.76734
-148.04097
-187.93931
-156.05816
-182.23809
-145.63192
-99.123173
0
0
0
-92.015032
0
0
-142.60802
-162.47961
-174.01805
0
-185.50742
-133.5494
-128.63318
0
0
0
0
0
0
0
0
0
0
0
0
0
0
0
0
-111.66507
0
0
0
0
0
0
-82.143123
0
0
0
0
0
-135.35974
-158.96828
-124.67992
-104.06905
-119.50956
-113.79302
-147.77447
-91.533883
-142.38567
-106.32451
-92.368203
-150.97144
-152.24058
-127.6407
-106.94558
-57.875379
-66.923773
-68.157047
-125.60136
-109.21489
-167.21027
-165.92324
-179.05239
-184.10103
-162.53521
-165.72623
-184.13767
-131.97717
-78.05247
-61.703558
-129.08485
-74.390686
-118.21
-140.82527
-167.06112
-179.82847
-169.50041
-182.40081
-163.24117
-170.10284
-179.34022
-146.79328
-104.3283
-79.864662
-148.43337
-86.626622
-142.28967
-163.24482
0
0
0
0
0
0
0
0
0
0
-125.68895
-128.95408
-163.51088
-101.79748
0
0
0
-115.49313
0
-135.34564
0
0
0
0
0
0
0
0
-120.24341
0
-78.791364
-127.50283
-98.697856
-141.21266
0
-170.73379
-171.13001
-146.98482
-159.46014
-169.62422
-176.33522
-166.10441
-151.79466
-72.762692
-76.423431
-146.08393
-159.61363
-149.19733
0
-158.58779
-167.4909
-177.45881
-175.43903
-179.40394
-151.74969
-170.5775
-121.63904
-135.40872
0
0
-109.89742
-141.40426
0
-91.198917
0
-93.57609
0
-92.789052
0
-86.557364
-160.58836
-149.43816
-181.33991
-161.24547
-126.45919
-154.42502
-179.1366
0
0
0
0
0
0
0
-152.31151
-186.97416
-144.60788
-191.84814
-147.69931
-143.0432
-181.74756
0
0
0
0
0
0
0
-119.11096
0
-126.43484
0
0
-144.70293
0
0
0
0
0
0
0
0
-83.540137
0
0
0
0
-71.556804
0
-104.41404
-109.00875
-127.29673
-149.75615
-134.07708
-93.950414
-122.24066
-64.85966
-59.235701
-48.83542
-46.601236
-58.341388
-50.148167
-59.178119
-71.789578
-73.753779
0
0
0
-63.14982
-84.055362
-88.357831
-92.589544
-108.66006
-72.584793
-111.96217
-80.179472
-73.697217
-64.081869
0
-43.015953
0
-50.859536
0
-55.191233
-89.208684
0
0
0
0
0
-96.583815
0
0
-94.223357
0
0
0
0
0
0
0
-110.84423
0
0
0
-45.411195
0
0
0
-55.915913
0
0
-37.039392
-32.745896
-42.465979
-37.891956
-38.701988
-41.59999
-31.429448
-47.665891
-43.366677
-79.101187
-95.810927
-43.740673
-49.668986
-94.530961
-25.970913
-15.918298
0
0
0
0
-20.06986
-53.839596
-84.574958
-64.021643
-83.104836
-56.000541
-60.697391
-86.914536
-32.035266
0
-33.579204
0
-40.427671
0
-25.208183
-36.3696
0
0
0
0
0
0
0
0
0
0
0
0
0
-70.363693
-83.654582
-41.701945
0
0
-92.649756
-64.697088
-55.890756
-59.368368
-47.054148
-44.749525
-59.039037
-56.751512
-44.078422
-61.645164
-72.794705
0
0
-74.057886
-61.188211
0
-51.49179
0
-34.368895
-39.917119
0
-50.844504
-38.662166
-49.719991
0
-38.894921
0
-51.083179
-37.633893
0
0
0
0
0
0
0
0
0
0
0
0
0
0
0
-27.149868
-31.40228
-37.958303
-37.318315
-30.183311
-31.460408
-34.906786
-16.055218
-18.655138
-12.874748
0
-11.339191
-21.645067
0
0
0
0
0
0
-19.436932
0
-21.366725
0
-32.115032
-16.428501
-25.507265
-28.605913
0
-20.272174
0
-29.839884
0
-23.056466
-27.136587
0
-143.26029
-125.82816
-149.97317
-151.17343
-134.32966
-146.32488
-140.2999
-145.49924
-166.09236
-179.45169
-146.91384
-144.60789
-168.28954
-141.00647
-120.70737
-93.2709
0
0
-116.70792
-102.11556
0
-143.43135
0
-148.46376
-166.33655
0
-168.23959
-123.07025
0
0
0
0
0
-109.57226
0
0
0
0
0
0
0
0
0
-135.29239
-168.13314
-115.17486
0
-129.88514
0
0
0
-144.96531
0
-101.23327
0
0
0
0
0
0
0
0
0
0
0
0
0
0
0
0
0
0
0
0
0
0
0
0
0
0
0
0
0
0
0
0
0
0
0
0
0
0
0
0
0
0
0
0
0
0
0
0
0
0
0
0
0
0
0
0
0
0
0
0
0
0
0
0
0
0
0
0
0
0
0
0
0
0
0
0
0
0
0
0
0
0
0
0
0
0
0
0
0
0
0
0
0
0
0
0
0
0
0
0
0
0
0
0
0
0
0
0
0
0
0
0
0
0
0
0
0
0
0
0
0
0
0
0
0
0
0
0
0
0
0
0
-15.372615
-13.370655
-15.202081
-11.763439
-13.104051
-9.6103176
-11.084025
-26.290995
-15.448776
-15.756161
-22.186215
-23.199466
-18.284075
-12.519677
0
0
0
0
0
0
0
0
0
-108.90644
-133.78925
-109.2504
-129.33667
-110.27252
-128.22627
-126.38189
0
0
0
0
0
0
0
0
0
0
0
0
0
0
0
0
0
-14.262264
0
0
-10.134337
0
0
0
0
0
0
0
0
0
0
0
0
0
0
0
0
0
-37.551235
-41.789102
0
-30.55018
-39.121545
-30.613349
0
0
0
0
0
0
0
0
-107.37417
0
0
-124.56357
-114.76205
-128.45409
0
-164.97145
-163.36413
-145.32663
-150.65957
-144.21667
-128.59371
-117.25424
-89.614323
0
0
0
0
0
0
0
-120.78127
-127.52685
0
0
0
0
0
0
0
0
0
0
0
-124.56749
-147.93002
0
0
0
0
0
0
0
0
0
0
0
0
0
0
0
0
0
0
0
0
0
0
0
0
0
0
0
0
0
0
0
0
0
0
0
0
0
0
0
0
0
0
0
0
0
0
0
0
0
0
0
0
0
0
0
0
0
0
0
0
0
0
-166.75693
-194.62988
-171.46473
-186.68173
-177.29084
-193.80291
-162.3822
)


2246
(
0
0
0
0
0
0
0
0
0
0
0
0
0
0
0
0
0
0
0
0
0
0
0
0
0
0
0
0
0
0
0
0
0
0
0
0
0
0
0
0
0
0
0
0
0
0
0
0
0
0
0
0
0
0
0
0
0
0
0
0
0
0
0
0
0
0
0
0
0
-78.656835
0
-37.542767
-98.115082
-72.6942
-28.065062
-95.369875
0
0
0
0
0
0
0
0
0
0
0
0
0
0
0
0
0
0
0
0
-114.51386
0
-107.35227
0
0
0
0
0
0
0
0
0
0
-98.535538
0
-106.35788
0
0
0
0
0
0
0
0
0
-77.234785
0
-24.459066
0
-77.040838
-21.966409
-97.047061
0
0
0
0
0
0
0
0
0
0
0
0
0
0
0
0
0
0
0
0
0
0
0
0
0
0
0
0
0
0
0
0
0
0
0
0
0
0
0
0
0
0
0
0
0
0
0
0
0
0
0
0
0
0
0
0
0
0
0
0
0
0
0
0
0
0
-135.37945
0
-104.33978
0
0
-146.98597
-128.1048
0
0
0
0
-116.06046
0
-97.788237
0
-139.56136
0
-118.17776
0
0
0
0
0
0
0
0
0
0
0
0
0
0
-81.634408
0
0
-96.374103
0
0
-19.126761
0
0
0
0
0
-21.018337
0
0
0
0
0
0
0
0
-93.502329
0
0
0
0
0
0
0
0
0
0
0
0
-98.122663
0
0
0
0
0
0
0
0
0
0
0
0
0
0
0
0
0
0
0
0
0
0
0
0
0
0
0
0
0
0
0
0
0
0
0
0
0
0
0
0
0
0
0
0
0
0
-91.514757
0
-137.63207
-142.70658
0
0
0
-98.0879
0
0
-138.02988
-117.00661
-123.1787
-58.136487
-106.02854
-85.499347
-141.73646
-91.432914
-115.4699
0
-78.0748
0
-116.44491
0
0
-97.826919
0
-91.306228
-46.365511
-59.855049
-70.151
-83.400601
0
-101.53808
0
-142.2306
-162.28469
-139.45048
-172.5161
-88.837484
0
-71.019539
-119.38185
-51.857137
-42.857931
-53.928061
-104.46891
-83.68649
-67.62595
-31.894118
0
0
0
0
0
0
0
-49.646918
-41.815372
-18.776724
-67.273603
-29.393818
0
-95.801656
0
-68.574491
-152.1043
-138.7407
-77.162513
0
0
0
0
0
-123.08772
0
-181.98775
0
0
0
0
-90.691145
0
-137.4312
0
-161.28715
-129.2641
-132.64603
-183.85698
-167.62499
-194.85296
-154.81347
0
0
0
0
0
0
0
0
0
0
-139.91658
-164.12335
-174.38619
-188.10781
0
0
0
0
0
0
0
-149.22726
0
-184.54307
0
-180.38287
0
-152.61819
0
0
0
0
0
0
0
0
0
0
0
0
0
0
0
0
0
0
0
-172.02969
0
-68.849223
-51.333494
-135.86489
-187.46011
-75.484849
-196.64356
0
0
0
0
0
0
0
0
0
0
0
0
0
0
0
0
0
0
-166.34824
-83.475393
-188.88232
0
0
-184.82707
0
-181.0063
0
0
0
0
0
0
0
0
0
0
0
0
0
0
0
0
0
-115.60567
-42.890281
0
-80.953597
0
0
0
0
-63.397832
0
-93.0174
0
0
0
-35.620492
-51.282536
0
-72.018857
0
0
0
0
0
0
0
0
0
0
0
-38.987705
-40.442811
0
-26.559196
0
0
0
0
0
0
0
-32.637575
0
0
-23.396507
0
0
0
0
0
0
0
0
0
0
0
-132.2841
-178.3852
0
-136.79307
0
0
0
-167.03558
0
0
0
0
0
0
0
0
0
0
0
0
0
0
0
0
0
0
0
0
0
0
0
0
0
0
0
0
0
0
0
0
0
0
0
0
0
0
0
0
0
0
0
0
0
0
0
0
0
0
0
0
0
0
0
0
0
0
0
0
0
0
0
0
0
0
0
0
0
0
0
0
0
0
0
0
0
0
0
-101.59318
-101.48494
-100.26165
-158.25955
-165.99325
-158.00321
-170.99248
-40.845688
-37.125705
-31.334119
-28.267572
-40.630564
-36.493093
-32.242953
-92.674965
-102.65963
-102.81097
-161.05753
-161.81542
-158.34826
-159.51252
-105.85392
-107.01929
-102.75502
-161.32013
-194.93334
-189.88666
-168.72433
-103.57478
0
-104.04456
0
-102.39916
0
-104.29736
-131.90838
-99.735979
-102.66537
-123.53429
-122.16388
-105.62891
-128.23579
0
0
0
-170.18074
-187.3767
-174.03874
-176.044
-93.783764
0
-98.682838
0
0
-100.14345
0
0
0
0
0
0
0
0
0
0
0
0
0
0
0
-59.040319
-77.452414
-61.706487
-73.094356
-62.948759
-58.583831
-75.430084
-27.905478
-28.154193
-28.975552
-20.101507
-24.436028
-33.129304
-23.3124
0
0
0
0
0
0
0
0
0
-58.83824
-75.359274
-61.973687
-74.366341
-75.079287
-61.539444
-59.078573
-17.490712
-25.130059
-21.325122
-17.867473
-14.91296
-24.327909
-20.413343
-118.24798
-97.835896
-120.41137
-93.798812
-116.45669
-123.00384
-96.958821
0
0
0
0
0
0
0
0
0
0
0
0
0
0
0
0
0
0
0
-157.61069
-110.79467
-144.89041
-164.27229
-120.68865
-165.64696
-160.72303
-148.79199
0
-132.70767
-116.68346
-95.907862
0
-157.25674
0
0
0
0
0
0
0
-134.01448
-152.66426
0
-145.12349
-103.1915
-117.30974
-151.90964
-159.27819
-146.99602
-125.46736
-114.99053
-111.49227
-156.15366
-139.46364
0
0
0
-5.1772558
-0.20392364
0
0
0
0
0
0
0
0
0
0
0
0
0
0
0
0
0
0
0
0
0
0
0
0
-134.58986
0
-135.71303
0
-139.79411
0
0
0
-124.06456
-110.62863
0
0
-124.5628
0
-139.69256
0
-140.7967
-72.014125
0
-135.79621
0
-131.68783
-119.13799
0
0
-129.73447
0
0
0
0
0
0
0
0
0
0
0
0
0
0
0
0
0
0
0
0
0
0
0
0
-78.608491
0
0
0
0
0
0
-89.998722
0
0
0
0
0
0
0
0
0
0
0
0
-41.625277
0
0
0
0
0
0
-105.16958
0
0
0
0
0
0
0
0
0
0
0
-47.051859
-181.6216
0
0
0
0
0
-171.79598
0
0
0
0
0
0
0
0
0
0
0
0
0
0
0
0
0
0
0
0
0
0
-93.939632
-94.357976
-95.696835
-154.09869
-160.9672
-162.69284
-150.10002
0
-97.586058
-97.339856
-157.47496
-170.7484
-155.25809
-166.06214
-171.33406
-172.29158
-127.33624
-129.90172
-169.20287
-126.64639
-169.33753
0
0
0
0
0
0
0
0
0
0
0
0
0
0
0
-101.18206
0
-117.61407
0
0
-108.05069
0
-130.28851
-134.20559
0
0
-120.47764
0
-99.511429
-95.282903
-135.7108
-113.63992
-127.13494
-110.05876
-87.475826
-90.435296
-103.49029
-102.27981
-70.056306
-115.33535
-80.251661
-78.442743
-102.39065
-90.560145
-103.00585
-140.86577
-126.98831
0
-127.0112
0
0
-107.28262
-87.037112
-111.43567
0
0
-116.41828
-138.88441
0
-102.71537
-127.54324
-126.70529
0
0
0
0
0
0
0
0
0
-100.89155
0
-101.35528
-105.65233
0
0
-55.809757
-43.151308
-73.888548
-65.163685
-77.520769
-49.251929
-48.820208
-63.864537
-93.842535
-62.975042
-74.062485
-71.249258
-86.093692
-55.140306
-103.76496
0
-98.436638
-158.27436
-169.56865
-152.91723
-176.59803
-112.26495
-107.75071
-113.01014
-170.28258
-174.63413
-174.92638
-165.36833
0
-111.05599
-110.77987
-166.42744
-181.47539
-177.46378
-160.76326
-167.28466
-169.56496
-126.91197
-158.74319
-162.18104
-176.89636
-142.24832
-177.11047
-177.02951
-173.40872
-165.22344
-177.56989
-155.69626
-182.55221
-91.537288
-84.321159
0
-138.99068
-159.6442
-145.7845
-153.19453
0
0
0
-114.81759
0
-131.91122
0
-130.92045
-93.986739
-109.15614
-74.584328
-106.56507
-148.91964
-86.711617
-154.81225
-166.41976
-120.22271
-119.21657
-158.37758
-121.26815
-165.13726
-82.764645
-84.432999
-57.932687
-45.364542
-49.127748
-68.40262
-101.12847
-78.470371
-81.656063
-49.25241
-37.09591
-44.0032
-92.752514
-64.004597
-98.464926
-61.993676
-58.201385
-139.32925
-54.433521
-118.08498
-113.52622
-65.125252
-39.391853
-34.784864
-44.618837
-41.042114
-56.513794
-52.780362
0
0
0
0
0
0
0
0
0
0
0
0
0
0
0
0
0
0
0
0
0
0
0
0
0
0
0
0
0
0
0
0
0
0
0
-50.687843
-71.958771
-52.591035
-42.281489
-73.087126
-59.244182
-37.256659
-36.360729
-25.326201
-23.091439
-23.016677
-31.891941
-28.675739
-29.230784
-40.876286
-35.41709
-37.687007
-27.113676
-47.965398
-32.137305
-33.336927
0
0
0
-157.78426
0
0
-152.43752
-108.6917
-89.887969
-103.27085
-158.98303
-170.88342
-162.06451
-164.42279
0
0
0
-153.74633
0
-153.20585
0
-151.67807
-87.892794
-113.43882
-65.594813
-153.17907
-119.94722
-80.064722
-165.63438
-178.21417
-137.67486
-158.63041
-166.84039
-140.02565
-185.9556
-165.11462
-84.928834
-70.117138
-163.63281
-142.0982
-78.155705
-186.91482
0
0
0
0
0
0
0
0
0
0
0
-95.926767
0
0
0
0
0
0
0
0
0
-84.238595
0
-163.24499
0
-121.57732
0
-120.45973
0
0
-91.236121
0
-85.926226
0
0
-110.98572
-154.19373
-184.97904
-151.76027
-152.50338
-144.99119
-113.82047
0
0
0
0
0
0
0
0
0
0
0
0
0
0
0
0
-113.52936
0
0
0
0
0
-129.56857
-131.96128
0
0
0
-109.72989
-178.74601
-178.10761
-187.41267
-179.69658
-171.92617
-194.97882
-203.3379
-135.33069
-105.2519
-143.38036
-140.31861
-150.21906
-122.26437
-124.3891
-155.98498
-154.92382
-179.18412
-178.54918
-181.07637
-155.36869
-154.22398
-157.29195
-172.81287
-159.86536
-159.82885
-162.70578
-140.61242
-176.91822
-157.84305
-167.19558
-151.34831
-172.46098
-157.83839
-182.15024
-151.84575
0
0
0
0
0
0
0
0
0
0
0
0
0
0
0
0
0
-145.04563
-130.5757
-134.10738
-145.56965
-106.33895
0
0
-150.87531
-152.82566
-178.42484
-124.9033
0
0
0
-132.91043
0
-112.04038
0
-169.17628
-115.91847
-157.66826
-172.33686
-154.44928
-134.77921
-186.78159
-196.94847
-187.1934
-169.78658
-185.4335
-190.60349
-189.57167
-206.02843
-185.75928
-180.36557
-179.34831
-178.41965
-194.18211
-155.6156
-196.08516
-184.67166
-169.94134
-185.22519
-201.8906
-174.09165
-194.33814
-188.06496
0
0
0
0
0
0
0
-154.59568
-173.87512
-132.57978
-166.68843
-155.59713
-191.84274
-137.25916
-100.40785
-41.962261
-101.85126
0
-102.71764
-98.067585
0
-162.56062
-156.95388
-186.2009
-184.43039
-192.57112
-163.4488
-161.68547
-98.437223
0
0
0
0
0
0
-155.5997
-179.0888
-150.2716
-198.87321
-154.42179
-195.0109
-155.95038
-103.42571
0
0
0
-101.15412
0
0
-152.86337
-161.95964
-178.49835
0
-193.44925
-128.79494
-150.48502
0
0
0
0
0
0
0
0
0
0
0
0
0
0
0
0
-100.01127
0
0
0
0
0
0
-87.956613
0
0
0
0
0
-138.96025
-150.19804
-143.55044
-104.74502
-108.11366
-117.02245
-152.13269
-81.509718
-142.49647
-88.292879
-89.743942
-149.15644
-151.06936
-128.26474
-100.97801
-55.821252
-59.330047
-67.278859
-116.7453
-111.62294
-159.84293
-155.00807
-179.19316
-171.91025
-149.56167
-156.59144
-180.64963
-137.62671
-84.503692
-65.091341
-150.48361
-76.105385
-129.07435
-158.11384
-164.18585
-186.18643
-175.61336
-183.60967
-158.79333
-173.96449
-180.59488
-145.33505
-98.251489
-69.402788
-140.30717
-82.35123
-132.42037
-160.87307
0
0
0
0
0
0
0
0
0
0
-130.34624
-116.70002
-143.91498
-93.984394
0
0
0
-136.96749
0
-148.02456
0
0
0
0
0
0
0
0
-137.45683
0
-68.499766
-134.75283
-101.00887
-146.26739
0
-185.32152
-185.96157
-173.50621
-185.28389
-183.87109
-202.21297
-180.02057
-151.00078
-80.773542
-80.456805
-171.46706
-169.66009
-158.26024
0
-175.42908
-161.50801
-177.61394
-203.60096
-189.85008
-140.33162
-186.68039
-133.06033
-132.91661
0
0
-98.307059
-147.69187
0
-98.374876
0
-96.998613
0
-97.968957
0
-90.201832
-147.25487
-150.84248
-180.99923
-170.29348
-134.16163
-161.422
-173.48178
0
0
0
0
0
0
0
-162.26485
-176.16034
-145.35494
-200.06782
-158.61627
-137.4083
-190.1105
0
0
0
0
0
0
0
-112.02246
0
-135.67994
0
0
-141.57735
0
0
0
0
0
0
0
0
-50.932629
0
0
0
0
-42.67247
0
-72.607688
-88.043102
-101.83479
-113.86958
-97.251673
-76.309826
-88.219554
-47.541368
-51.728787
-47.189473
-38.903569
-54.300453
-39.79605
-47.952826
-51.994078
-65.653658
0
0
0
-49.747184
-67.723842
-61.700335
-72.112116
-90.321447
-62.179529
-80.670256
-68.781516
-54.296708
-38.669854
0
-31.280065
0
-31.25367
0
-37.888661
-64.980583
0
0
0
0
0
-78.424394
0
0
-75.007446
0
0
0
0
0
0
0
-77.523283
0
0
0
-32.096037
0
0
0
-37.984395
0
0
-30.813931
-31.967822
-40.447483
-32.127477
-36.794271
-34.155356
-26.860092
-37.108392
-37.339101
-57.925671
-48.597398
-31.995119
-43.240673
-54.244229
-20.08701
-14.385157
0
0
0
0
-17.035447
-41.826873
-65.12611
-54.721434
-62.457063
-48.590646
-47.477719
-58.98107
-22.764085
0
-26.277336
0
-26.734497
0
-20.649858
-27.254148
0
0
0
0
0
0
0
0
0
0
0
0
0
-54.669304
-71.665859
-35.400616
0
0
-74.30186
-58.707598
-47.547822
-50.672668
-39.367996
-38.11812
-49.923672
-48.094084
-37.233139
-49.574332
-66.74392
0
0
-68.326497
-49.518778
0
-41.255551
0
-30.7214
-36.126184
0
-46.598916
-32.454899
-38.378699
0
-31.155888
0
-38.224071
-30.476293
0
0
0
0
0
0
0
0
0
0
0
0
0
0
0
-21.412604
-28.937406
-31.868577
-30.212933
-27.976585
-24.015009
-28.455935
-14.16504
-18.947275
-17.07092
0
-11.459696
-21.600067
0
0
0
0
0
0
-15.643165
0
-17.994205
0
-29.408073
-20.123266
-24.978488
-24.420302
0
-17.436499
0
-25.535775
0
-19.594002
-23.591933
0
-123.81562
-105.52587
-142.17062
-132.56882
-133.59946
-127.2934
-107.38199
-133.12216
-152.51287
-174.55744
-138.92869
-133.38085
-153.57857
-136.67526
-97.352162
-78.505184
0
0
-95.235889
-80.817699
0
-131.17512
0
-152.26158
-165.9144
0
-153.6451
-128.79853
0
0
0
0
0
-86.106277
0
0
0
0
0
0
0
0
0
-124.24401
-158.1571
-127.56467
0
-122.82619
0
0
0
-141.02028
0
-104.14293
0
0
0
0
0
0
0
0
0
0
0
0
0
0
0
0
0
0
0
0
0
0
0
0
0
0
0
0
0
0
0
0
0
0
0
0
0
0
0
0
0
0
0
0
0
0
0
0
0
0
0
0
0
0
0
0
0
0
0
0
0
0
0
0
0
0
0
0
0
0
0
0
0
0
0
0
0
0
0
0
0
0
0
0
0
0
0
0
0
0
0
0
0
0
0
0
0
0
0
0
0
0
0
0
0
0
0
0
0
0
0
0
0
0
0
0
0
0
0
0
0
0
0
0
0
0
0
0
0
0
0
0
-18.156006
-16.789443
-14.927413
-15.113618
-12.379664
-9.9513526
-11.79211
-25.076436
-18.059578
-16.618455
-21.173721
-20.284241
-15.999666
-13.149316
0
0
0
0
0
0
0
0
0
-97.10477
-122.31787
-95.619738
-119.94444
-96.75632
-120.98913
-120.35456
0
0
0
0
0
0
0
0
0
0
0
0
0
0
0
0
0
-15.809048
0
0
-12.759704
0
0
0
0
0
0
0
0
0
0
0
0
0
0
0
0
0
-31.624782
-35.364418
0
-26.027518
-26.106008
-20.135477
0
0
0
0
0
0
0
0
-94.36772
0
0
-115.76279
-98.884142
-120.27207
0
-152.96787
-163.46955
-139.78344
-143.02913
-136.11376
-123.55053
-113.07115
-81.176786
0
0
0
0
0
0
0
-129.25595
-124.75196
0
0
0
0
0
0
0
0
0
0
0
-120.30648
-143.76762
0
0
0
0
0
0
0
0
0
0
0
0
0
0
0
0
0
0
0
0
0
0
0
0
0
0
0
0
0
0
0
0
0
0
0
0
0
0
0
0
0
0
0
0
0
0
0
0
0
0
0
0
0
0
0
0
0
0
0
0
0
0
-168.04509
-190.2522
-176.40823
-187.88717
-181.67799
-194.58981
-161.36979
)


2246
(
0
0
0
0
0
0
0
0
0
0
0
0
0
0
0
0
0
0
0
0
0
0
0
0
0
0
0
0
0
0
0
0
0
0
0
0
0
0
0
0
0
0
0
0
0
0
0
0
0
0
0
0
0
0
0
0
0
0
0
0
0
0
0
0
0
0
0
0
0
-68.404881
0
-47.741269
-88.338278
-70.513833
-40.622283
-86.740631
0
0
0
0
0
0
0
0
0
0
0
0
0
0
0
0
0
0
0
0
-95.005111
0
-96.517038
0
0
0
0
0
0
0
0
0
0
-80.823262
0
-92.332454
0
0
0
0
0
0
0
0
0
-60.544756
0
-28.780957
0
-60.72107
-29.128556
-73.36364
0
0
0
0
0
0
0
0
0
0
0
0
0
0
0
0
0
0
0
0
0
0
0
0
0
0
0
0
0
0
0
0
0
0
0
0
0
0
0
0
0
0
0
0
0
0
0
0
0
0
0
0
0
0
0
0
0
0
0
0
0
0
0
0
0
0
-127.59382
0
-108.76362
0
0
-131.71639
-108.06309
0
0
0
0
-92.543515
0
-97.736776
0
-122.30232
0
-83.206212
0
0
0
0
0
0
0
0
0
0
0
0
0
0
-94.925396
0
0
-87.498355
0
0
-28.745446
0
0
0
0
0
-28.691625
0
0
0
0
0
0
0
0
-89.38133
0
0
0
0
0
0
0
0
0
0
0
0
-74.339981
0
0
0
0
0
0
0
0
0
0
0
0
0
0
0
0
0
0
0
0
0
0
0
0
0
0
0
0
0
0
0
0
0
0
0
0
0
0
0
0
0
0
0
0
0
0
0
0
-139.49327
0
0
0
0
-121.02642
0
0
-116.72286
-98.754087
-96.566008
-54.412389
-101.73966
-89.238626
-128.55349
-77.324266
-121.52757
0
-75.73121
0
-98.810634
0
0
-113.57592
0
-93.11626
-47.810018
-58.052921
-90.668172
-69.592732
0
0
0
-143.49412
-165.61221
-163.21107
-173.50012
0
0
-89.28315
-144.61721
-74.613781
-62.622805
-56.577653
-106.71895
-90.857806
-89.437418
-47.277751
0
0
0
0
0
0
0
-74.30317
-48.939696
-32.157302
-92.304818
-42.869653
0
0
0
-92.064395
-154.03226
-169.79445
-93.735484
0
0
0
0
0
-118.53728
0
-177.6384
0
0
0
0
-76.723653
0
-113.4453
0
-166.92112
-103.97822
-129.01103
-146.74005
-172.62453
-173.04625
-137.47762
0
0
0
0
0
0
0
0
0
0
-142.79622
-163.00519
-191.87233
-178.1783
0
0
0
0
0
0
0
-155.5178
0
-158.05756
0
-167.52532
0
-136.61725
0
0
0
0
0
0
0
0
0
0
0
0
0
0
0
0
0
0
0
-172.83437
0
-82.394075
-66.853116
-131.06937
-147.51532
-92.731376
-173.31701
0
0
0
0
0
0
0
0
0
0
0
0
0
0
0
0
0
0
-164.47131
-95.038448
-173.64657
0
0
-156.74347
0
-165.15167
0
0
0
0
0
0
0
0
0
0
0
0
0
0
0
0
0
-81.046459
-38.206128
0
-64.604004
0
0
0
0
-56.225197
0
-75.545116
0
0
0
-33.974178
-43.294892
0
-57.344775
0
0
0
0
0
0
0
0
0
0
0
-54.100868
-38.556566
0
-41.220737
0
0
0
0
0
0
0
-34.32659
0
0
-36.325335
0
0
0
0
0
0
0
0
0
0
0
-84.974079
-146.39858
0
-117.08238
0
0
0
-174.64933
0
0
0
0
0
0
0
0
0
0
0
0
0
0
0
0
0
0
0
0
0
0
0
0
0
0
0
0
0
0
0
0
0
0
0
0
0
0
0
0
0
0
0
0
0
0
0
0
0
0
0
0
0
0
0
0
0
0
0
0
0
0
0
0
0
0
0
0
0
0
0
0
0
0
0
0
0
0
0
-90.838566
-95.348965
-94.819957
-159.98421
-152.24688
-162.8117
-152.8188
-57.408068
-55.910582
-40.21439
-40.055121
-57.068896
-55.652394
-40.486961
-83.745628
-95.544693
-94.034904
-165.95313
-152.24598
-165.51449
-149.49751
-97.546896
-100.15089
-99.056628
-163.91345
-158.95784
-163.71244
-162.78783
-97.35228
0
-94.80704
0
-94.602068
0
-98.460471
-111.38729
-80.798334
-94.583589
-100.65471
-101.56528
-96.261433
-109.65517
0
0
0
-142.58539
-154.75359
-146.66413
-156.47981
-87.658887
0
-91.488651
0
0
-92.987134
0
0
0
0
0
0
0
0
0
0
0
0
0
0
0
-43.42332
-60.467696
-49.914353
-53.163264
-50.11517
-43.506359
-52.76341
-23.608193
-29.796498
-28.697003
-20.609267
-21.224028
-30.314979
-22.536893
0
0
0
0
0
0
0
0
0
-44.176549
-60.994299
-49.933808
-53.654918
-54.239344
-50.251116
-43.760577
-20.124903
-30.028328
-27.764722
-20.783203
-18.402422
-29.277665
-22.721948
-85.514471
-72.414003
-87.462076
-65.668091
-86.434254
-86.085709
-64.519893
0
0
0
0
0
0
0
0
0
0
0
0
0
0
0
0
0
0
0
-119.10102
-93.705068
-131.05052
-140.93088
-99.024787
-142.61328
-118.59157
-116.44153
0
-122.74677
-118.02142
-91.972234
0
-140.02921
0
0
0
0
0
0
0
-122.0211
-134.30819
0
-141.15403
-107.34921
-98.399902
-147.4365
-136.93029
-132.42086
-117.49345
-94.408532
-96.99592
-148.7934
-118.04006
0
0
0
-16.978709
-15.774213
0
0
0
0
0
0
0
0
0
0
0
0
0
0
0
0
0
0
0
0
0
0
0
0
-101.93989
0
-107.62888
0
-105.88017
0
0
0
-106.58959
-90.799426
0
0
-99.128525
0
-113.06601
0
-119.92227
-76.279764
0
-106.88829
0
-101.63899
-87.10917
0
0
-97.837019
0
0
0
0
0
0
0
0
0
0
0
0
0
0
0
0
0
0
0
0
0
0
0
0
-98.375977
0
0
0
0
0
0
-96.021333
0
0
0
0
0
0
0
0
0
0
0
0
-39.802547
0
0
0
0
0
0
-81.316861
0
0
0
0
0
0
0
0
0
0
0
-57.952365
-141.68776
0
0
0
0
0
-165.01074
0
0
0
0
0
0
0
0
0
0
0
0
0
0
0
0
0
0
0
0
0
0
0
0
0
0
0
0
0
0
0
0
0
0
0
0
0
0
-146.44257
0
0
0
0
0
0
0
0
0
0
0
0
0
0
0
0
0
0
0
-108.91585
0
-118.47273
0
0
-107.24952
0
-106.24804
-116.96624
0
0
-107.82309
0
-85.819192
-80.716249
-116.01095
-91.716915
-109.38712
-97.575885
-72.950042
-76.795379
-91.417766
-85.873179
-57.308757
-102.25379
-69.132536
-65.171138
-83.012759
-80.587435
-111.11186
-130.86787
-108.20819
0
-116.91695
0
0
-90.719681
-85.901954
-102.52012
0
0
-105.5471
-121.76235
0
-94.199306
-109.33377
-114.84374
0
0
0
0
0
0
0
0
0
0
0
0
0
0
0
-57.413059
-40.584846
-73.303486
-59.757257
-75.117702
-56.678704
-41.088328
-56.452611
-82.478724
-50.976418
-64.295558
-60.76019
-77.261201
-45.176066
-93.266812
0
-93.775127
-157.71229
-151.79676
-149.56397
-153.44467
0
0
0
-167.7292
0
0
-164.53949
0
0
0
-170.97394
0
0
-162.63574
-169.19764
-161.24243
-147.11244
-142.53593
-176.37148
-160.87362
-143.76526
-175.65249
-182.43501
-151.66586
-163.6961
-172.74984
-148.95357
-186.04905
0
0
0
0
0
0
0
0
0
0
0
0
0
0
0
0
-124.17168
0
0
0
0
0
0
-145.27832
0
0
0
0
-82.528176
-99.591415
-76.548086
-61.569985
-65.998075
-75.939412
-103.2736
-77.848211
-75.852931
-70.512995
-57.499761
-65.297729
-89.677023
-66.091642
-94.86316
-82.308564
-81.673328
-126.21428
-73.63511
-113.16133
-107.82009
-69.687243
-53.719353
-51.848043
-50.268216
-59.694297
-61.979029
-56.751456
0
0
0
0
0
0
0
0
0
0
0
0
0
0
0
0
0
0
0
0
0
0
0
0
0
0
0
0
0
0
0
0
0
0
0
-72.114076
-97.003509
-73.511208
-60.912248
-95.83591
-74.751372
-58.961697
-53.441603
-37.281024
-42.706862
-35.082876
-51.281398
-45.997416
-38.821892
-54.514546
-48.260745
-45.342676
-38.247047
-54.767506
-48.090111
-40.782677
0
0
0
-135.63472
0
0
-128.73972
0
0
0
-157.1685
0
-160.88726
0
0
0
0
-126.5746
0
0
0
-147.89039
-102.36037
-129.50108
-92.725034
-152.77207
-132.30813
-100.29265
-168.51983
-184.23738
-143.72766
-154.27488
-169.7385
-146.15254
-179.50651
-145.03501
-96.820276
-91.877307
-142.15625
-133.09342
-94.431102
-156.1139
0
0
0
0
0
0
0
0
0
0
0
-94.694299
0
0
0
0
0
0
0
0
0
-87.408561
0
-157.80619
0
-119.55756
0
-119.31216
0
0
-80.571003
0
-82.144126
0
0
-99.611568
-135.14397
-174.14848
-128.86165
-134.61557
-128.75389
-99.426274
0
0
0
0
0
0
0
0
0
0
0
0
0
0
0
0
-88.391148
0
0
0
0
0
-98.123404
-101.45813
0
0
0
-85.725939
-160.41092
-183.5434
-171.68145
-193.87391
-181.82348
-172.54771
-180.35241
-122.02251
-92.767785
-125.63037
-113.36106
-137.43827
-109.318
-106.37815
-131.0779
-120.25696
-154.92062
-144.14669
-154.31503
-131.58113
-117.93183
-143.225
-190.82876
-148.23384
-149.20485
-164.47504
-127.63947
-164.83829
-140.43578
-172.46175
-124.53618
-141.43108
-154.84928
-160.63066
-121.1018
0
0
0
0
0
0
0
0
0
0
0
0
0
0
0
0
0
-142.91625
-125.12926
-128.96199
-141.89032
-102.35313
0
0
-155.96254
-162.98319
-166.90565
-134.64305
0
0
0
-131.38141
0
-113.77781
0
-173.59217
-103.52773
-158.78504
-171.84547
-149.81693
-136.02529
-170.72791
-175.21823
-176.45437
-161.60505
-166.93328
-175.20715
-164.57574
-173.63939
-170.57997
-173.71082
-176.49242
-175.42722
-175.30533
-155.54756
-170.34616
-186.42675
-167.99572
-180.77692
-173.98066
-166.95561
-174.38406
-181.55981
0
0
0
0
0
0
0
-151.29919
-167.32379
-141.9348
-180.92647
-156.23009
-176.89949
-148.28412
-98.304634
-33.028012
-105.32634
0
-107.9381
-96.337924
0
-148.14284
-144.82308
-166.9887
-156.80466
-166.65393
-148.46738
-147.20304
-95.568645
0
0
0
0
0
0
-151.59181
-169.49663
-148.61739
-176.62623
-154.64119
-174.84198
-151.97917
-98.735935
0
0
0
-106.2338
0
0
-145.37287
-172.90482
-149.93508
0
-169.00994
-137.32261
-140.23053
0
0
0
0
0
0
0
0
0
0
0
0
0
0
0
0
-89.294566
0
0
0
0
0
0
-78.144795
0
0
0
0
0
-133.26396
-143.77185
-127.66761
-98.341807
-108.58586
-106.9883
-146.94386
-90.202396
-148.77604
-87.248433
-90.740514
-156.13239
-156.29306
-121.21245
-86.355869
-78.23188
-71.617344
-84.749902
-102.36466
-104.91524
-134.55528
-122.73208
-156.23699
-144.93397
-123.95968
-132.80819
-155.61513
-137.3172
-92.143736
-88.407546
-137.0402
-93.06945
-123.30404
-147.58951
-146.2541
-166.80557
-169.82492
-169.58227
-146.9283
-166.88129
-165.97575
-138.89478
-87.574694
-76.866416
-130.5721
-88.675601
-119.50522
-149.5648
0
0
0
0
0
0
0
0
0
0
-122.9042
-119.88157
-138.81621
-98.410505
0
0
0
-112.04505
0
-124.08678
0
0
0
0
0
0
0
0
-113.10095
0
-78.802903
-116.90098
-87.035422
-140.71513
0
-162.41418
-178.02718
-163.77908
-169.77837
-176.31087
-171.19866
-170.11715
-137.01329
-98.021798
-93.7822
-151.7523
-159.06068
-159.4591
0
-154.0374
-165.69911
-155.68553
-172.43406
-174.00554
-142.20815
-163.79699
-141.92352
-126.23846
0
0
-101.47658
-165.04684
0
-91.571398
0
-100.94561
0
-95.431997
0
-91.966916
-139.42949
-139.83821
-168.10656
-147.94314
-125.19567
-146.56837
-165.17776
0
0
0
0
0
0
0
-151.11105
-153.03138
-142.49542
-179.30469
-153.47684
-127.57232
-177.52153
0
0
0
0
0
0
0
-122.53092
0
-119.12571
0
0
-152.88635
0
0
0
0
0
0
0
0
-32.563086
0
0
0
0
-30.114904
0
-50.257107
-69.51037
-77.144849
-67.511112
-63.716265
-61.326617
-57.619838
-37.340628
-43.493143
-38.969989
-31.567919
-43.622233
-32.568923
-36.801609
-33.986639
-43.149639
0
0
0
-34.023248
-42.701886
-45.368113
-55.365825
-70.617867
-48.606654
-61.14323
-53.847396
-40.064794
-28.184458
0
-24.271654
0
-25.102579
0
-27.979569
-37.285439
0
0
0
0
0
-44.636226
0
0
-61.704018
0
0
0
0
0
0
0
-68.233093
0
0
0
-22.895452
0
0
0
-26.133179
0
0
-25.612218
-31.429167
-35.048
-27.146167
-32.338746
-28.405346
-24.21744
-27.511466
-29.210524
-46.918614
-33.781017
-23.171667
-32.938424
-38.167161
-17.044859
-13.657483
0
0
0
0
-15.681579
-31.883994
-47.678204
-43.512847
-51.285479
-37.74416
-35.19775
-41.733466
-18.569728
0
-20.208977
0
-21.341873
0
-17.337546
-21.036181
0
0
0
0
0
0
0
0
0
0
0
0
0
-46.359419
-64.152821
-49.691879
0
0
-54.095958
-54.485419
-37.361948
-43.954638
-38.976741
-31.665888
-44.671981
-37.008291
-31.677113
-34.655303
-43.614279
0
0
-44.140286
-34.278828
0
-40.090326
0
-45.813528
-41.170486
0
-47.843623
-33.347334
-28.646984
0
-24.262812
0
-28.309505
-24.028652
0
0
0
0
0
0
0
0
0
0
0
0
0
0
0
-22.314371
-31.789966
-34.518971
-27.228122
-31.635706
-24.379865
-26.283995
-17.965731
-25.633807
-26.087566
0
-16.268839
-27.962209
0
0
0
0
0
0
-15.912385
0
-21.11823
0
-35.559818
-30.616956
-31.28101
-26.516905
0
-14.54882
0
-20.128092
0
-17.340157
-18.792595
0
-83.088347
-78.248276
-91.475937
-71.12395
-77.954921
-89.22966
-66.779239
-114.63348
-115.91855
-145.36708
-149.67572
-115.96589
-114.78632
-146.82205
-74.518625
-56.032194
0
0
-74.919974
-55.441902
0
-105.07396
0
-104.17414
-135.30867
0
-111.71466
-125.89382
0
0
0
0
0
-55.938871
0
0
0
0
0
0
0
0
0
-134.61797
-175.14468
-123.50851
0
-128.37996
0
0
0
-159.4956
0
-111.20307
0
0
0
0
0
0
0
0
0
0
0
0
0
0
0
0
0
0
0
0
0
0
0
0
0
0
0
0
0
0
0
0
0
0
0
0
0
0
0
0
0
0
0
0
0
0
0
0
0
0
0
0
0
0
0
0
0
0
0
0
0
0
0
0
0
0
0
0
0
0
0
0
0
0
0
0
0
0
0
0
0
0
0
0
0
0
0
0
0
0
0
0
0
0
0
0
0
0
0
0
0
0
0
0
0
0
0
0
0
0
0
0
0
0
0
0
0
0
0
0
0
0
0
0
0
0
0
0
0
0
0
0
-26.094432
-27.093805
-18.755716
-23.728894
-16.525161
-13.995919
-16.903652
-28.595491
-27.338082
-18.560039
-27.221834
-18.576662
-16.941475
-16.943023
0
0
0
0
0
0
0
0
0
-75.288127
-89.343444
-66.708981
-90.860268
-67.649088
-85.396848
-83.73926
0
0
0
0
0
0
0
0
0
0
0
0
0
0
0
0
0
-22.910854
0
0
-19.726495
0
0
0
0
0
0
0
0
0
0
0
0
0
0
0
0
0
-28.608921
-33.392997
0
-26.829679
-18.928372
-16.973883
0
0
0
0
0
0
0
0
-75.293801
0
0
-86.272734
-63.977025
-70.33946
0
-114.69432
-130.2647
-141.58338
-111.17068
-111.24074
-102.83915
-123.74835
-55.761853
0
0
0
0
0
0
0
-93.616484
-93.533106
0
0
0
0
0
0
0
0
0
0
0
-135.17504
-142.94818
0
0
0
0
0
0
0
0
0
0
0
0
0
0
0
0
0
0
0
0
0
0
0
0
0
0
0
0
0
0
0
0
0
0
0
0
0
0
0
0
0
0
0
0
0
0
0
0
0
0
0
0
0
0
0
0
0
0
0
0
0
0
-147.59602
-172.3161
-168.24987
-170.14999
-165.41978
-170.5585
-147.31016
)


2246
(
0
0
0
0
0
0
0
0
0
0
0
0
0
0
0
0
0
0
0
0
0
0
0
0
0
0
0
0
0
0
0
0
0
0
0
0
0
0
0
0
0
0
0
0
0
0
0
0
0
0
0
0
0
0
0
0
0
0
0
0
0
0
0
0
0
0
0
0
0
-65.791813
0
0
0
-69.404395
0
0
0
0
0
0
0
0
0
0
0
0
0
0
0
0
0
0
0
0
0
0
-82.018865
0
0
0
0
0
0
0
0
0
0
0
0
-72.291735
0
0
0
0
0
0
0
0
0
0
0
-50.44687
0
0
0
-51.248164
0
-59.818038
0
0
0
0
0
0
0
0
0
0
0
0
0
0
0
0
0
0
0
0
0
0
0
0
0
0
0
0
0
0
0
0
0
0
0
0
0
0
0
0
0
0
0
0
0
0
0
0
0
0
0
0
0
0
0
0
0
0
0
0
0
0
0
0
0
0
0
0
-78.563928
0
0
-113.31994
0
0
0
0
0
-94.722549
0
-76.864716
0
-107.94239
0
-83.465613
0
0
0
0
0
0
0
0
0
0
0
0
0
0
-60.290754
0
0
-46.456769
0
0
0
0
0
0
0
0
0
0
0
0
0
0
0
0
0
-58.86766
0
0
0
0
0
0
0
0
0
0
0
0
-60.831192
0
0
0
0
0
0
0
0
0
0
0
0
0
0
0
0
0
0
0
0
0
0
0
0
0
0
0
0
0
0
0
0
0
0
0
0
0
0
0
0
0
0
0
0
0
0
0
0
0
0
0
0
0
0
0
0
-117.47281
0
-77.140664
-61.814063
-109.6724
0
-114.62925
0
0
0
0
0
0
0
0
0
0
0
0
0
0
0
0
0
0
0
0
0
-159.94803
0
0
0
0
0
-32.623504
-62.57449
-111.75278
0
-50.634454
0
0
0
0
0
0
0
0
0
0
0
0
0
0
0
0
0
-159.67272
0
-59.709357
0
0
0
0
0
-107.58614
0
-156.67151
0
0
0
0
-79.451345
0
-113.40189
0
-159.66424
-89.932725
-114.93143
-120.35278
-148.65998
-179.25989
-129.60232
0
0
0
0
0
0
0
0
0
0
-137.69702
-164.48289
-167.98391
-168.82815
0
0
0
0
0
0
0
-150.39989
0
-137.54193
0
-181.33642
0
-139.88246
0
0
0
0
0
0
0
0
0
0
0
0
0
0
0
0
0
0
0
-153.77308
0
-60.962757
-36.470522
-120.65495
-121.19979
-57.226461
-179.59801
0
0
0
0
0
0
0
0
0
0
0
0
0
0
0
0
0
0
-165.49568
-64.331752
-166.79911
0
0
-137.61957
0
-178.90325
0
0
0
0
0
0
0
0
0
0
0
0
0
0
0
0
0
-63.327233
-41.736288
0
-43.02208
0
0
0
0
0
0
0
0
0
0
0
0
0
0
0
0
0
0
0
0
0
0
0
0
0
-27.753105
-41.86361
0
-22.792057
0
0
0
0
0
0
0
0
0
0
0
0
0
0
0
0
0
0
0
0
0
0
-74.20862
-106.05161
0
-103.50418
0
0
0
-116.16273
0
0
0
0
0
0
0
0
0
0
0
0
0
0
0
0
0
0
0
0
0
0
0
0
0
0
0
0
0
0
0
0
0
0
0
0
0
0
0
0
0
0
0
0
0
0
0
0
0
0
0
0
0
0
0
0
0
0
0
0
0
0
0
0
0
0
0
0
0
0
0
0
0
0
0
0
0
0
0
0
0
0
0
0
0
0
0
0
0
0
0
0
0
0
0
0
0
0
0
0
-83.394343
0
-84.82863
-142.63856
0
0
-142.74867
-90.747054
0
-83.756298
0
-90.160193
0
-83.669784
-115.20021
-84.468584
-85.139691
-83.658337
-96.375751
-99.738212
-100.56209
0
0
0
-134.42249
0
0
-142.54095
-83.459263
0
-83.103967
0
0
-89.24567
0
0
0
0
0
0
0
0
0
0
0
0
0
0
0
-35.793077
-50.131061
-43.935888
-42.00969
-43.766789
-36.058572
-41.712227
0
0
0
0
0
0
0
0
0
0
0
0
0
0
0
0
-43.791895
-60.620455
-44.54654
-42.667703
-50.289865
-53.064063
-36.663947
0
0
0
0
0
0
0
-60.543535
-59.327017
-71.983968
-49.377758
-60.844401
-71.497323
-48.997275
0
0
0
0
0
0
0
0
0
0
0
0
0
0
0
0
0
0
0
0
0
0
0
0
0
0
-123.98782
0
-96.723474
-78.636421
-94.771071
0
-98.883382
0
0
0
0
0
0
0
-143.78099
0
0
-108.20683
-92.653926
0
-115.55988
-142.80875
0
-75.724403
0
-104.64768
-97.914157
0
0
0
0
0
0
0
0
0
0
0
0
0
0
0
0
0
0
0
0
0
0
0
0
0
0
0
0
0
0
-100.39975
0
-103.9247
0
-106.5213
0
0
0
-92.558668
-75.193999
0
0
-92.163887
0
-102.38028
0
-101.94038
-44.04519
0
-102.02784
0
-100.87115
-77.303169
0
0
-95.112967
0
0
0
0
0
0
0
0
0
0
0
0
0
0
0
0
0
0
0
0
0
0
0
0
-58.513666
0
0
0
0
0
0
-53.047201
0
0
0
0
0
0
0
0
0
0
0
0
0
0
0
0
0
0
0
-57.803747
0
0
0
0
0
0
0
0
0
0
0
-30.930631
-106.16933
0
0
0
0
0
-115.8808
0
0
0
0
0
0
0
0
0
0
0
0
0
0
0
0
0
0
0
0
0
0
0
0
0
0
0
0
0
0
0
0
0
0
0
0
0
0
0
0
0
0
0
0
0
0
0
0
0
0
0
0
0
0
0
0
0
0
0
0
0
0
0
0
0
0
0
0
0
0
0
-75.2361
-62.353484
-92.227498
-67.325293
-82.284104
-77.610023
-58.336866
-72.563289
0
-58.582726
0
-73.242366
0
-55.202931
0
0
0
0
0
0
0
0
0
0
0
0
0
0
0
0
0
0
0
0
0
0
0
0
0
0
0
0
0
0
0
0
0
0
0
0
0
0
0
0
0
0
0
0
0
0
0
0
0
0
0
0
0
0
0
0
0
0
0
0
0
0
0
0
0
0
0
0
0
0
0
0
0
0
0
0
0
0
0
0
-158.80899
0
0
0
0
0
0
0
0
0
0
0
0
0
0
0
0
0
0
0
0
0
0
0
0
0
0
0
0
0
0
0
0
0
0
0
0
0
0
-85.845611
-85.976413
-37.45588
-29.228532
-32.861108
-100.95133
-72.980544
-102.39474
0
-44.782966
-139.03603
-38.207125
0
-121.1181
-72.642542
0
-26.472471
0
-29.382157
0
-60.882263
0
0
0
0
0
0
0
0
0
0
0
0
0
0
0
0
0
0
0
0
0
0
0
0
0
0
0
0
0
0
0
0
0
0
0
0
0
0
0
0
0
0
0
0
0
0
0
0
0
0
0
0
0
0
0
0
0
0
0
0
0
0
0
0
0
0
0
0
0
0
0
0
0
0
0
0
0
0
0
0
0
0
0
0
0
0
0
-161.4305
0
0
0
0
0
0
-161.79869
0
0
0
0
0
0
0
0
0
0
0
0
0
0
-87.597438
0
0
0
0
0
0
0
0
0
-80.871088
0
-146.42689
0
-119.49275
0
-110.81091
0
0
-77.772654
0
-78.25915
0
0
-92.011483
-133.70802
-157.42143
-120.57449
-134.69137
-121.2985
-90.81715
0
0
0
0
0
0
0
0
0
0
0
0
0
0
0
0
-99.981966
0
0
0
0
0
-112.95649
-107.52471
0
0
0
-95.096328
-137.90799
-160.70442
-173.37451
-163.58862
-160.85002
-157.37068
-154.34296
-102.21109
-73.32252
-106.51198
-103.65258
-123.97196
-86.378357
-85.17654
-114.74393
-99.478043
-136.11216
-120.09412
-135.46276
-115.48126
-98.903726
-119.81323
-156.39998
-129.19893
-133.43341
-146.165
-106.21296
-139.46105
-119.15407
-155.48709
-116.29354
-121.69887
-141.6808
-138.8791
-101.52592
0
0
0
0
0
0
0
0
0
0
0
0
0
0
0
0
0
-139.84417
-128.15659
-129.86757
-138.32544
0
0
0
-140.33736
0
0
-129.23772
0
0
0
-134.28596
0
-118.24573
0
-156.93709
-100.45229
-163.79708
-163.16893
-143.9482
-130.19963
-170.70922
-167.09485
-177.97733
-164.21258
-170.05422
-179.12274
-169.58269
-166.43012
-165.45198
-180.46504
-170.27989
-165.03549
-180.09097
-156.59178
-169.19586
-163.95107
-155.99727
-169.69478
-171.19952
-156.2937
-172.03061
-163.7653
0
0
0
0
0
0
0
-152.18562
-176.25635
-119.96862
-156.88589
-141.05259
-158.78374
-144.7808
-109.43944
-43.977998
-107.25085
0
-107.4399
-109.62614
0
-142.80052
-118.64083
-156.29395
-137.90109
-156.27385
-142.13124
-118.78094
-89.459272
0
0
0
0
0
0
-155.18461
-182.40479
-146.59609
-160.91495
-146.93262
-160.09882
-156.36581
-107.05151
0
0
0
-102.86821
0
0
-143.61276
-168.71713
-138.54201
0
-158.39394
-145.06361
-116.26453
0
0
0
0
0
0
0
0
0
0
0
0
0
0
0
0
-86.817731
0
0
0
0
0
0
-75.544615
0
0
0
0
0
-129.41814
-129.76855
-117.8064
-87.354596
-99.572122
-96.512801
-165.19767
-62.583249
-153.14687
-62.278594
-62.724261
-160.98161
-161.4701
-135.99835
-99.035711
-43.770361
-41.035822
-50.066426
-113.05266
-118.72608
-131.38131
-100.70954
-137.58127
-126.92089
-110.82032
-117.13024
-147.60381
-160.25836
-61.332215
-52.413066
-155.27608
-60.150194
-141.85143
-163.20259
-147.87769
-170.80278
-159.48106
-154.92249
-136.26324
-160.76642
-158.04517
-153.59147
-62.218833
-45.757755
-135.4883
-57.119189
-124.72951
-163.62508
0
0
0
0
0
0
0
0
0
0
-115.59163
-124.17476
-135.52657
-97.16475
0
0
0
-119.44295
0
0
0
0
0
0
0
0
0
0
-111.15055
0
-58.294028
-118.64089
-78.977534
-149.07727
0
-157.53163
-176.81436
-168.27808
-170.95318
-174.46551
-165.51782
-172.41933
-143.92562
-65.577555
-66.578926
-171.35925
-171.42443
-173.14379
0
-144.02755
-153.64088
-149.56316
-170.29214
-162.46326
-126.87856
-162.52041
-140.82643
-134.4177
0
0
-106.58451
-152.25239
0
-103.5032
0
-105.89072
0
-109.24056
0
-95.519201
-138.90045
-118.33704
-156.9518
-137.78008
-110.72131
-141.61319
-161.33266
0
0
0
0
0
0
0
-151.80301
-162.83165
-144.91801
-161.51592
-157.12218
-131.22428
-158.69135
0
0
0
0
0
0
0
-133.95385
0
-137.59139
0
0
-167.73956
0
0
0
0
0
0
0
0
-22.978375
0
0
0
0
-21.277212
0
-36.613655
-51.673554
-55.103372
-51.914606
-44.761406
-45.070423
-42.762668
-32.279391
-43.073046
-41.693694
-31.187888
-42.971615
-31.118654
-32.458021
-26.455948
-31.469954
0
0
0
-26.682845
-31.24446
-32.834798
-33.971941
-48.889072
-41.84106
-38.840777
-43.596589
-31.344065
-22.637664
0
-21.184248
0
-21.084271
0
-22.847196
-26.920137
0
0
0
0
0
-31.885517
0
0
0
0
0
0
0
0
0
0
0
0
0
0
-20.41842
0
0
0
-20.654303
0
0
0
0
0
-30.283003
0
-30.310046
0
0
0
0
0
0
0
0
0
0
0
0
0
0
0
0
-30.261717
0
0
0
-30.355379
0
-20.406573
0
-20.599578
0
-20.584492
0
-20.380547
0
0
0
0
0
0
0
0
0
0
0
0
0
0
-49.971808
-70.009363
-26.116197
0
0
-57.273848
-61.037003
-38.614751
-43.419388
-43.419638
-31.397883
-48.358488
-32.912658
-33.753032
-32.28642
-31.930858
0
0
-37.457758
-27.135115
0
-43.207838
0
-24.394853
-42.957032
0
-51.734662
-34.729036
-28.061013
0
-21.428292
0
-23.271432
-23.940695
0
0
0
0
0
0
0
0
0
0
0
0
0
0
0
0
0
0
-30.291293
0
0
-29.226417
0
0
0
0
0
0
0
0
0
0
0
0
0
0
0
0
0
0
0
-26.786311
0
-16.687141
0
-20.675756
0
-20.356719
-19.788329
0
-60.657802
-61.141507
-84.970658
-60.325243
-62.547588
-73.231301
-50.226962
-75.175128
-88.208961
-106.29561
-87.436426
-75.305452
-88.047143
-87.452793
-45.940833
-37.336485
0
0
-46.148435
-37.096982
0
-73.741032
0
-93.012207
-106.048
0
-88.798909
-84.089079
0
0
0
0
0
-37.343372
0
0
0
0
0
0
0
0
0
-111.68709
-116.12509
-96.006757
0
-111.778
0
0
0
-112.17415
0
-103.95002
0
0
0
0
0
0
0
0
0
0
0
0
0
0
0
0
0
0
0
0
0
0
0
0
0
0
0
0
0
0
0
0
0
0
0
0
0
0
0
0
0
0
0
0
0
0
0
0
0
0
0
0
0
0
0
0
0
0
0
0
0
0
0
0
0
0
0
0
0
0
0
0
0
0
0
0
0
0
0
0
0
0
0
0
0
0
0
0
0
0
0
0
0
0
0
0
0
0
0
0
0
0
0
0
0
0
0
0
0
0
0
0
0
0
0
0
0
0
0
0
0
0
0
0
0
0
0
0
0
0
0
0
0
0
0
0
0
0
0
0
0
0
0
0
0
0
0
0
0
0
0
0
0
0
0
-71.078732
-72.973012
-50.128934
-81.778143
-57.832892
-61.48545
-64.317507
0
0
0
0
0
0
0
0
0
0
0
0
0
0
0
0
0
0
0
0
0
0
0
0
0
0
0
0
0
0
0
0
0
0
0
0
0
0
0
0
0
0
0
0
0
0
0
0
0
0
0
0
-82.230898
0
0
-91.612282
-65.106274
-65.471084
0
-88.812595
-106.62912
-87.523041
-93.19118
-75.724284
-73.511866
-77.838924
-37.804714
0
0
0
0
0
0
0
-106.1997
-97.662762
0
0
0
0
0
0
0
0
0
0
0
-110.80138
-104.76796
0
0
0
0
0
0
0
0
0
0
0
0
0
0
0
0
0
0
0
0
0
0
0
0
0
0
0
0
0
0
0
0
0
0
0
0
0
0
0
0
0
0
0
0
0
0
0
0
0
0
0
0
0
0
0
0
0
0
0
0
0
0
-133.55375
-178.2501
-158.41806
-153.895
-157.57954
-153.03499
-134.4851
)

)


// ************************************************************************* //
