/*--------------------------------*- C++ -*----------------------------------*\
  =========                 |
  \\      /  F ield         | OpenFOAM: The Open Source CFD Toolbox
   \\    /   O peration     | Website:  https://openfoam.org
    \\  /    A nd           | Version:  8
     \\/     M anipulation  |
\*---------------------------------------------------------------------------*/
/*   Windows 32 and 64 bit porting by blueCAPE: http://www.bluecape.com.pt   *\
|  Based on Windows porting (2.0.x v4) by Symscape: http://www.symscape.com   |
\*---------------------------------------------------------------------------*/
FoamFile
{
    version     2.0;
    format      ascii;
    class       labelList;
    note        "nPoints: 7690 nCells: 5999 nFaces: 19610 nInternalFaces: 18190";
    location    "constant/air/polyMesh";
    object      neighbour;
}
// * * * * * * * * * * * * * * * * * * * * * * * * * * * * * * * * * * * * * //


18190
(
2
457
458
459
3
463
464
467
5861
5862
5863
2309
2310
6
24
471
472
473
7
11
25
478
479
480
14
485
486
487
9
16
492
493
494
10
19
58
2357
2358
2359
2360
11
21
499
500
501
27
118
28
506
507
508
17
23
517
518
519
5868
5869
5870
24
2312
2313
2316
20
531
532
533
21
25
2319
2320
2323
26
554
555
556
560
561
564
27
568
571
5922
5923
5926
5927
5875
5876
5877
28
2326
2327
2330
581
582
585
26
589
590
591
2333
2334
2337
28
2340
2341
2344
5881
5882
5883
612
613
2347
2348
2351
34
215
217
32
35
204
623
624
625
33
37
231
1691
1692
1696
1697
41
207
630
631
632
42
260
1768
1769
1772
1774
271
272
275
41
146
637
638
639
44
147
644
645
646
42
293
1902
1904
1906
1907
1915
1916
1919
1921
43
45
148
651
652
653
48
55
160
658
659
660
49
313
314
2048
2049
2053
2054
161
665
666
667
328
2119
2121
2123
2124
2139
2140
2143
2144
56
162
672
673
674
167
678
679
680
56
168
683
684
685
48
55
173
689
690
691
51
117
175
344
194
696
697
698
352
353
356
53
57
195
360
361
362
59
196
367
369
2282
2283
2286
2287
60
373
374
377
118
210
390
391
392
380
381
383
389
392
393
395
126
705
706
707
127
711
712
713
118
567
2354
2355
2358
116
568
2364
2365
2366
2367
117
569
2361
2362
2365
373
377
378
2355
2356
2357
2359
63
295
299
401
402
403
66
298
304
408
409
410
274
285
415
416
417
277
291
414
417
419
420
1894
1895
1896
67
330
334
422
423
424
333
340
429
430
431
306
316
436
437
438
70
312
319
443
444
445
345
355
449
451
454
455
2219
2220
2221
350
357
450
451
452
78
132
717
718
3081
3082
3086
3087
139
724
725
726
134
141
731
732
3109
3110
3114
3115
135
142
149
2369
2370
2371
79
150
2376
2377
2378
80
138
151
2383
2384
2385
145
152
2390
2391
2392
201
766
767
768
205
777
779
2376
2377
2379
2685
2686
2687
3319
3320
3323
3325
203
206
2397
2398
2399
87
216
220
227
797
798
802
803
804
805
809
810
1643
1645
1646
87
96
217
470
471
474
476
804
806
808
809
861
862
864
97
221
595
791
792
793
87
228
470
473
475
476
596
797
800
801
803
224
229
597
798
799
800
100
218
226
805
806
807
219
230
244
249
253
812
813
814
120
245
602
819
820
821
104
121
250
826
827
828
105
254
603
833
834
835
246
257
604
840
841
842
107
251
259
847
848
849
124
247
252
811
814
815
816
818
821
822
824
825
828
830
831
274
278
285
853
855
856
275
861
862
863
279
523
868
869
870
286
524
875
876
877
282
289
525
882
883
884
276
283
889
890
891
277
291
895
897
898
306
316
320
902
904
905
110
307
537
910
911
912
111
317
917
918
919
321
538
924
925
926
310
324
539
931
932
933
318
325
938
939
940
114
312
319
944
946
947
345
355
359
951
953
954
346
574
959
960
961
121
356
966
967
968
122
360
575
973
974
975
349
363
576
980
981
982
350
357
986
988
989
125
358
365
994
995
996
117
582
583
2361
2365
2366
5949
5950
5952
391
392
395
612
2355
2358
2359
123
124
125
381
385
389
382
615
1001
1002
1003
386
1008
1009
1010
390
616
1015
1016
1017
383
393
617
1000
1002
1005
1006
1014
1016
1019
1020
384
387
1000
1003
1004
1006
1007
1009
1011
1013
388
394
995
996
997
1007
1010
1012
1013
1014
1017
1018
1020
160
173
2403
2404
2407
162
168
712
713
714
1030
1032
2578
2582
2583
3444
3445
3446
3449
156
163
169
2411
2412
2413
157
177
2418
2419
2420
158
171
2425
2426
2427
159
165
178
2432
2433
2434
201
1064
1065
3652
3653
3656
3658
153
181
1071
1072
3680
3681
3685
3686
155
1078
1079
3708
3709
3712
3714
156
163
2439
2440
2441
164
184
202
2446
2447
2448
159
165
185
2453
2454
2455
166
203
2460
2461
2462
1113
1114
1115
154
1120
1121
1122
155
1127
1128
3925
3926
3929
3931
156
169
2467
2468
2469
170
1141
1142
1143
158
171
2474
2475
2476
172
2481
2482
2483
161
204
2487
2488
2491
167
2494
2495
2498
162
168
652
653
654
1175
1176
1179
2579
2582
2584
163
169
1183
1184
2370
2371
2374
2586
2588
2591
4114
4115
4118
4120
205
2502
2503
2504
166
206
2509
2510
2511
172
2516
2517
2518
187
1211
1212
4254
4255
4258
4260
1218
1219
1220
1225
1226
4275
4276
4279
4280
2523
2524
2525
191
1239
1240
2419
2420
2422
4352
4353
4356
4358
2530
2531
2532
192
2537
2538
2539
194
658
659
661
1259
1260
1263
2404
2407
2408
2641
2645
2646
207
2543
2544
2547
673
674
675
1273
1274
1277
1281
1282
1283
2411
2413
2415
2440
2441
2444
198
208
2551
2552
2553
199
2558
2559
2560
209
2565
2566
2567
2571
2572
2575
2578
2579
2582
2586
2587
2588
1330
1331
1332
2593
2594
2595
2600
2601
2602
194
2606
2607
2610
581
1356
1357
1360
196
583
1364
1367
4831
4833
4834
4837
190
197
584
1371
1373
4845
4846
4850
4851
191
1378
1380
2418
2420
2423
4866
4867
4870
4872
192
199
2614
2615
2616
193
586
1392
1393
1394
463
609
5897
5898
5899
187
1399
1400
1401
189
465
5904
5905
5906
190
197
466
1406
1407
1408
198
610
2621
2622
2623
192
199
2628
2629
2630
200
468
611
1427
1428
1429
1434
1435
1436
189
561
5874
5876
5878
5880
5910
5911
5914
5916
562
1433
1435
1437
1439
1440
1441
1445
1446
5905
5906
5909
563
1441
1442
1443
1448
1450
5020
5021
5024
5025
2635
2636
2637
565
5911
5912
5913
2641
2642
2645
210
567
1469
1472
5104
5106
5107
5110
569
1476
1479
5132
5134
5135
5137
570
1483
1485
5167
5168
5171
5172
211
2649
2650
2651
2656
2657
2658
212
572
1504
1505
1506
1511
1512
1513
208
610
2663
2664
2665
209
2670
2671
2672
207
2676
2677
2680
2684
2685
2686
209
2691
2692
2693
2697
2698
2701
211
2705
2706
2707
2712
2713
2714
612
1617
1618
1621
610
2719
2720
2721
611
614
1632
1633
1634
214
232
236
240
234
239
243
218
231
271
218
219
232
240
218
219
275
235
276
805
806
809
241
232
236
1643
1644
1645
279
1539
1650
1651
1652
233
255
280
1657
1658
1659
237
256
1540
1664
1665
1666
238
1541
1671
1672
1673
234
239
258
1678
1679
1680
235
283
1685
1686
1687
229
230
236
240
229
230
1546
238
798
800
803
1547
241
235
293
234
235
1644
1645
1647
262
296
1692
1693
1694
263
1678
1679
1681
1691
1693
1695
1696
297
1685
1687
1689
1691
1694
1695
1697
1923
1925
1926
238
239
1643
1644
1648
266
1550
1699
1700
1701
1551
1671
1673
1676
1698
1700
1702
1703
5447
5448
5449
268
1678
1680
1682
1698
1701
1703
1704
241
243
261
265
269
263
268
247
265
269
812
814
815
1705
1706
1709
1711
247
382
820
821
824
1576
1705
1707
1709
1710
5573
5574
5575
267
1577
1706
1707
1708
270
384
260
313
1712
1713
1717
1718
252
261
269
813
814
816
1712
1714
1716
1717
252
317
386
827
828
831
1712
1715
1716
1718
2049
2050
2053
264
318
1713
1714
1715
270
387
261
265
1720
1721
1722
321
1580
1727
1728
1729
262
322
1734
1735
1736
266
1581
1741
1742
1743
267
1582
1748
1749
1750
263
268
1755
1756
1757
264
325
1762
1763
1764
328
1775
1776
1779
1781
263
1721
1722
1724
1775
1777
1779
1780
331
1769
1770
1771
1755
1756
1759
1768
1770
1772
1773
332
1776
1777
1778
268
1720
1721
1725
1789
1790
1794
1795
1587
1783
1784
1785
1588
1790
1791
1792
1755
1757
1760
1782
1785
1787
1788
270
397
273
276
293
273
277
294
1796
1798
1799
1802
295
1796
1797
1800
276
277
862
863
865
297
889
890
893
1799
1800
1801
1802
1923
1924
1927
895
897
899
1797
1798
1799
1801
295
299
1803
1805
1806
1161
1811
1812
1813
296
322
1818
1819
1820
301
323
1162
1825
1826
1827
303
1163
1832
1833
1834
297
1839
1840
1841
298
304
326
1845
1847
1848
299
1852
1853
1856
1168
1860
1861
1862
302
341
1169
1867
1868
1869
1873
1874
1877
303
1170
1881
1882
1883
305
1887
1888
1891
1894
1895
1898
327
1901
1902
1903
294
1922
1923
1926
1927
1901
1904
1905
1906
1908
1910
1911
1913
1908
1909
1912
331
1916
1917
1918
1923
1924
1925
333
1929
1930
1933
1936
1937
1940
335
1943
1944
1947
337
1175
1951
1952
1953
342
1176
1958
1959
1960
1177
1965
1966
1967
340
1971
1972
1975
1978
1979
1982
334
1985
1986
1989
346
1259
1993
1994
1995
336
398
1260
2000
2001
2002
347
2006
2007
2010
338
1261
2014
2015
2016
339
2020
2021
2024
350
2027
2028
2031
328
2035
2037
2039
2040
2055
2056
2060
2061
352
2034
2037
2038
2039
2062
2064
2065
2068
329
2034
2035
2036
330
2041
2042
2045
356
2049
2050
2051
332
2056
2057
2058
357
2062
2063
2066
330
334
2069
2071
2072
1266
2077
2078
2079
331
2084
2085
2086
337
1267
2091
2092
2093
338
1268
2098
2099
2100
332
2105
2106
2107
333
340
2111
2113
2114
2118
2119
2120
2126
2128
2130
2131
2146
2147
2150
2151
2125
2126
2127
2132
2133
2136
2140
2141
2142
2147
2148
2149
2153
2154
2157
2160
2161
2164
2167
2168
2171
399
1273
2175
2176
2177
1274
5986
5987
5988
1275
2182
2183
2184
2188
2189
2192
2195
2196
2199
342
1312
2202
2203
2204
1317
2207
2208
2209
344
348
1350
2213
2214
2215
368
1363
2214
2215
2217
2283
2285
2287
4831
4832
4833
366
2219
2220
2223
1461
2227
2228
2229
2233
2234
2237
368
1462
2241
2242
2243
370
1463
2248
2249
2250
2254
2255
2258
371
2261
2262
2265
354
2268
2270
2271
2274
354
358
374
355
375
358
376
951
954
956
2269
2270
2271
2273
358
386
967
968
971
2049
2051
2054
2271
2272
2273
2274
2268
2269
2272
379
388
994
995
998
364
365
366
376
953
954
957
2275
2276
2279
2281
365
390
974
975
978
1468
2275
2277
2279
2280
5104
5105
5106
364
369
1469
2275
2278
2280
2281
2354
364
365
377
391
2355
370
1470
2276
2277
2278
372
378
2356
379
394
994
996
999
371
372
2220
2223
2225
2289
2290
2294
2295
371
372
2361
1475
2283
2284
2285
372
1476
2289
2292
2293
2295
2362
1477
2290
2291
2292
2261
2265
2267
2282
2285
2287
2288
2363
375
378
375
379
376
378
379
378
379
703
396
702
383
384
396
383
384
1002
1003
1006
1613
1614
397
387
388
396
702
387
388
1009
1010
1013
397
703
393
394
395
702
393
394
1016
1017
1020
1617
394
395
393
395
1618
1619
703
397
399
1021
2297
2298
2299
1030
2303
2304
2305
404
405
406
407
404
406
415
1908
404
405
409
1909
1936
405
406
416
1937
411
1910
412
1938
418
411
412
413
411
413
429
1929
411
412
1930
1971
412
413
431
1972
1931
1973
432
418
419
420
418
419
1796
418
420
1852
419
420
1797
1853
1798
1854
425
426
427
428
425
427
436
2132
426
427
437
2160
425
426
430
2133
2161
433
2134
434
2162
439
432
433
434
432
433
2153
433
434
2154
2195
432
434
2196
2155
2197
439
440
441
442
439
441
2041
439
440
1985
440
441
444
1986
2042
446
1987
447
2043
446
447
448
447
448
450
2062
446
447
2027
2063
446
448
452
2028
2029
2064
453
453
454
455
453
455
2268
454
455
2254
2269
453
454
2255
2256
2270
460
461
462
716
723
744
3075
3076
3078
3096
3098
3099
3180
3182
3183
460
461
717
5861
460
462
724
461
462
745
5863
720
727
721
748
3201
3202
3204
5865
729
750
3215
3216
3218
465
468
2309
5898
5899
5900
465
469
560
466
562
5904
5906
5907
468
469
563
570
1406
1408
1409
5936
5939
5940
468
469
571
2310
572
1427
1428
1430
2311
5943
5946
5947
566
573
474
475
476
790
474
476
485
474
475
486
791
2333
475
476
2334
488
794
795
2335
481
482
483
818
825
832
482
483
506
819
2340
481
482
493
507
826
481
483
494
833
2341
495
829
836
509
822
830
823
837
2342
488
489
490
860
867
874
488
490
861
488
489
868
2312
489
490
875
2313
864
871
872
878
2314
866
880
495
496
497
909
916
923
496
497
499
910
2319
495
496
500
917
495
497
924
2320
920
927
502
913
921
914
928
2321
502
503
504
958
965
972
502
504
959
2326
502
503
507
966
503
504
508
973
2327
962
969
510
970
976
963
977
2328
509
510
511
1000
1007
1014
509
511
1001
2347
509
510
1008
510
511
1015
2348
1004
1011
1012
1018
1005
1019
2349
1022
1026
1042
2734
2735
2736
550
1043
2741
2742
2743
1028
1046
2748
2749
2750
551
1025
1048
2755
2756
2757
1063
1070
1091
2762
2763
2764
520
589
1064
2775
2777
2779
2780
520
555
1071
2768
2770
2772
2773
556
591
1092
2768
2771
2772
2774
2775
2778
2779
2781
3787
3788
3789
1068
1074
2761
2762
2765
2766
558
1076
1096
2769
2770
2771
593
1069
1097
2776
2777
2778
595
1161
2782
2783
2786
1168
2789
2790
2793
1163
1170
2796
2797
2800
1164
1171
1189
2804
2805
2806
599
1190
2811
2812
2813
600
1167
1194
2818
2819
2820
1174
1195
2825
2826
2827
534
535
536
1210
1217
1238
4346
4348
4349
534
536
1211
5875
534
535
1218
535
536
1239
5877
1214
1221
1222
1242
1216
1244
5879
574
1259
2831
2832
2835
603
1266
2838
2839
2842
540
932
933
934
1261
1268
2832
2833
2834
2837
2839
2840
2841
2844
542
543
1262
1269
1287
578
606
1288
2846
2847
2848
579
1265
1292
2834
2835
2836
2837
2845
2847
2849
2851
2935
2937
2938
607
1272
1293
2841
2842
2843
2844
2845
2848
2850
2851
3019
3021
3022
4479
4480
4482
1308
1313
1329
2861
2862
2863
1330
2867
2870
2871
2873
2874
2877
2879
2880
1310
1333
2868
2869
2870
1316
1335
2875
2876
2877
1351
1358
2881
2884
2885
2886
2889
2890
4796
4800
4801
1352
1359
1377
2886
2887
2888
552
1378
2741
2743
2745
2892
2895
2896
2898
1354
1381
2893
2894
2895
1361
1382
2885
2888
2890
2891
557
558
559
1398
1412
4930
4932
4933
5896
557
559
5881
5897
557
558
1399
558
559
1413
4938
4939
4940
5883
1402
5901
1403
1416
2770
2771
2772
4958
4959
4961
1418
5884
5902
562
566
562
565
563
565
566
584
1441
1443
1446
5957
5960
5961
565
566
585
586
5911
5912
5916
587
612
5921
5922
5924
573
582
5929
5930
5933
5934
583
5928
5929
5931
584
5935
5936
5939
573
613
5945
5946
5947
5948
614
5942
5943
5946
587
5938
5939
5940
5941
1461
2899
2900
2903
616
1468
2906
2907
2910
1463
1470
2913
2914
2917
1464
1471
1489
2921
2922
2923
619
1490
2928
2929
2930
1466
1493
2935
2936
2937
620
1474
1495
2942
2943
2944
586
1357
1360
1362
5949
5952
5953
5954
587
5950
5952
5954
5955
5949
5950
5951
5956
5957
5960
586
587
1392
1393
1397
5957
5958
5959
5961
5959
5960
5961
5962
592
593
594
1510
1521
5981
592
593
1511
592
594
5882
5982
593
594
1522
5309
5310
5311
5883
1515
5983
1516
1525
2777
2778
2779
5329
5330
5332
1527
5885
5984
1539
2948
2949
2952
601
1546
2334
2335
2336
2339
2956
2957
2958
2961
1541
1547
2955
2956
2959
1542
1548
1558
2963
2964
2965
1559
2970
2971
2972
1544
1563
2977
2978
2979
1549
1564
2962
2965
2967
2968
2969
2972
2974
2975
615
1576
2983
2984
2987
1580
2990
2991
2994
1577
1582
2997
2998
3001
1578
1583
1595
3005
3006
3007
619
1596
3012
3013
3014
1585
1599
3019
3020
3021
621
1579
1601
3026
3027
3028
2309
5881
5884
5886
5887
5897
5899
5902
5970
5973
5975
5976
5963
5964
5965
2311
5970
5971
5972
614
1618
1621
1623
5922
5924
5927
614
2310
1632
1633
1637
2311
5942
5946
5948
1613
3039
3040
3043
1617
3046
3047
3050
618
1614
1619
3040
3041
3042
3045
3047
3048
3049
3052
1615
1620
1624
3060
3062
3065
3066
3067
3069
3072
3073
1625
3054
3055
3056
1622
1628
3061
3062
3063
1616
1629
3068
3069
3070
626
627
628
1649
1656
1663
626
628
637
1650
2676
627
628
631
638
1657
626
627
632
1664
2677
1654
1667
2678
634
1661
1669
641
1655
1662
633
634
635
1726
1733
1740
633
635
665
1727
2697
634
635
666
1734
633
634
1741
2698
1731
1744
2699
1737
1745
669
1732
1739
640
641
642
1810
1817
1824
640
641
1811
2487
641
642
666
1818
640
642
667
1825
2488
1815
1828
2489
1816
1821
670
1823
1830
647
648
649
1859
1866
1876
647
649
1860
2494
647
648
679
1867
2495
648
649
680
1877
1864
1870
2496
682
1872
1878
1865
1879
654
655
656
1946
1950
1957
655
656
672
683
1947
654
655
674
1951
654
656
685
1958
1954
1961
676
1948
1956
687
1949
1963
661
662
663
1992
1999
2009
661
662
696
1993
661
663
706
2000
662
663
697
707
2010
1997
2003
700
1998
2011
709
2005
2012
668
669
670
2076
2083
2090
668
669
2077
2543
669
670
2084
668
670
2091
2544
2081
2094
2545
2082
2087
2088
2095
675
676
677
2170
2174
5985
676
677
711
2171
675
677
712
2175
675
676
5986
2178
5989
2172
5990
715
2173
2180
681
2571
681
682
2202
2572
682
2205
2573
2206
687
711
686
713
2578
686
687
2207
2579
2210
2580
2211
692
693
694
2212
692
694
705
2606
693
694
697
707
692
693
698
2213
2607
2216
2608
701
2218
710
699
700
701
2226
2236
2240
699
700
2227
2641
700
701
2237
699
701
2241
2642
2231
2244
2643
2232
2238
2239
2245
703
708
709
710
2296
708
710
2403
708
709
2297
2404
709
710
2300
2405
2301
715
714
715
2303
714
2306
2307
730
751
3075
3076
3077
720
721
766
720
731
1065
3088
3090
3092
3094
752
768
1066
3082
3083
3084
734
3074
3075
3078
3079
755
770
3074
3076
3078
3080
3081
3083
3085
3086
3250
3251
3253
735
756
1067
3089
3090
3091
730
758
3096
3097
3098
727
729
727
728
732
1114
728
729
759
1115
3279
3280
3281
734
3095
3096
3099
3100
736
762
1116
3095
3097
3100
3101
3124
3125
3127
3299
3300
3302
764
3095
3098
3099
3101
3313
3314
3316
737
3103
3104
3105
734
1078
3116
3118
3120
3122
734
1127
3123
3125
3127
3129
738
1080
1129
3110
3111
3112
3102
3103
3106
3107
741
1081
3117
3118
3119
742
1130
3124
3125
3126
751
758
3131
3132
3133
1085
1134
3138
3139
3140
753
1087
1184
3145
3146
3147
760
1136
1185
3152
3153
3154
756
1088
3159
3160
3161
762
1137
3166
3167
3168
757
763
1186
3173
3174
3175
751
758
3180
3181
3182
777
2375
2376
2379
2381
3200
3202
3204
3206
3214
3216
3218
3220
754
778
1191
3187
3188
3189
761
1192
3194
3195
3196
755
780
3201
3202
3203
757
763
1193
3208
3209
3210
764
3215
3216
3217
3222
3223
3224
784
1106
3229
3230
3231
1107
1198
3236
3237
3238
786
1199
3243
3244
3245
787
3250
3251
3252
1109
3257
3258
3259
1200
3264
3265
3266
3271
3272
3273
1155
3278
3279
3280
1156
1205
3285
3286
3287
1206
3292
3293
3294
1158
3299
3300
3301
1207
3306
3307
3308
3313
3314
3315
769
770
771
783
5860
5888
769
770
5861
769
771
1512
5889
770
771
784
1513
3082
3083
3086
3328
3329
3331
5864
5890
787
3348
3349
3352
5865
788
1514
3355
3356
3358
5891
774
775
783
5888
5892
774
775
785
1518
1555
3335
3336
3337
5476
5477
5479
788
1519
3355
3357
3359
5891
789
1556
3362
3363
3365
5894
780
781
782
783
5860
5892
780
782
5863
786
1560
3320
3321
3322
781
782
1561
5893
787
3202
3203
3206
3319
3321
3323
3324
3348
3350
3353
5865
789
1562
3319
3322
3324
3325
3362
3364
3366
5512
5513
5514
5894
5866
5895
3347
3348
3352
3353
3354
3355
3358
3359
3361
3362
3365
3366
1529
3327
3328
3329
1530
1567
3334
3335
3336
1568
3341
3342
3343
3348
3349
3350
1532
3355
3356
3357
1569
3362
3363
3364
794
795
796
797
804
794
795
868
2948
795
796
799
1651
2949
794
796
807
870
1652
808
871
801
2950
802
810
1653
801
802
803
802
803
1671
801
802
1672
2955
801
803
2956
2957
1674
808
809
810
809
810
1685
808
809
890
808
810
891
1686
892
1688
815
816
817
839
846
815
817
840
1720
816
817
847
1722
815
816
844
851
845
852
1723
822
823
824
839
822
823
1001
2983
823
824
841
2984
822
824
1003
1004
843
2985
844
829
830
831
846
829
830
917
1008
829
831
848
918
830
831
1009
850
920
1011
851
836
837
838
839
846
836
837
924
2990
837
838
842
1728
2991
836
838
849
926
1729
850
927
843
2992
845
852
1730
843
844
845
844
845
1706
1748
843
844
1707
2997
843
845
1749
2998
2999
1709
1751
850
851
852
851
852
1714
1762
850
851
939
1715
850
852
940
1763
941
1716
1765
857
859
895
1797
1853
857
858
859
881
888
896
858
859
882
1805
1856
857
858
889
1800
1806
893
899
1801
886
894
1807
887
900
1857
864
865
866
888
896
864
866
864
865
890
865
866
897
892
893
899
901
871
872
873
881
888
871
872
2782
872
873
883
1812
2783
871
873
891
1813
892
885
2784
886
894
1814
878
879
880
881
896
878
880
2789
878
879
884
1861
2790
879
880
898
1862
885
2791
887
900
1863
901
885
886
887
886
887
1832
1881
885
886
1833
2796
885
887
1882
2797
2798
1835
1884
892
893
894
893
894
1839
892
893
892
894
1840
1842
899
900
1894
899
900
901
899
901
900
901
1898
1899
906
907
944
1986
2042
906
907
908
930
937
945
906
908
931
1989
2071
907
908
938
2045
2072
935
949
1990
942
950
2046
936
943
2073
913
914
915
930
945
913
914
959
2831
914
915
932
1994
2832
913
915
946
961
1995
948
962
934
2833
935
949
1996
920
921
922
937
945
920
921
966
920
922
939
2050
921
922
947
967
2051
941
948
969
942
950
2052
927
928
929
930
937
927
928
2838
928
929
933
2078
2839
927
929
940
2079
941
934
2840
936
943
2080
934
935
936
935
936
2014
2098
934
935
2015
934
936
2099
2017
2101
941
942
943
942
943
2057
2105
941
942
2058
941
943
2106
2059
2108
949
950
2027
2063
948
949
950
948
949
988
2031
948
950
989
2066
990
2032
2067
955
956
986
2219
955
956
957
979
987
993
955
957
980
2223
956
957
994
984
991
2224
992
998
985
999
962
963
964
979
987
962
963
2899
963
964
981
2228
2900
962
964
988
2229
990
983
2901
984
991
2230
969
970
971
987
993
969
970
1008
969
971
989
970
971
995
1010
990
997
1012
992
998
976
977
978
979
993
976
977
1015
2906
977
978
982
2907
976
978
996
1017
997
1018
983
2908
985
999
983
984
985
984
985
2248
2276
983
984
2249
2913
983
985
2277
2914
2915
2251
2279
991
992
2254
2269
990
991
992
990
991
2258
990
992
2272
2259
2273
997
998
999
998
999
997
998
997
999
1004
1005
1006
1004
1005
3039
1005
1006
3040
1004
1006
3041
1011
1012
1013
1011
1012
1011
1013
1012
1013
1018
1019
1020
1018
1019
3046
1019
1020
3047
1018
1020
3048
1030
1260
3374
3375
3378
1031
1056
3388
3389
3390
1057
1263
1353
3395
3396
3397
1033
1061
1264
3377
3378
3379
3380
3387
3389
3392
3393
3394
3396
3398
3399
1062
1354
3402
3403
3404
1031
1049
3417
3418
3419
1050
1309
3424
3425
3426
1053
3431
3432
3433
1034
1055
1311
3438
3439
3440
1033
1273
2303
2305
2306
3375
3378
3379
3450
3451
3452
3454
1035
3457
3458
3459
1033
1036
1277
1319
3463
3466
3468
3469
1040
1278
3456
3458
3460
3462
1041
1320
3464
3465
3466
1049
1056
3471
3472
3473
1040
1281
1323
2410
2411
2415
2416
3498
3500
3502
3504
1051
1233
1324
3478
3479
3480
1058
1234
1282
3485
3486
3487
1054
1060
1235
3492
3493
3494
1061
1284
3470
3472
3474
3476
3484
3487
3488
3490
1055
1326
3499
3500
3501
1049
1056
3506
3507
3508
1378
3513
3514
3515
1052
1240
3520
3521
3522
1059
1241
1379
3527
3528
3529
1053
3534
3535
3536
1054
1060
1243
3541
3542
3543
1062
1381
3548
3549
3550
3555
3556
3557
1337
3562
3563
3564
1247
1338
3569
3570
3571
1248
3576
3577
3578
3583
3584
3585
1250
3590
3591
3592
1341
3597
3598
3599
3604
3605
3606
1295
1385
3611
3612
3613
1254
1296
3618
3619
3620
1255
1387
3625
3626
3627
1256
3632
3633
3634
1298
3603
3605
3607
3608
3610
3612
3614
3615
3617
3620
3621
3623
1388
3639
3640
3641
1077
1105
3646
3647
3648
1068
1511
3666
3668
3670
3672
1068
1078
3659
3661
3663
3664
1106
1513
3653
3654
3655
1081
1109
3660
3661
3662
1082
3645
3647
3649
3650
1111
1516
3667
3668
3669
1077
1098
3674
3675
3676
1074
1399
3694
3696
3698
3700
1074
1079
1212
3687
3689
3691
3693
1099
1213
1401
3681
3682
3683
1082
3673
3674
3677
3678
1083
1102
1215
3688
3689
3690
1104
1403
3695
3696
3697
1084
3702
3703
3704
1082
3715
3717
3719
3720
1082
1225
3722
3724
3726
3728
1085
1227
3709
3710
3711
1088
3716
3717
3718
3701
3703
3705
3706
1089
1229
3723
3724
3725
1098
1105
3730
3731
3732
1232
3737
3738
3739
1100
1234
1282
3744
3745
3746
1107
1283
3751
3752
3753
1109
3758
3759
3760
1102
1236
3765
3766
3767
1103
1110
1285
3772
3773
3774
1098
1105
3779
3780
3781
1413
1522
3786
3787
3788
1101
1289
1414
3793
3794
3795
1108
1290
1523
3800
3801
3802
1103
1110
1291
3807
3808
3809
1104
1416
3814
3815
3816
1111
1525
3821
3822
3823
3828
3829
3830
1253
1420
3835
3836
3837
1254
1296
3842
3843
3844
1297
1422
3849
3850
3851
1257
3856
3857
3858
1299
3863
3864
3865
1423
3870
3871
3872
3877
3878
3879
1529
3884
3885
3886
1303
3891
3892
3893
1304
1531
3898
3899
3900
3905
3906
3907
1305
3912
3913
3914
1533
3919
3920
3921
1116
1117
1118
1126
1154
4017
4019
4020
5867
1117
1118
5868
1116
1117
1127
1116
1118
1155
1130
1158
3933
3934
3937
4038
4039
4042
1131
5871
1160
5873
1123
1124
1125
1126
1147
5867
1123
1124
5869
1123
1125
1128
1219
1124
1125
1148
1220
1131
5871
1151
5872
1132
1152
1223
4003
4004
4006
1131
1132
1133
3932
3933
3937
3938
3940
3941
3943
1131
3932
3934
3936
3937
1131
1132
1226
1134
1227
3926
3927
3928
1137
3933
3934
3935
1138
1230
3925
3928
3930
3931
3975
3976
3978
4291
4292
4293
1147
1154
3940
3941
3942
1232
3947
3948
3949
1149
1233
1324
3954
3955
3956
1156
1325
3961
3962
3963
1158
3968
3969
3970
1152
1237
3975
3976
3977
1153
1159
1327
3982
3983
3984
1144
1146
1147
1154
3988
3989
3992
3993
4018
4019
4022
5867
1144
1146
5870
1144
1150
1331
3988
3990
3992
3994
1146
1157
1332
3988
3991
3993
3994
4032
4033
4034
1151
5872
1153
1159
1334
3989
3990
3991
1160
5873
1151
3941
3942
3944
4002
4003
4006
4007
4009
4010
4013
4014
1151
1246
2473
2474
2477
2478
4002
4004
4006
4008
1247
1338
3996
3997
3998
1151
1339
2473
2476
2477
2479
4009
4012
4014
4015
4707
4709
4711
1251
4003
4004
4005
1342
4010
4011
4012
4017
4018
4019
1160
2480
2481
2484
2486
3278
3279
3282
4037
4039
4041
4042
1345
4024
4025
4026
1346
4031
4032
4033
4038
4039
4040
1347
4045
4046
4047
4016
4019
4020
4022
4030
4033
4034
4036
1539
4051
4052
4055
1166
1175
1267
1825
1826
1828
2488
2489
2490
2492
4059
4060
4061
4064
1177
4058
4059
4062
1166
1178
1196
2804
2805
2807
4061
4062
4063
4064
4065
4067
4069
4070
1166
1197
1270
1543
2490
2491
2492
2493
4065
4068
4070
4071
4179
4180
4181
5420
5421
5423
1180
1201
1271
1202
1544
4066
4067
4068
4072
4073
4076
1176
1312
4079
4080
4083
1177
4086
4087
4090
1178
1203
5993
5994
5995
1204
1314
4094
4095
4096
1181
1208
1315
4101
4102
4103
1209
4108
4109
4110
1177
1180
1274
1951
1952
1954
1177
1181
1317
1958
1959
1961
4080
4083
4084
4588
4592
4593
1178
1966
1967
1968
4059
4062
4064
4087
4090
4092
1180
1181
1182
5993
5994
5997
1180
1181
1183
1277
1319
1187
1279
1188
1321
4101
4102
4104
4616
4618
4619
1187
1188
1196
1203
4121
4122
4126
4127
4206
4207
4210
1187
1188
1281
1323
1187
1198
1283
3145
3147
3150
4121
4123
4125
4126
1205
1325
4115
4116
4117
1200
1207
4122
4123
4124
1201
1286
1208
1328
4114
4117
4119
4120
4241
4243
4245
4659
4660
4661
1196
1203
4129
4130
4131
1559
4136
4137
4138
1199
1560
4143
4144
4145
1206
4150
4151
4152
1200
1207
4157
4158
4159
1202
1563
4164
4165
4166
1209
4171
4172
4173
1201
4129
4130
4133
4191
4192
4196
4197
4198
4199
4202
4203
1302
1566
4178
4179
4180
1201
1303
2508
2510
2512
2513
3236
3238
3241
4191
4193
4195
4196
1568
4185
4186
4187
4192
4193
4194
1306
4177
4179
4181
4182
1570
4199
4200
4201
4206
4207
4208
1344
4213
4214
4215
1345
4220
4221
4222
4227
4228
4229
4234
4235
4236
1348
4241
4242
4243
4248
4249
4250
1214
1216
1224
1252
4261
4262
4266
4267
4269
4270
4272
4403
4404
4405
1214
1216
1434
1214
1225
4261
4263
4265
4266
1253
1436
4255
4256
4257
1228
1229
1257
4262
4263
4264
1258
1438
4254
4257
4259
4260
4444
4445
4447
1221
1222
1223
1224
1245
4269
4271
4273
4367
4369
4370
1221
1222
1221
1223
1226
1222
1223
1246
1228
1249
1230
1251
4290
4291
4294
4395
4396
4399
1231
4269
4270
4271
1228
4282
4284
4286
4287
1228
4289
4291
4293
4294
1232
4276
4277
4278
4268
4269
4272
4273
1236
4283
4284
4285
1237
4290
4291
4292
1245
1252
4297
4298
4299
4304
4305
4306
1247
4311
4312
4313
1254
4318
4319
4320
1250
1256
4325
4326
4327
1257
4332
4333
4334
1251
4339
4340
4341
1245
1252
4346
4347
4348
1242
1244
1448
1242
1248
3520
3522
3525
4359
4361
4363
4364
4382
4383
4386
1255
1449
4353
4354
4355
1249
4345
4346
4349
4350
1250
1256
4360
4361
4362
1258
1451
4345
4348
4349
4351
4352
4355
4357
4358
4444
4446
4448
4367
4368
4369
1249
2529
2530
2533
2535
4394
4396
4398
4399
4374
4375
4376
4381
4382
4383
4366
4367
4370
4372
4380
4382
4384
4386
4388
4389
4390
4395
4396
4397
4402
4403
4404
1455
4409
4410
4411
4416
4417
4418
1457
4423
4424
4425
4430
4431
4432
4437
4438
4439
1458
4444
4445
4446
1261
1265
1461
1993
1994
1997
2832
2835
2837
5055
5059
5061
1261
1264
1273
2000
2001
2003
3374
3378
3380
1262
1275
2015
2016
2018
1264
1265
1276
1294
1264
1265
1295
1465
3395
3396
3399
5084
5085
5087
1278
1298
1300
1466
5091
5093
5095
1580
4450
4451
4454
1268
1271
1274
2091
2092
2094
2544
2545
2546
2548
1269
1275
2099
2100
2102
4451
4452
4453
4455
1271
1272
1276
1301
1271
1272
1302
1584
2546
2547
2548
2549
5630
5631
5633
1279
1306
1307
1585
4453
4454
4455
4456
5637
5639
5641
1275
1278
2175
2176
2178
1275
1279
5986
5987
5989
1276
2183
2184
2185
1278
1279
1280
1278
1279
1281
1284
1286
1284
1285
1286
1294
1301
1284
1286
1284
1285
1296
3485
3487
3490
3744
3746
3749
1285
1286
1303
3751
3753
3756
1298
1299
1305
3773
3774
3777
1306
1291
1292
1294
1301
4478
4479
4482
4483
1490
1596
4458
4459
4460
1297
1491
4465
4466
4467
1304
1597
4472
4473
4474
1299
1305
3808
3809
3812
4464
4466
4468
4469
4471
4473
4475
4476
1300
1493
4457
4459
4461
4462
4464
4467
4469
4470
5218
5219
5221
1307
1599
4479
4480
4481
1298
1299
1300
1298
1300
1497
2557
2558
2561
2563
3611
3612
3615
5245
5246
5248
1298
1299
2557
2559
2561
2562
3618
3620
3623
3842
3844
3847
1499
4486
4487
4488
3864
3865
3868
4485
4487
4489
4490
1500
4485
4488
4490
4491
5267
5268
5269
1305
1306
1307
1306
1307
1603
2564
2565
2569
2570
4178
4179
4182
5763
5764
5766
1305
1306
2564
2566
2568
2569
3891
3893
3896
1605
4493
4494
4495
3913
3914
3917
4492
4494
4496
4497
1606
4479
4481
4483
4492
4495
4497
4498
5785
5786
5787
1318
1336
4508
4509
4510
1337
4515
4516
4517
1340
4522
4523
4524
1320
1341
4529
4530
4531
1317
4541
4542
4545
1318
1343
4555
4556
4557
1344
4562
4563
4564
1321
1348
4569
4570
4571
1349
4576
4577
4578
4588
4589
4592
1322
4602
4603
4604
1323
2581
2582
2583
2584
4608
4611
4612
4614
4615
4618
4619
4621
1326
4609
4610
4611
1328
4616
4617
4618
1336
1343
4623
4624
4625
2585
2586
2589
2591
4643
4645
4647
4648
4657
4659
4661
4662
1338
4630
4631
4632
1345
4637
4638
4639
1341
4644
4645
4646
1342
1347
4651
4652
4653
1348
4658
4659
4660
1336
1343
4665
4666
4667
1333
4678
4680
4682
4684
1333
1339
4671
4673
4675
4676
4708
4709
4712
1346
4671
4674
4675
4677
4678
4681
4683
4684
4757
4758
4760
1340
2869
2870
2873
4664
4665
4668
4669
4714
4716
4719
1342
1347
4672
4673
4674
1349
4679
4680
4681
4686
4687
4688
4693
4694
4695
4700
4701
4702
4707
4708
4709
4714
4715
4716
4721
4722
4723
4728
4729
4730
4735
4736
4737
4742
4743
4744
4749
4750
4751
4756
4757
4758
4763
4764
4765
4770
4771
4772
4777
4778
4779
1363
1462
4789
4790
4793
1365
4796
4797
4800
1366
1384
4804
4805
4806
1385
1465
4811
4812
4813
1388
4818
4819
4820
1368
1390
1467
4825
4826
4827
1358
1361
1358
1362
1364
1359
1365
1361
1362
1366
1391
2886
2888
2890
1361
1362
1392
1395
1369
1397
1475
4831
4832
4835
1365
1369
5949
1366
4797
4800
4802
4832
4833
4834
4836
1369
1370
4804
4806
4808
4838
4840
4842
4843
1369
1371
1479
4838
4841
4843
4844
5951
1375
1480
4839
4840
4841
1376
5953
1374
1376
1384
1391
4852
4853
4856
4857
4882
4883
4885
1376
1483
4852
4854
4856
4858
5956
1386
1442
1484
4846
4847
4848
1374
1376
1393
1443
5957
1389
1396
1444
4845
4847
4849
4850
4916
4917
4919
1390
1486
4853
4854
4855
1397
5958
1384
1391
4860
4861
4862
1382
3513
3515
3518
4873
4875
4877
4878
1387
1449
4867
4868
4869
1382
1383
1394
1450
1388
4874
4875
4876
1395
4859
4861
4863
4865
1389
1396
1453
4859
4862
4864
4865
4866
4869
4871
4872
4916
4918
4920
4881
4882
4883
1497
4888
4889
4890
1456
1498
4895
4896
4897
1457
4902
4903
4904
4909
4910
4911
1459
4916
4917
4918
1501
4923
4924
4925
1395
1396
1397
4861
4862
4865
1395
1397
1396
1397
5912
1395
1396
5913
5915
1402
1403
1404
1419
4972
4973
4975
5903
1402
1403
1402
1404
1435
5905
1403
1404
1420
1436
3681
3683
3686
4980
4981
4983
5908
1423
3696
3697
3700
5000
5001
5004
1424
1439
5007
5008
5010
5909
1409
1410
1411
1419
1426
4973
4974
4976
5903
1409
1410
1441
5906
1410
1411
1421
1442
1484
4987
4988
4989
5168
5170
5172
1409
1411
1428
1485
1430
5907
1424
1445
5007
5009
5011
5909
1425
1431
1487
5014
5015
5017
5183
5184
5185
1419
1426
4930
4931
4932
3032
4937
4938
4939
1422
1491
4944
4945
4946
1429
1492
3033
4951
4952
4953
1423
4958
4959
4960
1425
1431
1494
4965
4966
4967
1432
3035
4929
4932
4933
4935
4936
4939
4940
4941
4950
4953
4954
4955
4972
4973
4974
1455
4979
4980
4981
1456
1498
4986
4987
4988
1499
4993
4994
4995
5000
5001
5002
1460
5007
5008
5009
1502
5014
5015
5016
1430
1431
1432
4931
4932
4935
5896
1430
1432
5899
5970
1430
1431
1505
1431
1432
1506
4952
4953
4955
5972
5900
1507
4965
4967
4969
5295
5296
5297
5902
5973
1437
1438
1439
1454
5874
1437
1438
5875
1437
1439
1438
1439
1455
4255
4257
4260
5029
5030
5033
5878
1458
5049
5050
5053
5879
1460
1444
1445
1446
1454
5910
1445
1446
1444
1445
1456
4846
4847
4850
5036
5037
5040
1444
1446
5912
1459
5915
1460
5916
1451
1452
1453
1454
5874
5910
1451
1452
5877
1457
5021
5022
5023
1452
1453
5913
1458
5020
5022
5024
5026
5049
5051
5054
5879
5880
5914
1459
5020
5023
5025
5026
5915
1459
1460
5048
5049
5053
5054
5028
5029
5030
5035
5036
5037
5042
5043
5044
5049
5050
5051
4917
4918
4921
5034
5036
5038
5040
5041
5044
5046
5047
5008
5009
5012
5027
5030
5032
5033
5034
5037
5039
5040
5055
5056
5059
1475
5062
5063
5066
1477
5069
5070
5073
1478
1496
5077
5078
5079
1497
5084
5085
5086
1500
5091
5092
5093
1480
1501
5098
5099
5100
1617
5104
5105
5108
1473
1476
5112
5113
5114
5117
5921
1477
5111
5112
5115
1478
1503
5119
5120
5121
1473
1504
1621
5125
5128
5130
5131
5924
1481
1508
5118
5120
5123
5124
5925
1509
1622
5126
5127
5128
5132
5133
5136
1481
5140
5141
5142
5145
5928
5139
5140
5143
1482
5147
5148
5149
1481
1483
5153
5156
5157
5159
5931
1486
5154
5155
5156
1488
5146
5149
5151
5152
5932
1496
1503
5161
5162
5163
1488
5174
5176
5178
5179
5935
1498
5168
5169
5170
1488
1505
5181
5184
5185
5187
5936
1501
5175
5176
5177
1502
1507
5182
5183
5184
1508
5160
5163
5164
5166
5937
1496
1503
5189
5190
5191
1625
5196
5197
5198
1499
5203
5204
5205
1506
1626
5210
5211
5212
1500
5217
5218
5219
1502
1507
5224
5225
5226
1509
1628
5231
5232
5233
5238
5239
5240
5245
5246
5247
5252
5253
5254
5259
5260
5261
5266
5267
5268
5273
5274
5275
5280
5281
5282
5287
5288
5289
1508
1632
5300
5302
5304
5306
5942
1508
5293
5295
5297
5298
5943
1634
5211
5212
5214
5293
5296
5297
5299
5300
5303
5305
5306
5294
5295
5296
5286
5288
5290
5291
5944
1635
5301
5302
5303
1514
1515
1516
1528
5343
5344
5346
5917
1515
1516
1514
1515
5918
1514
1516
1529
3653
3655
3658
5351
5352
5355
1532
5371
5372
5375
5919
5920
1533
3668
3669
3672
5378
5379
5382
1519
1520
1528
1535
5343
5345
5347
5917
1519
1520
1530
1592
5358
5359
5361
5686
5687
5689
1532
5371
5373
5376
5919
1534
1537
1593
5385
5386
5388
5694
5695
5696
1527
1528
1535
5328
5329
5332
5334
5335
5336
5339
5340
5344
5345
5348
3032
5308
5309
5310
1531
1597
5315
5316
5317
1536
1598
3034
5322
5323
5324
1533
5329
5330
5331
1534
1537
1600
5336
5337
5338
1538
3036
5307
5310
5311
5312
5321
5324
5325
5326
5343
5344
5345
5350
5351
5352
1604
5357
5358
5359
1605
5364
5365
5366
5371
5372
5373
5378
5379
5380
1607
5385
5386
5387
1537
1538
5981
1537
1538
1610
5323
5324
5326
5977
1611
5336
5338
5340
5813
5814
5815
5978
5984
5391
5392
5395
1550
1581
5398
5399
5402
1551
5405
5406
5409
1552
1565
5413
5414
5415
1566
1584
5420
5421
5422
1570
5427
5428
5429
1553
1571
1586
5434
5435
5436
1547
1549
1548
1551
2956
2959
2961
5448
5451
5453
1549
1552
1572
2963
2965
2967
5455
5457
5459
1575
1587
5440
5441
5444
5447
5448
5451
1554
5455
5456
5457
1557
1590
5462
5463
5464
1565
1572
5469
5470
5471
1567
1592
5476
5477
5478
1569
1574
5468
5469
5473
5474
5475
5477
5479
5480
5553
5554
5557
1571
1594
5483
5484
5485
1565
1572
5490
5491
5492
5497
5498
5499
1568
5504
5505
5506
1564
1573
2683
2686
2687
2689
5510
5513
5514
5516
1569
1574
5511
5512
5513
1570
5518
5519
5520
1575
5489
5492
5493
5495
5496
5499
5500
5502
5525
5526
5527
1603
5532
5533
5534
1604
5539
5540
5541
5546
5547
5548
5553
5554
5555
5560
5561
5562
1608
5567
5568
5569
1574
1575
5469
5471
5474
5490
5492
5495
1574
1575
5893
5511
5513
5516
5894
1613
5573
5574
5577
1588
5580
5581
5584
1589
1609
5588
5589
5590
1612
1616
5595
5596
5597
5601
5602
5605
1587
5608
5609
5612
1588
5615
5616
5619
1589
1602
5623
5624
5625
1603
5630
5631
5632
1606
5637
5638
5639
1590
1608
5644
5645
5646
5650
5651
5654
5657
5658
5661
1591
5665
5666
5667
1594
5672
5673
5674
1602
1609
5679
5680
5681
1604
5686
5687
5688
1607
1611
5693
5694
5695
1608
5700
5701
5702
1602
1609
5707
5708
5709
1625
5714
5715
5716
1605
5721
5722
5723
1610
1627
5728
5729
5730
1606
5735
5736
5737
1607
1611
5742
5743
5744
1612
1629
5749
5750
5751
5756
5757
5758
5763
5764
5765
5770
5771
5772
5777
5778
5779
5784
5785
5786
5791
5792
5793
5798
5799
5800
5805
5806
5807
1639
5729
5730
5732
5811
5814
5815
5817
5818
5821
5823
5824
5812
5813
5814
1640
5819
5820
5821
1614
1616
3040
3043
3045
5573
5577
5579
1615
1616
1638
1640
3068
3069
3072
5595
5597
5600
1619
1622
3047
3050
3052
5104
5108
5110
1619
1623
1620
1622
1623
1631
1622
1623
1632
1635
3061
3062
3065
5126
5128
5131
1637
1630
1631
1638
5846
5847
5850
5852
5853
5854
5857
5859
5826
5827
5828
1634
3033
5833
5834
5835
1639
3034
5840
5841
5842
1635
5847
5848
5849
1640
5854
5855
5856
1636
1641
3037
5832
5835
5836
5838
5839
5842
5843
5845
1635
1636
1637
1635
1637
1636
1637
5971
1635
1636
5834
5835
5838
5972
5302
5303
5306
5847
5849
5852
5974
1640
1641
1640
1641
5841
5842
5845
5977
5820
5821
5824
5854
5856
5859
5979
1646
1647
1648
1670
1677
1684
1646
1648
1671
1647
1648
1678
1646
1647
1685
1674
1688
1681
1689
1676
1682
1653
1654
1655
1670
1684
1654
1655
1811
5391
1653
1654
1672
5392
1653
1655
1686
1813
1674
1688
1675
5393
1690
1816
1660
1661
1662
1677
1684
1661
1662
1734
1818
1660
1661
1679
1693
1735
1660
1662
1687
1694
1819
1681
1689
1695
1683
1737
1690
1821
1667
1668
1669
1670
1677
1667
1669
1741
5398
1667
1668
1673
1700
5399
1668
1669
1680
1701
1743
1675
5400
1676
1682
1703
1683
1745
1674
1675
1676
1674
1676
1674
1675
5405
1675
1676
5406
5407
1681
1682
1683
1681
1682
1681
1683
1756
1682
1683
1757
1758
1688
1689
1690
1688
1689
1688
1690
1840
1689
1690
1841
1843
1695
1696
1697
1696
1697
1769
1916
1695
1696
1770
1695
1697
1917
1772
1919
1702
1703
1704
1702
1704
1783
5440
1702
1703
5441
1703
1704
1785
5442
1787
1709
1710
1711
1709
1711
1790
1709
1710
5580
1710
1711
1791
5581
5582
1794
1716
1717
1718
1717
1718
1776
2056
1716
1717
1777
1716
1718
2058
1779
2060
1723
1724
1725
1747
1754
1761
1723
1725
1748
1724
1725
1755
1723
1724
1762
1751
1765
1759
1766
1753
1760
1730
1731
1732
1747
1761
1731
1732
2077
5601
1730
1731
1749
5602
1730
1732
1763
2079
1751
1765
1752
5603
1767
2082
1737
1738
1739
1754
1761
1737
1739
2084
1737
1738
1756
1770
1738
1739
1764
1771
2085
1758
1759
1766
1773
1767
2087
1744
1745
1746
1747
1754
1744
1745
5608
1744
1746
1750
1784
5609
1745
1746
1757
1785
1752
5610
1758
1753
1760
1788
1751
1752
1753
1751
1753
1790
1751
1752
5615
1752
1753
1792
5616
5617
1795
1758
1759
1760
1759
1760
1758
1759
1758
1760
1765
1766
1767
1765
1766
1777
1765
1767
2106
1766
1767
1778
2107
1780
2109
1772
1773
1774
1775
1772
1774
2140
1772
1773
1773
1774
1778
2141
1780
1781
2143
1779
1780
1781
1779
1781
2147
1779
1780
1780
1781
2149
2150
1786
1787
1788
1789
1786
1787
5650
1786
1788
1792
5651
1787
1788
1793
5652
1795
1793
1794
1795
1794
1795
1793
1794
5657
1793
1795
5658
5659
1798
1802
1908
1798
1801
1799
1801
1802
1801
1802
1912
1913
1808
1809
1845
1909
1936
1807
1808
1809
1831
1838
1846
1807
1809
1832
1940
1807
1808
1839
1912
1835
1842
1844
1849
1914
1837
1850
1941
1814
1815
1816
1831
1838
1815
1816
4051
1814
1815
1833
4052
1814
1816
1840
1835
1842
1836
4053
1843
1821
1822
1823
1838
1846
1821
1823
2084
1821
1822
1841
1917
1822
1823
1847
1918
2086
1843
1844
1849
1920
1851
2088
1828
1829
1830
1831
1846
1828
1830
2091
1828
1829
1834
1952
1829
1830
1848
1953
2093
1836
1837
1850
1955
1851
2095
1835
1836
1837
1835
1837
1965
1835
1836
4058
1836
1837
1966
4059
4060
1969
1842
1843
1844
1842
1844
1924
1842
1843
1843
1844
1925
1928
1849
1850
1930
1971
1849
1850
1851
1849
1851
1933
2113
1850
1851
1975
2114
1934
1976
2115
1854
1858
1887
1937
1854
1857
1894
1855
1889
1896
1857
1858
1880
1890
1897
1857
1858
1881
1940
1884
1899
1886
1892
1942
1863
1864
1865
1880
1897
1864
1865
4072
1863
1864
1882
4073
1863
1865
1898
1884
1899
1885
4074
1900
1870
1871
1872
1880
1890
1870
1872
2202
4079
1870
1871
1883
1959
4080
1871
1872
1891
1960
2204
1885
4081
1886
1892
1962
1893
2206
1875
1878
1888
1875
1879
1895
1876
1889
1896
1878
1879
1890
1897
1878
1879
1893
1900
1884
1885
1886
1884
1886
1965
1884
1885
4086
1885
1886
1967
4087
4088
1970
1889
1892
1978
1889
1893
1890
1892
1893
1892
1893
1982
1983
1896
1899
1896
1900
1897
1899
1900
1899
1900
1904
1905
1904
1907
2119
1905
1907
1929
2120
1906
1906
1931
1907
1932
1935
2124
1910
1913
1910
1914
1930
1911
1931
1913
1914
1922
1932
1913
1914
1924
1927
1928
1934
1919
1920
1921
1922
1932
1919
1921
2140
1919
1920
1925
1920
1921
1933
2142
1926
1928
1934
1935
2144
1926
1927
1928
1926
1927
1927
1928
1926
1928
1931
1935
2153
1931
1934
1932
1934
1935
1934
1935
2157
2158
1938
1941
1971
1938
1942
1978
1939
1973
1980
1941
1942
1964
1974
1981
1941
1942
1965
1969
1976
1970
1983
1945
1948
1972
2168
1945
1949
1979
1946
1973
1980
1948
1949
1974
1981
1948
1949
2171
1977
2172
1984
1954
1955
1956
1964
1974
1954
1956
5986
1954
1955
1966
1955
1956
1975
5988
1968
1969
1976
1977
5990
1961
1962
1963
1964
1981
1961
1963
2207
1961
1962
1967
1962
1963
1982
2209
1968
1970
1983
1984
2211
1968
1969
1970
1969
1970
1968
1969
1968
1970
1973
1976
1973
1977
2196
1974
1976
1977
1976
1977
2199
2200
1980
1983
1980
1984
1981
1983
1984
1983
1984
1987
1991
2020
2160
1987
1990
2027
1988
2022
2029
1990
1991
2013
2023
2030
1990
1991
2014
2164
2017
2032
2019
2025
2165
1996
1997
1998
2013
2030
1997
1998
2227
1996
1997
2015
1996
1998
2031
2229
2017
2032
2018
2033
2232
2003
2004
2005
2013
2023
2003
2005
2297
2003
2004
2016
2176
2004
2005
2024
2177
2298
2018
2019
2025
2179
2026
2301
2008
2012
2021
2008
2011
2028
2233
2009
2022
2029
2011
2012
2023
2030
2011
2012
2237
2033
2238
2026
2017
2018
2019
2017
2019
2182
2017
2018
2018
2019
2183
2186
2022
2025
2188
2022
2026
2023
2025
2026
2025
2026
2192
2193
2029
2032
2029
2033
2255
2030
2032
2033
2032
2033
2258
2260
2037
2038
2037
2040
2126
2038
2040
2041
2127
2039
2039
2043
2040
2044
2047
2131
2043
2047
2132
2043
2046
2063
2044
2064
2046
2047
2055
2065
2046
2047
2057
2136
2059
2067
2061
2137
2052
2053
2054
2055
2065
2053
2054
2052
2053
2058
2052
2054
2066
2059
2067
2060
2068
2059
2060
2061
2060
2061
2147
2059
2061
2148
2059
2060
2151
2064
2068
2268
2064
2067
2065
2067
2068
2067
2068
2272
2274
2074
2075
2111
2133
2161
2073
2074
2075
2097
2104
2112
2073
2075
2098
2164
2073
2074
2105
2136
2101
2108
2110
2116
2138
2103
2117
2166
2080
2081
2082
2097
2104
2081
2082
4450
2080
2081
2099
4451
2080
2082
2106
2101
2108
2102
4452
2109
2087
2088
2089
2104
2112
2087
2088
2087
2089
2107
2141
2088
2089
2113
2142
2109
2115
2110
2116
2145
2094
2095
2096
2097
2112
2094
2095
2094
2096
2100
5987
2095
2096
2114
5988
2102
2115
2103
2117
5991
2101
2102
2103
2101
2103
2182
2101
2102
2102
2103
2184
2187
2108
2109
2110
2108
2110
2148
2108
2109
2109
2110
2149
2152
2116
2117
2154
2195
2115
2116
2117
2115
2116
2157
2115
2117
2199
2159
2201
2121
2122
2125
2121
2124
2122
2124
2153
2123
2128
2123
2129
2155
2124
2130
2156
2158
2128
2129
2128
2131
2129
2131
2132
2130
2130
2134
2131
2135
2137
2134
2137
2134
2138
2154
2135
2155
2137
2138
2146
2156
2137
2138
2148
2151
2152
2159
2143
2144
2145
2146
2156
2143
2144
2143
2145
2149
2144
2145
2157
2150
2158
2152
2159
2150
2151
2152
2150
2151
2151
2152
2150
2152
2155
2158
2155
2159
2156
2158
2159
2158
2159
2162
2165
2188
2162
2166
2195
2163
2190
2197
2165
2166
2181
2191
2198
2165
2166
2182
2186
2193
2187
2201
2169
2173
2189
2169
2172
2196
2170
2190
2197
2172
2173
2191
2198
2172
2173
2200
2194
2178
2179
2180
2181
2191
2178
2180
2303
2178
2179
2183
2179
2180
2192
2304
2185
2186
2193
2194
2307
2185
2186
2187
5985
2186
2187
2185
2186
2185
2187
5987
5989
5991
2190
2193
2190
2194
2191
2193
2194
2193
2194
2197
2201
2197
2200
2198
2200
2201
5985
2200
2201
5988
5990
5991
2205
2206
4541
2205
2208
4542
2206
2209
4543
2210
2211
4588
2210
4589
2211
4590
2216
2217
2218
2216
2218
2241
4789
2216
2217
4790
2217
2218
2243
4791
2245
2221
2224
2254
2221
2225
2261
2222
2256
2263
2224
2225
2247
2257
2264
2224
2225
2248
2251
2259
2253
2267
2230
2231
2232
2247
2257
2231
2232
5055
2230
2231
2249
5056
2230
2232
2258
2251
2259
2252
5057
2260
2235
2238
2255
2235
2239
2262
2236
2256
2263
2238
2239
2257
2264
2238
2239
2260
2266
2244
2245
2246
2247
2264
2244
2245
5062
2244
2246
2250
2284
5063
2245
2246
2265
2285
2252
5064
2266
2253
2267
2288
2251
2252
2253
2251
2253
2290
2251
2252
5069
2252
2253
2291
5070
5071
2294
2256
2259
2256
2260
2257
2259
2260
2259
2260
2263
2267
2263
2266
2264
2266
2267
2266
2267
2270
2274
2270
2273
2271
2273
2274
2273
2274
2279
2280
2281
2279
2281
2290
2279
2280
5111
2280
2281
2292
5112
5113
2295
2286
2287
2288
2289
2286
2287
5132
2286
2288
2291
5133
2287
2288
2293
5134
2294
2293
2294
2295
2294
2295
2293
2294
5139
2293
2295
5140
5141
2300
2301
2302
2300
2301
3374
2301
2302
2304
2300
2302
2305
3375
3376
2308
2306
2307
2307
2308
2306
2308
2311
2311
5970
5971
5976
2314
2317
2333
2782
2314
2318
2789
2315
2784
2791
2317
2318
2785
2792
2810
2317
2318
2337
2811
2338
2787
2814
2795
2816
2321
2324
2326
2831
2321
2325
2341
2838
2322
2833
2840
2324
2325
2834
2841
2845
2324
2325
2330
2344
2846
2331
2836
2849
2345
2843
2850
2328
2331
2899
2328
2332
2348
2906
2329
2901
2908
2331
2332
2902
2909
2927
2331
2332
2351
2928
2904
2931
2352
2911
2932
2335
2338
2948
2335
2339
2336
2950
2338
2339
2951
2969
2338
2339
2970
2953
2973
2975
2342
2346
2347
2983
2342
2345
2990
2343
2985
2992
2345
2346
2986
2993
3011
2345
2346
2351
3012
2995
3015
2353
2988
3016
2349
2353
3039
2349
2352
3046
2350
3041
3048
2352
2353
3042
3049
3053
2352
2353
3054
3051
3057
3044
3058
2356
2360
2362
5921
2356
2359
2357
2363
2359
2360
2364
2359
2360
5922
2367
5923
2363
2366
2363
2367
5928
2364
2366
2367
2366
2367
5929
5930
2372
2373
2374
3137
3144
3151
2372
2373
2439
2467
3138
2372
2374
2441
3145
2373
2374
2469
3152
2442
3142
3149
2470
3143
3156
3150
3157
2379
2380
2381
3186
3193
2379
2381
2379
2380
2503
3187
2380
2381
2504
3194
3191
2505
3192
3198
3199
2386
2387
2388
3228
3235
3242
2386
2387
2397
2460
3229
2387
2388
2461
2510
3236
2386
2388
2399
2511
3243
2400
3233
3247
2463
3234
3240
2512
3241
3248
2393
2394
2395
3277
3284
3291
2393
2395
2481
3278
2393
2394
2482
2517
3285
2394
2395
2518
3292
2484
3282
3289
2519
3290
3296
3283
3297
2400
2401
2402
3326
3333
3340
2400
2401
2670
3327
2401
2402
2671
2692
3334
2400
2402
2693
3341
3330
3344
2673
3332
3338
2694
3339
3346
2405
2409
2606
3368
2405
2408
3374
2406
3369
3376
2408
2409
3370
3377
3394
2408
2409
2610
3395
3380
3399
2611
3373
3400
2414
2415
2416
3477
3484
2415
2416
2586
2414
2416
2524
2587
3478
2414
2415
2525
3485
2526
3482
3489
3490
2589
3483
2421
2422
2423
3512
3519
3526
2421
2423
3513
2421
2422
3520
2422
2423
3527
3517
3523
3525
3531
3518
3532
2428
2429
2430
3561
3568
3575
2428
2430
2593
3562
2429
2430
2531
2594
3569
2428
2429
2532
3576
3565
3579
2534
3573
3581
2597
3567
3574
2435
2436
2437
3610
3617
3624
2436
2437
2558
2614
3611
2435
2436
2538
2559
3618
2435
2437
2539
2616
3625
2540
3622
3629
2561
3615
3623
2617
3616
3630
2442
2443
2444
3736
3743
3750
2442
2443
2523
3737
2443
2444
2525
3744
2442
2444
3751
3740
3754
2527
3742
3748
3749
3756
2449
2450
2451
3785
3792
3799
2450
2451
2621
2663
3786
2449
2450
2552
2622
3793
2449
2451
2553
2664
3800
2554
3797
3804
2625
3790
3798
2667
3791
3805
2456
2457
2458
3834
3841
3848
2456
2458
2537
2628
3835
2456
2457
2538
2559
3842
2457
2458
2560
2630
3849
2541
3839
3846
2562
3847
3853
2631
3840
3854
2463
2464
2465
3883
3890
3897
2463
2465
2670
3884
2463
2464
2566
3891
2464
2465
2567
2672
3898
3887
3894
2568
3896
3902
2674
3889
3903
2470
2471
2472
3946
3953
3960
2470
2471
2523
3947
2471
2472
2524
2587
3954
2470
2472
2588
3961
3950
3964
2528
3952
3958
2590
3959
3966
2477
2478
2479
3995
2477
2478
2530
2478
2479
2531
2594
3996
2477
2479
2595
2535
4000
2598
4001
2484
2485
2486
4023
4030
2484
2486
2484
2485
2601
4024
2485
2486
2602
4031
4027
2603
4029
4035
4036
2489
2493
2676
4051
2489
2492
2544
2490
4053
2492
2493
4054
2492
2493
2547
2680
2548
2681
4057
2496
2500
4072
2496
2499
2572
4079
2497
4074
4081
2499
2500
4075
4082
4093
2499
2500
2575
4094
2576
4085
4098
4078
4099
2505
2506
2507
4135
4142
4149
2506
2507
2684
4136
2505
2506
2685
4143
2505
2507
4150
4146
4153
2688
4140
4148
4141
4155
2512
2513
2514
4177
4184
2513
2514
2565
2691
4178
2512
2513
2566
2512
2514
2693
4185
4188
2569
4182
2695
4183
4190
2519
2520
2521
4212
4219
4226
2520
2521
2600
4213
2519
2520
2601
4220
2519
2521
4227
4223
4230
2604
4217
4225
4218
4232
2526
2527
2528
4303
4310
4317
2527
2528
4304
2526
2528
4311
2526
2527
4318
4314
4321
4307
4322
4308
4315
2533
2534
2535
4373
4380
2533
2535
2534
2535
4374
2533
2534
4381
4384
4377
4385
4378
2540
2541
2542
4408
4415
4422
2541
2542
2635
4409
2540
2541
4416
2540
2542
2637
4423
4419
4426
4412
4420
2638
4414
4428
2545
2549
2697
4450
2545
2548
2546
4452
2548
2549
4453
2548
2549
2701
2702
4456
2554
2555
2556
4457
4464
4471
2555
2556
2649
2705
4458
2554
2555
2650
4465
2554
2556
2706
4472
4468
4475
2652
4462
4470
2708
4463
4477
2561
2562
2563
4485
2561
2563
2656
2561
2562
2562
2563
2658
4486
4489
2659
4491
2568
2569
2570
4492
2569
2570
2712
2568
2569
2568
2570
2714
4493
4496
2715
4498
2573
2577
4535
2573
2576
4541
2574
4536
4543
2576
2577
4537
4544
4561
2576
2577
4562
4546
4565
4540
4567
2580
2583
4582
2580
2584
4588
2581
4583
4590
2583
2584
4584
4591
2583
2584
4586
4593
2589
2590
2591
4629
4636
2589
2591
2589
2590
4630
2590
2591
4637
4633
4634
4640
4641
2596
2597
2598
4692
4699
4706
2596
2597
4693
2597
2598
4700
2596
2598
4707
4696
4710
4697
4703
4704
4711
2603
2604
2605
4741
4748
4755
2604
2605
4742
2603
2604
4749
2603
2605
4756
4752
4759
4745
4753
4747
4761
2608
2611
4783
2608
2612
2642
4789
2609
4784
4791
2611
2612
4785
4792
4810
2611
2612
2645
4811
4788
4814
2647
4795
4816
2617
2618
2619
4887
4894
4901
2617
2619
2656
4888
2618
2619
2636
2657
4895
2617
2618
2637
4902
4891
4905
2639
4899
4907
2660
4893
4900
2624
2625
2626
4936
4943
4950
2624
2625
4937
5963
2625
2626
2650
4944
2624
2626
2651
4951
5964
4941
4954
5966
4942
4947
2653
4949
4956
2631
2632
2633
4978
4985
4992
2631
2632
2635
4979
2632
2633
2636
2657
4986
2631
2633
2658
4993
4982
4996
2640
4984
4990
2661
4991
4998
2638
2639
2640
5027
5034
5041
2638
2640
5028
2639
2640
5035
2638
2639
5042
5031
5045
5038
5046
5032
5039
2643
2646
5055
2643
2647
5062
2644
5057
5064
2646
2647
5058
5065
5083
2646
2647
5084
5061
5087
5067
5088
2652
2653
2654
5195
5202
5209
2652
2654
2719
5196
2652
2653
5203
2653
2654
2720
5210
5200
5206
5207
5213
2723
5201
5215
2659
2660
2661
5244
5251
5258
2659
2660
5245
2660
2661
5252
2659
2661
5259
5248
5262
5249
5255
5256
5263
2666
2667
2668
5307
5314
5321
2666
2667
5308
5963
2667
2668
2706
5315
2666
2668
2707
5322
5965
5312
5325
5967
5313
5318
2709
5320
5327
2673
2674
2675
5349
5356
5363
2673
2674
5350
2673
2675
2713
5357
2674
2675
2714
5364
5353
5360
5354
5367
2716
5362
5369
2678
2681
5391
2678
2682
2698
5398
2679
5393
5400
2681
2682
5394
5401
5419
2681
2682
2701
5420
5397
5423
2703
5404
5425
2687
2688
2689
5496
5503
2688
2689
5497
2687
2688
5504
2687
2689
5507
5501
5508
5502
2694
2695
2696
5531
5538
5545
2695
2696
2712
5532
2694
2696
2713
5539
2694
2695
5546
5542
5549
5535
5550
2717
5537
5544
2699
2702
5601
2699
2703
5608
2700
5603
5610
2702
2703
5604
5611
5629
2702
2703
5630
5607
5633
5613
5634
2708
2709
2710
5713
5720
5727
2708
2710
2719
5714
2708
2709
5721
2709
2710
2721
5728
5718
5724
5725
5731
2724
5719
5733
2715
2716
2717
5762
5769
5776
2715
2717
5763
2716
2717
5770
2715
2716
5777
5766
5780
5773
5781
5767
5774
2722
2723
2724
5825
5832
5839
2723
2724
5826
2722
2723
5833
5964
2722
2724
5840
5965
5836
5843
5968
5830
5837
5831
5844
2727
2728
2729
2754
2727
2728
2755
2882
3371
2758
2883
2731
2759
3372
2731
2732
2733
2731
2732
2734
3384
3413
2737
3385
2738
3414
2737
2738
2739
2747
2754
2737
2738
3388
3417
2738
2739
2749
3418
3506
2737
2739
2756
3390
3508
2759
3391
2752
3420
2753
2760
3509
2744
2745
2746
2747
2754
2744
2745
2744
2746
2750
3514
2745
2746
2757
3515
2751
2758
2753
2760
3516
2751
2752
2753
2751
2752
3431
2752
2753
3432
3534
2751
2753
3535
3434
3537
2758
2759
2760
2758
2759
2893
3402
2759
2760
3403
3548
2758
2760
2895
3549
2896
3405
3551
2765
2766
2767
2768
2775
2765
2766
3647
3674
2766
2767
2769
3676
3780
2765
2767
2776
3648
3781
2780
3649
2773
3677
2774
2781
3782
2772
2773
2774
2773
2774
3695
3814
2772
2773
3696
2772
2774
3815
3698
3817
2779
2780
2781
2780
2781
3667
3821
2779
2780
3668
2779
2781
3822
3670
3824
2784
2787
2948
2784
2788
2796
4052
2785
2798
2787
2788
2799
2817
2787
2788
2818
2952
4055
2821
2953
2801
2822
4056
2791
2795
2791
2794
2797
4073
2792
2798
2794
2795
2799
2824
2794
2795
2825
4076
2802
2828
4077
2830
2798
2801
4058
2798
2802
4086
2799
2801
2802
2803
2801
2802
2804
4062
4090
2807
4063
2808
4091
2807
2808
2809
2817
2824
2807
2808
5993
2807
2809
2819
4130
2808
2809
2826
4131
5995
2822
2828
5996
2823
2829
4132
2814
2815
2816
2817
2824
2814
2816
2970
2814
2815
2820
2971
4137
2815
2816
2827
4138
2821
2973
2823
2829
4139
2830
2821
2822
2823
2821
2822
2977
4066
2822
2823
4067
4164
2821
2823
2979
4165
2980
4069
4167
2828
2829
2830
2828
2830
4108
2828
2829
4109
4171
2829
2830
4172
4111
4174
2833
2836
2899
2833
2837
2834
2836
2837
2836
2837
2903
2904
2840
2843
2990
2840
2844
4451
2841
2843
2844
2843
2844
2994
4454
2995
4455
2849
2850
2851
2849
2850
2928
3012
2849
2851
2929
4459
2850
2851
3013
4460
2931
3015
4461
2854
2855
2856
2874
2854
2855
2875
4538
2859
2878
4539
2880
2858
2859
2860
2858
2859
2861
4504
4551
2864
4505
2865
4552
2864
2865
2866
2867
2874
2864
2865
4508
4555
2864
2866
2869
4509
4665
2865
2866
2876
4557
4667
2872
4511
2878
4558
2873
2879
4668
2871
2872
2873
2871
2872
4522
2872
2873
4523
2871
2873
4525
2878
2879
2880
2878
2880
4576
2878
2879
4577
4679
2879
2880
4680
4579
4682
2883
2884
2892
2883
2884
2893
4786
2896
2897
4787
2889
2890
2891
2892
2889
2890
4804
2889
2891
2894
4805
4860
2890
2891
4861
2897
4807
2898
4863
2896
2897
2898
2896
2897
4818
2897
2898
4819
4874
2896
2898
4875
4821
4877
2901
2904
2901
2905
2913
5056
2902
2915
2904
2905
2916
2934
2904
2905
2935
5059
2938
2918
2939
5060
2908
2911
3046
2908
2912
2914
5105
2909
2915
2911
2912
2916
2941
2911
2912
2942
3050
5108
2945
3051
2919
2946
5109
2915
2918
5069
2915
2919
5111
2916
2918
2919
2920
2918
2919
2921
5073
5115
2924
5074
2925
5116
2924
2925
2926
2934
2941
2924
2925
5077
5119
2924
2926
2936
5078
5189
2925
2926
2943
5121
5191
2939
5080
2946
5122
2940
2947
5192
2931
2932
2933
2934
2941
2931
2932
3054
2931
2933
2937
5197
2932
2933
2944
3055
5198
2938
2945
3057
2940
2947
5199
2938
2939
2940
2938
2939
5091
2939
2940
5092
5217
2938
2940
5218
5094
5220
2945
2946
2947
2945
2946
3061
5126
2946
2947
5127
5231
2945
2947
3063
5232
3064
5129
5234
2950
2953
2950
2954
2955
5392
2951
2957
2953
2954
2958
2976
2953
2954
2977
5395
2980
2960
2981
5396
2957
2960
5405
2957
2961
2958
2960
2961
2962
2960
2961
2963
5409
2966
5410
2967
2966
2967
2968
2976
2966
2967
5413
2966
2968
2978
5414
5491
2967
2968
5492
2981
5416
2982
5493
2973
2974
2975
2976
2973
2975
2973
2974
2979
5498
2974
2975
5499
2980
2982
5500
2980
2981
2982
2980
2981
5427
2981
2982
5428
5518
2980
2982
5519
5430
5521
2985
2988
3039
2985
2989
2997
5574
2986
2999
2988
2989
3000
3025
2988
2989
3026
3043
5577
3029
3044
3002
3030
5578
2992
2995
2992
2996
2998
5602
2993
2999
2995
2996
3000
3018
2995
2996
3019
5605
3022
3003
3023
5606
2999
3002
5580
2999
3003
5615
3000
3002
3003
3004
3002
3003
3005
5584
5619
3008
5585
3009
5620
3008
3009
3010
3018
3025
3008
3009
5588
5623
3009
3010
3020
5624
5707
3008
3010
3027
5590
5709
3030
5591
3023
5626
3024
3031
5710
3015
3016
3017
3018
3025
3015
3016
3054
3015
3017
3021
5715
3016
3017
3028
3056
5716
3022
3029
3058
3024
3031
5717
3022
3023
3024
3022
3023
5637
3023
3024
5638
5735
3022
3024
5736
5640
5738
3029
3030
3031
3029
3030
3068
5595
3030
3031
5596
5749
3029
3031
3070
5750
3071
5598
5752
3035
3036
4937
4939
4941
5308
5310
5312
5883
5963
5966
5967
5969
3035
3037
4951
4953
4954
5833
5835
5836
5964
5966
5968
5969
5972
3036
3037
5322
5324
5325
5840
5842
5843
5965
5967
5968
5969
5977
3038
5884
5973
3038
5885
5978
3038
5974
5979
5886
5975
5980
3041
3044
3041
3045
3042
3044
3045
3067
3044
3045
3068
3071
3072
3048
3051
3048
3052
3049
3051
3052
3060
3051
3052
3061
3064
3065
3057
3058
3059
3060
3067
3057
3058
3057
3059
3063
5827
3058
3059
3070
5828
3064
3071
3066
3073
5829
3064
3065
3066
3064
3065
3065
3066
5847
3064
3066
5848
5850
3071
3072
3073
3071
3072
3072
3073
5854
3071
3073
5855
5857
3078
3079
3080
3088
3078
3079
3103
3078
3080
3222
3079
3080
3089
3104
3223
3092
3106
3093
3225
3085
3086
3087
3088
3086
3087
3653
3085
3086
3230
3085
3087
3091
3231
3654
3093
3232
3094
3656
3092
3093
3094
3092
3093
3117
3257
3092
3094
3118
3661
3093
3094
3258
3662
3120
3260
3663
3099
3100
3101
3099
3100
3103
3100
3101
3105
3271
3099
3101
3273
3107
3274
3106
3107
3108
3116
3123
3106
3107
3106
3108
3117
3131
3107
3108
3124
3132
3120
3127
3121
3128
3134
3113
3114
3115
3116
3123
3114
3115
3709
3926
3113
3114
3119
3139
3710
3113
3115
3126
3140
3927
3121
3128
3141
3122
3712
3129
3929
3120
3121
3122
3120
3121
3159
3120
3122
3717
3121
3122
3160
3718
3162
3719
3127
3128
3129
3127
3128
3166
3127
3129
3934
3128
3129
3167
3935
3169
3936
3134
3135
3136
3158
3165
3172
3134
3135
3159
3223
3134
3136
3166
3271
3135
3136
3173
3224
3272
3162
3169
3163
3176
3226
3170
3177
3275
3141
3142
3143
3158
3165
3142
3143
3737
3947
3141
3142
3160
3738
3141
3143
3167
3948
3162
3169
3164
3740
3171
3950
3148
3149
3150
3158
3172
3149
3150
3751
3148
3149
3161
3237
3752
3148
3150
3174
3238
3163
3176
3239
3164
3754
3178
3155
3156
3157
3165
3172
3156
3157
3961
4115
3155
3156
3168
3286
3962
3155
3157
3175
3287
4116
3170
3177
3288
3171
3964
3178
4118
3162
3163
3164
3162
3163
3257
3162
3164
3759
3163
3164
3259
3760
3261
3761
3169
3170
3171
3169
3170
3299
3169
3171
3969
3170
3171
3301
3970
3303
3971
3176
3177
3178
3176
3177
3264
3306
3176
3178
3265
4123
3177
3178
3307
4124
3267
3309
4125
3183
3184
3185
3200
3207
3214
3183
3184
3201
3222
3184
3185
3208
3224
3272
3183
3185
3215
3273
3204
3218
3205
3211
3227
3212
3219
3276
3190
3191
3192
3200
3207
3191
3192
3320
4143
3190
3191
3203
3244
3321
3190
3192
3209
3245
4144
3205
3211
3246
3206
3323
3213
4146
3197
3198
3199
3207
3214
3198
3199
4150
3197
3198
3210
3293
4151
3197
3199
3217
3294
3212
3219
3295
3213
4153
3220
3204
3205
3206
3204
3205
3250
3204
3206
3205
3206
3252
3254
3211
3212
3213
3211
3212
3264
3306
3211
3213
3266
4158
3212
3213
3308
4159
3268
3310
4160
3218
3219
3220
3218
3219
3313
3218
3220
3219
3220
3315
3317
3225
3226
3227
3249
3256
3263
3225
3227
3250
3225
3226
3257
3226
3227
3264
3253
3260
3261
3267
3254
3268
3232
3233
3234
3249
3256
3233
3234
3327
3884
3232
3233
3251
3328
3232
3234
3258
3885
3253
3260
3255
3330
3262
3887
3239
3240
3241
3256
3263
3240
3241
3891
3239
3240
3259
3892
3239
3241
3265
3261
3267
3262
3894
3269
3246
3247
3248
3249
3263
3247
3248
3341
4185
3246
3247
3252
3342
3246
3248
3266
4186
3254
3268
3255
3344
3269
4188
3253
3254
3255
3253
3254
3253
3255
3349
3254
3255
3350
3351
3260
3261
3262
3260
3261
3260
3262
3906
3261
3262
3907
3908
3267
3268
3269
3267
3268
3267
3269
4193
3268
3269
4194
4195
3274
3275
3276
3298
3305
3312
3274
3275
3299
3275
3276
3306
3274
3276
3313
3302
3316
3303
3309
3310
3317
3281
3282
3283
3298
3312
3282
3283
3281
3282
3300
3281
3283
3314
3302
3316
3304
3318
3288
3289
3290
3298
3305
3289
3290
4024
4220
3288
3289
3301
4025
3288
3290
3307
4221
3303
3309
3304
4027
3311
4223
3295
3296
3297
3305
3312
3296
3297
4227
3295
3296
3308
4228
3295
3297
3315
3310
3317
3311
4230
3318
3302
3303
3304
3302
3303
3302
3304
4039
3303
3304
4040
4041
3309
3310
3311
3309
3310
3309
3311
4235
3310
3311
4236
4237
3316
3317
3318
3316
3317
3316
3318
3317
3318
3323
3324
3325
3323
3325
5504
3323
3324
3342
3324
3325
3343
5505
3345
5507
3330
3331
3332
3347
3354
3330
3332
5350
3330
3331
3349
3331
3332
3356
5351
3351
3352
3358
3360
5353
3337
3338
3339
3354
3361
3338
3339
5357
5539
3337
3338
3357
5358
3337
3339
3363
5540
3359
3365
3360
5360
3367
5542
3344
3345
3346
3347
3361
3344
3346
5546
3344
3345
3350
3345
3346
3364
5547
3351
3353
3366
3367
5549
3351
3352
3353
3352
3353
3351
3352
3351
3353
3358
3359
3360
3358
3359
3358
3360
5372
3359
3360
5373
5374
3365
3366
3367
3365
3366
3365
3367
5554
3366
3367
5555
5556
3369
3373
4783
3370
3382
3372
3373
3383
3401
3372
3373
3402
4786
3385
3405
3407
4788
3376
3380
3376
3379
3381
3377
3382
3379
3380
3383
3379
3380
3386
3382
3386
3450
3383
3385
3386
3387
3385
3386
3388
3453
3391
3392
3454
3391
3392
3393
3401
3391
3392
3457
3392
3393
3458
3605
3391
3393
3403
3606
3405
3460
3406
3607
3398
3399
3400
3401
3399
3400
4811
3398
3399
3612
3398
3400
3404
3613
4812
3406
3614
3407
4814
3405
3406
3407
3405
3407
4818
3405
3406
3639
3406
3407
3640
4820
3642
4822
3410
3411
3412
3437
3410
3411
3438
3447
4500
3415
3441
3448
3443
4501
3414
3415
3416
3414
3415
3417
3453
3420
3421
3455
3420
3421
3422
3430
3437
3420
3421
3457
3420
3422
3432
3555
3421
3422
3439
3459
3557
3434
3441
3461
3436
3442
3558
3427
3428
3429
3430
3437
3427
3429
4515
3427
3428
3433
3563
3428
3429
3440
3564
4517
3435
3436
3442
3566
3443
4519
3434
3435
3436
3434
3435
3434
3436
3583
3435
3436
3584
3587
3441
3442
3443
3441
3443
3464
4529
3441
3442
3465
3597
3442
3443
3598
4531
3467
3600
4532
3445
3449
4582
3446
3451
3448
3449
3452
3463
3448
3449
3464
4585
3455
3467
3469
4586
3451
3454
3452
3454
3455
3456
3454
3455
3457
3460
3461
3460
3461
3462
3463
3460
3461
3460
3462
3472
3461
3462
3465
3473
3467
3468
3474
3467
3468
3469
3467
3469
4609
3467
3468
3499
3468
3469
3500
4611
3502
4612
3474
3475
3476
3491
3498
3475
3476
3492
3556
3604
3474
3476
3605
3474
3475
3499
3557
3502
3495
3503
3559
3496
3608
3481
3482
3483
3491
3498
3482
3483
4311
4630
3481
3482
3493
3570
4312
3481
3483
3501
3571
4631
3495
3503
3572
3497
4314
3504
4633
3488
3489
3490
3491
3489
3490
4318
3488
3489
3494
3619
4319
3488
3490
3620
3496
3621
3497
4321
3495
3496
3497
3495
3496
3590
3632
3495
3497
3591
4326
3496
3497
3633
4327
3593
3635
4328
3502
3503
3504
3502
3503
3597
3502
3504
4645
3503
3504
3599
4646
3601
4647
3509
3510
3511
3533
3540
3547
3509
3510
3534
3555
3510
3511
3541
3556
3604
3509
3511
3548
3606
3537
3551
3539
3544
3560
3545
3552
3609
3516
3517
3518
3533
3547
3517
3518
3516
3517
3535
3516
3518
3549
3537
3551
3538
3553
3523
3524
3525
3533
3540
3523
3525
3523
3524
3536
3577
3524
3525
3542
3578
3538
3539
3544
3580
3546
3530
3531
3532
3540
3547
3531
3532
4353
4867
3530
3531
3543
3626
4354
3530
3532
3550
3627
4868
3545
3552
3628
3546
4356
3553
4870
3537
3538
3539
3537
3539
3583
3537
3538
3538
3539
3585
3588
3544
3545
3546
3544
3545
3590
3632
3544
3546
3592
4361
3545
3546
3634
4362
3594
3636
4363
3551
3552
3553
3551
3552
3639
3551
3553
4875
3552
3553
3641
4876
3643
4878
3558
3559
3560
3582
3589
3596
3558
3560
3583
3559
3560
3590
3558
3559
3597
3587
3600
3593
3601
3588
3594
3565
3566
3567
3582
3596
3565
3567
4693
3565
3566
3584
3566
3567
3598
4695
3586
3587
3600
3602
4697
3572
3573
3574
3589
3596
3573
3574
4374
4700
3572
3573
3591
4375
3572
3574
3599
4701
3593
3601
3595
4377
3602
4703
3579
3580
3581
3582
3589
3579
3581
4381
3579
3580
3585
3580
3581
3592
4383
3586
3588
3594
3595
4385
3586
3587
3588
3587
3588
3586
3587
3586
3588
3593
3594
3595
3593
3594
3593
3595
4389
3594
3595
4390
4391
3600
3601
3602
3600
3601
3600
3602
4722
3601
3602
4723
4724
3607
3608
3609
3631
3638
3608
3609
3632
3607
3608
3607
3609
3639
3642
3635
3636
3643
3614
3615
3616
3638
3615
3616
4888
3614
3615
3614
3616
3640
4889
3642
3644
4891
3621
3622
3623
3631
3622
3623
4416
3621
3622
3633
4417
3621
3623
3635
3637
4419
3628
3629
3630
3631
3638
3629
3630
4423
4902
3628
3629
3634
4424
3628
3630
3641
4903
3636
3643
3637
4426
3644
4905
3635
3636
3637
3635
3636
3635
3637
4431
3636
3637
4432
4433
3642
3643
3644
3642
3643
3642
3644
4910
3643
3644
4911
4912
3649
3650
3651
3659
3666
3650
3651
3660
3702
3877
3649
3650
3703
3649
3651
3667
3879
3670
3664
3705
3665
3671
3880
3656
3657
3658
3659
3666
3656
3658
3656
3657
3662
3885
3657
3658
3669
3886
3663
3665
3671
3888
3672
3663
3664
3665
3664
3665
3716
3905
3663
3664
3717
3663
3665
3906
3720
3909
3670
3671
3672
3670
3671
3919
3670
3672
3671
3672
3920
3922
3677
3678
3679
3687
3694
3677
3678
3703
3678
3679
3688
3704
3828
3677
3679
3695
3830
3698
3691
3706
3692
3699
3831
3684
3685
3686
3687
3694
3685
3686
4255
3684
3685
3690
3836
4256
3684
3686
3697
3837
3692
3699
3838
3693
4258
3700
3691
3692
3693
3691
3692
3723
3856
3691
3693
3724
4263
3692
3693
3857
4264
3726
3859
4265
3698
3699
3700
3698
3699
3870
3698
3700
3699
3700
3871
3873
3705
3706
3707
3715
3722
3705
3707
3716
3730
3705
3706
3706
3707
3723
3731
3720
3726
3721
3727
3733
3712
3713
3714
3715
3722
3712
3714
4276
3712
3713
3718
3738
3713
3714
3725
3739
4277
3719
3721
3727
3741
3728
4279
3719
3720
3721
3720
3721
3758
3719
3720
3719
3721
3759
3762
3726
3727
3728
3726
3727
3765
3726
3728
4284
3727
3728
3766
4285
3768
4286
3733
3734
3735
3757
3764
3771
3733
3735
3758
3877
3733
3734
3765
3828
3734
3735
3772
3829
3878
3762
3768
3769
3775
3832
3763
3776
3881
3740
3741
3742
3757
3764
3740
3742
4304
3740
3741
3759
3741
3742
3766
4305
3761
3762
3768
3770
4307
3747
3748
3749
3764
3771
3748
3749
4318
3747
3748
3767
3843
4320
3747
3749
3773
3844
3769
3775
3845
3770
4322
3777
3754
3755
3756
3757
3771
3754
3756
3754
3755
3760
3892
3755
3756
3774
3893
3761
3763
3776
3895
3777
3761
3762
3763
3762
3763
3905
3761
3762
3761
3763
3907
3910
3768
3769
3770
3768
3769
3856
3768
3770
4333
3769
3770
3858
4334
3860
4335
3775
3776
3777
3775
3776
3863
3912
3775
3777
3864
3776
3777
3913
3866
3915
3782
3783
3784
3806
3813
3820
3783
3784
3807
3829
3878
3782
3783
3814
3830
3782
3784
3821
3879
3817
3824
3810
3818
3833
3811
3825
3882
3789
3790
3791
3813
3820
3790
3791
4937
5308
3789
3790
3815
4938
3789
3791
3822
5309
3817
3824
3819
4942
3826
5313
3796
3797
3798
3806
3813
3797
3798
4465
4944
3796
3797
3808
3850
4466
3796
3798
3816
3851
4945
3810
3818
3852
3812
4468
3819
4947
3803
3804
3805
3806
3820
3804
3805
4472
5315
3803
3804
3809
3899
4473
3803
3805
3823
3900
5316
3811
3825
3901
3812
4475
3826
5318
3810
3811
3812
3810
3811
3863
3912
3810
3812
3865
3811
3812
3914
3867
3916
3817
3818
3819
3817
3818
3870
3817
3819
4959
3818
3819
3872
4960
3874
4962
3824
3825
3826
3824
3825
3919
3824
3826
5330
3825
3826
3921
5331
3923
5333
3831
3832
3833
3855
3862
3869
3831
3832
3856
3832
3833
3863
3831
3833
3870
3859
3873
3860
3866
3867
3874
3838
3839
3840
3855
3869
3839
3840
4409
4979
3838
3839
3857
4410
3838
3840
3871
4980
3859
3873
3861
4412
3875
4982
3845
3846
3847
3855
3862
3846
3847
4416
3845
3846
3858
4418
3845
3847
3864
3860
3866
3861
4420
3868
3852
3853
3854
3862
3869
3853
3854
4486
4993
3852
3853
3865
4487
3852
3854
3872
4994
3867
3874
3868
4489
3875
4996
3859
3860
3861
3859
3860
3859
3861
4438
3860
3861
4439
4440
3866
3867
3868
3866
3867
3866
3868
3867
3868
3873
3874
3875
3873
3874
3873
3875
5001
3874
3875
5002
5003
3880
3881
3882
3904
3911
3918
3880
3881
3905
3881
3882
3912
3880
3882
3919
3909
3922
3910
3915
3916
3923
3887
3888
3889
3904
3918
3887
3889
5350
3887
3888
3906
3888
3889
3920
5352
3908
3909
3922
3924
5354
3894
3895
3896
3904
3911
3894
3896
3894
3895
3907
3895
3896
3913
3908
3910
3915
3917
3901
3902
3903
3911
3918
3902
3903
4493
5364
3901
3902
3914
4494
3901
3903
3921
5365
3916
3923
3917
4496
3924
5367
3908
3909
3910
3909
3910
3908
3909
3908
3910
3915
3916
3917
3915
3916
3915
3917
3916
3917
3922
3923
3924
3922
3923
3922
3924
5379
3923
3924
5380
5381
3929
3930
3931
3932
3929
3931
4276
3929
3930
3935
3948
3930
3931
3949
4278
3936
3938
3951
4280
3936
3937
3938
3937
3938
3968
3936
3937
3936
3938
3969
3972
3943
3944
3945
3967
3974
3981
3943
3945
3968
4017
3943
3944
3975
3944
3945
3982
4018
3972
3978
3979
3985
3973
3986
4021
3950
3951
3952
3967
3974
3950
3952
4304
3950
3951
3969
3951
3952
3976
4306
3971
3972
3978
3980
4308
3957
3958
3959
3974
3981
3958
3959
4311
4630
3957
3958
3977
3997
4313
3957
3959
3983
3998
4632
3979
3985
3999
3980
4315
3987
4634
3964
3965
3966
3967
3981
3964
3966
4637
3964
3965
3970
4025
3965
3966
3984
4026
4638
3971
3973
3986
4028
3987
4640
3971
3972
3973
3972
3973
4038
3971
3972
3971
3973
4040
4043
3978
3979
3980
3978
3979
4003
3978
3980
4340
3979
3980
4005
4341
4007
4342
3985
3986
3987
3985
3986
4010
4045
3985
3987
4011
4652
3986
3987
4046
4653
4013
4048
4654
3992
3993
3994
3992
3993
4010
4045
3992
3994
4012
4673
3993
3994
4047
4674
4014
4049
4675
3999
4000
4001
4002
4009
4000
4001
4374
4700
3999
4000
4005
4376
3999
4001
4011
4702
4007
4013
4008
4378
4015
4704
4006
4007
4008
4006
4007
4006
4008
4396
4007
4008
4397
4398
4013
4014
4015
4013
4014
4013
4015
4729
4014
4015
4730
4731
4020
4021
4022
4037
4044
4020
4021
4038
4021
4022
4045
4020
4022
4042
4043
4048
4049
4027
4028
4029
4037
4044
4027
4029
4749
4027
4028
4040
4028
4029
4046
4750
4041
4043
4048
4050
4752
4034
4035
4036
4044
4035
4036
4756
4034
4035
4047
4757
4034
4036
4049
4050
4759
4041
4042
4043
4042
4043
4041
4042
4041
4043
4048
4049
4050
4048
4049
4048
4050
4764
4049
4050
4765
4766
4053
4057
5391
4053
4056
4058
4054
4060
4056
4057
4061
4065
4056
4057
4066
5395
4063
4069
4071
5397
4060
4063
4060
4064
4061
4063
4064
4063
4064
4069
4070
4071
4069
4071
5427
4069
4070
4199
4070
4071
4200
5429
4202
5431
4074
4078
4074
4077
4086
4075
4088
4077
4078
4089
4107
4077
4078
4108
4091
4111
4113
4081
4085
4541
4081
4084
4087
4082
4088
4084
4085
4089
4100
4084
4085
4101
4545
4092
4104
4106
4546
4088
4091
4088
4092
4089
4091
4092
5992
4091
4092
5993
5996
5997
4097
4098
4099
4100
4107
4098
4099
4562
4097
4098
4103
4214
4563
4097
4099
4110
4215
4105
4112
4216
4106
4565
4113
4104
4105
4106
5992
4104
4106
4569
4104
4105
4241
5994
4105
4106
4242
4571
5997
4244
5998
4572
4111
4112
4113
5992
4111
4113
4111
4112
4248
5995
4112
4113
4249
5996
4251
5998
4118
4119
4120
4121
4118
4120
4637
4118
4119
4124
4221
4119
4120
4222
4639
4125
4127
4224
4641
4125
4126
4127
4126
4127
4192
4234
4125
4126
4193
4125
4127
4235
4196
4238
4132
4133
4134
4156
4163
4170
4133
4134
4157
4206
4132
4133
4164
4132
4134
4171
4208
4167
4174
4161
4168
4162
4175
4211
4139
4140
4141
4163
4170
4140
4141
5497
4139
4140
4165
5498
4139
4141
4172
4167
4174
4169
5501
4176
4146
4147
4148
4156
4163
4146
4148
5504
4146
4147
4158
4186
4147
4148
4166
4187
5506
4160
4161
4168
4189
4169
5508
4153
4154
4155
4156
4170
4153
4155
4153
4154
4159
4228
4154
4155
4173
4229
4160
4162
4175
4231
4176
4160
4161
4162
4161
4162
4192
4234
4160
4161
4194
4160
4162
4236
4197
4239
4167
4168
4169
4167
4168
4199
4167
4169
5519
4168
4169
4201
5520
4203
5522
4174
4175
4176
4174
4175
4248
4174
4176
4175
4176
4250
4252
4181
4182
4183
4198
4182
4183
5532
4181
4182
4181
4183
4200
5533
4202
4204
5535
4188
4189
4190
4191
4198
4188
4190
5546
4188
4189
4194
4189
4190
4201
5548
4195
4197
4203
4204
5550
4195
4196
4197
4196
4197
4195
4196
4195
4197
4202
4203
4204
4202
4203
4202
4204
5561
4203
4204
5562
5563
4209
4210
4211
4233
4240
4247
4210
4211
4234
4209
4210
4241
5994
4209
4211
4248
5995
4244
4251
5998
4238
4245
4239
4252
4216
4217
4218
4240
4247
4217
4218
4742
4216
4217
4242
4743
4216
4218
4249
4244
4251
4246
4745
4253
4223
4224
4225
4233
4240
4223
4225
4749
4223
4224
4235
4224
4225
4243
4751
4237
4238
4245
4246
4753
4230
4231
4232
4233
4247
4230
4232
4230
4231
4236
4231
4232
4250
4237
4239
4252
4253
4237
4238
4239
4238
4239
4237
4238
4237
4239
4244
4245
4246
4244
4245
4244
4246
4771
4245
4246
4772
4773
4251
4252
4253
4251
4252
4251
4253
4252
4253
4258
4259
4260
4261
4258
4260
4258
4259
4264
4410
4259
4260
4411
4265
4267
4413
4265
4266
4267
4266
4267
4283
4437
4265
4266
4284
4265
4267
4438
4287
4441
4272
4273
4274
4282
4289
4272
4273
4272
4274
4283
4298
4273
4274
4290
4299
4287
4294
4288
4295
4300
4279
4280
4281
4282
4289
4279
4280
4279
4281
4285
4305
4280
4281
4292
4306
4286
4293
4288
4295
4309
4286
4287
4288
4287
4288
4332
4286
4287
4286
4288
4333
4336
4293
4294
4295
4294
4295
4339
4293
4294
4293
4295
4340
4343
4300
4301
4302
4324
4331
4338
4301
4302
4325
4368
4402
4300
4302
4332
4403
4300
4301
4339
4369
4336
4343
4329
4344
4371
4330
4337
4406
4307
4308
4309
4331
4338
4307
4308
4307
4309
4333
4308
4309
4340
4335
4342
4336
4343
4314
4315
4316
4324
4338
4314
4315
4314
4316
4326
4375
4315
4316
4341
4376
4328
4342
4329
4344
4379
4321
4322
4323
4324
4331
4321
4322
4321
4323
4327
4417
4322
4323
4334
4418
4328
4335
4330
4337
4421
4328
4329
4330
4329
4330
4388
4430
4328
4329
4389
4328
4330
4431
4392
4434
4335
4336
4337
4336
4337
4437
4335
4336
4335
4337
4439
4442
4342
4343
4344
4343
4344
4395
4342
4343
4342
4344
4397
4400
4349
4350
4351
4359
4349
4350
4367
4350
4351
4360
4368
4402
4349
4351
4404
4364
4372
4365
4407
4356
4357
4358
4359
4356
4358
5021
4356
4357
4362
4424
4357
4358
4425
5022
4363
4365
4427
5024
4363
4364
4365
4364
4365
4388
4430
4363
4364
4390
4363
4365
4432
4393
4435
4370
4371
4372
4387
4394
4370
4372
4371
4372
4388
4370
4371
4395
4399
4392
4400
4393
4377
4378
4379
4387
4394
4377
4378
4377
4379
4389
4378
4379
4397
4391
4398
4392
4400
4384
4385
4386
4387
4384
4385
4384
4386
4385
4386
4390
4391
4393
4391
4392
4393
4392
4393
4391
4392
4391
4393
4398
4399
4400
4399
4400
4398
4399
4398
4400
4405
4406
4407
4429
4436
4443
4406
4407
4430
4405
4406
4437
4405
4407
4444
4441
4447
4434
4442
4435
4448
4412
4413
4414
4436
4443
4412
4414
5028
4412
4413
4438
4413
4414
4445
5029
4440
4441
4447
4449
5031
4419
4420
4421
4429
4436
4419
4420
4419
4421
4431
4420
4421
4439
4433
4440
4434
4442
4426
4427
4428
4429
4443
4426
4428
5042
4426
4427
4432
4427
4428
4446
5043
4433
4435
4448
4449
5045
4433
4434
4435
4434
4435
4433
4434
4433
4435
4440
4441
4442
4441
4442
4440
4441
4440
4442
4447
4448
4449
4447
4448
4447
4449
5050
4448
4449
5051
5052
4452
4456
5601
4452
4455
4453
4455
4456
4455
4456
5605
5607
4461
4462
4463
4478
4462
4463
5196
5714
4461
4462
5197
4461
4463
4480
5715
4482
5200
4484
5718
4468
4469
4470
4468
4470
5203
4468
4469
4487
4469
4470
4488
5204
4490
5206
4475
4476
4477
4478
4475
4477
5721
4475
4476
4494
4476
4477
4481
4495
5722
4483
4497
4484
5724
4482
4483
4484
4482
4483
4482
4484
5736
4483
4484
5737
5739
4489
4490
4491
4489
4491
5259
4489
4490
4490
4491
5260
5262
4496
4497
4498
4496
4498
5777
4496
4497
4497
4498
5778
5780
4501
4502
4503
4528
4501
4502
4529
4585
4532
4506
4533
4587
4505
4506
4507
4505
4506
4508
4598
4511
4512
4599
4511
4512
4513
4521
4528
4511
4512
4602
4511
4513
4523
4686
4512
4513
4530
4603
4687
4525
4533
4605
4527
4534
4689
4518
4519
4520
4521
4528
4518
4519
4518
4520
4524
4694
4519
4520
4531
4695
4526
4532
4527
4534
4698
4525
4526
4527
4525
4526
4525
4527
4714
4526
4527
4715
4718
4532
4533
4534
4532
4533
4609
4533
4534
4610
4721
4532
4534
4722
4613
4725
4536
4540
4537
4549
4539
4540
4550
4575
4539
4540
4576
4552
4579
4581
4543
4546
4543
4547
4548
4589
4544
4549
4546
4547
4550
4568
4546
4547
4569
4592
4572
4553
4573
4594
4549
4553
4595
4550
4552
4553
4554
4552
4553
4555
4598
4558
4559
4600
4558
4559
4560
4568
4575
4558
4559
4602
4559
4560
4570
4604
4736
4558
4560
4577
4737
4579
4573
4606
4574
4580
4738
4565
4566
4567
4568
4575
4565
4567
4565
4566
4571
4743
4566
4567
4578
4744
4572
4574
4580
4746
4581
4572
4573
4574
4572
4573
4616
4573
4574
4617
4770
4572
4574
4771
4620
4774
4579
4580
4581
4579
4581
4579
4580
4777
4580
4581
4778
4780
4583
4586
4584
4596
4586
4587
4597
4608
4586
4587
4609
4612
4599
4613
4590
4593
4590
4594
4595
4591
4596
4593
4594
4597
4615
4593
4594
4616
4619
4600
4620
4596
4600
4597
4599
4600
4601
4599
4600
4602
4605
4606
4605
4606
4607
4608
4615
4605
4606
4605
4607
4610
4623
4606
4607
4617
4625
4613
4620
4614
4621
4626
4612
4613
4614
4612
4613
4613
4614
4644
4612
4614
4645
4648
4619
4620
4621
4619
4620
4620
4621
4658
4619
4621
4659
4662
4626
4627
4628
4643
4650
4657
4626
4627
4644
4687
4627
4628
4651
4688
4735
4626
4628
4658
4736
4648
4662
4649
4655
4690
4656
4663
4739
4633
4634
4635
4643
4650
4633
4634
4633
4635
4646
4701
4634
4635
4652
4702
4647
4654
4649
4655
4705
4640
4641
4642
4650
4657
4640
4641
4640
4642
4653
4750
4641
4642
4660
4751
4654
4661
4656
4663
4754
4647
4648
4649
4648
4649
4721
4647
4648
4647
4649
4723
4726
4654
4655
4656
4655
4656
4728
4763
4654
4655
4729
4654
4656
4764
4732
4767
4661
4662
4663
4662
4663
4770
4661
4662
4661
4663
4772
4775
4668
4669
4670
4671
4678
4668
4669
4686
4669
4670
4672
4688
4735
4668
4670
4679
4737
4682
4676
4691
4677
4683
4740
4675
4676
4677
4676
4677
4728
4763
4675
4676
4730
4675
4677
4765
4733
4768
4682
4683
4684
4682
4683
4777
4682
4684
4683
4684
4779
4781
4689
4690
4691
4713
4720
4727
4689
4691
4714
4689
4690
4721
4690
4691
4728
4718
4725
4726
4732
4719
4733
4696
4697
4698
4713
4720
4696
4697
4696
4698
4715
4697
4698
4722
4717
4724
4718
4725
4703
4704
4705
4720
4727
4703
4704
4703
4705
4723
4704
4705
4729
4724
4731
4726
4732
4710
4711
4712
4713
4727
4710
4711
4710
4712
4716
4711
4712
4730
4717
4731
4719
4733
4717
4718
4719
4718
4719
4717
4718
4717
4719
4724
4725
4726
4725
4726
4724
4725
4724
4726
4731
4732
4733
4732
4733
4731
4732
4731
4733
4738
4739
4740
4762
4769
4776
4739
4740
4763
4738
4739
4770
4738
4740
4777
4774
4780
4767
4775
4768
4781
4745
4746
4747
4769
4776
4745
4747
4745
4746
4771
4746
4747
4778
4773
4774
4780
4782
4752
4753
4754
4762
4769
4752
4753
4752
4754
4764
4753
4754
4772
4766
4773
4767
4775
4759
4760
4761
4762
4776
4759
4761
4759
4760
4765
4760
4761
4779
4766
4768
4781
4782
4766
4767
4768
4767
4768
4766
4767
4766
4768
4773
4774
4775
4774
4775
4773
4774
4773
4775
4780
4781
4782
4780
4781
4780
4782
4781
4782
4784
4788
4785
4798
4787
4788
4799
4817
4787
4788
4818
4801
4821
4822
4791
4795
5062
4791
4794
4797
4832
4792
4798
4794
4795
4799
4824
4794
4795
4825
4835
5066
4802
4828
4836
4830
5067
4798
4801
4798
4802
4799
4801
4802
4803
4801
4802
4804
4807
4808
4807
4808
4809
4817
4824
4807
4808
4807
4809
4819
4881
4808
4809
4826
4883
4821
4828
4823
4829
4884
4814
4815
4816
4817
4824
4814
4816
5084
4814
4815
4820
4889
4815
4816
4827
4890
5086
4822
4823
4829
4892
4830
5088
4821
4822
4823
4821
4822
4821
4823
4909
4822
4823
4910
4913
4828
4829
4830
4828
4830
4839
5098
4828
4829
4840
4923
4829
4830
4924
5100
4842
4926
5101
4833
4837
5132
4833
4836
4834
4836
4837
4838
4836
4837
4839
5136
4842
4844
5137
4842
4843
4844
4842
4844
5154
4842
4843
4853
4843
4844
4854
5156
4856
5157
4849
4850
4851
4852
4850
4851
5168
4849
4850
4896
4849
4851
4855
4897
5169
4857
4898
4858
5171
4856
4857
4858
4856
4857
4923
4856
4858
5176
4857
4858
4925
5177
4927
5178
4863
4864
4865
4873
4863
4864
4874
4881
4863
4865
4864
4865
4882
4877
4879
4886
4870
4871
4872
4873
4870
4872
5021
4870
4871
4876
4903
4871
4872
4904
5023
4878
4879
4906
5025
4877
4878
4879
4877
4879
4909
4877
4878
4878
4879
4911
4914
4884
4885
4886
4908
4915
4922
4884
4886
4909
4885
4886
4916
4884
4885
4923
4913
4926
4919
4927
4914
4920
4891
4892
4893
4908
4922
4891
4893
5245
4891
4892
4910
4892
4893
4924
5247
4912
4913
4926
4928
5249
4898
4899
4900
4915
4922
4899
4900
5035
5252
4898
4899
4917
5036
4898
4900
4925
5253
4919
4927
4921
5038
4928
5255
4905
4906
4907
4908
4915
4905
4907
5042
4905
4906
4911
4906
4907
4918
5044
4912
4914
4920
4921
5046
4912
4913
4914
4913
4914
4912
4913
4912
4914
4919
4920
4921
4919
4920
4919
4921
4920
4921
4926
4927
4928
4926
4927
4926
4928
5274
4927
4928
5275
5276
4933
4934
4935
4957
4964
4933
4934
4958
4972
4934
4935
4965
4974
4933
4935
4961
4963
4968
4977
4969
4940
4941
4942
4957
4941
4942
4940
4942
4959
4940
4941
4961
4962
4947
4948
4949
4957
4964
4947
4949
5203
4947
4948
4960
4994
4948
4949
4966
4995
5205
4962
4963
4968
4997
4970
5207
4954
4955
4956
4964
4954
4956
5210
4955
4956
4967
5211
4954
4955
4969
4970
5213
4961
4962
4963
4961
4963
5000
4961
4962
4962
4963
5002
5005
4968
4969
4970
4968
4969
5014
4968
4970
5016
5225
4969
4970
5226
5018
5227
4975
4976
4977
4999
5006
5013
4975
4977
5000
4975
4976
5007
4976
4977
5014
5004
5010
5011
5017
5005
5018
4982
4983
4984
4999
5006
4982
4984
5028
4982
4983
5001
4983
4984
5008
5030
5003
5004
5010
5012
5032
4989
4990
4991
5006
5013
4990
4991
5035
5252
4989
4990
5009
5037
4989
4991
5015
5254
5011
5017
5012
5039
5019
5256
4996
4997
4998
4999
5013
4996
4998
5259
4996
4997
5002
4997
4998
5016
5261
5003
5005
5018
5019
5263
5003
5004
5005
5004
5005
5003
5004
5003
5005
5010
5011
5012
5010
5011
5010
5012
5011
5012
5017
5018
5019
5017
5018
5017
5019
5281
5018
5019
5282
5283
5024
5025
5026
5024
5025
5024
5026
5043
5025
5026
5044
5047
5031
5032
5033
5048
5031
5032
5031
5033
5050
5032
5033
5052
5053
5038
5039
5040
5038
5039
5038
5040
5039
5040
5045
5046
5047
5048
5045
5046
5045
5047
5051
5046
5047
5052
5054
5052
5053
5054
5053
5054
5052
5053
5052
5054
5057
5061
5057
5060
5069
5058
5071
5060
5061
5072
5090
5060
5061
5091
5074
5094
5095
5064
5067
5064
5068
5070
5133
5065
5071
5067
5068
5072
5097
5067
5068
5098
5136
5101
5075
5102
5138
5071
5074
5071
5075
5139
5072
5074
5075
5076
5074
5075
5077
5143
5080
5081
5144
5080
5081
5082
5090
5097
5080
5081
5147
5080
5082
5092
5238
5081
5082
5099
5148
5239
5094
5102
5150
5096
5103
5241
5087
5088
5089
5090
5097
5087
5088
5087
5089
5093
5246
5088
5089
5100
5247
5095
5101
5096
5103
5250
5094
5095
5096
5094
5095
5094
5096
5266
5095
5096
5267
5270
5101
5102
5103
5101
5102
5154
5102
5103
5155
5273
5101
5103
5274
5158
5277
5106
5110
5106
5109
5111
5107
5113
5109
5110
5114
5125
5109
5110
5126
5116
5129
5131
5113
5116
5113
5117
5140
5114
5116
5117
5118
5116
5117
5119
5143
5122
5123
5145
5122
5123
5124
5125
5122
5123
5147
5123
5124
5149
5288
5122
5124
5127
5289
5129
5151
5130
5290
5129
5130
5131
5129
5131
5129
5130
5301
5130
5131
5302
5304
5134
5137
5134
5138
5139
5135
5141
5137
5138
5142
5153
5137
5138
5154
5157
5144
5158
5141
5144
5141
5145
5142
5144
5145
5146
5144
5145
5147
5150
5151
5150
5151
5152
5153
5150
5151
5150
5152
5155
5161
5151
5152
5163
5158
5159
5164
5157
5158
5159
5157
5158
5158
5159
5175
5157
5159
5176
5179
5164
5165
5166
5174
5181
5164
5165
5175
5239
5165
5166
5182
5240
5287
5164
5166
5288
5179
5180
5186
5242
5187
5291
5171
5172
5173
5174
5181
5171
5172
5171
5173
5177
5253
5172
5173
5183
5254
5178
5185
5180
5186
5257
5178
5179
5180
5179
5180
5273
5178
5179
5178
5180
5275
5278
5185
5186
5187
5186
5187
5280
5294
5185
5186
5281
5185
5187
5295
5284
5298
5192
5193
5194
5216
5223
5230
5192
5193
5217
5238
5193
5194
5224
5240
5287
5192
5194
5231
5289
5220
5234
5222
5228
5243
5229
5235
5292
5199
5200
5201
5216
5230
5200
5201
5826
5199
5200
5218
5199
5201
5232
5827
5220
5234
5221
5236
5830
5206
5207
5208
5216
5223
5206
5207
5206
5208
5219
5260
5207
5208
5225
5261
5221
5227
5222
5228
5264
5213
5214
5215
5223
5230
5213
5215
5833
5213
5214
5226
5214
5215
5233
5834
5227
5229
5235
5236
5837
5220
5221
5222
5220
5222
5266
5220
5221
5221
5222
5268
5271
5227
5228
5229
5228
5229
5280
5294
5227
5228
5282
5227
5229
5296
5285
5299
5234
5235
5236
5234
5235
5301
5234
5236
5848
5235
5236
5303
5849
5305
5851
5241
5242
5243
5265
5272
5279
5241
5243
5266
5241
5242
5273
5242
5243
5280
5270
5277
5278
5284
5271
5285
5248
5249
5250
5265
5272
5248
5249
5248
5250
5267
5249
5250
5274
5269
5276
5270
5277
5255
5256
5257
5272
5279
5255
5256
5255
5257
5275
5256
5257
5281
5276
5283
5278
5284
5262
5263
5264
5265
5279
5262
5263
5262
5264
5268
5263
5264
5282
5269
5283
5271
5285
5269
5270
5271
5270
5271
5269
5270
5269
5271
5276
5277
5278
5277
5278
5276
5277
5276
5278
5283
5284
5285
5284
5285
5283
5284
5283
5285
5290
5291
5292
5293
5300
5291
5292
5294
5290
5291
5290
5292
5301
5304
5298
5299
5305
5297
5298
5299
5298
5299
5297
5298
5297
5299
5304
5305
5306
5304
5305
5304
5306
5305
5306
5311
5312
5313
5328
5312
5313
5311
5313
5330
5311
5312
5332
5333
5318
5319
5320
5328
5335
5318
5320
5721
5318
5319
5331
5365
5319
5320
5337
5366
5723
5333
5334
5339
5368
5341
5725
5325
5326
5327
5335
5325
5327
5728
5326
5327
5338
5729
5325
5326
5340
5341
5731
5332
5333
5334
5332
5334
5378
5332
5333
5333
5334
5380
5383
5339
5340
5341
5339
5340
5385
5339
5341
5387
5743
5340
5341
5744
5389
5745
5346
5347
5348
5370
5377
5384
5346
5347
5371
5346
5348
5378
5347
5348
5385
5375
5382
5376
5388
5383
5389
5353
5354
5355
5370
5377
5353
5354
5353
5355
5372
5354
5355
5379
5374
5381
5375
5382
5360
5361
5362
5370
5384
5360
5362
5770
5360
5361
5373
5361
5362
5386
5771
5374
5376
5388
5390
5773
5367
5368
5369
5377
5384
5367
5369
5777
5367
5368
5380
5368
5369
5387
5779
5381
5383
5389
5390
5781
5374
5375
5376
5375
5376
5374
5375
5374
5376
5381
5382
5383
5382
5383
5381
5382
5381
5383
5388
5389
5390
5388
5389
5388
5390
5792
5389
5390
5793
5794
5393
5397
5393
5396
5405
5394
5407
5396
5397
5408
5426
5396
5397
5427
5410
5430
5431
5400
5404
5608
5400
5403
5406
5441
5401
5407
5403
5404
5408
5433
5403
5404
5434
5444
5612
5411
5437
5445
5439
5613
5407
5410
5407
5411
5447
5408
5410
5411
5412
5410
5411
5413
5451
5416
5417
5452
5416
5417
5418
5426
5433
5416
5417
5455
5416
5418
5428
5526
5417
5418
5435
5456
5527
5430
5437
5458
5432
5438
5528
5423
5424
5425
5426
5433
5423
5425
5630
5423
5424
5429
5533
5424
5425
5436
5534
5632
5431
5432
5438
5536
5439
5634
5430
5431
5432
5430
5431
5430
5432
5560
5431
5432
5561
5564
5437
5438
5439
5437
5439
5462
5644
5437
5438
5463
5567
5438
5439
5568
5646
5465
5570
5647
5442
5446
5650
5442
5445
5447
5443
5449
5445
5446
5450
5461
5445
5446
5462
5654
5452
5465
5467
5655
5449
5452
5449
5453
5450
5452
5453
5454
5452
5453
5455
5458
5459
5458
5459
5460
5461
5458
5459
5458
5460
5463
5470
5459
5460
5471
5465
5466
5472
5465
5466
5467
5465
5467
5672
5465
5466
5483
5466
5467
5484
5674
5486
5675
5472
5473
5474
5482
5473
5474
5525
5472
5473
5483
5527
5472
5474
5486
5487
5529
5479
5480
5481
5482
5479
5481
5686
5479
5480
5540
5480
5481
5485
5541
5688
5487
5543
5488
5690
5486
5487
5488
5486
5487
5567
5486
5488
5701
5487
5488
5569
5702
5571
5703
5493
5494
5495
5510
5517
5494
5495
5511
5525
5493
5494
5518
5526
5493
5495
5521
5515
5523
5530
5516
5500
5501
5502
5517
5501
5502
5500
5501
5519
5500
5502
5521
5522
5507
5508
5509
5510
5517
5507
5508
5507
5509
5512
5547
5508
5509
5520
5548
5514
5522
5515
5523
5551
5514
5515
5516
5515
5516
5553
5514
5515
5555
5514
5516
5558
5521
5522
5523
5521
5523
5560
5521
5522
5522
5523
5562
5565
5528
5529
5530
5552
5559
5566
5529
5530
5553
5528
5530
5560
5528
5529
5567
5564
5570
5557
5571
5558
5565
5535
5536
5537
5559
5566
5535
5537
5763
5535
5536
5561
5536
5537
5568
5765
5563
5564
5570
5572
5767
5542
5543
5544
5552
5566
5542
5544
5770
5542
5543
5554
5543
5544
5569
5772
5556
5557
5571
5572
5774
5549
5550
5551
5552
5559
5549
5550
5549
5551
5555
5550
5551
5562
5556
5563
5558
5565
5556
5557
5558
5557
5558
5556
5557
5556
5558
5563
5564
5565
5564
5565
5563
5564
5563
5565
5570
5571
5572
5570
5571
5570
5572
5799
5571
5572
5800
5801
5575
5579
5575
5578
5580
5576
5582
5578
5579
5583
5594
5578
5579
5595
5585
5598
5600
5582
5585
5582
5586
5657
5583
5585
5586
5587
5585
5586
5588
5661
5591
5592
5662
5591
5592
5593
5594
5591
5592
5665
5592
5593
5666
5805
5591
5593
5596
5807
5598
5668
5599
5808
5598
5599
5600
5598
5600
5598
5599
5819
5599
5600
5820
5822
5603
5607
5603
5606
5615
5604
5617
5606
5607
5618
5636
5606
5607
5637
5620
5640
5641
5610
5613
5610
5614
5616
5651
5611
5617
5613
5614
5618
5643
5613
5614
5644
5654
5647
5621
5648
5656
5617
5620
5617
5621
5658
5618
5620
5621
5622
5620
5621
5623
5661
5626
5627
5663
5626
5627
5628
5636
5643
5626
5627
5665
5626
5628
5638
5756
5627
5628
5645
5667
5758
5640
5648
5669
5642
5649
5759
5633
5634
5635
5636
5643
5633
5634
5633
5635
5639
5764
5634
5635
5646
5765
5641
5647
5642
5649
5768
5640
5641
5642
5640
5641
5640
5642
5784
5641
5642
5785
5788
5647
5648
5649
5647
5648
5672
5648
5649
5673
5798
5647
5649
5799
5676
5802
5652
5655
5652
5656
5658
5653
5659
5655
5656
5660
5671
5655
5656
5672
5675
5663
5676
5659
5662
5659
5663
5660
5662
5663
5664
5662
5663
5665
5668
5669
5668
5669
5670
5671
5668
5669
5668
5670
5679
5669
5670
5673
5681
5676
5677
5682
5675
5676
5677
5675
5676
5676
5677
5700
5675
5677
5701
5704
5682
5683
5684
5692
5699
5682
5684
5805
5683
5684
5693
5757
5806
5682
5683
5700
5758
5704
5697
5705
5760
5698
5809
5689
5690
5691
5692
5699
5689
5690
5689
5691
5694
5771
5690
5691
5702
5772
5696
5703
5697
5705
5775
5696
5697
5698
5697
5698
5791
5812
5696
5697
5792
5696
5698
5813
5795
5816
5703
5704
5705
5704
5705
5798
5703
5704
5703
5705
5800
5803
5710
5711
5712
5734
5741
5748
5710
5711
5735
5756
5711
5712
5742
5757
5806
5710
5712
5749
5807
5738
5752
5740
5746
5761
5747
5753
5810
5717
5718
5719
5734
5748
5718
5719
5826
5717
5718
5736
5717
5719
5750
5828
5738
5752
5739
5754
5831
5724
5725
5726
5734
5741
5724
5725
5724
5726
5737
5778
5725
5726
5743
5779
5739
5745
5740
5746
5782
5731
5732
5733
5741
5748
5731
5733
5840
5731
5732
5744
5732
5733
5751
5841
5745
5747
5753
5754
5844
5738
5739
5740
5738
5740
5784
5738
5739
5739
5740
5786
5789
5745
5746
5747
5746
5747
5791
5812
5745
5746
5793
5745
5747
5814
5796
5817
5752
5753
5754
5752
5753
5819
5752
5754
5855
5753
5754
5821
5856
5823
5858
5759
5760
5761
5783
5790
5797
5759
5761
5784
5760
5761
5791
5759
5760
5798
5788
5802
5795
5803
5789
5796
5766
5767
5768
5783
5797
5766
5767
5766
5768
5785
5767
5768
5799
5787
5801
5788
5802
5773
5774
5775
5790
5797
5773
5774
5773
5775
5792
5774
5775
5800
5794
5801
5795
5803
5780
5781
5782
5783
5790
5780
5781
5780
5782
5786
5781
5782
5793
5787
5794
5789
5796
5787
5788
5789
5788
5789
5787
5788
5787
5789
5794
5795
5796
5795
5796
5794
5795
5794
5796
5801
5802
5803
5802
5803
5801
5802
5801
5803
5808
5809
5810
5811
5818
5808
5809
5809
5810
5812
5808
5810
5819
5822
5816
5817
5823
5815
5816
5817
5816
5817
5815
5816
5815
5817
5822
5823
5824
5822
5823
5822
5824
5823
5824
5829
5830
5831
5846
5853
5830
5831
5829
5830
5848
5829
5831
5855
5850
5857
5851
5858
5836
5837
5838
5846
5836
5837
5837
5838
5849
5836
5838
5851
5852
5843
5844
5845
5853
5843
5844
5844
5845
5856
5843
5845
5858
5859
5850
5851
5852
5850
5852
5850
5851
5851
5852
5857
5858
5859
5857
5859
5857
5858
5858
5859
5864
5865
5866
5864
5865
5864
5866
5865
5866
5871
5872
5873
5871
5873
5871
5872
5872
5873
5878
5879
5880
5878
5879
5878
5880
5879
5880
5884
5887
5885
5887
5884
5885
5886
5886
5887
5890
5891
5890
5891
5918
5919
5894
5895
5894
5895
5900
5901
5902
5903
5901
5902
5900
5901
5904
5900
5902
5907
5908
5907
5908
5909
5907
5908
5908
5909
5907
5909
5914
5915
5916
5914
5916
5915
5916
5914
5915
5919
5920
5981
5919
5920
5983
5923
5925
5928
5923
5927
5926
5930
5925
5927
5942
5926
5932
5944
5927
5933
5945
5948
5930
5932
5930
5934
5950
5933
5932
5934
5935
5951
5933
5937
5934
5938
5941
5955
5937
5941
5956
5937
5940
5943
5938
5944
5940
5941
5945
5940
5941
5960
5947
5962
5944
5948
5944
5947
5945
5947
5948
5947
5948
5952
5953
5952
5955
5953
5955
5956
5954
5954
5958
5955
5959
5962
5958
5962
5958
5961
5959
5961
5962
5961
5962
5966
5967
5966
5968
5967
5968
5969
5969
5969
5973
5976
5974
5976
5973
5974
5975
5975
5976
5978
5979
5980
5980
5983
5984
5983
5984
5989
5990
5991
5989
5990
5989
5991
5990
5991
5996
5997
5998
5996
5997
5997
5998
5996
5998
)


// ************************************************************************* //
