/*--------------------------------*- C++ -*----------------------------------*\
  =========                 |
  \\      /  F ield         | OpenFOAM: The Open Source CFD Toolbox
   \\    /   O peration     | Website:  https://openfoam.org
    \\  /    A nd           | Version:  8
     \\/     M anipulation  |
\*---------------------------------------------------------------------------*/
/*   Windows 32 and 64 bit porting by blueCAPE: http://www.bluecape.com.pt   *\
|  Based on Windows porting (2.0.x v4) by Symscape: http://www.symscape.com   |
\*---------------------------------------------------------------------------*/
FoamFile
{
    version     2.0;
    format      ascii;
    class       regIOobject;
    location    "constant/air/polyMesh";
    object      cellZones;
}
// * * * * * * * * * * * * * * * * * * * * * * * * * * * * * * * * * * * * * //

1
(
vegetation
{
    type cellZone;
cellLabels      List<label> 
329
(
18
95
383
388
432
434
436
437
441
444
445
447
707
709
710
712
889
901
904
905
907
915
917
919
921
924
1027
1029
1031
1032
1034
1036
1038
1039
1076
1077
1079
1080
1081
1082
1086
1089
1090
1092
1094
1095
1103
1104
1105
1106
1107
1108
1109
1110
1116
1122
1123
1130
1135
1137
1158
1159
1160
1161
1162
1163
1164
1165
1168
1169
1170
1172
1173
1174
1175
1176
1177
1178
1180
1183
1184
1186
1187
1188
1189
1190
1191
1192
1193
1194
1196
1197
1198
1199
1200
1202
1204
1205
1209
1212
1214
1215
1216
1217
1218
1219
1220
1226
1233
1235
1236
1237
1238
1239
1240
1241
1242
1244
1246
1247
1249
1250
1251
1252
1253
1254
1255
1256
1258
1259
1261
1266
1268
1275
1280
1282
1336
1337
1338
1339
1340
1341
1342
1343
1346
1347
1348
1350
1351
1352
1353
1354
1355
1356
1357
1360
1361
1363
1364
1365
1366
1367
1368
1369
1370
1403
1404
1405
1408
1416
1418
1419
1421
1426
1428
1429
1431
1440
1442
1443
1445
1462
1469
1475
1476
1477
1479
1480
1481
1490
1497
1503
1504
1505
1507
1508
1509
1518
1519
1520
1524
1525
1526
1527
1528
1529
1530
1531
1532
1533
1534
1535
1536
1537
1538
1539
1543
1552
1553
1556
1558
1560
1567
1573
1574
1575
1576
1577
1578
1579
1587
1588
1589
1590
1591
1592
1593
1595
1596
1597
1599
1601
1602
1603
1604
1605
1606
1607
1608
1609
1612
1613
1622
1623
1626
1628
1636
1637
1638
1639
1640
1641
1642
1644
1645
1646
1650
1651
1652
1653
1654
1655
1656
1657
1658
1662
1671
1672
1675
1676
1679
1686
1692
1693
1694
1695
1696
1697
1698
1706
1707
1708
1709
1710
1711
1712
1714
1715
1716
1718
1720
1721
1722
1723
1724
1725
1726
1727
1728
1731
1732
1741
1742
1745
1746
1762
1763
1764
1765
1766
1767
1768
1769
1770
1771
1772
1773
1774
1775
)
;
}
)

// ************************************************************************* //
