/*--------------------------------*- C++ -*----------------------------------*\
  =========                 |
  \\      /  F ield         | OpenFOAM: The Open Source CFD Toolbox
   \\    /   O peration     | Website:  https://openfoam.org
    \\  /    A nd           | Version:  8
     \\/     M anipulation  |
\*---------------------------------------------------------------------------*/
/*   Windows 32 and 64 bit porting by blueCAPE: http://www.bluecape.com.pt   *\
|  Based on Windows porting (2.0.x v4) by Symscape: http://www.symscape.com   |
\*---------------------------------------------------------------------------*/
FoamFile
{
    version     2.0;
    format      ascii;
    class       labelList;
    location    "constant/air/polyMesh";
    object      pointProcAddressing;
}
// * * * * * * * * * * * * * * * * * * * * * * * * * * * * * * * * * * * * * //


3485
(
7
11
26
35
38
57
58
65
66
84
86
90
97
98
105
115
122
129
185
186
189
226
260
261
262
272
275
318
320
361
363
367
389
391
392
394
452
454
455
488
522
539
543
544
545
559
560
561
562
597
598
601
602
618
620
621
628
629
630
631
648
649
651
676
677
678
679
680
681
698
720
721
722
723
725
726
736
737
738
740
750
755
756
780
781
782
783
785
786
787
796
797
798
822
823
824
825
826
923
932
936
975
976
977
979
986
987
1068
1070
1071
1072
1073
1074
1075
1076
1105
1106
1108
1114
1116
1175
1176
1177
1178
1181
1182
1186
1214
1215
1219
1233
1234
1235
1238
1305
1308
1309
1310
1316
1320
1322
1323
1324
1325
1326
1327
1328
1329
1331
1332
1335
1336
1337
1338
1391
1392
1393
1394
1395
1396
1397
1398
1399
1400
1526
1528
1535
1536
1537
1538
1539
1541
1565
1571
1572
1582
1589
1593
1601
1602
1605
1614
1626
1627
1640
1641
1656
1711
1712
1741
1762
1763
1765
1766
1767
1768
1769
1862
1863
1864
1865
1868
1869
1870
1871
1872
1875
1876
1904
1917
1923
1925
1955
1980
1981
1983
1988
1989
2019
2034
2035
2036
2118
2121
2160
2161
2162
2163
2219
2262
2267
2268
2272
2273
2274
2275
2330
2405
2406
2432
2433
2434
2435
2439
2508
2511
2512
2513
2516
2530
2531
2532
2533
2564
2566
2567
2587
2605
2646
2647
2648
2649
2651
2652
2653
2654
2655
2656
2657
2658
2659
2660
2661
2663
2818
2819
2820
2821
2822
2823
2824
2833
2834
2835
2836
2837
2838
2840
2841
2842
2843
2884
2885
2886
2904
2906
2907
2908
2909
2938
2939
2940
2962
2963
2964
2982
2983
3010
3011
3012
3013
3014
3015
3016
3138
3139
3140
3144
3145
3146
3147
3148
3149
3150
3152
3153
3154
3214
3215
3216
3217
3218
3219
3221
3232
3233
3234
3328
3330
3331
3332
3333
3336
3337
3338
3339
3340
3363
3364
3368
3369
3370
3441
3443
3444
3445
3446
3447
3448
3449
3450
3489
3490
3500
3501
3502
3534
3565
3566
3567
3572
3639
3640
3645
3649
3650
3651
3652
3659
3932
3933
3934
3935
3938
3940
3941
3942
3943
3944
3949
3950
3951
3952
3954
3955
3956
3957
3976
4006
4064
4065
4070
4071
4077
4078
4080
4081
4082
4083
4145
4146
4147
4148
4149
4150
4154
4155
4156
4157
4158
4159
4160
4161
4162
4163
4164
4165
4166
4167
4168
4173
4410
4411
4412
4413
4414
4415
4416
4418
4419
4424
4425
4428
4429
4430
4431
4432
4433
4434
4435
4436
4437
4438
4440
4444
4445
4446
4447
4448
4525
4526
4531
4572
4573
4574
4575
4594
4613
4621
4622
4705
4706
4709
4787
4788
4790
4791
4792
4793
4925
4926
4927
4928
4933
4934
5050
5051
5052
5053
5054
5059
5060
5061
5062
5063
5064
5117
5118
5119
5120
5157
5160
5175
5176
5234
5290
5292
5293
5294
5295
5296
5388
5389
5408
5429
5495
5519
5520
5521
5522
5523
5524
5525
5526
5527
5528
5618
5619
5620
5621
5626
5627
5631
5632
5634
5686
5687
5802
5803
5804
5805
5806
5807
5808
5809
5844
5845
5847
5848
5849
5850
5886
5887
5909
5938
5939
5940
5941
5942
5943
5944
5945
6007
6008
6009
6010
6011
6012
6013
6014
6015
6016
6017
6151
6152
6154
6224
6225
6226
6227
6228
6229
6230
6231
6237
6238
6239
6240
6498
6499
6500
6501
6502
6503
6504
6505
6506
6515
6516
6517
6518
6519
6520
6521
6522
6523
6524
6681
6682
6683
6684
6685
6686
6687
6688
6689
6690
6730
6731
6788
6860
6933
6934
6935
6936
6937
6938
6939
6994
6995
6996
7003
7004
7116
7117
7118
7119
7126
7127
7128
7258
7259
7260
7261
7262
7263
7264
7347
7348
7349
7350
7351
7352
7353
7354
7355
7356
7357
7358
7359
7360
7361
7362
7363
7364
7431
7540
7541
7542
7543
7544
7545
7546
7547
7548
7579
7581
7582
7583
7584
7623
7624
7837
7879
7978
7979
7980
7981
7982
7983
7984
7985
7986
7987
7988
7989
7990
7991
7992
7993
8005
8006
8007
8008
8009
8010
8011
8012
8412
8413
8414
8415
8416
8417
8418
8419
8420
8421
8422
8423
8424
8425
8426
8428
8429
8430
8433
8434
8439
8440
8441
8442
8443
8444
8445
8446
8447
8448
8449
8450
8451
8452
8453
8454
8455
8456
8457
8458
8682
8683
8685
8686
8870
8871
8872
8874
8875
8876
8879
8882
8884
8885
8887
8889
8954
9014
9015
9016
9017
9018
9019
9020
9021
9022
9023
9024
9032
9033
9034
9035
9036
9037
9038
9353
9354
9355
9356
9357
9358
9359
9360
9361
9362
9363
9364
9365
9366
9367
9368
9380
9381
9382
9383
9384
9385
9386
9387
9388
9389
9390
9391
9555
9556
9574
9620
9633
9634
9653
9658
9659
9678
9679
9680
9693
9697
9714
9761
9762
9763
9764
9788
9789
9790
9811
9812
9879
9880
9881
9882
9911
9912
9913
9943
9944
9958
9960
9975
10000
10002
10024
10025
10026
10027
10046
10086
10087
10088
10110
10122
10123
10124
10125
10338
10366
10371
10380
10381
10382
10383
10450
10481
10482
10595
10596
10597
10598
10599
10600
10601
10602
10603
10660
10661
10662
10663
10664
10665
10781
10834
10836
10871
10872
10873
10926
10927
10937
10938
10963
10964
11033
11034
11132
11133
11152
11165
11173
11193
11195
11197
11263
11271
11283
11285
11287
11329
11360
11361
11366
11368
11370
11371
11372
11373
11374
11377
11378
11379
11380
11381
11382
11430
11433
11434
11435
11436
11437
11438
11439
11440
11441
11442
11603
11604
11605
11608
11609
11610
11619
11622
11623
11628
11629
11712
11713
11714
11715
11723
11727
11998
11999
12000
12001
12179
12180
12181
12182
12189
12190
12191
12294
12390
12391
12392
12393
12399
12400
12500
12501
12502
12510
12511
12512
12513
12721
12722
12723
12724
12725
12766
12767
12768
12769
12770
12778
12781
12782
12836
12837
12838
12839
12840
12842
12865
12890
12892
12893
12894
12895
12931
12932
12933
12934
12946
12947
12965
13115
13116
13117
13118
13119
13120
13121
13128
13129
13130
13131
13182
13275
13276
13277
13278
13279
13280
13281
13282
13283
13284
13319
13320
13328
13329
13331
13332
13439
13440
13441
13442
13443
13444
13445
13446
13447
13448
13449
13504
13506
13507
13508
13509
13511
13566
13567
13573
13579
13580
13581
13582
13583
13584
13727
13735
13741
13742
13743
13744
13745
13746
13749
13776
13821
13822
13824
13825
13826
13875
13876
13888
13889
13890
13891
13892
13893
13894
13895
13934
13935
13936
13937
13938
13939
14022
14024
14033
14034
14057
14058
14059
14062
14063
14068
14069
14070
14078
14079
14119
14120
14121
14123
14124
14125
14126
14127
14128
14129
14169
14171
14209
14210
14211
14212
14213
14214
14215
14225
14226
14228
14229
14230
14243
14244
14248
14249
14288
14289
14291
14292
14314
14315
14317
14318
14360
14361
14362
14363
14364
14365
14366
14572
14573
14574
14596
14675
14676
14677
14678
14679
14681
14685
14686
14687
14699
14700
14701
14876
14882
14883
14884
14886
14887
14888
14889
14890
14891
14892
14943
14944
14958
14959
14960
15069
15070
15071
15072
15075
15076
15077
15083
15084
15085
15153
15154
15172
15173
15174
15256
15257
15258
15271
15307
15308
15309
15310
15311
15312
15486
15487
15495
15582
15585
15685
15782
15821
15822
15823
15824
15825
15826
15827
15828
15829
15830
15831
15832
15833
15965
15966
15967
15968
15969
15970
15971
15972
15973
15974
15975
15976
15977
15978
15979
15980
15985
15986
15987
15988
15989
15990
15991
15992
16044
16045
16046
16278
16279
16280
16281
16282
16283
16426
16427
16428
16429
16430
16431
16432
16433
16590
16591
16592
16593
16594
16595
16596
16597
16700
16706
16708
16723
16724
16725
16726
16727
16728
16776
16783
16784
16785
16787
16864
16866
16991
17119
17120
17121
17122
17123
17124
17125
17127
17267
17269
17273
17274
17275
17276
17330
17331
17332
17333
17334
17335
17336
17337
17338
17339
17341
17451
17452
17453
17467
17468
17469
17470
17475
17476
17477
17478
17550
17822
17823
17824
17825
17881
17882
17883
17884
17885
18006
18007
18008
18009
18010
18011
18016
18017
18139
18140
18141
18146
18147
18148
18149
18150
18255
18256
18257
18324
18344
18348
18349
18350
18351
18352
18353
18443
18444
18445
18596
18597
18598
18762
18791
18792
18896
18897
18898
18899
18900
18937
18938
18941
18957
18984
18992
18993
18994
18995
18996
19001
19004
19005
19094
19095
19096
19097
19098
19103
19104
19105
19106
19110
19111
19112
19113
19114
19115
19120
19121
19336
19424
19425
19426
19435
19454
19458
19459
19460
19461
19462
19470
19515
19516
19517
19518
19523
19524
19525
19532
19533
19534
19651
19652
19725
19727
19831
19832
19833
19834
19837
19838
19853
19854
19857
19858
19859
19860
19861
19872
19873
19874
19880
19881
19882
19885
19886
19887
19888
19889
19890
19891
19892
19893
19894
19895
19896
19897
19898
19899
19901
19903
19907
19908
19912
19913
19916
19917
19918
19919
19920
19921
19922
19923
19924
19925
19926
19927
19928
20118
20120
20121
20122
20124
20134
20135
20136
20137
20138
20139
20140
20141
20142
20143
20144
20145
20146
20147
20148
20149
20150
20151
20152
20153
20154
20155
20156
20157
20158
20159
20160
20161
20163
20164
20166
20172
20174
20175
20784
20785
20786
20787
20788
20790
20791
20792
20793
20798
20799
20800
20801
20802
20803
20804
20805
20806
20807
20808
20831
20840
20841
20842
20843
20845
20847
20849
20850
20851
20852
20853
20854
20856
20857
20858
20876
20877
20878
20879
20880
20881
20882
21167
21168
21169
21170
21171
21172
21173
21174
21175
21176
21177
21178
21179
21196
21197
21202
21767
21769
21991
21992
22037
22149
22150
22151
22152
22153
22154
22155
22156
22157
22158
22160
22161
22162
22163
22164
22165
22166
22640
22641
22642
22643
22644
22645
22646
22647
22648
22649
22652
22653
22654
22655
22674
22675
22676
22677
22679
22680
22682
23197
23198
23199
23200
23201
23202
23203
23204
23205
23206
23207
23208
23209
23210
23211
23212
23213
23224
23225
23226
23227
23481
23482
23483
23484
23485
23486
23487
23488
23489
23501
23502
23503
23504
23505
23506
23507
23508
23509
23510
23511
23512
23513
24032
24040
24041
24049
24050
24065
24074
24090
24098
24099
24101
24118
24119
24120
24121
24122
24148
24225
24226
24227
24288
24289
24290
24294
24297
24331
24341
24342
24343
24379
24380
24381
24393
24394
24395
24396
24397
24398
24401
24402
24443
24444
24445
24454
24455
24456
24461
24463
24543
24544
24545
24546
24547
24865
24866
24867
24868
24869
24870
24878
24888
24889
24890
24891
24892
24893
24894
25028
25029
25031
25032
25033
25035
25036
25037
25038
25039
25040
25043
25045
25046
25048
25102
25158
25159
25160
25161
25162
25163
25164
25169
25174
25175
25176
25266
25267
25269
25272
25274
25285
25289
25581
25582
25583
25584
25612
25613
25615
25616
25636
25652
25707
25708
25709
25710
25711
25717
25718
25719
25720
25721
25763
25764
25765
25766
25767
25791
25792
25793
25795
25876
25877
25878
25879
25880
25881
25882
25883
25884
25885
25967
25979
26012
26048
26049
26050
26051
26052
26053
26055
26056
26057
26058
26059
26085
26086
26111
26112
26114
26115
26134
26135
26136
26138
26179
26180
26181
26186
26313
26314
26315
26316
26317
26334
26335
26336
26337
26338
26376
26377
26422
26423
26424
26425
26426
26427
26428
26470
26486
26518
26519
26520
26521
26522
26523
26524
26525
26526
26527
26528
26532
26533
26534
26535
26590
26642
26647
26648
26649
26650
26653
26735
26736
26737
26738
26749
26754
26755
26756
26844
26845
26906
26907
26908
26909
26910
27033
27098
27130
27141
27142
27143
27144
27186
27191
27196
27201
27202
27203
27259
27265
27266
27267
27268
27269
27308
27309
27310
27311
27312
27369
27370
27382
27383
27384
27385
27403
27435
27441
27462
27463
27470
27471
27472
27473
27474
27475
27548
27610
27611
27695
27734
27777
27878
28067
28077
28130
28131
28183
28222
28227
28228
28305
28306
28307
28308
28309
28318
28328
28329
28330
28331
28463
28464
28465
28466
28467
28468
28469
28470
28471
28472
28473
28476
28477
28478
28479
28480
28539
28593
28594
28595
28596
28602
28603
28610
28611
28613
28615
28616
28617
28618
28619
28620
28621
28734
28735
28736
28737
28738
28740
28741
28752
28753
28754
28755
28756
29074
29075
29076
29077
29078
29079
29080
29081
29120
29122
29126
29128
29241
29242
29243
29244
29245
29246
29247
29248
29249
29250
29251
29252
29253
29254
29268
29269
29270
29271
29272
29273
29274
29275
29400
29402
29406
29407
29408
29506
29507
29508
29509
29510
29511
29512
29513
29514
29515
29516
29517
29518
29519
29520
29521
29522
29523
29524
29525
29651
29652
29653
29654
29769
29770
29771
29772
29773
29774
29777
29778
29779
29780
29781
29782
29846
29848
29990
29991
29998
29999
30000
30001
30002
30003
30004
30005
30006
30007
30025
30026
30027
30028
30029
30030
30094
30095
30096
30097
30098
30210
30212
30213
30303
30304
30305
30306
30307
30621
30622
30623
30624
30625
30629
30630
30635
30636
30637
30638
30639
30640
30651
30656
30660
30661
30727
30798
30799
30853
30854
30855
30856
30857
30858
30859
30860
30861
30862
30863
30864
30865
30866
30867
30868
30869
30965
30966
31054
31055
31056
31057
31058
31059
31060
31062
31063
31065
31103
31104
31105
31106
31107
31108
31109
31112
31113
31114
31115
31116
31117
31120
31121
31122
31123
31124
31125
31126
31127
31136
31139
31140
31141
31142
31143
31370
31371
31372
31373
31374
31375
31376
31393
31411
31412
31413
31414
31415
31416
31417
31418
31419
31437
31438
31439
31440
31441
31442
31443
31444
31448
31449
31450
31451
31628
31631
31633
31634
31782
31783
31784
31785
31786
31787
31788
31789
31790
31791
31792
31793
31794
31795
32396
32697
32698
32699
32700
32701
32702
32703
32704
32705
32706
32707
32708
32709
32710
32711
32712
32713
32714
32715
32747
32748
32749
32768
32769
32796
32797
32798
32799
32800
32801
32802
32803
32804
32805
32806
32807
32808
32809
32810
32811
32812
32813
32814
32815
32816
32820
32821
32825
32829
32855
32858
33276
33277
33278
33279
33280
33281
33282
33283
33284
33289
33290
33291
33292
33293
33294
33295
33299
33300
33301
33302
33303
33304
33305
33306
33307
33308
33309
33310
33311
33318
33319
33320
33322
33325
33326
33327
33328
33329
33331
33511
33512
33530
33534
33715
33716
33717
33718
33719
33720
33721
33722
33723
33724
33725
33726
33727
33728
33729
33730
33731
33732
33733
33737
33738
33771
33772
33773
33774
33796
33797
33798
33800
33801
33802
33803
33805
34053
34054
34055
34056
34057
34062
34063
34064
34069
34072
34073
34074
34077
34086
34094
34102
34103
34104
34105
34108
34926
34927
34932
34943
34949
34957
34958
34964
34965
34966
34978
34979
35023
35035
35038
35050
35063
35092
35119
35120
35129
35130
35131
35221
35222
35245
35246
35247
35248
35251
35258
35259
35260
35261
35359
35360
35361
35362
35417
35418
35419
35420
35421
35422
35423
35424
35425
35426
35427
35428
35429
35430
35431
35432
35433
36120
36121
36122
36123
36124
36125
36126
36127
36128
36129
36130
36131
36132
36133
36134
36135
36136
36181
36183
36209
36220
36240
36306
36307
36324
36339
36340
36354
36355
36359
36360
36361
36417
36418
36421
36449
36464
36465
36466
36492
36543
36548
36554
36570
36571
36591
36611
36654
36655
36656
36657
36658
36817
36818
36819
36820
36821
36822
36823
36825
36826
36827
36857
36858
36859
36962
36963
36964
36965
36966
36967
36968
36972
36973
36974
37072
37073
37074
37142
37143
37144
37145
37146
37147
37148
37279
37280
37309
37376
37377
37382
37414
37428
37468
37503
37504
37505
37506
37507
37508
37509
37510
37511
37512
37513
37516
37904
37905
37906
37907
37908
37909
37915
37916
37917
37918
37919
38022
38023
38024
38025
38026
38092
38093
38094
38095
38096
38097
38098
38099
38100
38101
38102
38103
38104
38105
38106
38107
38108
38109
38110
38111
38112
38861
38862
38863
38864
38865
38866
38867
38868
38869
38870
38871
38872
38873
38874
38875
38876
38877
38878
38879
38880
38881
38923
38924
38925
38929
38930
38988
38989
39043
39044
39045
39177
39178
39179
39180
39181
39182
39197
39198
39199
39268
39269
39270
39271
39279
39280
39281
39313
39314
39315
39361
39362
39363
39364
39444
39445
39446
39463
39464
39465
39466
39467
39468
39469
39470
39471
39472
39473
39505
39506
39507
39544
39545
39546
39547
39548
39549
39550
39551
39552
39553
39554
39555
40000
40001
40002
40003
40004
40005
40006
40007
40008
40009
40010
40011
40220
40221
40222
40223
40224
40225
40226
40513
40514
40515
40516
40517
40518
40519
40721
40722
40727
40728
40737
40738
40739
40816
40817
40818
40836
40837
40838
40839
40856
40857
40858
40918
40934
40935
41030
41045
41046
41075
41076
41077
41078
41079
41080
41081
41082
41083
41084
41085
41086
41087
41425
41552
41566
41657
41658
41659
41660
41661
41662
41663
41664
41665
41666
41667
41668
41671
41672
41677
41678
41679
41723
41747
41748
41749
41750
41751
41752
41753
41754
41755
41756
41757
41758
41759
41760
42233
42234
42235
42236
42237
42238
42239
42240
42241
42242
42243
42244
42245
42246
42247
42408
42411
42450
42451
42452
42453
42454
42455
42456
42457
42458
42459
42460
42461
42462
42463
42464
42465
42466
42467
42468
42469
42470
42471
42472
42473
42474
42475
42476
42477
42478
42479
42480
42481
42482
42483
42484
42485
42486
42487
42488
42489
42490
42491
42492
42493
42494
42495
42496
42497
42498
42499
42501
42505
42510
42513
44291
44293
44569
44570
44571
44572
44573
44574
44575
44576
44577
44578
44579
44580
44581
44582
44583
44584
44585
44586
44587
44588
44589
44590
44591
44592
44593
44594
44595
44596
44597
44598
44599
44600
44601
44602
44603
44604
44605
44606
44607
44608
44609
44610
44611
44612
44613
44615
44618
44623
44625
44630
44646
44647
44653
44655
44661
44732
44859
44914
44915
45224
45342
45343
45559
45630
45632
45648
46012
46013
46014
46015
46016
46017
46018
46019
46020
46021
46022
46023
46024
46025
46026
46027
46028
46029
46030
46031
46032
46033
46034
46035
46036
46037
46038
46039
46040
46041
46057
46058
46059
46060
46061
46062
46063
46064
46065
46066
46067
46068
46069
46070
46071
46072
46073
46074
46075
46076
46077
46078
46079
46080
46081
46082
46083
46084
46085
46086
46087
46088
46089
46090
46091
46092
46093
46094
46095
46096
46097
46827
46828
46829
46830
46831
46832
46837
46838
46839
46840
46841
46842
46843
46844
46845
46846
46847
46848
46864
46865
46866
46867
46868
46869
46870
46871
46872
46873
46874
46875
46876
46877
46878
46879
46880
47068
47069
47070
47071
47072
47073
47074
47075
47076
47077
47078
47079
47080
47081
47082
47083
47084
47085
47086
47087
47088
47089
47090
47091
47092
47093
47094
47095
47732
47733
47734
47735
47736
47737
47738
47739
47740
47741
47742
47743
47744
47745
47746
47747
47748
47749
47750
47751
47752
47753
47754
47755
47756
47757
47758
47759
47760
47761
47762
47763
47764
47765
47766
47767
47768
47769
47770
47771
47772
47773
47774
47775
47776
47777
47778
47779
47780
47781
47782
47783
47784
47785
47786
47787
47788
47789
47790
47791
47792
47793
47794
47795
47796
47797
47798
47799
47800
47801
47802
47803
47804
47805
47806
47807
47808
47809
47810
47811
47812
47813
47814
47815
47816
47817
47818
47819
47820
47821
47822
47823
47824
47825
47826
47827
47828
47829
47830
47831
47832
47833
48568
48569
48570
48571
48572
48573
48574
48575
48582
48583
48584
48585
48586
48587
48588
48589
48590
48591
48592
48593
48594
48595
48596
48597
48598
48599
48600
48601
48602
48603
48604
48605
48606
48607
48608
48638
48639
48640
48641
48642
48643
48644
48645
48646
48647
48648
48649
48650
48651
48652
48653
48654
48655
48656
48657
48658
48659
48660
48661
48662
48663
48664
49107
49108
49109
49110
49111
49112
49113
49114
49115
49116
49117
49118
49119
49120
49121
49122
49123
49124
49125
49126
49127
49128
49129
49130
49131
49132
49133
49134
49135
49136
49137
49138
49139
49844
49845
49846
49847
49848
49849
49850
49851
49852
49853
49854
49855
49894
49895
49896
49897
49898
49899
49900
49901
49902
49903
49904
49905
49906
49907
49908
49909
49910
49911
49912
49913
49914
49915
49916
49917
49918
49919
49920
49921
49922
49923
49924
49925
49926
50759
50760
50761
50762
50787
50788
51226
51227
51228
51229
51230
51231
51232
51245
51246
51247
51248
51249
51250
51251
51252
51253
51254
51984
51985
51986
51987
51988
51989
51990
51991
51992
52272
52273
52274
52275
52276
52277
52278
52279
52280
52281
52282
52283
52662
52663
52664
52665
52666
52667
52668
52669
52670
52671
52672
52673
52674
52675
53179
53180
53181
53182
53183
53184
53456
53457
53458
53459
53460
53461
53480
53481
53482
53483
53484
53485
53486
53487
53488
53489
53490
54163
54164
54165
54166
54167
54168
54169
54170
54171
54172
54173
54174
55235
55236
55255
55256
55257
55258
55259
55260
55261
55262
55263
55384
55385
55386
55387
55388
55389
55390
55391
55392
55393
55394
55395
55396
55397
55398
56659
56660
56690
56691
56692
56693
56694
56695
56696
56697
56698
56699
56700
56701
56736
56737
56738
56739
56740
56741
56742
56743
56744
56745
56746
56747
56748
56749
56750
56751
56752
56753
56754
56755
56756
56757
56758
56759
57104
57105
57106
57107
57108
57109
57110
57111
57112
57113
57114
57115
57116
57117
57118
57119
57120
57121
57643
57644
57645
57646
57647
57648
57649
57650
57651
58435
58436
58437
58646
58647
58648
58886
58887
58888
58889
58890
58891
)


// ************************************************************************* //
