/*--------------------------------*- C++ -*----------------------------------*\
  =========                 |
  \\      /  F ield         | OpenFOAM: The Open Source CFD Toolbox
   \\    /   O peration     | Website:  https://openfoam.org
    \\  /    A nd           | Version:  8
     \\/     M anipulation  |
\*---------------------------------------------------------------------------*/
/*   Windows 32 and 64 bit porting by blueCAPE: http://www.bluecape.com.pt   *\
|  Based on Windows porting (2.0.x v4) by Symscape: http://www.symscape.com   |
\*---------------------------------------------------------------------------*/
FoamFile
{
    version     2.0;
    format      ascii;
    class       labelList;
    note        "nPoints: 7142 nCells: 5169 nFaces: 17354 nInternalFaces: 15563";
    location    "constant/vegetation/polyMesh";
    object      neighbour;
}
// * * * * * * * * * * * * * * * * * * * * * * * * * * * * * * * * * * * * * //


15563
(
368
459
462
8
9
474
514
10
12
31
32
33
43
525
1275
4
6
11
14
16
18
296
506
13
14
18
27
9
20
22
24
7
20
21
23
26
314
508
8
9
295
513
295
474
516
20
24
26
515
11
302
524
1276
27
30
32
33
526
1206
28
31
33
46
15
17
28
49
15
16
21
19
22
55
18
19
23
541
18
19
29
52
543
30
545
25
57
547
21
26
22
23
25
59
25
26
1018
25
26
1021
60
1023
1024
28
30
33
29
61
30
31
64
1121
32
1122
32
67
1124
33
1125
36
38
39
41
96
101
158
36
37
40
70
38
39
38
42
73
160
41
162
40
41
177
42
76
178
42
165
179
79
166
180
44
46
67
1662
2125
45
47
68
1663
2126
48
69
1664
2127
47
61
67
48
62
68
63
69
50
52
55
61
51
53
55
62
54
56
63
53
57
64
1672
54
57
65
1673
58
66
1674
56
57
59
58
59
58
60
1677
60
1678
60
1893
62
64
63
65
66
65
67
1903
66
68
1904
69
1905
68
1909
69
1910
1911
71
73
76
72
74
77
75
78
74
79
223
75
80
224
81
225
77
79
244
78
80
245
81
246
80
229
247
81
230
248
231
249
103
154
155
156
157
1311
89
97
104
106
108
1239
85
86
87
95
110
113
114
117
91
93
134
135
137
1251
1324
88
89
108
119
120
124
1242
1251
88
111
113
117
149
118
119
124
128
95
101
126
127
128
130
1240
102
125
126
129
146
181
114
132
134
137
93
139
141
143
141
143
144
1250
1253
99
146
148
151
184
100
104
147
148
149
152
100
159
161
162
163
165
101
153
155
158
160
161
164
187
167
169
171
190
101
153
168
169
170
172
175
176
177
179
167
174
175
180
193
105
106
107
109
1309
1310
1315
105
110
153
106
109
154
107
155
1269
108
109
1272
1319
110
1273
1321
110
1323
1324
112
116
118
150
250
113
115
151
196
114
152
115
117
116
132
199
117
123
136
202
124
137
121
123
129
253
120
121
130
1245
122
124
1252
1286
122
131
205
1287
123
208
1288
1327
124
211
1330
1331
127
131
174
214
1241
127
128
147
175
130
176
1274
129
130
149
131
150
217
131
1277
220
1278
133
136
256
134
138
140
268
135
141
137
138
144
1329
137
138
271
1330
1331
145
274
1332
140
142
277
141
145
280
144
143
145
283
1336
144
1337
145
1338
286
1339
147
150
167
259
148
149
168
152
169
150
152
151
262
152
265
154
159
155
156
157
157
159
158
159
162
166
223
162
163
165
164
165
170
166
171
226
166
172
173
229
168
173
232
169
172
175
170
171
172
173
235
173
179
180
238
176
178
241
176
179
177
178
179
180
244
180
247
182
193
214
217
259
183
194
215
218
260
195
216
219
261
185
190
259
265
186
191
260
266
192
261
267
188
223
226
189
224
227
225
228
191
232
235
192
233
236
234
237
194
232
241
247
195
233
242
248
234
243
249
197
199
250
265
198
200
251
266
201
252
267
200
202
256
201
203
257
204
258
203
211
250
271
204
212
251
272
213
252
273
206
208
220
253
2137
207
209
221
254
2138
210
222
255
2139
209
211
2146
2182
210
212
2147
2183
213
2148
2184
212
253
2212
213
254
2213
255
2214
215
220
241
2122
216
221
242
2123
222
243
2124
218
220
253
262
219
221
254
263
222
255
264
221
2128
222
2129
2130
224
229
225
230
231
227
229
235
228
230
236
231
237
230
238
231
239
240
233
238
259
234
239
260
240
261
236
238
237
239
240
239
247
240
248
249
242
244
243
245
246
245
247
246
248
249
248
249
251
253
262
252
254
263
255
264
254
255
257
268
271
258
269
272
270
273
260
262
261
263
264
263
265
264
266
267
266
267
269
274
280
270
275
281
276
282
272
274
2212
273
275
2213
276
2214
275
286
2215
276
287
2216
288
2217
278
280
283
279
281
284
282
285
281
286
282
287
288
284
286
2221
285
287
2222
288
2223
287
2224
288
2225
2226
291
385
453
462
472
475
477
480
481
483
484
306
319
465
467
468
1005
295
472
474
477
461
479
480
482
1270
297
323
464
486
488
324
489
490
300
481
507
508
511
512
513
516
307
314
510
526
541
542
545
546
328
478
492
494
496
301
329
485
499
501
502
479
506
507
509
1205
331
477
484
492
493
495
498
499
500
504
505
344
452
1197
1198
1202
1204
1206
1208
1240
306
345
517
521
522
1109
1111
1112
1198
310
334
488
528
529
1418
317
335
487
531
532
1419
307
312
337
465
468
470
501
309
503
522
534
536
538
540
313
523
535
536
537
1637
312
314
495
504
1011
1013
1016
1017
340
494
1004
1006
1008
315
497
1012
1013
1014
343
493
500
1004
1005
1007
1010
527
542
543
544
1640
511
513
1018
1020
1022
1024
515
1019
1020
1021
361
489
1025
1027
1422
362
491
1025
1026
1425
463
548
550
554
562
717
337
555
557
558
1029
385
475
562
563
566
723
482
569
573
575
736
1244
441
553
578
579
584
593
328
554
585
587
589
445
549
592
593
595
390
552
599
600
603
627
330
331
332
391
564
572
628
630
633
634
637
640
355
392
606
607
609
1043
568
613
615
617
344
575
620
622
624
396
567
627
628
633
563
570
613
614
616
619
620
621
623
626
397
574
634
635
640
348
360
588
641
642
1428
340
587
644
645
1431
362
586
647
648
1432
342
351
591
650
651
1435
341
343
345
555
558
561
622
341
343
352
616
623
1035
1036
1040
1041
353
654
655
656
663
1688
615
1028
1030
1032
357
625
653
655
658
659
664
358
618
1036
1037
1038
614
621
1028
1029
1031
1034
577
1211
1212
1214
660
662
664
1130
1132
1133
1212
355
406
667
668
671
1144
1146
1147
1219
408
576
635
1218
1219
1221
364
602
674
675
1436
354
418
600
677
678
1439
420
601
677
680
682
1440
358
605
683
684
1443
356
357
630
637
1049
1050
1053
1055
670
687
688
689
1697
423
629
1042
1044
1046
356
357
424
607
609
611
636
427
628
634
1042
1043
1045
1048
639
671
686
688
690
691
632
1050
1051
1052
384
693
695
985
1444
364
597
1056
1057
1447
363
592
693
1059
1061
1685
596
1059
1060
1450
367
594
694
1057
1058
1453
583
1062
1063
1456
367
447
582
992
1065
1067
1459
448
581
680
1065
1066
1462
446
578
1063
1064
1714
369
453
455
458
459
462
2552
2568
373
722
725
726
735
737
739
740
2263
2266
2268
377
704
705
706
745
1465
372
700
710
711
713
699
715
716
719
385
453
722
723
726
377
728
729
730
745
1749
457
698
735
736
738
1249
742
743
748
899
1228
1264
749
750
751
1755
757
758
759
763
865
382
710
765
766
768
402
759
767
770
771
774
714
766
777
778
781
715
782
783
787
550
720
789
790
795
2671
792
793
968
1467
388
563
564
566
569
570
571
572
737
388
391
564
796
797
801
388
571
741
802
803
807
726
740
796
800
801
802
807
808
2331
579
791
809
811
2395
2817
790
812
813
816
840
395
396
397
802
841
843
846
847
851
853
424
819
820
822
1069
799
827
828
829
2311
2384
407
806
833
835
836
2386
801
808
826
828
831
832
834
836
838
839
2389
797
840
841
846
804
847
848
853
409
854
856
864
1470
702
857
858
861
701
857
864
865
868
779
860
875
879
880
882
778
867
882
884
885
405
449
890
891
892
3474
405
436
703
706
708
709
747
2355
2783
450
743
890
892
895
2352
2782
424
896
897
902
1179
1181
1182
1233
995
1225
1226
1230
2306
848
994
1232
1233
1235
411
412
859
1757
411
412
414
862
1786
415
856
863
1783
858
1780
415
416
871
876
1473
2436
415
416
877
1789
873
879
1760
881
1792
2439
815
905
906
1476
2360
2486
423
813
908
909
1479
425
817
911
912
1480
2363
814
908
914
916
1481
426
427
428
843
851
1075
1076
1079
1081
429
901
918
919
920
1795
842
1068
1070
1072
426
427
820
822
824
849
432
845
1076
1077
1078
433
852
902
917
920
921
922
841
847
1068
1069
1071
1074
433
434
826
834
1089
1093
1094
1095
746
924
925
926
1772
435
827
1082
1083
1086
2361
433
434
436
730
732
733
734
747
835
830
1089
1090
1091
2363
748
837
926
928
929
930
437
831
838
1085
1086
1087
1088
903
1096
1097
1100
2371
437
751
752
754
755
2453
3115
904
1099
1100
1101
1102
2455
3117
758
854
931
932
1484
756
938
942
944
442
765
938
954
955
956
786
960
961
966
987
782
967
970
971
444
792
975
976
991
1487
962
969
980
982
983
784
984
986
987
694
960
991
992
1490
811
1103
1105
1766
2487
2516
810
914
1103
1104
1493
450
998
999
1000
3746
998
1000
1002
1268
1376
2540
3995
452
479
1204
1205
1207
1209
1239
1270
485
577
1197
1200
1202
1271
1273
455
456
455
456
721
722
472
473
475
476
723
458
460
461
697
1307
459
462
697
735
460
697
697
1308
462
480
482
483
736
1309
737
464
476
478
486
554
466
470
521
555
467
469
556
1107
1631
471
557
1006
1646
470
471
534
1007
470
471
535
1108
1643
538
1109
539
1009
1648
473
475
474
476
478
514
516
476
477
478
562
478
563
492
496
498
568
481
485
507
509
512
481
483
484
483
485
1271
484
569
485
570
499
502
505
575
487
490
585
488
491
531
532
533
586
494
528
529
530
587
491
592
491
595
596
1025
1026
1027
493
498
613
494
495
614
497
615
1004
1008
1010
497
498
513
497
498
514
515
1013
1014
1017
516
500
505
620
501
504
621
503
622
1198
503
505
509
1202
504
510
1203
505
511
512
508
510
1206
508
512
511
510
512
1209
511
1210
512
515
516
515
516
1020
1021
1024
518
520
660
1199
1289
519
522
524
1201
1290
520
525
1116
1117
1118
1119
1291
1656
661
1106
1110
1111
1112
1292
1653
662
1107
1109
1112
526
1114
1115
1118
1119
1203
527
1113
1114
1116
1650
525
526
1208
1279
1123
1124
1125
1126
1280
1662
1120
1122
1125
1126
1210
1120
1121
1123
1659
530
531
644
1496
530
1008
1498
533
1884
533
647
1499
533
1026
1502
1887
538
539
540
1011
538
539
1113
1665
538
540
542
1114
539
540
544
1012
1668
1115
1015
1670
546
1016
545
546
547
1018
545
546
1120
545
547
1121
1672
546
547
1019
1675
1122
1022
1023
1677
549
551
717
783
553
554
593
595
598
784
551
552
565
717
553
717
785
789
553
554
567
599
603
604
790
579
580
584
786
791
568
585
589
590
556
561
662
557
559
1128
1679
560
1030
1703
560
561
653
1031
560
561
654
1129
1700
657
1033
1705
658
1130
565
568
723
564
568
566
567
566
567
723
795
723
796
568
627
631
633
797
613
617
619
570
571
736
572
575
572
573
736
574
802
574
736
803
1281
575
576
635
638
640
804
577
620
624
626
577
994
1218
1221
1224
1281
1285
1211
1214
1217
1244
1284
582
583
594
960
580
582
961
581
584
599
809
582
583
601
810
1065
1066
1067
811
963
584
597
602
1062
1063
1064
598
604
586
590
595
587
588
596
647
648
649
591
615
644
645
646
590
591
597
602
641
642
643
590
591
603
617
598
604
605
618
650
651
652
594
596
986
594
598
987
597
988
596
598
597
1059
1060
1061
598
1056
1057
1058
601
604
812
601
605
629
677
678
679
813
602
680
681
682
814
604
605
674
675
676
604
605
631
632
683
684
685
608
612
819
1044
1710
608
611
668
820
610
821
1141
1682
611
612
686
1045
611
612
687
1143
1707
691
1144
692
1047
1712
614
619
615
616
618
1028
1032
1034
618
619
630
618
619
631
632
1036
1038
1041
633
621
626
622
623
625
1212
625
626
637
625
626
638
1214
639
1215
640
629
631
840
629
630
841
632
842
1042
1046
1048
632
633
632
633
1050
1052
1055
636
637
847
636
638
848
639
849
1219
639
640
639
640
1221
1222
643
648
1056
1505
643
650
675
1508
649
652
1912
646
647
1511
646
651
1032
1513
649
652
1916
649
1514
649
1060
1517
1919
652
683
1520
652
1038
1522
1922
657
658
659
1035
657
658
1134
1717
658
659
688
1135
657
659
689
1037
1720
1039
1722
1136
690
1040
661
665
1213
1296
666
1127
1131
1132
1133
1297
1727
1128
1130
1133
670
1134
1135
1137
1724
665
671
1135
1136
1139
1140
1215
666
672
1216
1298
673
1137
1138
1139
1140
1299
1730
669
672
896
1220
1300
897
1141
1144
1147
673
898
1142
1145
1146
1147
1304
1736
1148
1149
1151
1733
672
1149
1150
1153
1154
1222
673
1223
1305
1151
1152
1153
1154
1306
1739
676
681
1062
1523
676
683
1526
682
685
1944
679
908
1529
679
684
1046
1531
682
685
1948
681
914
1532
682
1066
1535
1951
685
1538
685
1052
1540
1954
690
691
692
1049
691
692
1148
1742
690
691
1149
690
692
1051
1745
1053
1150
1054
1747
694
986
1541
695
988
1544
792
989
991
1547
699
721
722
724
725
2263
2550
2559
698
1388
2568
2570
735
738
739
1389
2266
2571
2578
700
716
718
719
2579
2585
711
712
713
2271
2586
702
757
778
865
867
868
779
857
860
861
707
708
709
892
3466
707
708
893
1163
1818
707
709
750
1820
3467
708
709
751
1164
894
1821
3470
895
1165
752
3471
714
715
766
768
769
2602
712
714
713
2274
2601
719
2587
2602
777
780
781
2601
717
783
785
787
2603
717
718
721
720
723
719
720
724
2611
2603
2612
727
789
2603
2616
2671
2673
722
723
724
725
727
725
727
2594
726
2597
727
2598
795
796
798
800
2600
731
733
924
1162
1798
731
734
749
1082
1801
733
734
751
1164
732
927
1084
1803
733
734
929
1085
930
1166
755
1087
737
739
737
741
1312
740
739
741
1316
2284
740
2649
741
2651
803
805
807
1318
2652
744
900
1159
1160
1161
1172
1173
1174
1175
1375
1811
747
1156
1158
1160
1161
1229
1376
996
1155
1159
1161
1808
1162
1163
1164
1752
901
1169
1170
1172
1805
748
1164
1165
1166
1168
1230
902
1170
1171
1174
1175
1231
753
755
1096
1814
752
753
1816
3605
752
755
754
3608
754
1098
1817
3609
755
1099
3610
1101
757
765
938
940
942
759
762
763
767
760
761
866
760
762
867
764
771
869
931
763
764
932
939
763
764
774
940
942
775
933
943
767
782
954
956
958
2654
767
769
770
774
776
778
2653
769
787
2654
2663
781
2653
2666
772
776
884
3324
772
775
885
945
773
887
946
3326
775
776
947
953
3329
775
776
954
948
957
958
3330
779
780
779
882
884
888
2669
875
878
880
2670
781
2658
2670
2659
2669
784
788
967
971
973
784
785
786
984
987
990
786
787
2287
788
961
964
966
2675
788
2677
977
978
981
983
2654
2680
791
2287
2673
791
797
812
816
818
2672
809
2674
2675
2817
2819
794
969
1550
794
950
970
1985
952
972
976
1988
796
797
798
800
799
840
844
846
799
800
2327
2671
801
828
829
832
2672
2904
801
2906
2908
804
808
804
805
1263
806
848
850
853
994
806
807
1372
2919
808
833
836
839
995
2920
808
2921
2922
810
812
2819
811
814
1103
1104
1105
2816
2818
3148
814
818
814
817
842
908
909
910
815
914
915
916
817
818
905
906
907
2816
2820
817
818
844
2823
845
911
912
913
2825
2819
2826
821
825
1070
1834
821
824
897
823
1176
1763
824
825
917
1071
824
825
918
1178
1831
922
1179
923
1073
1836
830
831
832
843
830
831
903
1083
1086
1088
2821
831
832
3102
830
832
844
2823
845
1089
1091
1095
2825
904
846
837
839
850
1225
837
838
839
851
837
838
1230
3115
838
839
3116
852
1231
3117
853
842
844
842
843
845
1068
1072
1074
845
846
845
846
1076
1078
1081
849
851
849
850
852
1233
852
853
1235
852
853
1238
855
866
1553
856
869
872
931
1994
870
873
1991
859
860
859
862
863
864
861
863
868
862
875
863
877
870
879
866
870
866
867
869
868
869
870
882
870
885
886
873
874
883
1556
2932
873
874
885
945
1997
886
1769
887
946
2000
2935
877
878
879
880
881
883
2936
879
881
880
881
2939
886
888
2941
2942
886
888
886
887
888
2925
887
888
2926
886
887
2930
2931
890
891
893
997
1155
1778
895
998
1156
894
999
1856
3475
894
895
3476
894
895
1157
1854
1857
3478
1158
898
899
1234
1267
1176
1179
1182
900
1177
1180
1181
1182
1383
1848
900
902
1237
1384
1186
1187
1188
1189
1385
1851
1183
1184
1186
1845
1184
1185
1188
1189
1238
904
1097
1100
1102
2384
2863
3103
2389
3102
3104
907
911
1559
3000
907
915
1562
3681
913
916
2018
910
1565
910
912
1072
1567
913
916
2022
913
1568
3008
913
1078
1570
2025
915
1571
916
1104
1574
2029
921
922
923
1075
922
923
1183
1858
921
923
925
1077
1861
921
922
926
1184
928
1079
1185
1080
1863
927
930
1169
1838
927
928
1090
1841
928
930
1170
929
1092
1843
929
1093
930
1094
1171
933
945
2050
933
934
1577
936
948
2053
936
937
939
1580
936
937
941
950
1822
943
951
2056
944
2059
940
941
942
943
944
942
943
954
943
944
955
957
946
948
1825
947
2062
3343
948
949
1583
3345
951
2065
951
952
953
1586
3333
951
952
955
1828
957
2068
959
2071
3334
957
958
959
3338
957
958
957
959
970
958
959
971
3339
3340
972
3341
962
963
988
963
964
2395
965
966
989
991
965
992
3148
965
966
978
3152
980
993
3153
983
990
968
973
984
969
970
985
972
973
989
972
972
973
981
982
983
990
975
976
979
2074
2513
3331
980
993
2077
2515
982
2080
3334
978
979
981
2397
2465
980
983
3163
980
982
3164
3336
3167
982
983
3339
3341
985
990
986
989
988
988
990
989
990
993
1589
993
1592
2516
2083
2519
995
1232
1235
1236
1263
1371
1225
1226
1227
1372
1374
3391
1190
1194
1196
1375
1867
998
999
1001
1190
1865
1002
1191
1003
1872
3747
1002
1003
1366
3748
1002
1003
1192
1367
1870
1193
1368
1369
1873
3751
1005
1010
1028
1006
1007
1029
1009
1030
1883
1009
1010
1011
1009
1010
1014
1015
1886
1017
1015
1016
1017
1015
1016
1019
1890
1016
1017
1020
1015
1017
1891
1022
1022
1023
1024
1022
1023
1892
1022
1024
1023
1024
1893
1027
1059
1595
1027
1598
2104
1029
1034
1030
1031
1033
1915
1033
1034
1035
1033
1034
1038
1039
1918
1041
1039
1040
1041
1040
1041
1050
1039
1040
1051
1924
1039
1041
1925
1053
1043
1048
1068
1044
1045
1069
1047
1070
1947
1047
1048
1049
1047
1048
1052
1054
1950
1055
1053
1054
1055
1053
1055
1053
1054
1956
1054
1055
1957
1058
1060
1601
1058
1063
1604
1061
2107
1061
1607
1061
1610
2110
1064
1066
1613
1064
1616
1067
2113
1067
1103
1619
1067
1622
2116
1069
1074
1070
1071
1073
2021
1073
1074
1075
1073
1074
1078
1080
2024
1081
1079
1080
1081
1079
1081
1089
1079
1080
1090
2027
1080
1081
1093
2028
1084
1087
1096
2003
1084
1088
1091
3003
1085
1092
2004
1087
1088
1094
1087
1088
1100
1101
1095
1093
1095
1092
1093
2005
1092
1095
3009
1094
2006
1094
1095
1098
1101
2016
1098
1102
3032
3317
1099
2017
3319
1101
1102
3320
1101
1102
3322
1105
1625
1105
1628
3681
2119
3683
1107
1110
1112
1127
1634
1108
1128
1874
1109
1110
1113
1877
1111
1115
1111
1117
1880
1112
1118
1133
1115
1117
1894
1115
1119
1120
1118
1117
1119
1123
1897
1118
1900
1119
1126
1122
1126
1122
1124
1903
1125
1124
1126
1906
1125
1909
1126
1128
1131
1133
1691
1129
1926
1130
1131
1134
1929
1132
1136
1132
1138
1932
1133
1139
1136
1138
1958
1136
1140
1149
1139
1138
1140
1151
1961
1139
1964
1140
1154
1142
1143
1176
1694
1145
1147
1177
1935
1144
1145
1148
1938
1146
1150
1146
1152
1941
1147
1153
1182
1150
1152
1967
1150
1154
1153
1152
1154
1970
1153
1973
1154
1156
1157
1190
2041
1158
1161
1191
1158
1159
1163
2044
1160
1165
1160
1167
2047
1161
1168
1196
1166
1167
1169
1976
1165
1167
1979
1165
1166
1168
1168
1171
1168
1173
1982
1174
1171
1173
2032
1171
1175
1184
1174
1173
1175
1186
2035
1174
2038
1175
1189
1177
1178
1775
1180
1182
2007
1179
1180
1183
2010
1181
1185
1181
1187
2013
1182
1188
1185
1187
2086
1185
1189
1188
1187
1189
2089
1188
2092
1189
1191
1192
2095
1193
1196
1376
1193
1194
1399
2098
1195
1376
1400
1195
1375
1401
2101
1196
1375
1376
1402
1375
1376
1199
1200
1211
1242
1199
1203
1212
1201
1213
1242
1201
1202
1207
1242
1203
1208
1242
1203
1209
1210
1205
1207
1240
1206
1209
1210
1208
1209
1240
1210
1240
1210
1213
1217
1243
1213
1215
1216
1243
1215
1217
1221
1216
1222
1217
1223
1243
1224
1243
1220
1224
1232
1247
1220
1222
1233
1223
1234
1247
1222
1224
1223
1224
1247
1247
1227
1231
1235
1227
1229
1265
2781
1228
1236
1411
1229
1231
1237
1412
1230
1413
2782
1231
2783
1238
1234
1236
1266
1234
1238
1237
1266
1236
1238
1237
1266
1238
1266
1240
1269
1273
1242
1274
1276
1277
1279
1274
1275
1278
2122
1243
1245
1273
1286
1289
1290
1246
1247
1251
1284
1293
1296
1298
1271
1281
1282
1312
1277
1286
1287
1290
1252
1286
1293
1294
1296
1248
1253
1266
1285
1300
1301
1305
1254
1293
1301
1302
1305
1307
1312
1314
1316
1389
1255
1322
1324
1325
1252
1253
1321
1326
1329
1331
1326
1327
1331
1254
1259
1322
1333
1337
1338
1326
1333
1334
1338
1341
1342
1261
1262
1346
1347
1351
1355
1353
1354
1359
1377
1404
1259
1345
1404
1405
1410
1414
1260
1266
1341
1358
1359
1361
1404
1409
1410
1333
1356
1358
1359
1381
1268
1347
1349
1351
1354
3902
3951
1268
1363
1364
1368
1380
1281
1318
1370
1372
1375
1376
1377
1384
1412
1374
1411
1413
1416
3994
1267
1371
1381
1384
1386
1411
1412
1414
1415
1300
1381
1383
1384
1364
1366
1368
1379
3912
3999
1270
1272
1309
1271
1309
1272
1309
1273
1282
1309
1284
1276
1277
1276
1280
2125
1279
1278
1279
1280
1287
2128
1280
1290
1291
2131
1283
1312
1283
1284
1312
1319
1285
1312
1320
1370
1285
1321
1322
1371
1288
1289
1288
1291
2137
1292
1294
2182
1290
1292
1296
1291
1292
2185
1297
2188
1295
1298
1326
1295
1297
1327
2140
1299
1302
1328
2191
1297
1298
1299
2194
1299
1305
1306
2197
1301
1304
1305
1303
1333
1381
1303
1306
1334
2143
1304
1335
1382
2200
1306
1383
2203
1306
2206
1308
1309
1310
1388
1311
1388
1312
1311
1314
1388
1388
1315
1318
1314
1316
1317
1389
3923
1315
1389
1317
1319
1320
1323
1325
1318
1389
3924
1318
1340
1342
1343
1344
3925
1370
1372
1373
3928
1320
1321
1323
1322
1325
1340
1322
1324
1341
1324
1325
1342
1328
1329
1328
1330
2146
1332
1334
2209
1331
1332
1338
1331
1332
2212
1339
2215
1335
1337
1335
1339
2149
1336
1356
2218
1337
1339
1357
2221
1338
1358
1339
2224
1341
1342
1344
1370
1345
1371
1343
1344
3933
1345
1373
3935
1374
1405
1407
1410
3937
1348
1350
1363
1390
2152
1348
1349
1364
4014
1352
1365
2162
4015
1351
1352
4016
1351
1352
1392
2160
1393
2163
4019
1360
1378
1391
1394
1395
1396
2164
1355
1379
1393
1395
1396
1406
1380
1390
1393
1396
1357
1360
1382
2157
1358
1362
2236
1361
1360
1361
1386
1362
1387
2239
1362
2242
1365
1367
1397
2167
1365
1366
4028
1369
2177
4029
1368
1369
4030
1368
1369
1399
2175
1400
2178
4033
1371
1373
1374
1373
3984
1374
3985
1411
1414
1416
3987
1378
1385
2134
1379
1413
1378
1379
1386
1415
1387
1398
1401
1402
1403
2179
1380
1400
1402
1403
1417
1397
1400
1403
1382
1386
1383
1387
2172
1385
2254
1385
1386
1387
2257
1387
2260
1389
3914
3920
4008
1391
1392
1397
2154
1394
1396
1398
2227
1393
1394
2230
1395
1395
2233
1396
1403
1398
1399
2169
1401
1403
2245
1400
1401
2248
1402
1402
2251
1403
1406
1409
1415
1406
1407
1416
3898
1408
1417
3951
1408
1410
3953
1409
3954
1410
1412
1414
1413
1415
1417
3995
1415
1416
1417
1417
3996
3999
1431
1496
1497
1498
1420
1425
1432
1499
1502
1421
1426
1433
1500
1503
1427
1434
1501
1504
1423
1595
1685
2104
1424
1596
1686
2105
1597
1687
2106
1426
1450
1595
1598
1427
1451
1596
1599
1452
1597
1600
1429
1436
1447
1505
1508
1430
1437
1448
1506
1509
1438
1449
1507
1510
1511
1512
1513
1433
1450
1514
1517
1434
1451
1515
1518
1452
1516
1519
1443
1520
1521
1522
1437
1456
1523
1526
1438
1457
1524
1527
1458
1525
1528
1479
1529
1530
1531
1441
1481
1529
1532
1951
1442
1482
1529
1533
1952
1483
1530
1534
1953
1538
1539
1540
1445
1467
1541
1547
1446
1468
1542
1548
1469
1543
1549
1448
1456
1601
1604
1449
1457
1602
1605
1458
1603
1606
1451
1607
1610
1452
1608
1611
1609
1612
1454
1544
1604
1685
1714
2107
1455
1545
1605
1686
1715
2108
1546
1606
1687
1716
2109
1457
1613
1616
1458
1614
1617
1615
1618
1460
1592
1619
1714
1766
2116
1461
1593
1620
1715
1767
2117
1594
1621
1716
1768
2118
1463
1493
1532
1619
1622
1464
1494
1533
1620
1623
1495
1534
1621
1624
1466
1752
1753
1755
1818
1820
1754
1756
1819
1820
1468
1550
1985
1469
1551
1986
1552
1987
1471
1553
1757
1991
1472
1554
1758
1992
1555
1759
1993
1474
1556
1760
1792
4086
1475
1557
1761
1793
4087
1558
1762
1794
4088
1477
1559
1562
4046
4148
1478
1560
1563
4047
4149
1561
1564
4048
4150
1565
1566
1567
1568
1569
1570
4053
1482
1565
1571
2029
1483
1565
1572
2030
1566
1573
2031
1485
1553
1577
2050
1486
1554
1578
2051
1555
1579
2052
1488
1550
1589
2077
2080
1489
1551
1590
2078
2081
1552
1591
2079
2082
1491
1544
1589
1592
1714
1492
1545
1590
1593
1715
1546
1591
1594
1716
1494
1571
1625
1628
1495
1572
1626
1629
1573
1627
1630
1497
1499
1500
1511
1884
1501
1512
1885
1884
1885
1500
1514
1887
1501
1515
1888
1516
1889
1503
1598
1887
1504
1599
1888
1600
1889
1506
1517
1601
1912
1507
1518
1602
1913
1519
1603
1914
1509
1520
1526
1912
1510
1520
1527
1913
1521
1528
1914
1512
1514
1515
1916
1516
1917
1522
1916
1917
1515
1919
1516
1920
1921
1518
1610
1919
1519
1611
1920
1612
1921
1521
1538
1922
1539
1923
1922
1923
1524
1535
1613
1944
1525
1536
1614
1945
1537
1615
1946
1527
1538
1944
1528
1538
1945
1539
1946
1530
1565
1948
1566
1949
1540
1948
1949
1533
1535
1571
1534
1536
1572
1537
1573
1536
1622
1951
1537
1623
1952
1624
1953
1539
1954
1955
1954
1955
1542
1544
1685
1543
1545
1686
1546
1687
1545
1547
1546
1548
1549
1548
1550
1589
1549
1551
1590
1552
1591
1551
1988
1552
1989
1990
1554
1994
1555
1995
1996
1557
1769
2000
4199
1558
1770
2001
4200
1771
2002
4201
1560
1568
2018
4205
1561
1568
2019
4206
1569
2020
4207
1563
1574
2018
4361
1564
1575
2019
4362
1576
2020
4363
1566
2022
2023
1570
2022
2023
1569
2025
4217
2026
4218
2025
2026
1572
1574
1573
1575
1576
1575
1628
2029
1576
1629
2030
1630
2031
1578
1580
2053
1579
1581
2054
1582
2055
1581
2056
2059
1582
2057
2060
2058
2061
1584
1586
2062
2065
4286
1585
1587
2063
2066
4287
1588
2064
2067
4288
1587
2068
2071
4283
1588
2069
2072
4284
2070
2073
4285
1590
2083
1591
2084
2085
1593
2083
4430
1594
2084
4431
2085
4432
1596
1607
2104
1597
1608
2105
1609
2106
1599
2104
1600
2105
2106
1602
1610
2107
1603
1611
2108
1612
2109
1605
1616
2107
1606
1617
2108
1618
2109
1608
1685
2110
1609
1686
2111
1687
2112
1611
2110
1612
2111
2112
1614
1622
2113
1615
1623
2114
1624
2115
1617
1714
2113
1618
1715
2114
1716
2115
1620
1625
2116
1621
1626
2117
1627
2118
1623
2116
1624
2117
2118
1626
1766
2119
1627
1767
2120
1768
2121
1629
2119
4361
1630
2120
4362
2121
4363
1632
1643
1646
1679
1874
1633
1644
1646
1680
1875
1645
1647
1681
1876
1635
1653
1691
1874
1880
1636
1654
1692
1875
1881
1655
1693
1876
1882
1638
1640
1650
1665
1668
1639
1641
1651
1666
1668
1642
1652
1667
1669
1641
1659
1672
1675
1642
1660
1673
1675
1661
1674
1676
1644
1648
1665
1877
1645
1648
1666
1878
1649
1667
1879
1647
1648
1703
1883
1649
1704
1883
1649
1670
1886
1671
1886
1651
1659
1894
1897
1652
1660
1895
1898
1661
1896
1899
1654
1656
1727
1880
2188
1655
1657
1728
1881
2189
1658
1729
1882
2190
1657
1662
1897
1900
2185
1658
1663
1898
1901
2186
1664
1899
1902
2187
1660
1903
1906
1661
1904
1907
1905
1908
1663
1906
1909
2131
1664
1907
1910
2132
1908
1911
2133
1666
1670
1894
1667
1670
1895
1671
1896
1669
1670
1675
1890
1671
1676
1890
1671
1891
1891
1673
1677
1903
1674
1677
1904
1678
1905
1676
1677
1892
1678
1892
1678
1893
1893
1680
1700
1703
1926
1681
1701
1703
1927
1702
1704
1928
1683
1694
1707
1710
1763
1684
1695
1708
1710
1764
1696
1709
1711
1765
1686
2110
1687
2111
2112
1689
1697
1717
1720
1724
1690
1698
1718
1720
1725
1699
1719
1721
1726
1692
1727
1926
1932
1693
1728
1927
1933
1729
1928
1934
1695
1775
1935
1938
1696
1776
1936
1939
1777
1937
1940
1698
1733
1742
1745
1699
1734
1743
1745
1735
1744
1746
1701
1705
1717
1929
1702
1705
1718
1930
1706
1719
1931
1704
1705
1915
1706
1915
1706
1722
1918
1723
1918
1708
1712
1742
1938
1709
1712
1743
1939
1713
1744
1940
1711
1712
1834
1947
1713
1835
1947
1713
1747
1950
1748
1950
1715
2113
1716
2114
2115
1718
1722
1958
1719
1722
1959
1723
1960
1721
1722
1745
1924
1723
1746
1924
1723
1925
1925
1725
1733
1958
1961
1726
1734
1959
1962
1735
1960
1963
1728
1730
1932
2194
1729
1731
1933
2195
1732
1934
2196
1731
1739
1961
1964
2197
1732
1740
1962
1965
2198
1741
1963
1966
2199
1734
1967
1970
1735
1968
1971
1969
1972
1737
1739
1848
1935
1941
2203
1738
1740
1849
1936
1942
2204
1741
1850
1937
1943
2205
1740
1970
1973
2206
1741
1971
1974
2207
1972
1975
2208
1743
1747
1967
1744
1747
1968
1748
1969
1746
1747
1956
1748
1956
1748
1957
1957
1750
1752
1755
1798
1801
1751
1753
1755
1799
1801
1754
1756
1800
1802
1753
1976
1979
1754
1977
1980
1978
1981
1756
1814
1816
1815
1816
1758
1780
1783
1759
1781
1784
1782
1785
1761
1769
1783
1789
1762
1770
1784
1790
1771
1785
1791
1764
1775
1831
1834
1765
1776
1832
1834
1777
1833
1835
1767
2119
4151
4430
1768
2120
4152
4431
2121
4153
4432
1770
1991
1997
1771
1992
1998
1993
1999
1773
1795
1805
1838
1841
1774
1796
1806
1839
1841
1797
1807
1840
1842
1776
2007
2010
1777
2008
2011
2009
2012
1779
1854
1856
1865
2041
2042
1855
1856
1866
2043
1781
1786
1782
1787
1788
1784
1786
1991
1785
1787
1992
1788
1993
1787
1789
1788
1790
1791
1790
1792
1791
1793
1794
1793
4448
1794
4449
4450
1796
1845
1858
1861
1797
1846
1859
1861
1847
1860
1862
1799
1803
1838
1976
1800
1803
1839
1977
1804
1840
1978
1802
1803
1814
2003
1804
1815
2003
1804
1843
2004
1844
2004
1806
1845
2032
2035
1807
1846
2033
2036
1847
2034
2037
1809
1811
1867
2041
2047
1810
1812
1868
2042
2048
1813
1869
2043
2049
1812
1851
2035
2038
2047
2134
1813
1852
2036
2039
2048
2135
1853
2037
2040
2049
2136
1815
1817
2016
1817
2016
1817
1820
2017
1819
1821
1854
1979
1980
1821
1855
1981
1821
1857
1823
1828
2056
2059
1824
1829
2057
2060
1830
2058
2061
1826
1997
2050
2062
2065
1827
1998
2051
2063
2066
1999
2052
2064
2067
1829
1985
2068
2071
1830
1986
2069
2072
1987
2070
2073
1832
1836
1858
2010
1833
1836
1859
2011
1837
1860
2012
1835
1836
2021
1837
2021
1837
1863
2024
1864
2024
1839
1843
2032
1840
1843
2033
1844
2034
1842
1843
1861
2005
1844
1862
2005
1844
2006
2006
1846
2086
2089
1847
2087
2090
2088
2091
1849
1851
2007
2013
2254
1850
1852
2008
2014
2255
1853
2009
2015
2256
1852
2089
2092
2257
1853
2090
2093
2258
2091
2094
2259
1855
1857
2044
2045
1857
2046
1857
1872
1859
1863
2086
1860
1863
2087
1864
2088
1862
1863
2027
1864
2027
1864
2028
2028
1866
1870
1872
2095
2096
1871
1872
2097
1868
2095
2101
2134
1869
2096
2102
2135
2097
2103
2136
1871
1873
2098
2099
2175
1873
2100
2176
1873
2178
1875
1877
1926
1876
1878
1927
1879
1928
1878
1880
1894
1879
1881
1895
1882
1896
1881
1900
1882
1901
1902
1886
1915
1885
1887
1888
1889
1891
1888
1889
1891
1892
1893
1895
1900
1896
1901
1902
1898
1900
1906
1899
1901
1907
1902
1908
1901
1902
1904
1909
1905
1910
1911
1907
1909
1908
1910
1911
1910
1911
1913
1919
1922
1914
1920
1922
1921
1923
1918
1917
1919
1920
1922
1921
1923
1925
1920
1921
1923
1925
1956
1927
1929
1928
1930
1931
1930
1932
1958
1931
1933
1959
1934
1960
1933
1964
1934
1965
1966
1936
1941
2007
1937
1942
2008
1943
2009
1939
1941
1967
1940
1942
1968
1943
1969
1942
1973
1943
1974
1975
1945
1951
1954
1946
1952
1954
1953
1955
1950
2021
1949
1951
1952
1954
1953
1955
1957
1952
1953
1955
1957
1959
1964
1960
1965
1966
1962
1964
1970
1963
1965
1971
1966
1972
1965
1966
1968
1973
1969
1974
1975
1971
1973
1972
1974
1975
1974
1975
1977
1982
2032
1978
1983
2033
1984
2034
1980
1982
2044
1981
1983
2045
1984
2046
1983
2038
2047
1984
2039
2048
2040
2049
1986
1988
1987
1989
1990
1989
2071
2080
1990
2072
2081
2073
2082
1992
1994
1993
1995
1996
1995
1997
2050
1996
1998
2051
1999
2052
1998
2000
1999
2001
2002
2001
2062
4844
2002
2063
4845
2064
4846
2004
2016
2006
2006
2027
2008
2013
2009
2014
2015
2011
2013
2086
2012
2014
2087
2015
2088
2014
2092
2015
2093
2094
2017
2019
2025
2029
2020
2025
2030
2026
2031
2024
2023
2025
2029
2030
2026
2031
2028
2026
2028
2030
2031
2033
2038
2034
2039
2040
2036
2038
2089
2037
2039
2090
2040
2091
2039
2040
2042
2044
2095
2043
2045
2096
2046
2097
2045
2047
2046
2048
2049
2048
2049
2051
2053
2052
2054
2055
2054
2056
2065
2055
2057
2066
2058
2067
2057
2068
2058
2069
2070
2060
2061
2063
4980
2064
4981
4982
2066
2068
2067
2069
2070
2069
2070
2072
4977
2073
4978
4979
2075
2077
2080
4427
4479
2076
2078
2081
4428
4480
2079
2082
4429
4481
2078
2083
4637
2079
2084
4638
2085
4639
2081
4977
2082
4978
4979
2084
4643
2085
4644
4645
2087
2092
2088
2093
2094
2090
2092
2091
2093
2094
2093
2094
2096
2098
2097
2099
2100
2099
2101
2248
2100
2102
2249
2103
2250
2102
2134
2251
2103
2135
2252
2136
2253
2105
2106
2108
2110
2109
2111
2112
2111
2112
2114
2116
2115
2117
2118
2117
2118
2120
5115
2121
5116
5117
2123
2125
2128
2124
2126
2129
2127
2130
2126
2131
2127
2132
2133
2129
2131
2137
2130
2132
2138
2133
2139
2132
2185
2133
2186
2187
2135
2179
2257
2136
2180
2258
2181
2259
2138
2182
2185
2139
2183
2186
2184
2187
2141
2146
2182
2191
2194
2142
2147
2183
2192
2195
2148
2184
2193
2196
2144
2149
2191
2200
2206
2145
2150
2192
2201
2207
2151
2193
2202
2208
2147
2209
2212
2148
2210
2213
2211
2214
2150
2209
2218
2224
2151
2210
2219
2225
2211
2220
2226
2153
2154
2155
2160
2162
2167
2156
2161
2162
2168
2155
2169
2227
2230
2156
2170
2228
2231
2171
2229
2232
2158
2172
2218
2236
2239
2159
2173
2219
2237
2240
2174
2220
2238
2241
2161
2163
2230
2231
2163
2232
2163
2177
2165
2179
2227
2233
2239
2166
2180
2228
2234
2240
2181
2229
2235
2241
2168
2169
2170
2175
2177
2171
2176
2177
2170
2245
2248
2171
2246
2249
2247
2250
2173
2200
2254
2260
2174
2201
2255
2261
2202
2256
2262
2176
2178
2248
2249
2178
2250
2178
2180
2245
2251
2260
2181
2246
2252
2261
2247
2253
2262
2183
2188
2184
2189
2190
2186
2188
2187
2189
2190
2189
2194
2190
2195
2196
2192
2197
2209
2193
2198
2210
2199
2211
2195
2197
2196
2198
2199
2198
2206
2199
2207
2208
2201
2203
2218
2202
2204
2219
2205
2220
2204
2206
2254
2205
2207
2255
2208
2256
2207
2208
2210
2215
2211
2216
2217
2213
2215
2214
2216
2217
2216
2224
2217
2225
2226
2219
2221
2220
2222
2223
2222
2224
2236
2223
2225
2237
2226
2238
2225
2226
2228
2233
2245
2229
2234
2246
2235
2247
2231
2233
2232
2234
2235
2234
2235
2237
2242
2238
2243
2244
2240
2242
2260
2241
2243
2261
2244
2262
2243
2244
2246
2251
2247
2252
2253
2249
2251
2250
2252
2253
2252
2253
2255
2257
2256
2258
2259
2258
2260
2259
2261
2262
2261
2262
2549
2552
2553
3441
2269
2553
2554
2556
3442
3447
2270
2560
2562
2566
3444
2567
2568
2575
3441
2270
2572
2573
2578
3444
3915
2269
2553
2575
2595
2596
2597
2598
2646
2649
2650
2651
2270
2273
2562
2572
3831
3833
3834
2640
2641
2642
2643
2646
2647
2648
2650
3892
2579
2583
2279
2556
2580
2581
2585
3871
3873
3875
3885
2556
2563
3829
3831
3833
2586
2587
2588
2591
2278
2559
2594
2595
2599
3832
2581
3383
3864
3865
3868
3871
2604
2605
2609
2619
3385
3865
2585
2611
2613
2614
3873
2533
3829
3871
3872
3873
2283
2618
2620
2621
3384
2301
2625
2629
2631
2632
3346
2292
2634
2636
2637
2738
3359
2566
2639
2640
2644
2578
2648
2649
2652
3924
2289
2601
2656
2657
2658
2291
2602
2663
2664
2665
2676
2603
2675
2677
2679
2294
2590
2609
3837
3838
3839
2591
2683
2684
2685
2607
2626
2689
2693
2694
2703
2297
2592
2697
2698
2699
2606
2703
2705
2706
2731
2593
2610
3844
3845
3846
2615
2624
3851
3852
3853
2327
2616
2671
2711
2712
2713
2328
2535
2621
2717
2719
2721
2617
2676
2725
2726
2727
2300
2622
2717
2731
2732
2737
2330
2614
2623
3858
3859
3860
2738
2741
2742
3362
3392
2380
2524
2752
2753
2754
2755
2756
2757
2761
2762
2764
2765
2766
2768
2315
2630
2746
2747
2748
2316
2382
2631
2757
2758
2759
2417
2525
2763
2765
2769
2325
2385
2770
2773
2776
3388
2386
2777
2781
2783
3391
2334
2391
2655
2785
2786
2787
2314
2656
2792
2793
2794
2317
2394
2660
2803
2804
2805
2335
2661
2810
2811
2812
2320
2672
2821
2822
2823
2323
2398
2674
2828
2829
2830
2336
2682
2690
3767
3768
3769
2683
2835
2836
2837
2691
2842
2843
2844
2339
2693
2849
2850
2851
2340
2687
2856
2857
2858
2688
2695
3774
3775
3776
2342
2710
2720
3781
3782
3783
2384
2711
2863
2864
2865
2325
2385
2719
2869
2871
2872
2388
2714
2722
3788
3789
3790
2345
2715
2877
2878
2879
2326
2347
2718
2883
2885
2886
2890
2893
2895
3396
2415
2897
2898
2902
3394
2600
2904
2905
2906
2534
2644
2911
2913
2914
2332
2652
2918
2919
2924
3907
2599
2645
3794
3795
3796
2333
2598
2651
2906
2908
2909
2910
2921
2922
2923
2924
2333
2643
2647
2911
2912
2916
2917
2918
2923
2924
3908
2596
2642
2646
3794
3798
3799
3800
2464
2669
2926
2927
2928
2670
2937
2938
2939
2696
2704
3802
3803
3804
2343
2392
2699
2944
2945
2946
2344
2381
2706
2951
2952
2953
2382
2707
2958
2959
2960
2394
2701
2965
2966
2967
2346
2702
2709
3809
3810
3811
2724
2733
3816
3817
3818
2396
2726
2972
2973
2974
2412
2735
2979
2980
2981
2398
2728
2986
2987
2988
2729
2736
3823
3824
3825
2415
2732
2993
2994
2995
2351
2416
2474
2745
3459
3460
3464
3465
4034
2366
2746
3453
3454
3455
2367
2476
2749
3460
3461
3462
2419
2751
3452
3455
3457
3458
4409
2354
2355
2540
2772
2780
3474
3476
3479
2377
2452
2776
3467
3468
3469
2541
2775
3473
3474
3479
2453
2771
2778
3466
3469
3471
3472
2359
2420
2478
2791
3483
3485
4037
2365
2792
3480
3481
4040
2368
2480
2795
3483
3484
4043
2423
2797
3481
3482
4412
2482
2820
2999
3000
4046
2371
2821
3002
3003
4049
2373
2484
2824
3005
3006
4050
2825
3008
3009
4053
2424
2834
2841
3487
3488
3489
2835
3011
3012
4054
2842
3015
3016
3017
2427
2845
3022
3023
3024
2428
2838
3028
3029
4056
2840
2847
3494
3495
3496
2430
2862
2870
3501
3502
3503
2863
3031
3032
4058
2377
2452
2871
3035
3036
3037
2433
2866
3041
3042
4059
2379
2434
2873
3045
3046
3047
2454
2867
2874
3508
3509
3510
2488
2542
2892
3051
3052
3055
2895
3059
3060
3061
2543
2894
3065
3067
3069
3473
2490
2896
3073
3074
3075
2383
2528
2632
3090
3091
3092
3093
3094
3097
3099
3100
2412
2637
3083
3084
3087
2638
3094
3095
3096
2413
2529
2635
3079
3080
3081
3082
3086
3087
3088
3089
2904
3101
3102
2913
3106
3108
3109
2920
3113
3115
3116
2390
2536
2912
2918
3106
3107
3111
3112
3113
3114
3118
3119
2907
2915
3514
3515
3518
2390
2908
2922
3102
3104
3105
3116
3117
3118
3119
2909
2916
2923
3517
3518
3519
3520
2464
2662
3120
3121
3124
2396
2665
3127
3128
3131
2397
2465
2667
3135
3136
3137
2668
3141
3142
3143
2675
3148
3149
3152
2678
3155
3156
3159
2680
3163
3164
3165
2681
3169
3170
3171
2440
2943
2950
3522
3523
3524
2406
2460
2944
3176
3177
4061
2407
2456
2951
3180
3181
3182
2444
2457
2954
3187
3188
3189
2445
2461
2947
3193
3194
4063
2409
2949
2956
3529
3530
3531
2446
2971
2978
3536
3537
3538
2466
2972
3196
3197
4065
2470
2979
3200
3201
3202
2450
2467
2975
3206
3207
4067
2976
2982
3543
3544
3545
2451
2471
2984
3210
3211
3212
2413
2414
2530
2538
2743
3227
3228
3229
3230
3231
3235
3236
3402
3403
3404
2744
3220
3221
3224
2531
2740
3216
3217
3218
3219
3223
3224
3225
3226
2532
3217
3227
3229
4069
2742
3230
3232
3233
2418
2419
2754
2766
4072
2418
2419
2526
4391
2527
2753
2765
4439
2769
4436
2422
2423
2798
2809
4075
2422
2423
2437
2811
4397
2438
2800
2813
4445
2815
4442
2848
2855
3550
3551
3552
2441
2475
2851
3238
3239
3240
2442
2479
2858
3244
3245
4078
2476
2852
3248
3249
3250
2480
2859
3254
3255
4080
2443
2854
2861
3557
3558
3559
2876
2884
3564
3565
3566
2447
2483
2878
3257
3258
4082
2448
2489
2886
3261
3262
3263
2484
2880
3267
3268
4084
2490
2887
3271
3272
3273
2449
2881
2888
3571
3572
3573
2438
2439
2932
2936
4086
2438
2439
2938
4403
2934
2940
4451
2942
4448
2957
2964
3578
3579
3580
2492
2959
3278
3279
3280
2496
2966
3284
3285
4089
2961
2968
3585
3586
3587
2494
2962
3288
3289
3290
2498
2969
3294
3295
4091
2985
2992
3592
3593
3594
2508
2987
3297
3298
4093
2520
2994
3301
3302
3303
2989
2996
3599
3600
3601
2510
2990
3307
3308
4095
2522
2998
3311
3312
3313
3108
3605
3606
3607
2455
3107
3114
3606
3608
3610
3611
3103
3110
3317
3318
3321
3104
3111
3118
3320
3321
3322
3323
2470
3083
3612
3613
3616
2494
3085
3619
3620
3623
2459
2495
3081
3086
3622
3623
3624
3625
4097
2473
3082
3089
3615
3616
3617
3618
4476
2466
3127
3626
3627
4100
2498
3129
3629
3630
4103
2463
2499
2500
3130
3630
3631
4106
2469
2503
3133
3627
3628
4109
2653
3324
3325
3327
2654
3335
3336
3339
3155
3632
3633
4112
2510
3157
3635
3636
4115
2469
2511
2512
3158
3636
3637
4118
2514
3160
3633
3634
4485
3220
3638
3639
3642
2522
3222
3645
3646
3649
2473
2523
3218
3223
3648
3649
3650
3651
4121
3219
3225
3641
3642
3643
3644
4508
2477
2754
2756
3659
3662
3664
3665
4124
2492
2759
3652
3653
3656
2760
3659
3660
3661
2493
2755
2762
3655
3656
3657
3658
4511
2481
2798
2802
3669
3671
4127
2496
2805
3666
3667
4130
2806
3669
3670
4133
2497
2801
2808
3667
3668
4136
2486
2827
3672
3673
4139
2508
2829
3675
3676
4142
2831
3678
3679
4145
2487
2509
2832
3673
3674
3676
3677
4514
2816
3681
3682
4148
2517
2818
3682
3683
4151
2545
2901
3684
3686
3687
2520
2902
3691
3692
3695
2903
3698
3699
3700
2521
2547
2899
3684
3685
3689
3690
3694
3695
3696
3697
4537
3095
3705
3706
3709
2495
3092
3097
3708
3709
3710
3711
4613
3098
3712
3713
3716
3093
3099
3715
3716
3717
3718
4154
3142
3719
3720
4157
2499
2505
3144
3720
3721
4616
3145
3722
3723
4160
2506
3146
3723
3724
4163
2502
2503
2506
3134
4166
2502
2503
2513
3136
3331
4421
2507
3138
3332
4622
2514
3140
4619
2505
2507
2799
3120
3342
4424
2506
2801
3122
4625
2507
3123
4169
3125
3344
4628
3170
3725
3726
4172
2511
2517
3172
3726
3727
4631
3173
3728
3729
4175
2518
3174
3729
3730
4178
2514
2515
2518
3162
4181
2514
2515
3164
4427
3166
4634
2519
3167
4637
2517
2519
3148
4430
2518
3150
4640
2519
3151
4184
3153
4643
3232
3731
3732
3735
2523
3228
3231
3734
3735
3736
3737
4666
3234
3738
3739
3742
3229
3235
3741
3742
3743
3744
4187
2528
3346
3350
3351
3353
3354
3355
3357
2526
3352
3354
3358
2527
4709
3351
3354
4715
2529
3364
3374
3375
2531
3367
3372
3373
2531
2532
3371
3378
3899
3956
3959
3960
3369
3376
3377
3377
3378
4190
2563
3379
3383
3384
3871
3872
3874
3885
2535
3363
3386
3388
3389
3361
3392
3396
3397
2770
2771
2772
2774
2777
2778
2779
2780
3387
3909
3983
2540
2772
3400
3401
3909
3992
2897
3395
3402
3404
3405
2891
3398
3405
3409
3410
3412
2541
3746
3748
3750
3912
3993
3401
3745
3746
3750
2545
3409
3415
3416
3419
3411
3422
3424
3426
3745
2548
3414
3429
3431
3433
3904
3406
3752
3754
3755
2547
3227
3403
3759
3761
3764
3765
3905
4727
3228
3404
3752
3753
3757
3758
4730
3408
3759
3760
3762
3906
2550
2551
2555
3441
2558
2579
2552
3441
3441
2555
2559
3442
2555
2557
3438
3442
3879
2558
3438
3442
2557
2559
3829
3832
3833
3881
2558
2580
3438
3880
2559
2584
3438
2585
2594
2595
2597
2561
2565
3444
3449
2562
2564
3444
3449
3878
2563
3444
3447
2564
2566
3829
3830
3831
3881
2565
3379
3449
3882
2566
3380
3449
2639
2640
2641
3384
2569
2571
2576
3440
3441
2569
3441
2570
3440
3441
2571
3440
3914
2577
3440
4008
2574
2575
3442
3444
2574
2577
3444
3451
3916
2576
3442
3444
3451
2576
2578
3442
2577
3442
3451
2578
3451
3918
2648
2649
2650
3920
2584
2582
2584
3436
3443
2582
2586
3864
3867
3868
3888
2583
3436
3887
2584
2586
3436
2585
3436
2586
2611
2612
2613
2587
2588
2589
2589
2592
2612
2589
2593
3867
2590
2613
3868
2592
2593
2615
3837
3839
3840
3869
2592
2593
2601
2684
2685
2686
2602
2617
2697
2698
2700
3844
3845
3847
3870
2597
2600
2611
2596
2597
3833
2598
2599
3834
2598
2600
2600
2614
3794
3795
3799
3835
2616
2905
2906
2910
2602
2657
2658
2659
2603
2663
2664
2666
2617
2676
2677
2679
2608
2610
3385
3866
2606
2608
2620
3385
2607
2609
2622
2703
2705
2708
3359
2608
2610
2689
2692
2694
3360
3385
2610
2624
3838
3839
3841
3869
3844
3846
3848
3870
2612
2616
2613
2617
2615
3875
2615
2616
3858
3859
3862
3876
2617
3851
3853
3855
3877
2617
2712
2713
2716
2725
2727
2730
2619
2623
2639
3384
3872
2620
2624
3384
3874
2622
3384
2622
2623
2644
2717
2721
2723
3361
2624
2731
2734
2737
3362
2624
2645
3858
3860
3863
3876
3852
3853
3856
3877
2626
2627
2633
3347
3360
2628
2631
2636
3360
2628
2629
3348
3360
2630
2689
3360
2630
2763
2764
2767
2768
3349
2631
2691
2747
2748
2750
2638
2693
2757
2758
2761
2633
2635
2638
3364
2634
2636
3359
3365
2635
2739
3359
3366
2637
2740
3367
2638
2703
3359
2638
2706
2744
3084
3087
3088
2707
3094
3096
3100
2641
2645
3830
2641
2643
2642
3831
2643
2645
3834
2644
3921
2645
2911
2914
2917
3363
3794
3796
3800
3835
2647
2650
2651
2648
2652
3926
2650
3927
2650
2651
2652
2919
2921
2924
3928
2654
2662
2669
3324
3327
3330
2667
3335
3339
3340
2659
2660
2661
2662
2669
2786
2787
2789
2660
2661
2683
2793
2794
2796
2659
2660
2664
2684
2659
2661
2666
2668
2687
2803
2804
2807
2670
2810
2812
2814
2666
2667
2668
3121
3124
3126
2666
2667
2677
2666
2668
2698
2667
2668
2678
2699
3128
3131
3132
2680
3135
3137
3139
2701
3141
3143
3147
2670
2926
2928
2931
2937
2939
2941
2672
2673
2674
2711
2822
2823
2826
2674
2679
2712
2681
2715
2828
2830
2833
2680
2681
3149
3152
3154
2677
2678
2679
2680
2680
2681
2726
3156
3159
3161
2681
2727
3163
3165
3168
2728
3169
3171
3175
2686
2687
2688
2696
3768
3769
3770
3843
2687
2688
2836
2837
2839
2686
2687
2698
2686
2688
3845
2700
3847
2701
2856
2857
2860
3774
3775
3777
3849
2691
2692
2693
2694
2695
2704
3767
3769
3771
3843
2693
2695
2843
2844
2846
2694
2695
3846
2707
2849
2850
2853
2708
3848
3774
3776
3778
3849
2700
2701
2702
3803
3804
3806
3836
2700
2702
2725
3837
2700
2701
2701
2702
2726
2945
2946
2948
3840
2965
2967
2970
2729
3809
3810
3812
3842
2707
2708
2707
2708
2709
3802
3804
3807
3836
2708
2709
2734
3838
2707
2709
2735
2952
2953
2955
2958
2960
2963
3841
2736
3809
3811
3813
3842
2714
2715
2716
2724
3781
3782
3785
3857
2714
2715
2864
2865
2868
2904
2715
2716
2727
2714
2716
2905
3859
2907
3788
3789
3792
3861
2728
2877
2879
2882
2730
3862
2718
2723
3392
2719
2720
2732
2883
2885
2889
3394
2722
2869
2872
2875
2913
3396
2722
2723
2733
3781
3783
3786
3857
2722
2723
2914
3860
2915
3788
3790
3793
3861
2737
3863
2728
2729
2730
3816
3817
3820
3850
2729
2730
3851
2728
2729
2973
2974
2977
2728
2730
2986
2988
2991
3823
3824
3827
3854
3855
2734
2735
2738
2733
2735
2742
2993
2995
2997
2736
2737
3817
3818
3821
3850
2736
2737
3852
2736
2744
2980
2981
2983
3823
3825
3828
3854
3856
2739
2744
3362
2740
2741
3362
3368
2743
2744
3369
2743
3362
3370
3393
2743
2744
3230
3233
3236
3394
3371
3395
3221
3224
3226
2749
2750
2751
2756
2766
2749
2751
2842
3454
3455
3457
2749
2750
2758
2843
2750
2751
2767
2760
2845
3460
3461
3464
2761
2768
2769
2753
2755
3090
3350
4394
2754
3351
4817
2755
4193
3092
4820
2760
2761
2762
2761
2762
3094
2760
2761
2850
2760
2762
2851
3095
3653
3656
3657
2852
3659
3661
3665
3097
2764
2767
3352
2765
2768
3353
2766
3354
2768
2769
2768
2769
2771
2774
3106
3388
2772
2776
3107
2774
2775
2774
2775
2893
3388
3399
3388
3400
2776
2894
3401
3473
3477
3479
2895
3108
3468
3469
3472
2778
2779
3113
3391
2780
2783
3114
2780
2781
3391
3910
2782
3993
2782
3391
3994
2783
3995
3115
2788
2789
2790
2798
2802
2809
2788
2790
2799
2927
3120
2789
2790
2803
3121
2788
2789
2810
2928
2800
2813
2929
2807
2814
2801
2808
3122
2795
2796
2797
2802
2809
2795
2797
2835
3480
3481
3482
2795
2796
2804
2836
2796
2797
2812
2806
2838
3483
3484
3485
2807
2814
2815
2800
2801
4196
2800
2801
2933
4400
2934
4823
4826
2806
2807
2808
2807
2808
3141
2806
2807
2857
2806
2808
2858
3142
3666
3667
3668
2859
3669
3670
3671
3144
2813
2814
2815
2813
2814
2937
2813
2815
2938
2814
2815
2940
2818
2819
2827
3681
3682
3683
2818
2819
2828
3149
2832
3150
2833
2824
2825
2826
2827
2999
3000
3001
2824
2825
2863
3002
3003
3004
2824
2826
2830
2865
2825
2826
2831
2866
3005
3006
3007
3008
3009
3010
2833
2831
2832
2833
3672
3673
3674
2832
2833
3169
2831
2832
2878
3170
3675
3676
3677
2831
2833
2879
2880
3678
3679
3680
3172
2838
2839
2840
2855
3488
3489
3490
3773
2838
2840
3011
3012
3013
2838
2839
2857
2839
2840
3775
2859
3028
3029
3030
2860
3777
3494
3495
3497
3779
2845
2846
2847
2848
3487
3489
3491
3773
2845
2847
3016
3017
3019
2845
2846
2850
2846
2847
3776
2852
3022
3023
3026
2853
3778
3494
3496
3498
3779
2852
2853
2854
3550
3552
3554
3766
2853
2854
2958
3767
2852
2853
2852
2854
2959
3239
3240
3242
3248
3250
3253
3771
2961
3557
3558
3560
3772
2859
2860
2861
3551
3552
3555
3766
2860
2861
2965
3768
2859
2860
2859
2861
2966
3244
3245
3246
3254
3255
3256
3770
2968
3557
3559
3561
3772
2866
2867
2868
2876
3501
3503
3505
3787
2866
2867
3031
3032
3033
2867
2868
3101
3789
2866
2868
2879
2880
3041
3042
3043
3103
3508
3509
3512
3791
2882
3792
2873
2875
2883
2890
2873
2874
2875
2884
3502
3503
3506
3787
2873
2874
2895
3036
3037
3040
3108
2874
2875
3109
3790
2887
2896
3045
3047
3050
3110
3508
3510
3513
3791
2889
3793
2880
2881
2882
3564
3566
3568
3780
2881
2882
2986
3782
2880
2881
2987
3257
3258
3259
2880
2882
3267
3268
3269
2989
3571
3572
3574
3784
3785
2887
2889
2898
2887
2888
2889
3565
3566
3569
3780
2888
2889
2993
3783
2887
2888
2902
2994
3262
3263
3264
2903
3271
3273
3275
2996
3571
3573
3575
3784
3786
2891
2896
2898
3396
2892
2893
2900
3396
2894
2896
2901
3052
3055
3057
3409
2894
3396
3410
2895
3065
3069
3071
3411
2896
3060
3061
3064
2903
3073
3075
3078
2899
2900
3230
3394
2900
2903
3394
2901
2902
3231
3404
2901
3394
3405
2903
3406
3684
3687
3690
2903
3232
3692
3695
3696
3698
3700
3704
2907
2908
3101
3102
3105
2907
2910
3795
2908
2910
2909
3514
3518
3519
3797
2909
2910
3798
3799
2912
2917
3386
2913
2916
3387
2915
3106
3109
3112
3388
2915
2917
3796
2916
3515
3518
3520
3797
2917
3798
3800
2920
2923
3983
2920
2921
3984
2922
3113
3116
3119
3391
2922
2924
2923
2924
2929
2930
2931
2932
2936
2930
2931
3324
2929
2930
2933
3325
2929
2931
2937
2934
2940
2935
3326
2941
2934
2935
4199
2934
2935
3342
4406
4841
3343
4844
2940
2941
2942
2940
2941
2940
2942
2941
2942
2947
2948
2949
2964
3523
3524
3526
3808
2947
2949
2972
3127
3176
3177
3178
2947
2948
2967
3128
2948
2949
2974
3810
2969
3129
3193
3194
3195
2970
3812
2976
3529
3530
3533
3814
2954
2955
2956
2957
3522
3524
3527
3808
2954
2956
2979
3083
3181
3182
3185
2954
2955
2960
3084
2955
2956
2980
3811
2962
3085
3187
3189
3192
2963
3813
2982
3529
3531
3534
3814
2961
2962
2963
3578
3579
3582
3801
2961
2963
3802
2961
2962
3095
3279
3280
3283
2962
2963
3096
3585
3586
3589
3805
3098
3288
3290
3293
3807
2968
2969
2970
3578
3580
3583
3801
2968
2970
3803
2968
2969
3142
3284
3285
3286
2969
2970
3143
3585
3587
3590
3805
3145
3294
3295
3296
3806
2975
2976
2977
2985
3536
3537
3540
3822
2975
2976
3155
3196
3197
3198
2975
2977
2988
3156
2976
2977
3824
2990
3157
3206
3207
3208
3543
3544
3547
3826
2991
3827
2982
2983
2984
2992
3537
3538
3541
3822
2982
2984
3201
3202
3205
3220
2982
2983
3825
2983
2984
2995
3221
3543
3545
3548
3826
2997
3828
2998
3210
3212
3215
3222
2989
2990
2991
3592
3593
3596
3815
2989
2991
3816
2989
2990
3170
3297
3298
3299
2990
2991
3171
3599
3600
3603
3819
3173
3307
3308
3309
3820
2996
2997
2998
3592
3594
3597
3815
2996
2997
3818
2996
2998
3232
3302
3303
3306
2997
2998
3233
3599
3601
3604
3819
3821
3234
3311
3313
3316
3001
3005
3672
4202
3001
3008
4205
3007
3010
4859
3004
3006
3031
4208
3004
3009
4210
3007
3010
4862
3007
3678
4211
3007
3042
4214
4864
3010
4217
3010
4219
4867
3013
3029
3480
4220
3013
3495
4222
3030
3497
4869
3018
3019
3020
3021
3493
4454
3018
3020
3453
4456
3018
3019
3023
3454
3019
3020
3496
3025
3456
4459
3026
3498
3499
4462
3025
3026
3027
3486
4563
3026
3027
3248
3487
3025
3026
3461
3025
3027
3249
3462
4565
3463
4568
3491
3251
3492
4571
3030
3254
3488
4223
3030
3484
4224
3490
4872
3033
3042
4226
3033
3509
4228
3043
3512
4875
3038
3039
3040
3044
3507
4464
3038
3039
3059
3605
4466
3038
3040
3047
3061
3039
3040
3510
3607
3048
3063
4467
3511
3609
4469
3050
3513
3043
3267
3501
4229
3043
4230
3505
4878
3048
3049
3050
3500
4573
3049
3050
3271
3502
3048
3049
3074
3272
4575
3048
3050
3075
3076
4578
3274
3504
4581
3506
3053
3056
3415
3686
4604
3053
3057
3065
3416
3054
3066
3417
4610
3056
3057
3068
3072
4601
3056
3057
3073
3687
3077
3688
4607
3071
3078
3062
3063
3064
3068
3072
4470
3062
3063
3467
4472
3062
3064
3069
3468
3063
3064
3075
3070
3470
4473
3076
4474
3071
3078
3066
3071
3422
3067
3068
3423
4599
3070
3424
3475
4597
3070
3071
4595
3070
3071
3477
3478
4598
3076
3077
3078
4583
3077
3078
3698
3076
3077
3699
4586
3076
3078
4589
3701
4592
3080
3081
3091
3372
4415
3082
3216
3373
4893
3082
3093
4232
3219
4896
3085
3089
3220
3613
3616
3618
3085
3088
3096
3086
3098
3620
3623
3625
3088
3089
3099
3088
3089
3224
3100
3225
3091
3092
3374
4418
3093
3375
4899
3093
4902
4235
3097
3100
3097
3098
3706
3709
3711
3098
3100
3099
3099
3713
3716
3718
3100
3103
3105
3514
3105
3104
3317
3321
3322
3516
3105
3517
3519
3107
3112
3108
3111
3110
3606
3607
3611
3110
3112
3515
3111
3318
3321
3323
3516
3112
3517
3520
3114
3119
3115
3118
3117
3117
3119
3118
3119
3122
3125
3325
3122
3126
3141
3123
3144
3125
3126
3134
3146
3125
3126
3135
3327
3138
3328
3139
3147
3129
3133
3155
3626
3627
3628
3129
3132
3143
3130
3145
3629
3630
3631
3132
3133
3134
3146
3132
3133
3137
3159
3139
3147
3140
3160
3138
3139
3140
3138
3139
3335
3138
3140
3164
3336
3139
3140
3165
3337
3166
3144
3147
3144
3145
3719
3720
3721
3145
3147
3146
3146
3722
3723
3724
3147
3150
3153
3150
3154
3169
3151
3172
3153
3154
3162
3174
3153
3154
3163
3167
3168
3175
3157
3160
3632
3633
3634
3157
3161
3171
3158
3173
3635
3636
3637
3160
3161
3162
3174
3160
3161
3165
3166
3168
3175
3166
3167
3168
3167
3168
3166
3167
3166
3168
3172
3175
3172
3173
3725
3726
3727
3173
3175
3174
3174
3728
3729
3730
3175
3178
3194
3626
4238
3178
3197
3530
4240
3195
3533
4905
3183
3184
3185
3186
3528
4488
3183
3184
3200
3612
4490
3183
3185
3189
3613
3184
3185
3201
3531
3190
3614
4493
3203
3532
4496
3192
3534
3190
3191
3192
3521
4646
3191
3192
3288
3522
3190
3191
3289
3619
4648
3190
3192
3620
3621
4651
3292
3525
4654
3527
3195
3294
3523
4241
3195
3629
4242
3526
4908
3198
3207
3632
4244
3198
3544
4246
3208
3547
4911
3203
3204
3205
3209
3542
4498
3203
3204
3638
4500
3203
3205
3545
3204
3205
3212
3639
3546
4503
3213
3640
4505
3215
3548
3208
3307
3536
4247
3208
3635
4248
3540
4914
3213
3214
3215
3535
4656
3214
3215
3311
3538
3213
3214
3312
3645
4658
3213
3215
3646
3647
4661
3314
3539
4664
3541
3217
3219
3376
4433
3218
3377
4250
3219
3229
4929
4932
3222
3225
3639
3642
3644
3222
3226
3233
3223
3234
3646
3649
3651
3225
3226
3235
3225
3226
3236
3228
3378
4253
3229
4256
4935
3231
3236
3232
3235
3234
3732
3735
3737
3234
3236
3235
3739
3742
3744
3236
3241
3242
3243
3247
3556
4517
3241
3243
3278
3652
4519
3241
3242
3250
3653
3242
3243
3279
3558
3252
3654
4522
3253
3560
3282
3562
4525
3246
3255
3666
4259
3246
3284
3559
4261
3256
3561
4938
3251
3252
3253
3549
4669
3251
3253
3550
3251
3252
3660
4671
3252
3253
3661
3553
4674
3663
4676
3554
3256
3551
4262
3256
3670
4263
3555
4941
3259
3268
3675
4265
3259
3297
3572
4267
3269
3574
4944
3264
3265
3266
3270
3570
4527
3265
3266
3301
3691
4529
3264
3265
3273
3692
3264
3266
3302
3573
3275
3575
3276
3693
4532
3305
3576
4535
3269
3564
4268
3269
3679
4269
3568
4947
3274
3275
3276
3563
4679
3274
3275
3565
3274
3276
3699
4681
3275
3276
3700
3567
4684
3569
3702
4686
3281
3282
3283
3287
3584
4543
3281
3282
3705
4545
3282
3283
3586
3281
3283
3290
3706
3291
3707
4548
3588
4551
3293
3589
3286
3587
4271
3286
3295
3719
4272
3296
3590
4950
3291
3292
3293
3577
4689
3292
3293
3579
3291
3292
3712
4691
3291
3293
3713
3714
4694
3581
4697
3582
3296
3580
4274
3296
3722
4275
3583
4953
3299
3600
4277
3299
3308
3725
4278
3309
3603
4956
3304
3305
3306
3310
3598
4553
3304
3305
3731
4555
3305
3306
3601
3304
3306
3313
3732
3315
3733
4558
3602
4561
3316
3604
3309
3593
4280
3309
3728
4281
3596
4959
3314
3315
3316
3591
4699
3314
3316
3594
3314
3315
3738
4701
3315
3316
3739
3595
4704
3740
4706
3597
3319
3322
3509
3319
3323
3510
3607
3320
3511
3609
3322
3323
3610
3322
3323
3611
3326
3330
3326
3328
3342
3329
3343
3328
3330
3335
3329
3337
3344
3330
3338
3345
3340
3332
3334
3336
4479
3333
3337
3344
4974
3334
3338
3345
4283
3341
4977
3337
3340
3337
3341
3338
3340
3341
3340
3341
3343
3344
4482
3345
4980
3345
4983
4286
3347
3349
3364
3348
3365
3349
3352
3353
3356
3357
3351
3374
4712
5055
3353
3356
3354
3357
3355
3357
3358
3357
3358
3360
3362
3362
3363
3392
3393
3397
3386
3389
3921
3981
3365
3367
3366
3367
3368
3369
3369
3370
3371
3371
3939
3940
3373
3375
4718
3376
5058
3375
4721
5061
3377
4724
4289
3905
4292
3380
3382
3446
3886
3381
3384
3446
3382
3385
3446
3383
3446
3889
3385
3864
3865
3866
3888
3385
3387
3908
3981
3388
3908
3982
3390
3396
3390
3397
3930
3981
3398
3399
3400
3931
3982
3989
3990
3983
3984
3987
3393
3394
3395
3397
3939
3395
3396
3398
3402
3405
3407
3940
3398
3398
3941
3410
3412
3413
3942
3400
3401
3410
3989
3909
3990
3411
3745
3749
3750
3991
3403
3407
3899
3404
3408
3956
3406
3406
3407
3408
3409
3752
3755
3758
3408
3412
3957
3414
3759
3762
3765
3958
3411
3414
3416
3419
3420
3411
3413
3422
3426
3428
4000
3413
3414
3900
3962
3989
4000
3429
3433
3434
3964
4000
3417
3421
3754
4760
3417
3420
3422
3418
3423
4763
3420
3421
3425
3432
4757
3420
3421
3433
3755
3428
3434
3435
3756
4766
3423
3428
3424
3425
4742
3427
3747
4741
3427
3428
4004
4739
3427
3428
3749
4005
3751
4006
4744
4007
3430
3434
3974
4001
3431
3432
3975
4003
4754
3435
3760
3976
4748
3434
3435
4004
4745
3434
3435
3762
4007
3763
4751
3437
3438
3439
3443
3887
3890
3891
3439
3879
3880
3883
3884
3451
4011
3442
3450
3880
3885
3887
3890
3450
3446
3448
3886
3889
3890
3891
3449
3450
3878
3879
3881
3449
3878
3882
3883
3884
3878
3879
3883
4012
3456
3457
3458
3459
4769
3456
3458
4772
3456
3457
3461
3457
3458
3463
4775
3464
4778
3463
3464
3465
4847
3464
3465
3659
3463
3464
3463
3465
3660
4850
4853
3662
4856
3470
3471
3472
3476
3470
3471
3605
3470
3472
3477
3471
3472
3606
3478
3608
3479
3475
3477
3745
3475
3476
3746
3478
3747
3478
3479
3478
3479
3482
3484
4295
3482
4298
3485
5082
3485
3669
4301
3485
4304
5085
3490
3491
3492
3493
4873
3491
3492
3550
3490
3492
3551
3490
3491
3494
3497
3498
3553
4874
3497
3498
3499
4870
3497
3498
3497
3499
3498
3499
4871
3504
3505
3506
3507
4879
3504
3505
3564
3504
3506
3565
3505
3506
3508
3567
4880
3512
3513
3511
3512
3513
4876
3512
3513
3511
3512
3511
3513
4877
3516
3519
3789
3516
3520
3790
3517
3791
3519
3520
3519
3520
3525
3526
3527
3528
4909
3525
3527
3579
3525
3526
3580
3526
3527
3529
3581
4910
3533
3534
3532
3533
3534
4906
3533
3534
3532
3533
3544
3532
3534
3545
3546
4907
3539
3540
3541
3542
4915
3539
3540
3593
3540
3541
3543
3539
3541
3594
3595
4916
3547
3548
3546
3547
3548
4912
3547
3548
3546
3547
3546
3548
4913
3553
3554
3555
3556
4942
3553
3554
3553
3555
3554
3555
3557
4943
3560
3561
3560
3561
3562
4939
3560
3561
3560
3562
3586
3561
3562
3587
3588
4940
3567
3568
3569
3570
4948
3567
3568
3567
3569
3568
3569
3571
4949
3574
3575
3574
3575
3576
4945
3574
3575
3574
3576
3600
3575
3576
3601
3602
4946
3581
3582
3583
3584
4954
3582
3583
3585
3581
3582
3581
3583
4955
3589
3590
3588
3589
3590
4951
3589
3590
3588
3589
3588
3590
4952
3595
3596
3597
3598
4960
3596
3597
3599
3595
3596
3595
3597
4961
3603
3604
3602
3603
3604
4957
3603
3604
3602
3603
3602
3604
4958
3608
3609
3608
3611
3609
3611
3610
3610
3611
3614
3617
3638
4781
3614
3618
3620
3615
3621
4784
3617
3618
3622
4787
3617
3618
3642
3643
4790
3625
3621
3624
3712
4962
3621
3625
3622
4965
3624
3625
4968
3624
3625
3716
3717
4971
3628
3629
4307
3628
3633
4310
3631
5088
3631
4313
3631
3723
4316
5091
3634
3635
4319
3634
4322
3637
5094
3637
4325
3637
3729
4328
5097
3640
3643
4793
3640
3644
3646
3641
3647
4796
3643
3644
3648
4799
3643
3644
4802
3651
3647
3650
3738
4986
3647
3651
3648
4989
3650
3651
4992
3650
3651
3742
3743
4995
3654
3658
3705
4805
3654
3657
3661
3655
3663
4808
3657
3658
3664
4811
3657
3658
3709
3665
3710
4814
3662
3665
3662
3663
4998
3663
3665
3664
5001
3664
5004
3665
5007
3668
3670
4331
3668
3720
4334
3671
5100
3671
4337
3671
4340
5103
3674
3678
4343
3674
3682
4346
3680
5106
3677
3679
4349
3677
3726
4352
3680
5109
3680
4355
3680
4358
5112
3683
4361
3683
4364
5115
3685
3690
3752
3686
3689
3753
4540
3688
3754
5022
3688
3690
3698
3689
3701
5025
3690
3703
5028
3704
3693
3697
3731
4829
3693
3696
3700
3694
3702
4832
3696
3697
3703
4835
3696
3697
3735
3704
3736
4838
3701
3704
3701
3702
5010
3702
3704
3703
5013
3703
5016
3704
5019
3707
3710
4881
3707
3711
3713
3708
3714
4884
3710
3711
3715
4887
3710
3711
4890
3718
3714
3717
5031
3714
3718
3715
5034
3717
3718
5037
3717
3718
5040
3721
3722
4367
3721
4370
3724
5118
3724
4373
3724
4376
5121
3727
3728
4379
3727
4382
3730
5124
3730
4385
3730
4388
5127
3733
3736
4917
3733
3737
3739
3734
3740
4920
3736
3737
3741
4923
3736
3737
4926
3744
3740
3743
5043
3740
3744
3741
5046
3743
3744
5049
3743
3744
5052
3747
3749
3747
3748
3751
3750
3751
4030
3750
3751
4031
4032
4033
3753
3758
3754
3757
4736
3756
5073
3756
3758
3762
3757
3763
5076
3758
3764
5079
3765
3761
3765
4020
3761
3763
4021
4733
3764
4022
5064
3763
3765
3764
5067
3765
5070
3770
3771
3772
3773
3771
3772
3802
3770
3772
3803
3770
3771
3774
3777
3778
3805
3777
3778
3779
3777
3778
3777
3779
3778
3779
3784
3785
3786
3787
3785
3786
3788
3784
3785
3816
3784
3786
3818
3819
3792
3793
3791
3792
3793
3792
3793
3791
3792
3791
3793
3799
3800
3797
3799
3859
3797
3800
3860
3798
3861
3799
3800
3805
3806
3807
3808
3805
3807
3805
3806
3806
3807
3809
3812
3813
3812
3813
3814
3812
3813
3812
3814
3824
3813
3814
3825
3826
3819
3820
3821
3822
3819
3820
3820
3821
3823
3819
3821
3827
3828
3826
3827
3828
3827
3828
3826
3827
3826
3828
3830
3832
3831
3835
3872
3834
3833
3835
3873
3834
3835
3876
3840
3841
3842
3843
3840
3842
3851
3841
3842
3852
3840
3841
3844
3847
3848
3854
3847
3848
3849
3847
3848
3847
3849
3848
3849
3854
3855
3856
3857
3854
3855
3854
3856
3855
3856
3858
3862
3863
3861
3862
3863
3862
3863
3861
3862
3861
3863
3866
3867
3866
3869
3874
3870
3868
3870
3869
3875
3870
3877
3874
3875
3874
3876
3875
3876
3877
3877
3877
3882
3883
3880
3883
3881
3884
3882
3885
3884
3886
3884
3890
3886
3888
3889
3890
3888
3891
3889
3891
3891
3893
3915
3921
3922
3926
3927
3920
3922
3923
3927
3895
3908
3922
3929
3932
3934
3936
3938
3934
3938
3909
3932
3938
3943
3945
3946
3948
3949
3950
3952
3955
3931
3943
3944
3947
3962
3989
3937
3949
3951
3953
3996
3940
3956
3957
3959
3942
3957
3962
3964
3966
3903
3911
3944
4013
4015
4017
3912
3945
3950
4013
4014
4016
4018
3913
3963
3967
3968
3971
3906
3964
3974
3976
3978
3956
4020
4022
4025
4026
5130
3958
4020
4021
4023
3908
3928
3983
3984
3986
3921
3926
3981
3982
3983
3986
3988
3910
3982
3988
3990
3992
3993
3997
3998
3987
3993
3994
3997
3913
3991
4027
4029
4031
3992
3998
4027
4028
4030
4032
4000
4001
4002
4005
4008
4009
4011
3916
3920
3917
3918
4012
3919
4012
3919
3920
4008
4012
4010
4012
3923
3924
3927
3925
3926
3924
3925
3927
3928
3928
3933
3934
3935
3936
3927
3928
3984
3985
3986
3930
3932
3981
3931
3941
3932
3942
3943
3947
3948
3982
3934
3935
3936
3936
3937
3985
3938
3986
3938
3949
3953
3955
3987
3988
3940
3941
3942
3957
3959
3961
3942
3962
3965
3966
3945
3948
3990
3945
3963
3991
4013
4017
4018
3946
3992
3948
3948
3965
3950
3955
3997
3951
3952
3998
3954
3999
3954
3955
3954
3955
3958
3960
3958
3961
3964
4020
4023
4026
3960
3961
3966
3963
3965
3964
3967
3971
3973
4000
3974
3978
3979
3966
3969
3973
3974
4001
3969
3972
4002
4015
5135
3970
3975
4003
5136
3972
3973
3977
5133
3972
3973
4017
4019
5138
3979
3975
3979
3976
3977
5148
3980
4021
5145
3979
3980
5142
3979
3980
4023
4024
5151
3982
3988
3985
3986
3987
3988
3988
3994
3996
3997
3990
3991
3992
3992
4000
4027
4031
4032
3995
3998
3995
3996
3999
3997
3999
3998
3999
4001
4005
4007
4003
4007
4003
4006
4029
5156
4004
5158
4006
4007
5154
4006
4007
4031
4033
5157
4010
4011
4010
4011
4011
4012
4014
4018
4027
4015
4016
4028
4019
4029
4018
4019
4018
4019
4022
4026
4022
4024
5139
4025
5160
4024
4026
4025
5163
4026
5166
4028
4032
4029
4030
4033
4032
4033
4032
4033
4035
4072
4124
4409
4847
4856
4036
4073
4125
4410
4848
4857
4074
4126
4411
4849
4858
4038
4075
4127
4301
4412
5085
4039
4076
4128
4302
4413
5086
4077
4129
4303
4414
5087
4041
4054
4295
4298
4042
4054
4296
4299
4055
4297
4300
4044
4056
4133
4301
4304
4045
4056
4134
4302
4305
4057
4135
4303
4306
4047
4139
4202
4205
4048
4140
4203
4206
4141
4204
4207
4058
4208
4209
4210
4051
4059
4145
4211
4214
4052
4059
4146
4212
4215
4060
4147
4213
4216
4217
4218
4219
4055
4220
4222
4221
4222
4057
4080
4223
4224
4081
4223
4225
4226
4227
4228
4060
4084
4229
4230
4085
4229
4231
4062
4065
4100
4101
4238
4240
4066
4102
4239
4240
4064
4091
4103
4104
4241
4242
4092
4105
4241
4243
4066
4112
4113
4244
4246
4114
4245
4246
4068
4095
4115
4116
4247
4248
4096
4117
4247
4249
4070
4190
4250
4253
4935
4071
4191
4251
4254
4936
4192
4252
4255
4937
4073
4193
4436
4439
4074
4194
4437
4440
4195
4438
4441
4076
4196
4442
4445
4077
4197
4443
4446
4198
4444
4447
4079
4089
4130
4131
4259
4261
4090
4132
4260
4261
4081
4133
4134
4262
4263
4135
4262
4264
4083
4093
4142
4143
4265
4267
4094
4144
4266
4267
4085
4145
4146
4268
4269
4147
4268
4270
4087
4199
4448
4451
4088
4200
4449
4452
4201
4450
4453
4090
4157
4158
4271
4272
4159
4271
4273
4092
4160
4161
4274
4275
4162
4274
4276
4094
4172
4173
4277
4278
4174
4277
4279
4096
4175
4176
4280
4281
4177
4280
4282
4098
4154
4232
4476
4968
4971
4099
4155
4233
4477
4969
4972
4156
4234
4478
4970
4973
4101
4112
4307
4310
4102
4113
4308
4311
4114
4309
4312
4104
4160
4313
4316
4105
4161
4314
4317
4162
4315
4318
4107
4109
4163
4166
4316
5091
4108
4110
4164
4167
4317
5092
4111
4165
4168
4318
5093
4110
4310
4485
4619
5088
4111
4311
4486
4620
5089
4312
4487
4621
5090
4113
4319
4322
4114
4320
4323
4321
4324
4116
4175
4325
4328
4117
4176
4326
4329
4177
4327
4330
4119
4178
4181
4328
4485
5097
4120
4179
4182
4329
4486
5098
4180
4183
4330
4487
5099
4122
4187
4508
4929
4992
4995
4123
4188
4509
4930
4993
4996
4189
4510
4931
4994
4997
4125
4193
4511
5001
5007
4126
4194
4512
5002
5008
4195
4513
5003
5009
4128
4136
4196
4337
5103
4129
4137
4197
4338
5104
4138
4198
4339
5105
4131
4157
4331
4334
4132
4158
4332
4335
4159
4333
4336
4134
4337
4340
4135
4338
4341
4339
4342
4137
4334
4616
4826
5100
4138
4335
4617
4827
5101
4336
4618
4828
5102
4140
4148
4343
4346
4141
4149
4344
4347
4150
4345
4348
4143
4172
4349
4352
4144
4173
4350
4353
4174
4351
4354
4146
4355
4358
4147
4356
4359
4357
4360
4149
4361
4364
4150
4362
4365
4363
4366
4152
4364
4514
4640
5115
4153
4365
4515
4641
5116
4366
4516
4642
5117
4155
4235
4613
5037
5040
4156
4236
4614
5038
5041
4237
4615
5039
5042
4158
4367
4370
4159
4368
4371
4369
4372
4161
4373
4376
4162
4374
4377
4375
4378
4164
4169
4376
4616
5121
4165
4170
4377
4617
5122
4171
4378
4618
5123
4167
4169
4619
4622
4168
4170
4620
4623
4171
4621
4624
4170
4625
4628
4171
4626
4629
4627
4630
4173
4379
4382
4174
4380
4383
4381
4384
4176
4385
4388
4177
4386
4389
4387
4390
4179
4184
4388
4631
5127
4180
4185
4389
4632
5128
4186
4390
4633
5129
4182
4184
4634
4637
4183
4185
4635
4638
4186
4636
4639
4185
4640
4643
4186
4641
4644
4642
4645
4188
4666
4935
5049
5052
4189
4667
4936
5050
5053
4668
4937
5051
5054
4191
4289
4292
4192
4290
4293
4291
4294
4194
4817
4820
4195
4818
4821
4819
4822
4197
4823
4826
4198
4824
4827
4825
4828
4200
4841
4844
4201
4842
4845
4843
4846
4203
4211
4343
4859
4204
4212
4344
4860
4213
4345
4861
4206
4217
4859
4207
4217
4860
4218
4861
4209
4214
4215
4226
4862
4216
4227
4863
4219
4862
4863
4212
4355
4864
4213
4356
4865
4357
4866
4215
4230
4864
4216
4230
4865
4231
4866
4218
4867
4868
4867
4868
4221
4224
4295
4296
4869
4225
4297
4869
4869
4262
4872
4225
4304
4305
4872
4306
4872
4227
4230
4875
4231
4875
4875
4268
4878
4231
4878
4878
4233
4235
4415
4896
4234
4236
4416
4897
4237
4417
4898
4236
4899
4902
4237
4900
4903
4901
4904
4239
4242
4307
4308
4905
4243
4309
4905
4246
4905
4274
4908
4243
4313
4314
4908
4315
4908
4245
4248
4319
4320
4911
4249
4321
4911
4911
4280
4914
4249
4325
4326
4914
4327
4914
4251
4289
4433
4929
4252
4290
4434
4930
4291
4435
4931
4254
4256
4292
4727
4255
4257
4293
4728
4258
4294
4729
4257
4666
4730
4935
4258
4667
4731
4936
4668
4732
4937
4260
4263
4331
4332
4938
4264
4333
4938
4271
4938
4941
4264
4340
4341
4941
4342
4941
4266
4269
4349
4350
4944
4270
4351
4944
4277
4944
4947
4270
4358
4359
4947
4360
4947
4950
4273
4275
4367
4368
4950
4276
4369
4950
4953
4276
4373
4374
4953
4375
4953
4956
4279
4281
4379
4380
4956
4282
4381
4956
4959
4282
4385
4386
4959
4387
4959
4284
4286
4974
4977
4285
4287
4975
4978
4288
4976
4979
4287
4980
4983
4288
4981
4984
4982
4985
4290
4724
4291
4725
4726
4293
5130
4294
5131
5132
4296
4304
5082
4297
4305
5083
4306
5084
4299
4412
5082
4300
4413
5083
4414
5084
4302
4337
5085
4303
4338
5086
4339
5087
4305
5085
4306
5086
5087
4308
4313
5088
4309
4314
5089
4315
5090
4311
4322
5088
4312
4323
5089
4324
5090
4314
5091
4315
5092
5093
4317
4376
5091
4318
4377
5092
4378
5093
4320
4325
5094
4321
4326
5095
4327
5096
4323
4485
5094
4324
4486
5095
4487
5096
4326
5097
4327
5098
5099
4329
4388
5097
4330
4389
5098
4390
5099
4332
4340
5100
4333
4341
5101
4342
5102
4335
4370
5100
4336
4371
5101
4372
5102
4338
5103
4339
5104
5105
4341
5103
4342
5104
5105
4344
4355
5106
4345
4356
5107
4357
5108
4347
4364
4514
5106
4348
4365
4515
5107
4366
4516
5108
4350
4358
5109
4351
4359
5110
4360
5111
4353
4382
4514
5109
4354
4383
4515
5110
4384
4516
5111
4356
5112
4357
5113
5114
4359
5112
4360
5113
5114
4362
5115
4363
5116
5117
4365
5115
4366
5116
5117
4368
4373
5118
4369
4374
5119
4375
5120
4371
4616
5118
4372
4617
5119
4618
5120
4374
5121
4375
5122
5123
4377
5121
4378
5122
5123
4380
4385
5124
4381
4386
5125
4387
5126
4383
4631
5124
4384
4632
5125
4633
5126
4386
5127
4387
5128
5129
4389
5127
4390
5128
5129
4392
4436
4439
4709
4393
4437
4440
4710
4438
4441
4711
4395
4418
4712
4817
4820
4396
4419
4713
4818
4821
4420
4714
4819
4822
4398
4403
4442
4445
4399
4404
4443
4446
4405
4444
4447
4401
4406
4424
4823
4826
4402
4407
4425
4824
4827
4408
4426
4825
4828
4404
4448
4451
4405
4449
4452
4450
4453
4407
4482
4841
4844
4408
4483
4842
4845
4484
4843
4846
4410
4436
4769
4778
4411
4437
4770
4779
4438
4771
4780
4413
4442
5082
4414
4443
5083
4444
5084
4416
4718
4893
4899
4417
4719
4894
4900
4720
4895
4901
4419
4721
4899
4902
4420
4722
4900
4903
4723
4901
4904
4422
4427
4479
4619
4622
4423
4428
4480
4620
4623
4429
4481
4621
4624
4425
4482
4625
4628
4426
4483
4626
4629
4484
4627
4630
4428
4634
4637
4429
4635
4638
4636
4639
4431
4640
4643
4432
4641
4644
4642
4645
4434
4724
4893
4932
4435
4725
4894
4933
4726
4895
4934
4437
4438
4440
4715
4817
4441
4716
4818
4717
4819
4443
4444
4446
4451
4823
4447
4452
4824
4453
4825
4449
4450
4452
4841
4453
4842
4843
4455
4459
4460
4462
4563
4870
4461
4463
4564
4870
4457
4459
4462
4772
4458
4460
4462
4773
4461
4463
4774
4460
4568
4775
4461
4569
4776
4570
4777
4463
4871
4871
4465
4467
4469
4573
4876
4468
4469
4574
4876
4467
4468
4469
4472
4468
4474
4578
4579
4475
4580
4877
4471
4473
4474
4583
4584
4595
4473
4475
4585
4596
4473
4474
4475
4598
4475
4589
4590
4591
4477
4508
4787
4790
4896
4478
4509
4788
4791
4897
4510
4789
4792
4898
4480
4974
4977
4481
4975
4978
4976
4979
4483
4980
4983
4484
4981
4984
4982
4985
4486
4634
5094
4487
4635
5095
4636
5096
4489
4493
4494
4496
4646
4906
4495
4497
4647
4906
4491
4493
4496
4500
4781
4492
4494
4496
4501
4782
4495
4497
4502
4783
4494
4651
4784
4495
4652
4785
4653
4786
4497
4503
4907
4504
4907
4499
4503
4505
4506
4656
4912
4504
4507
4657
4912
4501
4503
4505
4793
4502
4503
4506
4794
4504
4507
4795
4504
4913
4913
4506
4661
4796
4507
4662
4797
4663
4798
4509
4799
4802
4932
4510
4800
4803
4933
4801
4804
4934
4512
4613
4811
4814
4820
4513
4614
4812
4815
4821
4615
4813
4816
4822
4515
4631
5106
5109
4516
4632
5107
5110
4633
5108
5111
4518
4522
4523
4525
4669
4939
4524
4526
4670
4939
4520
4522
4525
4545
4805
4521
4523
4525
4546
4806
4524
4526
4547
4807
4523
4676
4808
4524
4677
4809
4678
4810
4526
4551
4940
4552
4940
4528
4532
4533
4535
4679
4945
4534
4536
4680
4945
4530
4532
4535
4555
4829
4531
4533
4535
4556
4830
4534
4536
4557
4831
4533
4686
4832
4534
4687
4833
4688
4834
4536
4561
4946
4562
4946
4538
4540
4666
4730
4835
4838
5028
4539
4541
4667
4731
4836
4839
5029
4542
4668
4732
4837
4840
5030
4541
4736
5022
5028
4542
4737
5023
5029
4738
5024
5030
4544
4548
4549
4551
4689
4951
4550
4552
4690
4951
4546
4548
4551
4881
4547
4549
4551
4882
4550
4552
4883
4549
4694
4884
4550
4695
4885
4696
4886
4552
4952
4952
4554
4558
4559
4561
4699
4957
4560
4562
4700
4957
4556
4558
4561
4917
4557
4559
4561
4918
4560
4562
4919
4559
4706
4920
4560
4707
4921
4708
4922
4562
4958
4958
4564
4568
4569
4571
4873
4570
4572
4873
4566
4568
4571
4671
4850
4567
4569
4571
4672
4851
4570
4572
4673
4852
4569
4853
4570
4854
4855
4572
4674
4874
4675
4874
4574
4578
4579
4581
4879
4580
4582
4879
4576
4578
4581
4586
4681
4577
4579
4581
4587
4682
4580
4582
4588
4683
4579
4589
4580
4590
4591
4582
4684
4880
4685
4880
4584
4589
4592
4601
4585
4590
4593
4602
4591
4594
4603
4587
4589
4592
5010
4588
4590
4593
5011
4591
4594
5012
4590
4591
4593
4607
5013
4594
4608
5014
4609
5015
4596
4598
4599
4601
4602
4598
4600
4603
4598
4599
4600
4741
4600
4610
4611
4742
4612
4743
4602
4607
4610
4603
4608
4611
4609
4612
4605
4607
4610
4760
5022
4606
4608
4611
4761
5023
4609
4612
4762
5024
4608
5025
4609
5026
5027
4611
4763
4612
4764
4765
4614
4887
4890
4902
4615
4888
4891
4903
4889
4892
4904
4617
4625
5118
4618
4626
5119
4627
5120
4620
4634
4621
4635
4636
4623
4628
4974
4624
4629
4975
4630
4976
4626
4826
4627
4827
4828
4629
4983
4630
4984
4985
4632
4640
5124
4633
4641
5125
4642
5126
4635
4636
4638
4643
4639
4644
4645
4641
4642
4644
4645
4647
4651
4652
4654
4909
4653
4655
4909
4649
4651
4654
4691
4962
4650
4652
4654
4692
4963
4653
4655
4693
4964
4652
4965
4653
4966
4967
4655
4697
4910
4698
4910
4657
4661
4662
4664
4915
4663
4665
4915
4659
4661
4664
4701
4986
4660
4662
4664
4702
4987
4663
4665
4703
4988
4662
4989
4663
4990
4991
4665
4704
4916
4705
4916
4667
4923
4926
4668
4924
4927
4925
4928
4670
4674
4676
4677
4942
4675
4678
4942
4672
4674
4676
4998
4673
4674
4677
4999
4675
4678
5000
4675
4943
4943
4677
5004
4678
5005
5006
4680
4684
4686
4687
4948
4685
4688
4948
4682
4684
4686
5010
4683
4684
4687
5011
4685
4688
5012
4685
4949
4949
4687
5016
4688
5017
5018
4690
4694
4695
4697
4954
4696
4698
4954
4692
4694
4697
5031
4693
4695
4697
5032
4696
4698
5033
4695
5034
4696
5035
5036
4698
4955
4955
4700
4704
4706
4707
4960
4705
4708
4960
4702
4704
4706
5043
4703
4704
4707
5044
4705
4708
5045
4705
4961
4961
4707
5046
4708
5047
5048
4710
4715
4711
4716
4717
4713
4721
5055
4714
4722
5056
4723
5057
4716
5055
4717
5056
5057
4719
5058
5061
4720
5059
5062
5060
5063
4722
5061
4723
5062
5063
4725
5058
4726
5059
5060
4728
4730
5064
5070
5130
4729
4731
5065
5071
5131
4732
5066
5072
5132
4731
4736
5079
4732
4737
5080
4738
5081
4734
4748
5064
5067
5139
4735
4749
5065
5068
5140
4750
5066
5069
5141
4737
5073
5079
4738
5074
5080
5075
5081
4740
4742
4744
4757
4758
5154
4743
4744
4759
5155
4742
4743
4744
4743
4763
4764
4765
5157
4746
4751
4754
4757
5154
4747
4752
4755
4758
5154
4753
4756
4759
5155
4749
4751
4754
5145
4750
4752
4755
5146
4753
4756
5147
4752
4766
5067
4753
4767
5068
4768
5069
4755
5148
5158
4756
5149
5158
5150
5159
4758
4763
4766
4759
4764
4767
4765
4768
4761
4763
4766
5073
4762
4764
4767
5074
4765
4768
5075
4764
4765
4767
5076
4768
5077
5078
4770
4775
4778
4847
4771
4776
4779
4848
4777
4780
4849
4773
4775
4778
4774
4776
4779
4777
4780
4776
4853
4777
4854
4855
4779
4780
4782
4784
4790
4793
4783
4785
4791
4794
4786
4792
4795
4785
4787
4965
4786
4788
4966
4789
4967
4788
4790
4968
4789
4791
4969
4792
4970
4791
4802
4792
4803
4804
4794
4796
4802
4795
4797
4803
4798
4804
4797
4799
4989
4798
4800
4990
4801
4991
4800
4802
4992
4801
4803
4993
4804
4994
4803
4804
4806
4808
4814
4881
4807
4809
4815
4882
4810
4816
4883
4809
4811
5004
4810
4812
5005
4813
5006
4812
4814
5007
4813
4815
5008
4816
5009
4815
4890
4816
4891
4892
4818
5055
4819
5056
5057
4821
4902
4822
4903
4904
4824
4841
4825
4842
4843
4827
4828
4830
4832
4838
4917
4831
4833
4839
4918
4834
4840
4919
4833
4835
5016
4834
4836
5017
4837
5018
4836
4838
5019
4837
4839
5020
4840
5021
4839
4926
4840
4927
4928
4842
4843
4845
4980
4846
4981
4982
4848
4853
4856
4849
4854
4857
4855
4858
4851
4853
4856
4998
4852
4854
4857
4999
4855
4858
5000
4854
4855
4857
5001
4858
5002
5003
4860
4864
4867
4861
4865
4867
4866
4868
4863
4864
4865
4867
4866
4868
4865
4866
4868
4872
4871
4873
4874
4943
4878
4877
4879
4880
4949
4882
4884
4890
4883
4885
4891
4886
4892
4885
4887
5034
4886
4888
5035
4889
5036
4888
4890
5037
4889
4891
5038
4892
5039
4891
4892
4894
4896
5058
4895
4897
5059
4898
5060
4897
4932
4898
4933
4934
4900
5061
4901
5062
5063
4903
4904
4908
4907
4909
4913
4910
4955
4914
4913
4915
4916
4961
4918
4920
4926
4919
4921
4927
4922
4928
4921
4923
5046
4922
4924
5047
4925
5048
4924
4926
5049
4925
4927
5050
4928
5051
4927
4928
4930
4932
4935
4931
4933
4936
4934
4937
4933
4934
4936
4937
4941
4940
4942
4952
4943
4947
4946
4948
4958
4949
4953
4952
4954
4955
4959
4958
4960
4961
4963
4965
4971
5031
4964
4966
4972
5032
4967
4973
5033
4966
4968
4967
4969
4970
4969
4971
4970
4972
4973
4972
5040
4973
5041
5042
4975
4983
4976
4984
4985
4978
4979
4981
4982
4984
4985
4987
4989
4995
5043
4988
4990
4996
5044
4991
4997
5045
4990
4992
4991
4993
4994
4993
4995
4994
4996
4997
4996
5052
4997
5053
5054
4999
5001
5004
5000
5002
5005
5003
5006
5002
5007
5003
5008
5009
5005
5007
5006
5008
5009
5008
5009
5011
5013
5016
5012
5014
5017
5015
5018
5014
5019
5025
5015
5020
5026
5021
5027
5017
5019
5018
5020
5021
5020
5028
5021
5029
5030
5023
5025
5073
5024
5026
5074
5027
5075
5026
5028
5027
5029
5030
5029
5030
5032
5034
5040
5033
5035
5041
5036
5042
5035
5037
5036
5038
5039
5038
5040
5039
5041
5042
5041
5042
5044
5046
5052
5045
5047
5053
5048
5054
5047
5049
5048
5050
5051
5050
5052
5051
5053
5054
5053
5054
5056
5057
5059
5060
5062
5063
5065
5070
5160
5066
5071
5161
5072
5162
5068
5070
5076
5069
5071
5077
5072
5078
5071
5079
5072
5080
5081
5074
5076
5075
5077
5078
5077
5079
5078
5080
5081
5080
5081
5083
5085
5084
5086
5087
5086
5087
5089
5091
5090
5092
5093
5092
5093
5095
5097
5096
5098
5099
5098
5099
5101
5103
5102
5104
5105
5104
5105
5107
5112
5108
5113
5114
5110
5112
5111
5113
5114
5113
5114
5116
5117
5119
5121
5120
5122
5123
5122
5123
5125
5127
5126
5128
5129
5128
5129
5131
5160
5166
5132
5161
5167
5162
5168
5134
5136
5138
5142
5143
5137
5138
5144
5136
5137
5138
5156
5137
5148
5149
5158
5150
5159
5140
5145
5160
5163
5141
5146
5161
5164
5147
5162
5165
5143
5148
5151
5144
5149
5152
5150
5153
5146
5148
5151
5147
5149
5152
5150
5153
5149
5150
5152
5163
5153
5164
5165
5155
5157
5158
5157
5159
5157
5158
5159
5159
5161
5166
5162
5167
5168
5164
5166
5165
5167
5168
5167
5168
)


// ************************************************************************* //
