/*--------------------------------*- C++ -*----------------------------------*\
  =========                 |
  \\      /  F ield         | OpenFOAM: The Open Source CFD Toolbox
   \\    /   O peration     | Website:  https://openfoam.org
    \\  /    A nd           | Version:  8
     \\/     M anipulation  |
\*---------------------------------------------------------------------------*/
/*   Windows 32 and 64 bit porting by blueCAPE: http://www.bluecape.com.pt   *\
|  Based on Windows porting (2.0.x v4) by Symscape: http://www.symscape.com   |
\*---------------------------------------------------------------------------*/
FoamFile
{
    version     2.0;
    format      ascii;
    class       regIOobject;
    location    "constant/air/polyMesh";
    object      cellZones;
}
// * * * * * * * * * * * * * * * * * * * * * * * * * * * * * * * * * * * * * //

1
(
vegetation
{
    type cellZone;
cellLabels      List<label> 
1120
(
98
105
112
185
486
489
494
496
521
523
526
529
530
734
740
741
742
776
778
780
783
786
789
790
791
792
793
794
799
825
827
828
832
835
838
839
840
842
843
848
1024
1030
1031
1032
1034
1427
1434
1437
1441
1444
1448
1572
1573
1574
1575
1576
1577
1578
1579
1581
1583
1584
1588
1590
1593
1594
1595
1596
1597
1598
1599
1609
1611
1612
1621
1622
1623
1624
1625
1626
1627
1673
1678
1679
1680
1681
1682
1683
1684
1816
1817
1818
1820
1825
1834
1835
1838
1839
1840
1855
1860
1872
1873
1874
1883
1884
1885
1886
1887
1888
1889
1939
1941
1942
1943
1945
1946
1953
1955
1956
1957
1958
1960
1962
1963
1965
1967
1968
1969
1970
1971
1972
1973
1974
1979
1983
1984
1988
1990
1991
1992
1994
1995
1997
1998
2000
2002
2009
2011
2012
2013
2014
2016
2017
2018
2019
2020
2021
2022
2025
2026
2030
2035
2312
2313
2314
2339
2340
2341
2342
2344
2345
2346
2347
2349
2350
2352
2353
2354
2355
2356
2357
2358
2359
2366
2367
2370
2371
2374
2376
2377
2380
2391
2412
2413
2414
2423
2424
2425
2426
2427
2428
2429
2432
2434
2437
2438
2439
2440
2441
2442
2443
2451
2454
2455
2456
2457
2461
2463
2472
2473
2474
2475
2476
2477
2478
2481
2483
2489
2491
2493
2494
2495
2496
2497
2498
2499
2507
2508
2509
2510
2511
2512
2513
2514
2515
2516
2517
2518
2519
2520
2521
2522
2523
2524
2525
2526
2527
2528
2529
2530
2531
2532
2533
2534
2535
2536
2537
2538
2539
2540
2541
2542
2543
2544
2545
2546
2547
2548
2549
2550
2551
2552
2553
2554
2555
2560
2578
2579
2580
2582
2583
2624
2633
2634
2635
2636
2637
2638
2639
2644
2648
2650
2651
2652
2653
2654
2655
2656
2657
2658
2659
2660
2676
2677
2678
2679
2681
2697
2698
2699
2700
2701
2703
2704
2706
2707
2708
2709
2710
2711
2712
2713
2714
2715
2716
2717
2718
2719
2720
2721
2722
2723
2724
2725
2726
2727
2728
2729
2730
2731
2733
2734
2735
2736
2737
2738
2739
2740
2741
2742
2743
2744
2745
2746
2747
2748
2749
2750
2751
2774
2775
2837
2838
2839
2840
2841
2842
2852
2865
2871
2872
2873
2874
2875
2876
2878
2879
2881
2882
2883
2885
2886
2887
2888
2889
2890
2891
2892
2896
2899
2900
2901
2903
2905
2913
2914
2915
2917
2919
3081
3082
3084
3086
3087
3095
3096
3097
3098
3099
3100
3101
3109
3112
3114
3116
3117
3119
3120
3121
3123
3124
3125
3126
3127
3128
3129
3144
3146
3147
3148
3149
3150
3151
3152
3153
3154
3155
3156
3157
3161
3163
3172
3174
3175
3176
3177
3178
3179
3181
3182
3184
3186
3187
3188
3189
3190
3191
3192
3292
3293
3294
3296
3306
3314
3321
3327
3328
3329
3330
3331
3332
3347
3348
3349
3350
3352
3353
3367
3375
3376
3377
3378
3379
3380
3381
3388
3396
3397
3398
3399
3400
3401
3402
3405
3409
3419
3423
3424
3425
3426
3427
3428
3429
3430
3432
3436
3439
3444
3578
3579
3580
3584
3585
3587
3591
3598
3599
3600
3601
3602
3603
3604
3605
3606
3607
3609
3611
3612
3613
3614
3615
3616
3617
3618
3619
3627
3628
3629
3630
3631
3632
3633
3641
3646
3650
3653
3662
3663
3664
3665
3666
3667
3668
3697
3698
3699
3700
3701
3702
3703
3704
3705
3706
3707
3708
3709
3710
3711
3712
3713
3714
3716
3717
3718
3720
3721
3722
3723
3724
3725
3726
3727
3728
3729
3730
3731
3732
3733
3734
3735
3736
3737
3738
3739
3740
3741
3742
3743
3744
3745
3795
3796
3797
3798
3799
3800
3801
3809
3812
3814
3816
3818
3820
3821
3823
3825
3828
3830
3831
3832
3833
3834
3835
3836
3851
3852
3853
3855
3857
3858
3859
3860
3862
3863
3869
3872
3873
3874
3875
3876
3877
3878
3879
3880
3882
3883
3885
3886
3887
3888
3889
3890
3891
3892
3928
3929
3930
3931
3932
3933
3934
3935
3936
3937
3938
3939
3940
3941
3942
3943
3944
3945
3946
3947
3948
3949
3950
3951
3952
3953
3954
3955
3956
3957
3958
3959
3960
3961
3962
3963
3964
3965
3966
3967
3968
3969
3970
3971
3972
3973
3974
3975
3976
4040
4041
4042
4043
4044
4045
4046
4048
4049
4050
4053
4054
4055
4056
4057
4058
4059
4060
4061
4062
4063
4064
4065
4066
4067
4068
4069
4071
4072
4073
4074
4075
4077
4080
4081
4082
4083
4084
4085
4086
4087
4088
4090
4091
4092
4117
4118
4119
4120
4121
4122
4123
4124
4125
4126
4128
4129
4130
4131
4132
4133
4134
4135
4136
4137
4138
4139
4140
4141
4142
4143
4144
4145
4146
4147
4148
4149
4150
4151
4152
4153
4154
4155
4156
4157
4158
4159
4160
4163
4164
4165
4166
4167
4168
4169
4170
4171
4172
4176
4180
4181
4182
4183
4184
4185
4186
4187
4188
4189
4190
4191
4192
4193
4194
4198
4199
4201
4202
4203
4204
4205
4206
4207
4208
4212
4215
4216
4217
4218
4219
4220
4221
4222
4223
4224
4225
4226
4227
4228
4229
4230
4231
4232
4233
4234
4235
4236
4237
4238
4239
4240
4241
4242
4243
4244
4245
4246
4247
4248
4249
4250
4253
4255
4256
4264
4266
4268
4269
4276
4278
4279
4280
4281
4282
4283
4284
4286
4290
4306
4307
4310
4311
4312
4314
4315
4316
4317
4319
4334
4335
4336
4337
4338
4339
4340
4342
4343
4344
4347
4348
4349
4350
4351
4352
4353
4354
4355
4356
4357
4358
4359
4360
4361
4362
4363
4364
4365
4366
4367
4368
4369
4371
4373
4374
4375
4376
4377
4378
4379
4380
4381
4382
4383
4384
4385
4386
4387
4388
4389
4391
4392
4393
4395
4397
4398
4399
4400
4401
4402
4403
4404
4405
4406
4407
4408
4409
4410
4411
4413
4415
4416
4418
4419
4420
4421
4422
4423
4424
4425
4427
4429
4430
4433
4434
4435
4436
4437
4438
4481
4482
4483
4484
4485
4486
4487
4488
4489
4490
4491
4492
4493
4494
4495
4496
4497
4498
4499
4500
4501
4502
4503
4504
4505
4506
4507
4508
4509
4510
4511
4512
4513
4514
4515
4516
4517
4518
4519
4520
4521
4522
4523
4524
4526
4527
4528
4529
4530
4531
4532
4533
4534
4535
4536
4537
4538
4539
4540
4541
4542
4543
4544
4545
4546
4547
4548
4549
4550
4552
4557
4559
4563
4565
4566
4567
4568
4569
4570
4571
4572
4573
4574
4575
4576
4577
4578
4588
4591
4595
4597
4600
4601
4602
4603
4604
4605
4606
4607
4610
4612
4613
4621
4623
4625
4626
4628
4629
4633
4635
4636
4637
4638
4639
4640
4641
4642
4643
4647
4771
4778
5369
5370
5371
5372
5373
5374
5375
)
;
}
)

// ************************************************************************* //
