/*--------------------------------*- C++ -*----------------------------------*\
  =========                 |
  \\      /  F ield         | OpenFOAM: The Open Source CFD Toolbox
   \\    /   O peration     | Website:  https://openfoam.org
    \\  /    A nd           | Version:  8
     \\/     M anipulation  |
\*---------------------------------------------------------------------------*/
/*   Windows 32 and 64 bit porting by blueCAPE: http://www.bluecape.com.pt   *\
|  Based on Windows porting (2.0.x v4) by Symscape: http://www.symscape.com   |
\*---------------------------------------------------------------------------*/
FoamFile
{
    version     2.0;
    format      ascii;
    class       labelList;
    location    "constant/air/polyMesh";
    object      cellProcAddressing;
}
// * * * * * * * * * * * * * * * * * * * * * * * * * * * * * * * * * * * * * //


2283
(
3
26
29
30
71
72
74
76
164
165
167
168
169
176
177
178
181
182
183
184
185
186
187
188
189
194
196
198
199
480
481
484
486
487
490
491
493
494
495
496
497
498
706
708
709
710
712
713
714
715
717
719
735
736
737
738
739
740
741
743
745
746
748
749
750
751
752
753
754
769
770
771
773
774
775
779
1067
1068
1069
1070
1071
1072
1073
1074
1075
1309
1310
1311
1313
1314
1315
1316
1317
1318
1319
1320
1321
1322
1323
1324
1325
1326
1345
1346
1349
1351
1352
1353
1354
1355
1356
1357
1358
1359
1360
1361
1362
1363
1364
1365
1366
1367
1368
1369
1370
1371
1372
1374
1375
1388
1395
1399
1402
1403
1405
1407
1408
1409
1410
1411
1412
1413
1414
1415
1786
1787
1788
1789
2160
2162
2163
2164
2165
2166
2168
2169
2170
2174
2175
2176
2178
2179
2206
2207
2208
2209
2210
2211
2212
2213
2214
2215
2230
2231
2232
2233
2234
2235
2236
2237
2238
2239
2240
2241
2242
2243
2244
2245
2275
2276
2277
2278
2279
2280
2281
2282
2283
2285
2741
2742
2743
2744
2745
2771
2772
2773
2774
2775
2776
2777
2778
2779
2788
2789
2791
3177
3180
3181
3183
3184
3185
3186
3187
3188
3189
3190
3193
3195
3196
3197
3198
3199
3200
3201
3202
3205
3206
3220
3221
3222
3223
3224
3225
3226
3227
3228
3229
3230
3231
3232
3233
3234
3235
3236
3237
3238
3239
3240
3241
3242
3243
3244
3245
3302
3303
3304
3305
3306
3307
3311
3312
3313
3323
3927
3928
3929
3930
3931
3932
3933
3934
3935
3936
3937
3938
3939
3940
3941
3942
3943
3944
3945
3946
3947
3954
3955
3956
3957
3958
3959
3960
3961
3962
3963
3964
3965
3966
3967
3968
3969
3970
3971
3972
3973
3974
3975
3976
3977
3978
3979
3980
3981
3985
3989
4641
4642
4643
4644
4645
4647
4649
4651
4652
4653
4654
4655
4656
4658
4660
4662
4663
4664
4665
4666
4667
4668
4669
4670
4671
4672
4673
4674
4675
4677
4679
4680
4682
4683
4684
4685
4686
4687
4688
4689
4690
4691
4692
4693
4694
4695
4696
4697
4698
4699
4700
4701
4702
4703
4704
4705
4706
4707
4708
4709
4710
4711
4712
4713
4714
4715
4716
4717
4718
4719
4720
4721
4722
4723
4724
4725
4726
4727
4728
4729
4730
4731
4732
4733
4734
4735
4736
4737
4738
4739
5267
5268
5269
5270
5271
5272
5273
5320
5321
5322
5323
5497
5498
5499
5500
5501
5502
5503
5645
5646
5647
5648
5649
5650
5651
5652
5653
5772
5773
5774
5775
5776
5777
5778
5786
5787
5788
5789
5790
5791
5792
5793
5794
5795
5796
5797
5798
5799
5800
5883
5884
5885
5886
5887
5888
5889
5890
5891
5892
5893
5894
5895
5896
5947
5948
5949
5950
5951
5952
5953
5954
5955
5956
5957
5958
5959
5960
5991
5992
5993
5994
5995
5996
5997
6089
6090
6091
6092
6093
6094
6095
6103
6104
6105
6106
6107
6108
6109
6110
6243
6244
6245
6246
6247
6248
6249
6250
6251
6252
6253
6254
6255
6256
6257
6258
6259
6260
6261
6262
6263
6264
6265
6266
6267
6268
6269
6270
6271
6272
6273
6274
6615
6616
6617
6618
6619
6620
6621
6622
6623
6624
6625
6626
6627
6628
6629
6630
6631
6632
6633
6634
6635
6636
6637
6638
6639
6654
6655
6656
6657
6658
6659
6660
6661
6662
6663
6664
6665
6666
6667
6668
6669
6670
6671
6672
6673
6674
6675
6676
6677
6678
6679
6680
6681
6682
6683
6684
6685
6686
6687
6688
6689
6690
6691
6692
6693
6694
6695
7817
7818
7819
7820
7821
7822
7823
7824
7825
7826
7827
7828
7829
7830
7831
7832
7833
7834
7835
7836
7837
7838
7839
7840
7841
7842
7843
7844
7845
7846
7847
7848
7849
7850
7851
7852
8617
8618
8619
8620
8621
8622
8623
8624
8625
8626
8627
8628
8629
8630
8631
8632
8633
8634
8635
8636
8637
8638
8639
8640
8641
8642
8643
8644
8645
8646
8647
8648
8649
8650
8651
8652
8653
8654
8655
8656
8657
8658
8659
8660
8661
8662
8663
8664
8665
8666
8667
8668
8669
8670
8671
8672
8757
8758
8759
8760
8761
8762
8763
8764
8765
8766
8767
8768
8769
8770
8771
8772
8773
8774
8775
8776
8777
8778
8779
8780
8781
8782
8783
8784
8785
8786
8787
8788
8789
8790
8791
8792
8793
8794
8795
8803
8804
8805
8806
8807
8808
8809
8810
8811
8812
8813
8814
8815
8816
8817
8818
8819
8820
8821
8822
8823
8824
8825
8826
8827
8828
8829
8830
8880
8881
8882
8883
8884
8885
8886
8887
8888
8889
8890
8891
8892
8893
8894
8895
8896
9720
9721
9722
9723
9724
9725
9726
9727
9728
9729
9730
9731
9732
9733
9734
9735
9736
9737
9738
9739
9740
9741
9742
9743
9744
9745
9746
9747
9748
9749
9750
9751
9752
10450
10451
10452
10453
10545
10546
10547
10548
10549
10550
10551
10552
10553
10554
10555
10556
10557
10558
10559
10560
10561
10562
10563
10564
10565
10569
10570
10571
10572
10573
10574
10585
10609
10623
10638
10639
10640
10641
10642
10643
10644
10645
10646
10647
10648
10649
10650
10658
10659
10660
10661
10662
10663
10664
10665
10666
10667
10668
10669
10670
10671
10672
10673
10674
10675
10676
10677
10678
10679
10680
10681
10682
10683
10684
10685
11584
11585
11586
11587
11588
11589
11590
11591
12405
12406
12407
12408
12409
12410
12411
12412
12413
12414
12415
12416
12417
12418
12419
12420
12421
12422
12423
12424
12425
12426
12427
12428
12429
12430
12431
12432
12433
12434
12435
12436
12444
12445
12446
12447
12448
12449
12450
12451
12452
12453
12454
12455
12456
12457
12458
12459
12460
12461
12574
12575
12576
12577
12578
12579
12580
12581
12582
12583
12584
12585
12586
12587
12588
12589
12590
12591
12592
12593
12594
12595
12596
12597
12598
12599
12600
12601
12602
12603
12604
12605
12606
12607
12608
12609
12610
12611
12612
12613
12614
12615
12616
12617
12618
12619
12620
12621
12622
12623
12624
12625
12626
12627
12628
12629
12637
12638
12639
12640
12641
12642
12643
12644
12645
12646
12647
12648
12649
12650
12651
12652
12653
12654
12655
12656
12657
12658
12659
12660
12661
12662
12663
12664
12665
12666
12667
12668
12669
12670
12671
12672
12673
12674
12675
12676
12677
12678
12679
12680
12681
12682
12683
12684
12685
12686
12687
12688
12689
12690
12691
12692
12700
12701
12702
12703
12704
12705
12706
12707
12708
12709
12710
12711
12712
12713
12714
12715
12716
12717
12718
12719
12720
12721
12722
12723
12724
12725
12733
12734
12735
13511
13512
13513
13514
13515
13516
13517
13518
13636
13637
13638
13639
13640
13641
13642
13643
13644
13645
13646
13647
13648
13649
13650
13651
13652
13653
13654
13655
13691
13693
13694
13696
13697
13699
13700
13701
13703
13704
14426
14427
14428
14429
14430
14431
14432
14433
14434
14435
14436
14437
14438
14439
14440
14441
14463
14464
14465
14466
14467
14468
14469
14470
14527
14528
14529
14530
14531
14532
14533
14534
14535
14536
14537
14538
14539
14540
14541
14542
14543
14544
14545
14546
14547
14548
14549
14550
14551
14552
14553
14554
14555
14556
15199
15200
15201
15202
15203
15204
15205
15206
15207
15208
15209
15210
15211
15212
15213
15214
15215
15216
15217
15218
15219
15229
15230
15231
15241
15242
15243
15397
15398
15399
15400
15401
15402
15403
15439
15440
15441
15442
15571
15572
15573
15574
15575
15576
15577
15650
15651
15652
15653
15654
15655
15656
15657
15799
15800
15801
15802
15803
15804
15805
15940
15941
15942
15943
15944
15945
15946
15947
15948
15949
15950
15951
15952
15953
16656
16657
16658
16659
16660
16661
16662
16670
16671
16672
16673
16674
16675
16676
16677
16678
16679
16680
16681
16682
16683
16916
16917
16918
16919
16920
16921
16922
16923
17102
17103
17104
17105
17106
17107
17108
17109
17117
17118
17119
17120
17121
17122
17123
17124
17125
17126
17127
17128
17129
17130
17131
17132
17133
17134
17135
17136
17137
17138
17139
17140
17141
17142
17143
17144
17145
17146
17147
17148
17149
17150
17151
17152
17153
17154
17155
17156
17157
17158
17439
17440
17441
17442
17650
17651
17652
17653
17654
17655
17656
17657
17658
17659
17660
17661
17662
17663
18485
18486
18487
18488
18517
18518
18519
18520
18521
18522
18523
18524
18525
18560
18561
18562
18876
18877
18878
18879
18880
18881
18882
18883
19168
19169
19170
19171
19172
19173
19174
19175
19176
19177
19178
19179
19180
19181
19182
19183
19184
19185
19186
19187
19188
19189
19190
24574
24575
24576
24577
24578
24579
24580
24588
24589
24590
24591
24592
24593
24594
24595
24596
24597
24598
24599
24600
24601
24609
24610
24611
24612
24613
24614
24615
24917
24918
24919
24920
24921
24922
24923
25023
33243
33244
33245
33264
33265
33266
33267
33268
33269
33270
33271
33272
33326
33327
33328
33463
33464
33465
33466
33467
33468
33488
33491
33503
33504
33508
33509
33510
33520
33521
33522
33602
33603
33604
33716
33717
34026
34027
34051
34052
34053
34054
34055
34056
34057
34058
34059
34060
34061
34062
34063
34064
34267
34268
34269
34294
34295
34296
34517
34518
34519
34522
34523
34524
34533
34535
34537
34538
34539
34540
34584
34585
34586
34587
34588
34589
34590
34591
34592
34593
34594
34595
34596
34597
34598
34599
34600
34616
34617
34618
35279
35282
35285
35286
35287
35290
35291
35292
35293
35295
35296
35297
35298
35299
35301
35302
35303
35304
35305
35306
35307
35308
35309
35310
35311
35312
35720
35721
35722
35808
35809
35810
35811
35812
35813
35814
35815
35816
35844
35845
35846
35907
35908
35909
35910
35911
35912
35913
35914
35984
35985
35986
35987
35988
35989
35990
35991
35992
36049
36050
36051
36052
36053
36054
36055
36056
36057
36204
36205
36206
36230
36231
36232
36313
36314
36315
36316
36317
36380
36383
36385
36386
36387
36388
36389
36390
36391
36392
36393
36394
36395
36396
36397
36398
36399
36400
36401
36402
36403
36404
36405
36406
36407
36408
36409
36607
36608
36609
36610
36611
36612
36673
36674
36675
36676
36677
36678
36679
36680
36681
36682
36683
36684
36685
36686
36687
37014
37015
37016
37017
37018
37019
37020
37021
37022
37023
37024
37025
37026
37027
37028
37029
37030
37094
37095
37096
37097
37098
37099
37100
37101
37102
37103
37104
37105
37106
37107
37108
37109
37110
37771
37772
37773
37774
37775
37776
37798
37799
37800
37801
37802
37803
37812
37813
37814
37881
37882
37883
37884
37885
37886
37887
37888
37889
37890
37891
37892
37893
37894
37895
37896
37897
37898
37899
37900
37901
37914
37915
37916
37917
37918
37919
38191
38192
38193
38220
38221
38222
38272
38273
38322
38372
38373
38374
38375
38376
38377
38378
38379
38380
38381
38382
38383
38384
38385
38457
38458
38459
38460
38461
38462
38463
38464
38465
38519
38520
38521
38522
38523
38524
38525
38666
38667
38668
38669
38670
38671
38672
38673
38674
38675
38676
38677
38678
38679
38680
38681
38682
38683
38684
38685
38686
38687
38689
38690
38691
38692
38693
38694
38695
38696
38697
38698
38699
38700
38701
38702
38703
38704
38840
38841
38842
38843
38844
38845
38846
38847
38848
38849
38850
38851
38852
38853
38854
38855
38856
38857
38858
38859
38860
39154
39155
39156
39157
39158
39159
39160
39161
39162
39163
39164
39165
39166
39167
39168
39169
39170
39171
39172
39173
39174
39176
40007
40008
40009
40010
40011
40012
40013
40014
40015
40016
40017
40018
40019
40020
40021
40022
40023
40024
40213
40214
40215
40216
40217
40218
40219
40220
40221
40222
40223
40224
40226
40227
40228
40229
40230
40231
40232
40233
40234
40235
40236
40237
40238
40239
40240
40241
40242
40243
40244
40245
40246
40247
40248
40249
40250
40252
40253
40256
40263
40264
40265
40266
40267
40268
40269
40270
40271
40272
40273
40274
40503
40504
40505
40506
40507
40508
40509
40814
40815
40816
40817
40818
40819
40820
41168
41169
41170
41171
41172
41173
41174
41175
41176
41177
41178
41179
41180
41181
41182
41183
41184
41185
41186
41187
41188
41189
41190
41191
41192
41193
41194
41195
41196
41197
41198
41199
41200
41201
41202
41203
41204
41205
41206
41207
41208
41209
41210
41211
41956
41957
41958
41959
41960
41961
41962
41963
41964
41965
41966
41967
41968
41969
41970
41971
41972
41973
41974
41975
42181
42182
42183
42184
42185
42186
42211
42212
42213
42214
42215
42216
42235
42236
42237
42239
42240
42241
42242
42243
42270
42271
42272
42273
42274
42275
42311
42313
42314
42315
42316
42317
42319
42320
42321
42322
42323
42324
42325
42326
42327
42328
42427
42428
42429
42430
42431
42432
42501
42502
42503
42504
42505
42506
42507
42509
42510
42559
42561
42562
42564
42565
42566
42567
42568
42569
42570
42571
42572
42573
42574
42575
42576
42577
42578
42579
42580
42581
42582
42583
42584
42772
42773
42774
42775
42776
42777
42778
42779
42780
42781
42782
42783
42796
42797
42798
42799
42800
42801
42802
42803
42804
42805
42806
42807
42808
42809
42810
42811
42812
42813
42814
42815
42816
42817
42818
42819
42820
42821
42822
42823
42824
42825
43368
43369
43370
43371
43372
43373
43374
43375
43376
43377
43378
43379
43380
43381
43382
43383
43384
43385
43386
43387
43388
43389
43390
43391
43476
43477
43478
43479
43480
43481
43482
43483
43484
43485
43486
43487
43488
43489
43490
43491
43492
43493
44381
44383
44384
44385
44386
44853
44855
44856
44857
44858
44859
44861
44862
44863
44864
44926
44927
44928
44929
44930
44931
44932
44933
44934
44935
44936
44937
44959
44960
44961
44962
44963
44964
44965
44966
44967
44968
44969
44970
44980
44981
44982
44983
44984
44985
45046
45047
45048
45049
45050
45051
45052
45053
45054
45055
45056
45057
45058
45059
45060
45067
45068
45069
45147
45148
45149
45150
45151
45152
45153
45154
45155
45156
45157
45158
45159
45160
45161
45162
45163
45164
45273
45274
45275
45276
45277
45278
45279
45280
45281
45282
45283
45284
45285
45286
45287
45288
45289
45290
45291
45292
45293
45294
45295
45296
45297
45298
45299
45300
45301
45302
45303
45304
45305
45306
45307
45308
)


// ************************************************************************* //
