/*--------------------------------*- C++ -*----------------------------------*\
  =========                 |
  \\      /  F ield         | OpenFOAM: The Open Source CFD Toolbox
   \\    /   O peration     | Website:  https://openfoam.org
    \\  /    A nd           | Version:  8
     \\/     M anipulation  |
\*---------------------------------------------------------------------------*/
/*   Windows 32 and 64 bit porting by blueCAPE: http://www.bluecape.com.pt   *\
|  Based on Windows porting (2.0.x v4) by Symscape: http://www.symscape.com   |
\*---------------------------------------------------------------------------*/
FoamFile
{
    version     2.0;
    format      ascii;
    class       labelList;
    note        "nPoints: 8426 nCells: 5972 nFaces: 20205 nInternalFaces: 17872";
    location    "constant/air/polyMesh";
    object      neighbour;
}
// * * * * * * * * * * * * * * * * * * * * * * * * * * * * * * * * * * * * * //


17872
(
6
9
1106
1107
1110
2
4
377
378
1865
1866
1867
1868
7
384
385
1891
1892
1894
1895
6
9
101
103
1186
1187
1188
1189
7
391
392
1921
1922
1923
1924
8
10
1040
1041
1042
108
110
1214
1215
1216
1217
398
399
1947
1948
1950
1951
11
967
968
969
1113
1114
1117
11
2970
2971
2974
2977
2978
2981
13
15
404
1972
1973
1974
1975
17
407
409
1995
1996
1997
1998
144
145
146
17
414
2016
2017
2019
2021
19
33
2985
2986
2987
423
425
2061
2062
2064
2065
25
34
2992
2993
2994
35
2999
3000
3001
22
24
114
434
436
2101
2104
2105
2106
23
26
441
443
2129
2132
2133
2134
28
117
190
1435
1436
1437
1438
3106
3107
3111
3112
29
197
1463
1464
1465
1466
3120
3121
3125
3126
28
97
448
450
2157
2159
2160
2161
36
3008
3009
3010
29
463
465
2209
2211
2212
2213
32
3015
3016
3017
120
232
1596
1597
1598
1599
3148
3149
3153
3154
239
1624
1625
1626
1627
3162
3163
3167
3168
121
890
891
892
122
3022
3023
3024
3029
3030
3031
35
2456
2457
2985
2986
2989
36
695
698
2541
2543
2545
2546
2993
2994
2996
647
2483
2484
2999
3001
3003
762
765
2611
2613
2615
2616
3009
3010
3012
40
128
130
3035
3036
42
139
143
3039
3040
3041
144
1124
1125
141
147
3046
3047
3048
148
1127
1128
131
135
3052
3053
61
134
137
3055
3056
47
150
256
640
641
48
152
417
475
2243
2244
3412
50
160
429
478
2249
2250
3415
161
257
651
652
164
432
481
2255
2256
3418
52
165
258
686
687
688
153
418
485
2261
2262
3421
83
155
260
753
754
755
157
261
701
702
703
84
158
421
487
2267
2268
3424
100
167
1130
1131
3427
73
102
1133
1134
74
105
170
3261
3263
3265
3266
3428
106
1136
1137
60
179
183
3059
3060
3061
63
181
185
3066
3067
3068
171
175
3072
3073
173
177
3075
3076
64
201
203
1140
1141
1142
68
205
3079
3080
3081
187
194
1098
1099
1100
92
168
189
3270
3272
3274
3275
3431
93
180
196
2282
2283
3279
3281
3434
169
192
1146
1147
3437
181
198
1149
1150
3438
94
193
199
1046
1047
1048
76
211
454
509
3283
3284
3439
88
214
457
511
3289
3290
3442
76
107
454
514
3295
3296
3445
109
1152
1153
112
456
517
3301
3302
3448
77
113
1155
1156
207
3307
3308
3310
3311
3451
210
1158
1159
82
222
469
524
2306
2307
3454
87
223
864
865
85
226
264
831
832
89
227
472
526
2312
2313
3457
215
458
529
2318
2319
3460
217
266
768
769
770
219
460
532
2324
2325
3463
220
267
820
821
91
243
249
950
951
952
250
870
871
95
247
3316
3317
3319
3320
3466
96
253
2330
2331
2333
2334
3469
248
254
909
910
911
229
236
975
976
977
231
455
542
3325
3326
3472
238
470
545
2339
2340
3475
234
240
1031
1032
1033
235
457
548
3331
3332
3478
241
472
551
2345
2346
3481
114
120
1161
1162
1165
99
115
1109
1110
1111
1112
116
125
1164
1165
1166
1167
433
1130
1131
1132
1176
1177
1180
104
108
434
1113
1193
1194
1195
1196
109
1133
1134
1135
1183
1184
1187
104
1114
1200
1201
1202
1203
437
1115
1179
1180
1181
1182
112
439
1190
1191
1194
1136
1137
1138
1197
1198
1201
207
447
1204
1205
1208
111
448
1106
1221
1222
1223
1224
1152
1153
1154
1211
1212
1215
111
208
1107
1228
1229
1230
1231
209
451
1108
1207
1208
1209
1210
452
1218
1219
1222
210
1155
1156
1157
1225
1226
1229
117
1232
1233
1236
116
1116
1117
1118
1119
119
1235
1236
1237
1238
120
1239
1240
1243
119
124
2973
2974
2975
2976
125
1242
1243
1244
1245
1246
1247
1250
3085
3086
3089
1253
1254
1257
3023
3024
3025
125
126
1256
1257
1258
1259
125
126
2980
2981
2982
2983
1249
1250
1251
1252
3088
3089
3090
3091
140
403
416
589
3337
3338
3484
141
405
1260
1261
3487
145
404
1264
1265
1266
1267
147
405
1263
1265
3035
3036
3037
139
375
1268
1269
3488
172
376
419
593
3346
3347
3489
142
379
420
597
3352
3353
3492
173
380
1271
1272
3495
143
375
1274
1275
1278
3052
3053
3054
138
176
378
1284
1285
1286
1287
177
380
1281
1282
1285
3055
3056
3057
149
381
1277
1278
1279
1280
406
1288
1289
3496
408
430
600
3358
3359
3497
410
1291
1292
3500
411
431
603
3364
3365
3501
406
1294
1295
1298
3040
3041
3043
148
1124
1125
1126
1302
1303
1304
1306
149
409
1304
1305
1306
1307
148
149
410
1301
1302
1305
3046
3048
3050
1127
1128
1129
1295
1296
1297
1300
412
1297
1298
1299
1300
161
623
1309
1310
1313
162
414
1319
1320
1321
1322
2984
2987
2988
2990
164
415
1316
1317
1320
160
382
1323
1324
1327
159
216
385
1347
1348
1349
1350
2991
2992
2995
2997
217
694
1330
1331
1334
163
695
3093
3094
3095
165
696
1337
1338
1340
219
387
1344
1345
1348
166
388
1326
1327
1328
1329
3092
3095
3096
3098
422
1351
1352
1355
646
1358
1359
1361
166
425
1368
1369
1370
1371
2998
3000
3002
3004
647
3100
3101
3102
427
1365
1366
1369
648
1372
1373
1376
428
1354
1355
1356
1357
3099
3102
3103
3105
433
1379
1380
3504
435
455
606
3369
3371
3505
438
1382
1383
3508
439
456
609
3375
3377
3509
179
389
1385
1386
3512
390
459
612
3382
3383
3513
393
1388
1389
3516
182
394
461
615
3388
3389
3517
183
389
1391
1392
1395
3072
3073
3074
178
391
1401
1402
1403
1404
393
1398
1399
1402
3075
3076
3077
186
395
1394
1395
1396
1397
440
1405
1406
3520
442
470
618
3393
3395
3521
444
1408
1409
3524
445
471
621
3400
3401
3525
440
1411
1412
1415
3060
3061
3063
186
204
443
1421
1422
1423
1424
205
444
1418
1419
1422
3066
3068
3070
446
1414
1415
1416
1417
201
1039
1425
1426
1429
230
1040
1239
3107
3108
3109
231
435
1432
1433
1436
436
1240
1442
1443
1444
1445
3113
3116
3118
3119
202
1043
1241
3114
3115
3116
438
1146
1147
1148
1439
1440
1443
234
1044
1446
1447
1449
203
1039
1453
1454
1457
237
1041
3121
3122
3123
238
442
1460
1461
1464
204
443
1470
1471
1472
1473
3127
3130
3132
3133
205
444
1149
1150
1151
1467
1468
1471
240
1044
1474
1475
1477
206
1045
3128
3129
3130
1120
1140
1142
1143
1425
1429
1430
1481
1483
1122
1482
1483
1484
1485
3114
3116
3119
1120
1141
1142
1144
1453
1457
1458
1486
1487
1490
206
1496
1497
1498
1499
1493
1494
1497
3079
3081
3082
1123
1489
1490
1491
1492
3128
3130
3132
211
1500
1501
1504
209
1168
1509
1510
1511
1512
213
1169
1503
1504
1505
1506
1158
1159
1160
1507
1510
447
1513
1514
1517
213
244
450
1172
1526
1527
1528
1529
3005
3006
451
1173
1516
1517
1518
1519
247
453
1523
1524
1527
222
396
1530
1531
1534
221
398
1547
1548
1549
1550
3007
3008
3011
3013
761
1537
1538
1540
224
762
3135
3136
3137
400
1544
1545
1548
226
763
1551
1552
1555
228
402
1533
1534
1535
1536
3134
3137
3138
3140
462
1558
1559
1562
250
1565
1566
1569
827
3142
3143
3144
228
251
465
1582
1583
1584
1585
3014
3017
3018
3020
828
1572
1573
1575
253
467
1579
1580
1583
468
1561
1562
1563
1564
3141
3144
3145
3147
243
966
1586
1587
1589
967
1246
3149
3150
3151
449
1593
1594
1597
244
450
1247
1610
1611
1612
1613
3155
3158
3160
3161
246
970
1248
3156
3157
3158
971
1600
1601
1604
247
453
1607
1608
1611
249
966
1614
1615
1617
968
3163
3164
3165
464
1621
1622
1625
251
465
1638
1639
1640
1641
3169
3172
3174
3175
971
1628
1629
1632
253
467
1635
1636
1639
255
972
3170
3171
3172
889
1642
1643
1646
1253
1656
1657
1658
1659
3021
3023
3025
3026
3183
3185
3187
3188
891
1254
3177
3178
3179
893
1255
3184
3185
3186
1653
1654
1657
894
1660
1661
1664
889
1667
1668
1671
1674
1675
1677
1684
1685
1686
1687
3028
3030
3032
3034
3197
3199
3201
3203
892
3191
3192
3193
1681
1682
1685
894
1688
1689
1692
895
3198
3199
3200
257
623
1695
1696
646
1698
1699
261
648
1701
1702
1705
262
649
3204
266
694
1708
1709
1712
696
1715
1716
1718
697
3205
3206
269
699
3208
3209
267
828
1722
1723
268
829
3211
761
1727
1728
1730
763
1734
1735
1738
764
3212
3213
766
3215
3216
273
564
1294
3219
3220
3221
272
1127
1295
3038
3041
3043
3044
275
1129
1296
3218
3221
3223
3224
567
1301
3226
3227
3228
275
1124
1302
3045
3048
3050
3051
1126
1303
3225
3228
3230
3231
277
558
1275
3232
3233
561
1281
3235
3236
626
633
634
635
282
476
627
643
644
3528
281
477
628
637
638
3531
474
625
3534
482
654
662
663
3537
286
655
661
665
666
287
483
656
668
669
3540
293
479
671
691
692
3543
672
678
680
681
480
673
683
684
3546
342
738
1741
1742
3549
295
731
739
745
746
747
343
488
732
758
759
3552
296
740
1744
1745
3555
297
489
733
750
751
3558
484
706
720
721
3561
713
1747
1748
707
714
723
724
725
715
1750
1751
3564
486
708
728
729
3567
328
494
1183
1753
1754
3570
302
1184
1756
1757
303
495
1185
1759
1760
3571
491
1197
1762
1763
3572
1198
1765
1766
492
1199
1768
1769
3573
307
1771
1772
1773
1774
307
1411
3058
3060
3063
3064
308
582
1412
3239
3240
3241
310
1413
3238
3241
3243
3244
585
1418
3246
3247
3248
310
316
1419
3065
3068
3070
3071
1420
3245
3248
3250
3251
312
576
1391
3252
3253
579
1398
3255
3256
315
318
1486
1775
1776
1139
1142
1143
1144
1481
1487
505
1493
3258
3259
1494
3078
3081
3082
3083
502
1076
1778
1779
3574
505
1083
1103
1104
3575
322
1077
1084
1090
1091
1092
325
504
1078
1781
1782
3576
326
507
1085
1095
1096
3579
1051
1058
1068
1069
1070
371
497
1052
1784
1785
3582
372
500
1059
1065
1066
3585
498
1053
1787
1788
3588
501
1060
1073
1074
3591
356
512
999
1790
1791
3594
518
1211
1793
1794
3606
332
1212
1796
1797
333
519
1213
1799
1800
3607
334
515
1225
1802
1803
3608
1226
1805
1806
516
1227
1808
1809
3609
521
1507
1811
1812
3616
522
1508
1814
1815
3617
340
851
858
859
358
527
852
867
868
3618
341
528
853
861
862
3621
347
523
834
842
843
3624
835
845
846
525
836
848
849
3627
780
1817
1818
3630
533
773
787
788
3633
348
774
781
790
791
792
349
782
1820
1821
3636
350
534
775
795
796
3639
530
798
824
825
3642
799
806
812
813
814
807
1825
1826
3645
531
800
817
818
3648
366
535
925
1828
1829
3651
367
538
932
961
962
3654
361
926
933
939
940
941
363
537
927
1831
1832
3657
364
540
934
944
945
3660
536
955
1834
1835
3663
363
537
956
1837
1838
3666
539
873
880
881
3669
362
874
883
884
364
540
875
886
887
3672
896
914
920
921
922
897
903
904
915
1840
1841
3675
898
906
907
3678
370
980
987
1001
1002
1003
547
981
1843
1844
3681
550
988
994
995
3684
373
549
982
1846
1847
3687
374
552
989
1006
1007
3690
1009
1016
1023
1024
1025
541
1010
1849
1850
3693
544
1017
1036
1037
3696
543
1011
1852
1853
3699
546
1018
1028
1029
3702
406
1268
1269
1270
1855
1856
1857
383
390
1862
1863
1866
381
384
407
1872
1873
1874
1875
381
391
1878
1880
1881
1882
386
411
1869
1870
1873
393
1271
1272
1273
1876
1877
1878
412
1857
1859
1860
1861
418
422
1883
1884
1887
397
419
1890
1892
1893
388
423
1898
1900
1901
1903
388
398
1905
1906
1907
1909
420
426
1897
1899
1900
400
421
1904
1905
1908
428
1884
1885
1886
1889
440
1385
1386
1387
1911
1912
1913
397
1918
1919
1922
395
1927
1929
1930
1931
395
399
441
1935
1936
1937
1938
1388
1389
1390
1925
1926
1927
401
445
1932
1933
1936
446
1913
1915
1916
1917
458
462
1939
1940
1943
459
1946
1948
1949
402
1954
1955
1956
1958
402
463
1961
1963
1964
1966
460
1953
1954
1957
461
466
1960
1962
1963
468
1940
1941
1942
1945
408
413
1969
1970
1973
409
1978
1980
1981
1982
410
1260
1261
1262
1976
1977
1978
1288
1289
1290
1985
1986
1987
412
423
2009
2010
2011
2012
424
1992
1993
1996
412
2001
2003
2004
2005
1291
1292
1293
1999
2000
2001
426
2006
2007
2010
1987
1989
1990
1991
416
424
2015
2017
2018
425
2025
2026
2027
2030
417
427
2024
2025
2028
430
2033
2034
3705
432
2038
2039
3708
429
2041
2042
3711
459
2044
2045
3714
431
2047
2048
3717
460
2050
2051
3720
429
2053
2054
2057
428
2068
2070
2071
2072
430
2060
2062
2063
428
2075
2076
2077
2079
431
2067
2069
2070
432
2074
2075
2078
2054
2055
2056
2058
2081
2082
3723
2084
2085
3726
2087
2088
3729
2090
2091
3732
1379
1380
1381
2093
2094
2095
437
448
1232
2115
2117
2119
2120
449
2100
2101
2102
437
1233
2109
2111
2112
2113
1234
2095
2096
2098
2099
1382
1383
1384
2107
2108
2109
452
2114
2115
2116
1405
1406
1407
2121
2122
2123
446
463
2145
2146
2147
2148
464
2128
2129
2130
446
2137
2139
2140
2141
1408
1409
1410
2135
2136
2137
466
2142
2143
2146
2123
2125
2126
2127
454
2149
2150
2151
451
1161
2164
2166
2167
2168
455
2156
2157
2158
451
1162
2172
2173
2174
2175
1163
2151
2152
2153
2154
456
2163
2164
2165
457
2170
2171
2172
2177
2178
3735
2180
2181
3738
2183
2184
3741
2186
2187
3744
469
2189
2190
3747
2192
2193
3750
2195
2196
3753
471
2198
2199
3756
469
2201
2202
2205
468
2216
2218
2219
2220
470
2208
2209
2210
468
2224
2225
2226
2227
471
2215
2217
2218
472
2222
2223
2224
2202
2203
2204
2206
2229
2230
3759
2232
2233
3762
2235
2236
3765
2238
2239
3768
475
1308
2031
2241
3771
477
2241
3774
1316
2038
2246
2247
3777
482
1317
2242
2243
3780
1318
2245
2246
3783
481
1351
2081
2252
2253
3786
484
1352
2248
2249
3789
483
1353
2251
2252
3792
1365
2090
2258
2259
3795
1366
2254
2255
3798
1367
2257
2258
3801
1323
2260
2261
3804
487
1324
2041
2264
2265
3807
489
1325
2263
2264
3810
1344
2050
2270
2271
3813
533
1345
2266
2267
3816
1346
2269
2270
3819
493
571
1176
2272
2273
3822
1177
2275
2276
3825
495
1178
2278
2279
3826
608
1190
3261
3262
3828
518
1191
3264
3265
3831
1192
3267
3268
3833
503
605
1432
3270
3271
3835
541
1433
3273
3274
3838
504
1434
3276
3277
3841
506
617
1460
3279
3280
3844
544
1461
2281
2282
3847
507
1462
2284
2285
3850
1439
2287
2288
3853
574
1440
2290
2291
3854
1441
2293
2294
3857
1467
2296
2297
3860
586
1468
2299
2300
3861
1469
2302
2303
3864
520
1513
3282
3283
3867
511
1514
2178
3286
3287
3870
513
1515
3285
3286
3873
1523
2186
3292
3293
3876
536
1524
3288
3289
3879
1525
3291
3292
3882
517
1204
2177
3298
3299
3885
521
1205
3294
3295
3888
519
1206
3297
3298
3890
1218
2183
3304
3305
3892
1219
3300
3301
3895
1220
3303
3304
3897
1500
3306
3307
3899
1501
3309
3310
3902
1502
3312
3313
3904
530
1558
2305
2306
3906
526
1559
2229
2309
2310
3909
528
1560
2308
2309
3912
1579
2238
2315
2316
3915
539
1580
2311
2312
3918
1581
2314
2315
3921
532
1530
2189
2321
2322
3924
1531
2317
2318
3927
534
1532
2320
2321
3930
1544
2195
2327
2328
3933
1545
2323
2324
3936
1546
2326
2327
3939
547
1653
3315
3316
3942
1654
3318
3319
3945
1655
3321
3322
3948
550
1681
2329
2330
3951
1682
2332
2333
3954
1683
2335
2336
3957
1593
3324
3325
3960
548
1594
2180
3328
3329
3963
549
1595
3327
3328
3966
1621
2338
2339
3969
551
1622
2232
2342
2343
3972
552
1623
2341
2342
3975
1607
3330
3331
3978
1608
2187
3334
3335
3981
1609
3333
3334
3984
1635
2344
2345
3987
1636
2239
2348
2349
3990
1637
2347
2348
3993
555
1967
2350
2351
3996
557
592
1968
2353
2354
3997
1976
2356
2357
4000
568
588
1977
2359
2360
4001
590
1979
2362
2363
4004
561
1855
2365
2366
4007
565
596
1856
2368
2369
4008
563
598
1858
2371
2372
4011
1876
2374
2375
4014
580
594
1877
2377
2378
4015
595
1879
2380
2381
4018
567
1985
2383
2384
4021
602
1986
2386
2387
4022
569
604
1988
2389
2390
4025
1999
2392
2393
4028
599
2000
2395
2396
4029
601
2002
2398
2399
4032
573
2093
2401
2402
4035
608
2094
2404
2405
4036
575
610
2097
2407
2408
4039
2107
2410
2411
4042
605
2108
2413
2414
4043
607
2110
2416
2417
4046
579
1911
2419
2420
4049
583
614
1912
2422
2423
4050
581
616
1914
2425
2426
4053
1925
2428
2429
4056
611
1926
2431
2432
4057
613
1928
2434
2435
4060
585
2121
2437
2438
4063
620
2122
2440
2441
4064
587
622
2124
2443
2444
4067
2135
2446
2447
4070
617
2136
2449
2450
4071
619
2138
2452
2453
4074
599
1969
3336
3337
4077
591
1970
2033
3340
3341
4080
592
1971
3339
3340
4083
1983
2036
3343
3344
4086
1984
3342
3343
4089
597
1862
2044
3349
3350
4092
611
1863
3345
3346
4095
598
1864
3348
3349
4098
602
1869
3351
3352
4101
1870
2047
3355
3356
4104
1871
3354
3355
4107
1992
3357
3358
4110
603
1993
2084
3361
3362
4113
604
1994
3360
3361
4116
2006
3363
3364
4119
2007
2087
3367
3368
4122
2008
3366
3367
4125
2100
3369
3370
4128
609
2102
2181
3373
3374
4131
610
2103
3372
3373
4134
2114
3375
3376
4137
2116
2184
3379
3380
4140
2118
3378
3379
4143
1918
3381
3382
4146
615
1919
2192
3385
3386
4149
616
1920
3384
3385
4152
620
1932
3387
3388
4155
1933
2198
3391
3392
4158
1934
3390
3391
4161
2128
3393
3394
4164
621
2130
2233
3397
3398
4167
622
2131
3396
3397
4170
2142
3399
3400
4173
2143
2235
3403
3404
4176
2144
3402
3403
4179
646
1309
1313
1315
1695
1696
1697
2455
2456
625
635
4182
637
4183
2455
2458
2459
2461
654
1317
2465
2466
2469
1318
2472
2473
2475
631
632
1319
2475
2476
2477
2478
2984
631
632
658
1312
1313
1314
1315
2456
2985
659
1322
2468
2469
2470
2471
2988
2457
2461
2462
2463
2464
2989
2455
2479
2480
636
640
2458
2479
636
637
2459
4185
639
642
2460
5364
639
2472
4186
639
644
2245
2473
4188
645
2474
5365
642
1309
1695
642
643
651
1310
4191
645
1311
5367
645
662
2465
4192
645
2242
2466
4194
2467
5368
1359
1361
1364
1698
1699
1700
2482
2483
650
695
2486
2488
2490
2491
3100
3101
3104
696
1373
1376
1378
1702
1705
1707
2485
2486
2487
650
697
2487
2489
2490
2491
3204
700
653
662
1358
4197
653
665
1359
1698
664
667
1360
5370
1366
2492
2493
2495
672
2482
2499
2500
2503
673
1367
2506
2507
2510
659
660
674
1368
2509
2510
2511
2512
2998
659
660
1361
1362
1363
1364
2483
2999
1370
2495
2496
2497
2498
3002
677
2484
2502
2503
2504
2505
3003
678
2482
2513
2514
664
2492
4198
664
668
2254
2493
4200
670
2494
5371
667
2499
2513
667
669
681
2500
4203
670
2501
5373
670
2257
2506
4204
670
684
2507
4207
2508
5374
706
1352
2516
2517
2520
2485
2523
2524
2526
1353
2530
2531
2533
676
677
1354
2533
2534
2535
2536
3099
676
677
710
1375
1376
1377
1378
2486
3101
711
1357
2519
2520
2521
2522
3103
2488
2526
2527
2528
2529
3104
2485
2537
2538
717
1704
1705
1706
1707
2487
3204
682
688
2523
2537
682
684
2524
4209
685
689
2525
5376
685
692
2251
2530
4210
685
2531
4213
693
2532
5377
689
691
701
1372
4215
690
702
1701
689
690
1373
1702
693
1374
5379
1703
693
720
2516
4216
693
2248
2517
4218
2518
5380
761
1330
1334
1336
1709
1712
1714
2540
2541
2542
700
2548
2550
2552
2553
3093
3094
3097
1338
1340
1343
1716
1718
1721
2547
2548
2549
699
700
2549
2551
2552
2553
3205
3206
3207
699
700
765
766
2542
2544
2545
2546
3208
3209
3210
704
720
1337
4221
705
1715
1747
704
705
723
1338
1716
722
726
1339
5382
727
1717
1749
5383
1323
2554
2555
2557
731
2547
2561
2562
2565
733
1325
2568
2569
2572
711
712
734
1326
2571
2572
2573
2574
3092
711
712
1340
1341
1342
1343
2548
3094
1329
2557
2558
2559
2560
3096
737
2550
2564
2565
2566
2567
3097
715
718
1715
1717
1719
1720
1747
1748
1749
739
2547
2575
2576
2579
716
740
1750
1751
1752
2576
2577
2578
2581
718
719
741
718
719
1718
1719
1720
1721
2549
3205
743
2551
2578
2579
2580
2581
3207
722
2554
4222
722
728
2260
2555
4224
730
2556
5384
726
727
2561
2575
727
746
1751
2576
4227
726
729
747
2562
4228
730
2563
5386
1752
2577
5387
730
2263
2568
4229
730
750
2569
4232
2570
5388
2540
2582
2583
2585
773
1345
2589
2590
2593
1346
2596
2597
2599
736
737
1347
2599
2600
2601
2602
2991
736
737
777
1333
1334
1335
1336
2541
2993
778
1350
2592
2593
2594
2595
2995
2543
2585
2586
2587
2588
2996
740
744
780
1708
1710
1711
1713
1741
1742
1743
2540
2603
2604
2606
741
1744
1745
1746
2604
2605
2607
2608
743
744
743
744
784
1711
1712
1713
1714
2542
3208
2544
2606
2607
2608
2609
3210
785
748
749
754
2582
2603
749
1745
2604
4234
748
750
2583
4235
752
756
2584
5390
757
1746
2605
5391
752
2596
4236
752
759
2269
2597
4238
760
2598
5392
757
768
1708
1741
4241
756
757
1330
1709
756
758
769
1331
4242
760
1332
5394
1710
1743
5395
760
787
2589
4243
760
2266
2590
4245
2591
5396
1538
1540
1543
1728
1730
1733
2610
2611
2612
767
827
2618
2620
2622
2623
3135
3136
3139
828
1552
1555
1557
1735
1738
1740
2617
2618
2619
766
767
829
2619
2621
2622
2623
3212
3213
3214
766
767
2612
2614
2615
2616
3215
3216
3217
830
772
1727
1817
4248
771
787
1537
4249
771
772
790
1538
1728
789
793
1539
5398
794
1729
1819
5399
1545
2624
2625
2627
799
2610
2631
2632
2635
800
1546
2638
2639
2642
778
779
801
1547
2641
2642
2643
2644
3007
778
779
1540
1541
1542
1543
2611
3009
1550
2627
2628
2629
2630
3011
804
2613
2634
2635
2636
2637
3012
782
785
1727
1729
1731
1732
1817
1818
1819
806
2610
2645
2646
2649
783
807
1820
1821
1822
2646
2647
2648
2651
785
786
808
785
786
1730
1731
1732
1733
2612
3215
811
2614
2648
2649
2650
2651
3217
789
2624
4250
789
795
2323
2625
4252
797
2626
5400
793
794
2631
2645
794
813
1821
2646
4255
793
796
814
2632
4256
797
2633
5402
1822
2647
5403
797
2326
2638
4257
797
818
2639
4260
2640
5404
834
1531
2652
2653
2656
2617
2659
2660
2662
1532
2666
2667
2669
803
804
1533
2669
2670
2671
2672
3134
803
804
838
1554
1555
1556
1557
2618
3136
839
1536
2655
2656
2657
2658
3138
2620
2662
2663
2664
2665
3139
807
810
1734
1736
1737
1739
1823
1824
2617
2673
2674
2676
808
1825
1826
1827
2674
2675
2677
2678
810
811
810
811
841
1737
1738
1739
1740
2619
3212
2621
2676
2677
2678
2679
3214
815
816
821
2659
2673
816
1826
2674
4262
815
818
2660
4263
819
822
2661
5406
823
1827
2675
5407
819
825
2320
2666
4264
819
2667
4267
826
2668
5408
822
824
831
1551
4269
822
823
1552
1735
826
1553
5410
1736
1824
5411
826
842
2652
4270
826
2317
2653
4272
2654
5412
830
2681
2683
2685
2686
3142
3143
3146
1573
1575
1578
1722
1723
1726
2680
2681
2682
830
2682
2684
2685
2686
3211
833
842
1572
4275
833
845
1573
1722
844
847
1574
5414
1558
2687
2688
2690
851
2680
2694
2695
2698
853
1560
2701
2702
2705
839
840
854
1561
2704
2705
2706
2707
3141
839
840
1575
1576
1577
1578
2681
3143
1563
2690
2691
2692
2693
3145
857
2683
2697
2698
2699
2700
3146
1723
1724
1725
1726
2682
3211
844
2687
4276
844
848
2305
2688
4278
850
2689
5415
847
2694
847
849
859
2695
4281
850
2696
5417
850
2308
2701
4282
850
861
2702
4285
2703
5418
2708
2709
2711
873
1580
2715
2716
2719
1581
2722
2723
2725
856
857
1582
2725
2726
2727
2728
3014
856
857
877
1568
1569
1570
1571
3015
878
1585
2718
2719
2720
2721
3018
2711
2712
2713
2714
3019
860
864
2708
860
861
2709
4287
863
866
2710
5420
863
2722
4288
863
868
2314
2723
4290
869
2724
5421
866
1565
866
867
870
1566
4293
869
1567
5423
869
880
2715
4294
869
2311
2716
4296
2717
5424
872
880
1674
4299
872
883
1675
882
885
1676
5426
1682
2729
2730
2732
897
2736
2737
2740
898
1683
2743
2744
2747
878
879
899
1684
2746
2747
2748
2749
3028
878
879
1677
1678
1679
1680
3029
1686
2732
2733
2734
2735
3032
902
2739
2740
2741
2742
3033
882
2729
4300
882
886
2332
2730
4302
888
2731
5427
885
2736
885
887
904
2737
4305
888
2738
5429
888
2336
2743
4306
888
907
2744
4309
2745
5430
966
1643
1646
1648
1668
1671
1673
2750
2751
2752
893
895
969
3085
893
2758
2760
2762
2763
3086
3178
3179
3181
895
2759
2761
2762
2763
3192
3193
3194
970
2751
2753
2755
2756
3087
3184
3186
3189
1660
1664
1665
1688
1692
1693
2757
2758
2759
972
2752
2754
2755
2756
3198
3200
3202
933
2757
2764
2765
2768
2771
2772
2774
934
2778
2779
2781
901
902
935
2781
2782
2783
2784
3190
901
902
1691
1692
1693
1694
2759
3192
938
2761
2767
2768
2769
2770
3194
2774
2775
2776
2777
3195
905
911
2771
905
907
2772
4311
908
913
2773
5432
908
922
945
2778
4312
908
2779
4314
924
2780
5433
912
913
920
1660
1688
912
947
1661
913
1689
923
949
1662
5435
924
1690
5436
926
2757
2785
2786
2789
916
927
956
1840
1841
1842
2786
2787
2788
2790
2793
2794
2795
2796
918
919
928
957
3176
918
919
1663
1664
1665
1666
2758
3179
931
2760
2788
2789
2790
2791
3181
960
2795
2796
2797
3182
923
924
2764
2785
923
940
1840
2786
4316
924
941
2765
4317
1842
2787
5437
2766
5438
927
930
981
1642
1644
1645
1647
1653
1828
1829
1830
2750
2798
2799
2801
928
1655
1831
1832
1833
2799
2800
2802
2803
930
931
1656
3183
930
931
984
1645
1646
1647
1648
2751
3184
986
1659
3188
2753
2801
2802
2803
2804
3189
988
1681
2805
2806
2809
2750
2812
2813
2815
1683
2819
2820
2822
937
938
1684
2822
2823
2824
2825
3197
937
938
991
1670
1671
1672
1673
2752
3198
993
1687
2808
2809
2810
2811
3201
2754
2815
2816
2817
2818
3202
942
943
952
2798
2812
942
1832
2799
4318
943
945
2813
4319
953
1833
2800
5439
946
954
2814
5440
946
962
2335
2819
4320
946
2820
4323
963
2821
5441
949
2792
949
964
1841
2793
4325
1842
2794
5443
953
976
1642
1828
4326
954
961
977
1667
4327
953
954
1643
1668
1644
1830
5444
963
1669
5445
956
959
999
1649
1650
1651
1652
1654
1834
1835
1836
957
1655
1837
1838
1839
2826
2827
2828
2829
959
960
1656
3021
959
960
1651
1652
3022
1000
1658
3026
2828
2829
3027
963
994
2805
4328
963
2329
2806
4330
2807
5446
965
1838
2826
4333
974
1839
2827
5448
1586
1589
1592
1614
1617
1620
2830
2831
2832
970
1040
2838
2840
2842
2843
2977
3150
3151
3152
972
1041
2839
2841
2842
2843
3164
3165
3166
970
972
2978
2831
2833
2835
2836
2979
3156
3157
3159
1044
1600
1604
1606
1628
1632
1634
2837
2838
2839
2832
2834
2835
2836
3170
3171
3173
974
997
1649
1834
4334
1650
1836
5449
978
979
1001
1586
1614
978
1587
1843
4335
979
994
1615
4336
1004
1588
1845
5450
996
1005
1616
5451
1009
2830
2844
2845
2848
982
986
1587
1588
1590
1591
1607
1843
1844
1845
983
1011
1609
1846
1847
1848
2845
2846
2847
2850
985
986
1012
1610
3155
985
986
1589
1590
1591
1592
2831
3156
1014
2833
2847
2848
2849
2850
3159
1613
3161
1016
2830
2851
2852
2855
1635
2858
2859
2861
1018
1637
2865
2866
2869
992
993
1019
1638
2868
2869
2870
2871
3169
992
993
1617
1618
1619
1620
2832
3170
1021
2834
2854
2855
2856
2857
3173
1641
2861
2862
2863
2864
3174
996
2858
4337
996
1007
2344
2859
4339
1008
2860
5452
998
1520
1790
4342
1521
1792
5454
1000
1520
1521
1522
1524
1790
1791
1792
1529
3006
1004
1005
2844
2851
1004
1024
1846
2845
4343
1005
1006
1025
2852
4344
1848
2846
5455
1008
2853
5456
1008
1028
2865
4345
1008
2347
2866
4347
2867
5457
2837
2872
2873
2875
1011
1015
1052
1593
1601
1602
1603
1605
1849
1850
1851
1012
1595
1852
1853
1854
2873
2874
2876
2877
1014
1015
1596
3148
1014
1015
1055
1603
1604
1605
1606
2838
3151
2840
2875
2876
2877
2878
3152
1057
1598
3154
2837
2879
2880
2882
1059
1621
2886
2887
2890
1623
2893
2894
2896
1021
1022
1624
2896
2897
2898
2899
3162
1021
1022
1062
1631
1632
1633
1634
2839
3164
2841
2882
2883
2884
2885
3166
1064
1626
2889
2890
2891
2892
3167
1026
1027
1031
2872
2879
1026
1852
2873
4351
1027
1028
2880
4352
1034
1854
2874
5460
1030
1035
2881
5461
1030
2893
4353
1030
1037
2341
2894
4355
1038
2895
5462
1034
1035
1600
1628
1034
1047
1601
1849
4358
1035
1036
1048
1629
4359
1602
1851
5464
1038
1630
5465
1038
1065
2886
4360
1038
2338
2887
4362
2888
5466
1120
1426
1429
1431
1454
1457
1459
2900
2901
2902
1043
2908
2910
2912
2913
2970
3108
3109
3110
1045
2909
2911
2912
2913
3122
3123
3124
1043
1045
1121
2971
1122
2901
2903
2905
2906
2972
3114
3115
3117
1446
1449
1452
1474
1477
1480
2907
2908
2909
1123
2902
2904
2905
2906
3128
3129
3131
1049
1050
1068
1446
1474
1049
1447
1784
4365
1050
1065
1475
4366
1071
1448
1786
5468
1067
1072
1476
5469
1077
2907
2914
2915
2918
1053
1057
1433
1447
1448
1450
1451
1784
1785
1786
1054
1078
1434
1787
1788
1789
2915
2916
2917
2920
1056
1057
1079
1435
3106
1056
1057
1449
1450
1451
1452
2908
3109
1081
2910
2917
2918
2919
2920
3110
1438
3112
1084
2907
2921
2922
2925
1461
2928
2929
2931
1085
1462
2935
2936
2939
1063
1064
1086
1463
2938
2939
2940
2941
3120
1063
1064
1477
1478
1479
1480
2909
3122
1088
2911
2924
2925
2926
2927
3124
1466
2931
2932
2933
2934
3125
1067
2928
4367
1067
1074
2281
2929
4369
1075
2930
5470
1071
1072
2914
2921
1071
1091
1787
2915
4372
1072
1073
1092
2922
4373
1789
2916
5472
1075
2923
5473
1075
1096
2935
4374
1075
2284
2936
4376
2937
5474
1078
1082
1425
1427
1428
1430
1439
1778
1779
1780
2900
2942
2943
2945
1079
1441
1781
1782
1783
2943
2944
2946
2947
1081
1082
1442
3113
1081
1082
1428
1429
1430
1431
1483
2901
3114
2903
2945
2946
2947
2948
3117
1445
1484
3119
1467
1486
2949
2950
2953
2900
2956
2957
2959
1469
2963
2964
2966
1088
1089
1470
2966
2967
2968
2969
3127
1088
1089
1456
1457
1458
1459
1490
2902
3128
2904
2959
2960
2961
2962
3131
1473
1491
2952
2953
2954
2955
3132
1093
1094
1100
2942
2956
1093
1782
2943
4379
1094
1096
2957
4380
1101
1783
2944
5476
1097
1102
2958
5477
1097
1104
2302
2963
4381
1097
2964
4384
1105
2965
5478
1101
1140
1425
1778
4386
1102
1103
1141
1453
4387
1101
1102
1426
1454
1427
1780
5480
1105
1455
5481
1105
1775
2949
4388
1105
2297
2950
4389
2951
5482
1108
1111
1113
1161
1108
1112
1168
1109
1163
1169
1111
1112
1164
1170
1111
1112
1117
1118
1166
1171
1115
1118
1232
1115
1119
1116
1234
1118
1119
1235
1118
1119
1237
3405
3406
3407
1122
1123
3406
3408
3410
3411
3407
3409
3410
3411
1126
1126
1128
1129
1129
1129
1132
2275
4391
1132
1380
2272
4392
2274
2277
5484
1135
1152
1753
1135
1756
1755
1758
1138
1762
1138
1765
1764
1767
1143
1144
1145
1143
1145
1144
1145
1775
1143
1144
1777
1148
2287
4394
1148
1383
2290
4395
2289
2292
5486
1151
2296
3079
4397
1151
1409
2299
4398
2298
2301
5488
1154
1793
1154
1796
1795
1798
1157
1158
1802
1157
1805
1804
1807
1160
1811
1160
1813
1163
1166
1232
1163
1167
1172
1247
1164
1173
1166
1167
1174
1166
1167
1236
1250
1237
1175
1251
1169
1171
1170
1173
1171
1174
1173
1175
1253
1174
1175
1258
1178
1181
1190
2094
2272
2273
2274
1178
1182
1197
2275
2276
2277
1179
1192
1199
2278
2279
2280
1181
1182
1193
1200
1181
1182
2095
1196
2096
1202
1185
1188
1191
1211
1753
1754
1755
1185
1189
1198
1756
1757
1758
1186
1192
1199
1759
1760
1761
1188
1189
1193
1200
1188
1189
1215
1195
1216
1203
1192
1196
2114
3261
3262
3263
1192
1195
1219
3264
3265
3266
1193
3267
3268
3269
1195
1196
1195
1196
1222
2115
1223
2117
1199
1202
1762
1763
1764
1199
1203
1765
1766
1767
1200
1768
1769
1770
1202
1203
1202
1203
1206
1209
1218
2149
1206
1210
1225
1501
3294
3295
3296
1207
1220
1227
3297
3298
3299
1209
1210
1221
1228
1209
1210
1504
2151
1224
2152
1230
1505
1213
1216
1219
1793
1794
1795
1213
1217
1226
1796
1797
1798
1214
1220
1227
1799
1800
1801
1216
1217
1221
1228
1216
1217
1223
1231
1220
1224
2163
1220
1223
3300
3301
3302
1221
3303
3304
3305
1223
1224
1223
1224
2164
2166
1227
1230
1507
1802
1803
1804
1227
1231
1805
1806
1807
1228
1808
1809
1810
1230
1231
1230
1231
1510
1511
1234
1237
1234
1238
1240
1235
1237
1238
1237
1238
1243
1244
1241
1245
1246
2970
3107
3108
3111
1241
1244
1242
2972
3115
3116
3118
1244
1245
2973
1244
1245
1250
1252
2975
1248
1252
2977
3149
3150
3153
1248
1251
1253
1249
1255
2979
3157
3158
3160
1251
1252
1256
2980
1251
1252
1258
2982
1255
1258
1255
1259
3086
3177
3178
3180
1256
3087
3185
3186
3187
1258
1259
3088
1258
1259
3090
1262
2356
3035
4400
1262
1292
2359
4401
2358
2361
5490
1267
1302
1266
1267
1266
1267
1305
1978
1980
1306
1270
2365
3053
4403
1270
1289
2368
4404
2367
2370
5492
1273
2374
3055
4406
1273
1389
2377
4407
2376
2379
5494
1276
1280
1295
1276
1279
1281
1855
3232
3233
3234
1277
1283
1279
1280
1284
1279
1280
1298
1857
1286
1859
1300
1283
1286
1876
3235
3236
3237
1283
1287
1399
1284
1286
1287
1286
1287
1402
1878
1880
1404
1290
2383
3040
4409
1290
2386
4410
2385
2388
5496
1293
2392
3046
4412
1293
2395
4413
2394
2397
5498
1296
1299
1301
1985
3219
3221
3223
1296
1300
1297
1303
1299
1300
1304
1299
1300
1987
1307
1989
1303
1307
1999
3226
3228
3230
1303
1306
1304
1306
1307
1306
1307
2001
2003
1316
2013
1311
1315
2458
1311
1314
1358
2465
1312
2460
2467
1314
1315
2463
2468
1314
1315
1361
1362
2471
2464
1318
1321
2024
1318
1322
1366
2242
2243
2244
2466
2469
2470
1319
2245
2246
2247
2473
2475
2478
1321
1322
1321
1322
1369
2025
2026
1370
1325
1329
1352
2260
2261
2262
2555
2557
2560
1325
1328
1344
1883
1326
1346
2263
2264
2265
2568
2572
2573
1328
1329
1347
1328
1329
1355
1884
1349
1885
1357
1332
1336
2582
1332
1335
1537
2589
1333
2584
2591
1335
1336
2587
2592
1335
1336
1540
1541
2595
2588
1339
1341
1372
2554
1339
1343
2561
1342
2556
2563
1341
1343
1376
1342
1377
2558
1343
2559
2564
2566
1346
1349
1904
1346
1350
1545
2266
2267
2268
2590
2593
2594
1347
2269
2270
2271
2597
2599
2602
1349
1350
1349
1350
1548
1905
1906
1550
1353
1356
1365
2053
1353
1357
2248
2249
2250
2517
2520
2522
1354
1367
2251
2252
2253
2530
2533
2536
1356
1357
1368
1356
1357
2054
1371
2055
1360
1362
2492
1360
1364
2499
1363
2494
2501
1362
1364
1363
2496
1364
2497
2502
2504
1367
1371
2074
1367
1370
2254
2255
2256
2493
2495
2498
1368
2257
2258
2259
2506
2510
2511
1370
1371
1370
1371
2075
2076
1374
1377
2516
1374
1378
2523
1375
2518
2525
1377
1378
2519
2528
1377
1378
2521
2529
1381
2401
4415
1381
2404
4416
2403
2406
5500
1384
2410
4418
1384
2413
4419
2412
2415
5502
1387
2419
3072
4421
1387
1406
2422
4422
2421
2424
5504
1390
2428
3075
4424
1390
2431
4425
2430
2433
5506
1393
1396
1398
1911
3252
3253
3254
1393
1397
1411
1394
1400
1396
1397
1401
1396
1397
1415
1913
1403
1915
1416
1400
1403
1925
3255
3256
3257
1400
1404
1401
1403
1404
1403
1404
1927
1929
1407
2437
3061
4427
1407
2440
4428
2439
2442
5508
1410
2446
3066
4430
1410
2449
4431
2448
2451
5510
1413
1416
1413
1417
1418
2121
3239
3241
3243
1414
1420
1416
1417
1421
1416
1417
2123
1423
2125
1420
1423
2135
3246
3248
3250
1420
1424
1494
1421
1423
1424
1423
1424
1497
2137
2139
1498
1427
1430
1427
1431
2942
1428
2944
1430
1431
2947
1430
1431
2948
1434
1437
1440
2100
3270
3271
3272
1434
1438
1593
3273
3274
3275
1435
1441
3276
3277
3278
1437
1438
1442
1437
1438
1597
2101
1444
2104
1598
1441
1445
2287
2288
2289
1441
1444
2108
2290
2291
2292
1442
2293
2294
2295
1444
1445
1444
1445
2109
2112
1448
1452
2914
1448
1450
1601
1451
2916
1450
1452
1604
1451
1605
1452
2917
2919
1455
1458
2949
1455
1459
2956
1456
2951
2958
1458
1459
2952
2961
1458
1459
2955
2962
1462
1465
1468
2128
3279
3280
3281
1462
1466
1621
2281
2282
2283
2929
2931
2934
1463
1469
2284
2285
2286
2936
2939
2941
1465
1466
1470
1465
1466
1625
2129
1472
2132
1626
1469
1473
1493
2296
2297
2298
2950
2953
2954
1469
1472
2136
2299
2300
2301
1470
2302
2303
2304
2963
2966
2969
1472
1473
1472
1473
1497
2137
2140
1499
1476
1480
2921
1476
1478
1629
2928
1479
2923
2930
1478
1480
1632
1479
1633
2932
1480
2924
2933
2926
1485
3405
1484
1485
1484
1485
3406
3408
1488
1491
1493
1775
1776
1777
2949
2953
2955
1488
1492
3405
1489
1495
1491
1492
1496
1491
1492
3407
1499
3409
1495
1499
3258
3259
3260
1495
1498
1496
1498
1499
1498
1499
1502
1506
1513
3306
3307
3308
1502
1505
1507
3309
3310
3311
1503
1508
3312
3313
3314
1505
1506
1509
1505
1506
1517
1511
1519
1508
1511
1811
1812
1813
1509
1814
1815
1816
1511
1512
1511
1512
1515
1519
3282
3283
3284
1515
1518
1523
2150
1516
1525
3285
3286
3287
1518
1519
1526
1518
1519
2151
1528
2153
1521
1522
1649
1652
1525
1528
2170
1525
1529
1654
3288
3289
3290
1526
3291
3292
3293
1528
1529
1528
1529
1657
2172
2173
1658
1532
1535
1544
1939
1532
1536
1558
2317
2318
2319
2653
2656
2657
1533
1546
2320
2321
2322
2666
2669
2672
1535
1536
1547
1535
1536
1562
1940
1549
1941
1563
1539
1541
2624
1539
1543
2631
1542
2626
2633
1541
1543
1542
2628
1543
2629
2634
2636
1546
1549
1953
1546
1550
2323
2324
2325
2625
2627
2630
1547
2326
2327
2328
2638
2642
2643
1549
1550
1549
1550
1954
1955
1553
1556
1572
2652
1553
1557
2659
1554
2654
2661
1556
1557
2655
2664
1556
1557
1575
1576
2658
2665
1560
1563
2305
2306
2307
2688
2690
2693
1560
1564
1579
2201
1561
1581
2308
2309
2310
2701
2705
2706
1563
1564
1582
1563
1564
2202
1584
2203
1567
1571
2708
1567
1570
1674
2715
1568
2710
2717
1570
1571
2713
2718
1570
1571
1677
1678
2721
2714
1574
1576
2687
1574
1578
2694
1577
2689
2696
1576
1578
1577
2691
1578
2692
2697
2699
1581
1584
2222
1581
1585
1682
2311
2312
2313
2716
2719
2720
1582
2314
2315
2316
2723
2725
2728
1584
1585
1584
1585
1685
2224
2225
1686
1588
1592
2844
1588
1590
1642
1591
2846
1590
1592
1646
1591
1647
1592
2847
2849
1595
1598
3324
3325
3326
1595
1599
1608
2156
1596
1609
3327
3328
3329
1598
1599
1610
1598
1599
2157
1612
2159
1602
1606
2872
1602
1605
1603
2874
1605
1606
2877
1605
1606
2878
1609
1613
1653
3330
3331
3332
1609
1612
2171
1610
3333
3334
3335
1612
1613
1612
1613
1657
2172
2174
1659
1616
1620
2851
1616
1618
1667
2858
1619
2853
2860
1618
1620
1671
1619
1672
2862
1620
2854
2863
2856
1623
1626
2338
2339
2340
2887
2890
2892
1623
1627
1636
2208
1624
1637
2341
2342
2343
2894
2896
2899
1626
1627
1638
1626
1627
2209
1640
2211
1630
1634
2879
1630
1633
2886
1631
2881
2888
1633
1634
2884
2889
1633
1634
2891
2885
1637
1641
1681
2344
2345
2346
2859
2861
2864
1637
1640
2223
1638
2347
2348
2349
2866
2869
2871
1640
1641
1640
1641
1685
2224
2226
1687
1644
1647
1644
1648
2798
1645
2800
1647
1648
2803
1647
1648
2804
1650
1652
1651
2827
1652
2829
1655
1659
3315
3316
3317
1655
1658
3318
3319
3320
1656
3321
3322
3323
1658
1659
1658
1659
1662
1665
2785
1662
1666
2792
1663
2787
2794
1665
1666
2788
2795
1665
1666
2791
2797
1669
1672
2805
1669
1673
2812
1670
2807
2814
1672
1673
2808
2817
1672
1673
2810
2818
1676
1678
2729
1676
1680
2736
1679
2731
2738
1678
1680
1679
2733
1680
2734
2739
2741
1683
1687
2329
2330
2331
2806
2809
2811
1683
1686
2332
2333
2334
2730
2732
2735
1684
2335
2336
2337
2743
2747
2748
2819
2822
2825
1686
1687
1686
1687
1690
1693
2764
1690
1694
2771
1691
2766
2773
1693
1694
2767
2776
1693
1694
2769
2777
1697
2479
1697
1699
2481
1700
2513
1700
2515
1703
1706
1715
1703
1707
2537
1704
1706
1707
1706
1707
1718
1719
2539
1710
1713
1727
1710
1714
2603
1711
2605
1713
1714
2608
1713
1714
1730
1731
2609
1717
1719
1717
1721
2575
1720
2577
1719
1721
1720
1721
2578
2580
1726
1724
1726
1738
1725
1739
1726
1729
1731
1729
1733
2645
1732
2647
1731
1733
1732
1733
2648
2650
1736
1739
1736
1740
2673
1737
2675
1739
1740
2678
1739
1740
2679
1743
1817
4433
1743
1744
4435
1746
5512
1746
4438
1746
1751
4441
5514
1749
1749
1750
4443
1752
5516
1752
4446
1752
4449
5518
1755
1793
1755
1759
3264
4451
1761
1758
1758
1760
1766
1761
1761
3267
4452
1761
1769
1764
1764
1768
2276
4453
1770
1767
1767
1769
1770
1770
2278
4454
1770
1773
1774
3238
1773
1774
3244
1777
1777
3259
1780
4455
1780
1781
2288
4456
1783
5520
1783
2293
4458
1783
1787
4461
5522
1786
1849
4463
1786
1788
3273
4465
1789
5524
1789
4468
1789
3276
4470
5526
1792
1834
4473
1792
3288
4475
5528
1795
1795
1799
3300
4489
1801
1798
1798
1800
1806
1801
1801
3303
4490
1801
1809
1804
1811
1804
1808
3294
4491
1810
1807
1807
1809
1810
1810
3297
4492
1810
1813
1813
1814
3309
4499
1816
1816
3313
4500
1816
1819
4501
1819
1820
4503
1822
5532
1822
4506
1822
1826
4509
5534
1824
1825
4511
1827
5536
1827
4514
1827
4517
5538
1830
1843
4519
1830
1831
3315
4521
1833
5540
1833
3321
4524
1833
1840
4527
5542
1836
4529
1836
1837
3318
4531
1839
5544
1839
3322
4534
1839
1841
4537
5546
1842
4539
1842
4541
5548
1845
4543
1845
1847
3330
4545
1848
5550
1848
1852
4548
1848
3333
4550
5552
1851
4553
1851
1853
3324
4555
1854
5554
1854
4558
1854
3327
4560
5556
1858
1859
1876
2365
2366
2367
1858
1861
1869
1986
2368
2369
2370
1859
1861
1987
1860
1871
1879
2371
2372
2373
1860
1880
1861
1872
1881
1875
1991
1864
1867
1870
1890
1864
1868
1877
1918
3345
3346
3347
1865
1871
1879
3348
3349
3350
1867
1868
1872
1881
1867
1868
1892
1922
1874
1894
1882
1923
1871
1875
2006
3351
3352
3353
1871
1874
1897
1872
3354
3355
3356
1874
1875
1874
1875
1900
2010
1901
2011
1879
1880
2374
2375
2376
1879
1882
1926
2377
2378
2379
1880
1882
1927
1881
2380
2381
2382
1881
1882
1931
1885
1888
1904
2041
1885
1889
2054
1886
1906
1888
1889
1898
1907
1888
1889
1899
2042
2057
1902
1910
2043
1903
2058
1894
1896
1897
2044
1894
1895
1896
1898
1907
1894
1895
1948
1895
1896
1908
1949
2045
1901
1909
1950
1902
1910
2046
1901
1902
2047
1901
1902
1903
1902
1903
2048
2069
1901
1903
2070
2049
2071
1906
1910
2050
1906
1909
1954
1907
1909
1910
1909
1910
1957
2051
1958
2052
1914
1915
1925
2419
2420
2421
1914
1917
1932
2122
2422
2423
2424
1915
1917
2123
1916
1928
1934
2425
2426
2427
1916
1929
1917
1930
1935
1938
2127
1920
1923
1926
3381
3382
3383
1920
1924
1933
1946
1921
1928
1934
3384
3385
3386
1923
1924
1930
1935
1923
1924
1948
1931
1937
1951
1928
1929
2428
2429
2430
1928
1931
2431
2432
2433
1929
1931
1930
2434
2435
2436
1930
1931
1934
1938
2142
3387
3388
3389
1934
1937
1960
1935
3390
3391
3392
1937
1938
1937
1938
1963
2146
1964
2147
1941
1944
1953
2189
1941
1945
2202
1942
1955
1944
1945
1956
1961
1944
1945
1962
2190
2205
1959
1965
2191
1966
2206
1951
1952
1960
2192
1950
1951
1952
1956
1961
1950
1951
1950
1952
1957
2193
1958
1964
1959
1965
2194
1955
1959
2195
1955
1958
1956
1958
1959
1958
1959
2196
2197
1964
1965
2198
1964
1965
1966
1965
1966
2199
2217
1964
1966
2218
2200
2219
1968
1976
2350
2351
2352
1979
1984
2353
2354
2355
1971
1974
1977
1992
3336
3337
3338
1971
1975
1983
2015
1972
1979
1984
3339
3340
3341
1974
1975
1981
1974
1975
1996
2017
1982
1997
2019
1979
1980
2356
2357
2358
1979
1982
2000
2359
2360
2361
1980
1982
2001
1981
2362
2363
2364
1981
1982
2005
1984
2022
3342
3343
3344
1988
1989
1999
2383
2384
2385
1988
1991
2006
2386
2387
2388
1989
1991
1990
2002
2008
2389
2390
2391
1990
2003
1991
2004
2009
2011
1994
1997
2000
3357
3358
3359
1994
1998
2007
2060
1995
2002
2008
3360
3361
3362
1997
1998
2004
2009
1997
1998
2062
2005
2012
2064
2002
2003
2392
2393
2394
2002
2005
2395
2396
2397
2003
2005
2004
2398
2399
2400
2004
2005
2008
2011
3363
3364
3365
2008
2012
2067
2009
3366
3367
3368
2011
2012
2011
2012
2070
2072
2014
2024
2031
2023
2029
2032
2019
2020
2022
2033
2019
2020
2021
2027
2019
2021
2062
2020
2021
2028
2034
2063
2023
2029
2035
2030
2065
2023
2036
2037
2026
2029
2038
2026
2030
2075
2027
2029
2030
2029
2030
2039
2078
2040
2079
2032
2038
4563
2037
2040
5558
2035
2036
4566
2035
2039
2085
4569
2037
2040
5561
2037
4572
5564
2040
4575
2040
2091
4578
5567
2043
2050
4581
2043
2048
2082
4584
2049
2052
5570
2046
2047
4587
2046
2051
2193
4590
2049
2052
5573
2049
4593
2049
2088
4596
5576
2052
4599
2052
2196
4602
5579
2055
2059
2074
2081
2055
2058
2056
2076
2058
2059
2068
2077
2058
2059
2069
2082
2071
2073
2080
2083
2064
2066
2067
2084
2064
2065
2066
2068
2077
2064
2065
2065
2066
2078
2085
2072
2079
2073
2080
2086
2072
2073
2087
2071
2072
2073
2071
2073
2088
2071
2072
2089
2076
2080
2090
2076
2079
2077
2079
2080
2079
2080
2091
2092
2083
2090
4605
2083
2088
4608
2089
2092
5582
2086
2087
4611
2086
2091
4614
2089
2092
5585
2089
4617
2089
4620
5588
2092
4623
2092
4626
5591
2097
2098
2107
2401
2402
2403
2096
2097
2114
2404
2405
2406
2096
2098
2099
2117
2099
2110
2118
2407
2408
2409
2099
2111
2113
2119
2103
2104
2108
3369
3370
3371
2104
2106
2157
2103
2106
2116
2158
2105
2110
2118
3372
3373
3374
2105
2112
2106
2113
2119
2120
2161
2110
2111
2410
2411
2412
2110
2112
2413
2414
2415
2111
2112
2113
2416
2417
2418
2113
2113
2117
2118
3375
3376
3377
2117
2120
2164
2118
2120
2165
2119
2119
3378
3379
3380
2120
2168
2124
2125
2135
2437
2438
2439
2124
2127
2142
2440
2441
2442
2125
2127
2126
2138
2144
2443
2444
2445
2126
2139
2127
2141
2145
2147
2131
2132
2136
3393
3394
3395
2132
2134
2209
2131
2134
2143
2210
2133
2138
2144
3396
3397
3398
2133
2140
2134
2141
2145
2148
2213
2138
2139
2446
2447
2448
2138
2140
2449
2450
2451
2139
2140
2141
2452
2453
2454
2141
2141
2144
2147
3399
3400
3401
2144
2148
2215
2145
3402
3403
3404
2147
2148
2147
2148
2218
2220
2152
2155
2163
2177
2153
2155
2170
2178
2152
2153
2154
2166
2154
2173
2155
2167
2175
2169
2176
2179
2159
2162
2171
2180
2159
2161
2161
2162
2165
2181
2160
2174
2161
2162
2167
2175
2168
2169
2176
2182
2166
2169
2183
2166
2168
2168
2169
2184
2167
2168
2169
2185
2173
2176
2186
2174
2176
2187
2173
2174
2175
2175
2176
2188
2179
2183
4629
2179
2186
4632
2185
2188
5594
2182
2187
4635
2182
2184
4638
2185
2188
5597
2185
4641
2185
4644
5600
2188
4647
2188
4650
5603
2191
2195
4653
2191
2199
2230
4656
2197
2200
5606
2194
2198
4659
2194
2196
4662
2197
2200
5609
2197
4665
2197
4668
5612
2200
4671
2200
2236
4674
5615
2203
2207
2222
2229
2203
2206
2204
2225
2206
2207
2216
2227
2206
2207
2217
2230
2219
2221
2228
2231
2211
2214
2223
2232
2211
2213
2213
2214
2215
2233
2212
2226
2213
2214
2216
2227
2220
2221
2228
2234
2220
2221
2235
2219
2220
2221
2219
2221
2236
2219
2220
2237
2225
2228
2238
2226
2228
2239
2225
2226
2227
2227
2228
2240
2231
2238
4677
2231
2236
4680
2237
2240
5618
2234
2239
4683
2234
2235
4686
2237
2240
5621
2237
4689
2237
4692
5624
2240
4695
2240
4698
5627
2246
4701
2244
2245
4704
2244
2255
4707
2247
5630
2247
4710
2247
4713
5633
2250
2251
4716
2250
2261
4719
2253
5636
2253
4722
2253
2258
4725
5639
2256
2257
4728
2256
4731
2259
5642
2259
4734
2259
4737
5645
2262
2263
4740
2262
4743
2265
5648
2265
4746
2265
2270
4749
5651
2268
2269
4752
2268
2324
4755
2271
5654
2271
4758
2271
4761
5657
2274
2404
4764
2274
2279
3262
4767
2280
5660
2277
4770
2277
2278
4771
2280
5663
2280
4773
2280
3268
4775
5665
2283
2284
4778
2283
2339
4781
2286
5668
2286
4784
2286
2303
3280
4787
3281
5671
2289
4790
2289
2293
4791
2295
5674
2292
2413
4793
2292
2294
3271
4796
2295
5676
2295
4799
2295
3277
4802
5679
2298
3258
4805
2298
2302
4806
2304
5682
2301
2449
4808
2301
2303
3280
4811
2304
5684
2304
4814
2304
4817
5687
2307
2308
4820
2307
2318
4823
2310
5690
2310
4826
2310
2315
4829
5693
2313
2314
4832
2313
2333
4835
2316
5696
2316
4838
2316
4841
5699
2319
2320
4844
2319
4847
2322
5702
2322
4850
2322
2327
4853
5705
2325
2326
4856
2325
4859
2328
5708
2328
4862
2328
4865
5711
2331
2335
4868
2331
2345
4871
2337
5714
2334
2336
4874
2334
4877
2337
5717
2337
4880
2337
4883
5720
2340
2341
4886
2340
4889
2343
5723
2343
4892
2343
2348
4895
5726
2346
2347
4898
2346
4901
2349
5729
2349
4904
2349
4907
5732
2352
4910
2352
2353
2357
4911
2355
5735
2355
2362
4913
2355
3342
4916
5737
2358
4919
2358
2362
4920
2364
5740
2361
2395
4922
2361
2363
3336
4925
2364
5742
2364
4928
2364
3339
4931
5745
2367
3232
4934
2367
2371
2375
4935
2373
5748
2370
2386
4937
2370
2372
3351
4940
2373
5750
2373
2380
4943
2373
3354
4946
5753
2376
3235
4949
2376
2380
4950
2382
5756
2379
2431
4952
2379
2381
3345
4955
2382
5758
2382
4958
2382
3348
4961
5761
2385
3219
4964
2385
2389
2393
4965
2391
5764
2388
4967
2388
2390
3363
4970
2391
5766
2391
2398
4973
2391
3366
4976
5769
2394
3226
4979
2394
2398
4980
2400
5772
2397
4982
2397
2399
3357
4985
2400
5774
2400
4988
2400
3360
4991
5777
2403
4994
2403
2407
2411
4995
2409
5780
2406
4997
2406
2408
3376
5000
2409
5782
2409
2416
5003
2409
3378
5006
5785
2412
5009
2412
2416
5010
2418
5788
2415
5012
2415
2417
3370
5015
2418
5790
2418
5018
2418
3372
5021
5793
2421
3252
5024
2421
2425
2429
5025
2427
5796
2424
2440
5027
2424
2426
3387
5030
2427
5798
2427
2434
5033
2427
3390
5036
5801
2430
3255
5039
2430
2434
5040
2436
5804
2433
5042
2433
2435
3381
5045
2436
5806
2436
5048
2436
3384
5051
5809
2439
3239
5054
2439
2443
2447
5055
2445
5812
2442
5057
2442
2444
3399
5060
2445
5814
2445
2452
5063
2445
3402
5066
5817
2448
3246
5069
2448
2452
5070
2454
5820
2451
5072
2451
2453
3394
5075
2454
5822
2454
5078
2454
3396
5081
5825
2457
2458
2461
2464
2479
2480
2481
2457
2483
2460
2464
2460
2462
2472
2463
2474
2462
2464
2463
2476
2464
2477
2467
2471
2492
2467
2470
2473
2468
2474
2470
2471
2477
2470
2471
2495
2478
2496
2474
2476
2474
2478
2477
2476
2478
2477
2478
2481
2481
2484
2485
2499
2503
2504
2513
2514
2515
2484
2488
2488
2489
2523
2526
2529
2537
2538
2539
2488
2491
2548
2489
2491
2549
2490
2490
2491
2552
2494
2496
2494
2498
2506
2497
2508
2496
2498
2497
2498
2509
2511
2501
2504
2501
2505
2507
2524
2502
2508
2504
2505
2509
2504
2505
2526
2512
2527
2508
2511
2508
2512
2531
2509
2511
2512
2511
2512
2533
2534
2515
2515
2538
2518
2521
2554
2518
2522
2530
2519
2532
2521
2522
2535
2521
2522
2557
2558
2536
2525
2529
2525
2527
2531
2528
2532
2527
2529
2528
2534
2529
2535
2532
2536
2532
2534
2535
2534
2536
2535
2536
2539
2539
2543
2544
2547
2582
2585
2588
2603
2606
2609
2543
2546
2611
2544
2546
2612
2545
2550
2545
2551
2546
2553
2615
2550
2551
2561
2565
2566
2575
2579
2580
2550
2552
2551
2552
2553
2553
2553
2556
2558
2556
2560
2568
2559
2570
2558
2560
2559
2560
2571
2573
2563
2566
2563
2567
2569
2583
2564
2570
2566
2567
2571
2566
2567
2585
2574
2586
2570
2573
2570
2574
2596
2571
2573
2574
2573
2574
2599
2600
2577
2580
2577
2581
2604
2578
2580
2581
2580
2581
2606
2607
2584
2588
2584
2586
2596
2587
2598
2586
2588
2587
2600
2588
2601
2591
2595
2624
2591
2594
2597
2592
2598
2594
2595
2601
2594
2595
2627
2602
2628
2598
2600
2598
2602
2601
2600
2602
2601
2602
2605
2609
2605
2607
2608
2607
2609
2608
2609
2613
2614
2617
2631
2635
2636
2645
2649
2650
2613
2615
2614
2615
2616
2620
2616
2621
2616
2622
2620
2621
2659
2662
2665
2673
2676
2679
2620
2623
2681
2621
2623
2682
2622
2622
2623
2685
2626
2628
2626
2630
2638
2629
2640
2628
2630
2629
2630
2641
2643
2633
2636
2633
2637
2639
2660
2634
2640
2636
2637
2641
2636
2637
2662
2644
2663
2640
2643
2640
2644
2667
2641
2643
2644
2643
2644
2669
2670
2647
2650
2647
2651
2674
2648
2650
2651
2650
2651
2676
2677
2654
2658
2687
2654
2657
2666
2655
2668
2657
2658
2671
2657
2658
2690
2672
2691
2661
2665
2661
2663
2667
2664
2668
2663
2665
2664
2670
2665
2671
2668
2672
2668
2670
2671
2670
2672
2671
2672
2675
2679
2675
2677
2678
2677
2679
2678
2679
2683
2684
2694
2698
2699
2683
2685
2684
2685
2686
2686
2686
2689
2691
2689
2693
2701
2692
2703
2691
2693
2692
2693
2704
2706
2696
2699
2696
2700
2702
2709
2697
2703
2699
2700
2704
2699
2700
2711
2707
2712
2703
2706
2703
2707
2722
2704
2706
2707
2706
2707
2725
2726
2710
2714
2710
2712
2722
2713
2724
2712
2714
2713
2726
2714
2727
2717
2721
2729
2717
2720
2723
2718
2724
2720
2721
2727
2720
2721
2732
2728
2733
2724
2726
2724
2728
2727
2726
2728
2727
2728
2731
2733
2731
2735
2743
2734
2745
2733
2735
2734
2735
2746
2748
2738
2741
2738
2742
2744
2772
2739
2745
2741
2742
2746
2741
2742
2774
2749
2775
2745
2748
2745
2749
2779
2746
2748
2749
2748
2749
2781
2782
2753
2754
2757
2798
2801
2804
2812
2815
2818
2753
2756
2831
2754
2756
2832
2755
2760
2755
2761
2756
2762
2835
2760
2761
2764
2768
2769
2785
2789
2791
2760
2763
2761
2763
2762
2762
2763
2766
2769
2766
2770
2778
2813
2767
2780
2769
2770
2783
2769
2770
2815
2784
2816
2773
2777
2773
2775
2779
2776
2780
2775
2777
2776
2782
2777
2783
2780
2784
2820
2780
2782
2783
2782
2784
2822
2783
2784
2823
2787
2791
2787
2790
2799
2788
2790
2791
2790
2791
2801
2802
2794
2797
2794
2796
2826
2795
2796
2797
2828
2800
2804
2800
2802
2803
2802
2804
2803
2804
2807
2810
2858
2807
2811
2819
2808
2821
2810
2811
2824
2810
2811
2861
2862
2825
2814
2818
2814
2816
2820
2817
2821
2816
2818
2817
2823
2818
2824
2821
2825
2821
2823
2824
2823
2825
2824
2825
2827
2828
2829
2829
2833
2834
2837
2844
2848
2849
2851
2855
2856
2833
2835
2834
2835
2836
2840
2836
2841
2836
2842
2840
2841
2872
2875
2878
2879
2882
2885
2840
2843
2908
2841
2843
2909
2842
2842
2843
2912
2846
2849
2846
2850
2873
2847
2849
2850
2849
2850
2875
2876
2853
2856
2853
2857
2865
2880
2854
2867
2856
2857
2868
2856
2857
2882
2870
2883
2860
2862
2860
2864
2866
2863
2867
2862
2864
2863
2864
2868
2871
2867
2870
2893
2867
2871
2868
2870
2871
2870
2871
2896
2897
2874
2878
2874
2876
2877
2876
2878
2877
2878
2881
2885
2881
2883
2893
2884
2895
2883
2885
2884
2897
2885
2898
2888
2891
2928
2888
2892
2894
2889
2895
2891
2892
2898
2891
2892
2931
2932
2899
2895
2897
2895
2899
2898
2897
2899
2898
2899
2903
2904
2907
2942
2945
2948
2956
2959
2962
2903
2906
3406
2904
2906
3407
2905
2910
2905
2911
2906
2913
3410
2910
2911
2914
2918
2919
2921
2925
2926
2910
2912
2911
2912
2913
2913
2913
2916
2919
2916
2920
2943
2917
2919
2920
2919
2920
2945
2946
2923
2926
2923
2927
2935
2957
2924
2937
2926
2927
2938
2926
2927
2959
2940
2960
2930
2932
2930
2934
2936
2933
2937
2932
2934
2933
2934
2938
2941
2937
2940
2964
2937
2941
2938
2940
2941
2940
2941
2966
2967
2944
2948
2944
2946
2947
2946
2948
2947
2948
2951
2955
2951
2954
2963
2952
2965
2954
2955
2968
2954
2955
2969
2958
2962
2958
2960
2964
2961
2965
2960
2962
2961
2967
2962
2968
2965
2969
2965
2967
2968
2967
2969
2968
2969
2972
2975
2977
2972
2976
2973
2975
2976
2975
2976
2981
2982
2979
2982
2979
2983
3085
2980
3087
2982
2983
3088
2982
2983
3091
2988
2989
2990
2988
2989
2999
2989
2990
2988
2990
3000
3002
2995
2996
2997
3092
2995
2997
3008
2995
2996
3009
2996
2997
3093
3011
3097
3098
3002
3003
3004
3099
3002
3003
3002
3004
3003
3004
3100
3104
3105
3006
3023
3026
3011
3012
3013
3134
3011
3013
3011
3012
3012
3013
3135
3139
3140
3018
3019
3020
3141
3018
3019
3029
3019
3020
3142
3018
3020
3030
3032
3146
3147
3025
3026
3027
3176
3026
3027
3025
3026
3025
3027
3177
3180
3182
3032
3033
3034
3190
3032
3033
3032
3034
3033
3034
3191
3195
3196
3037
3037
3048
3042
3043
3044
3218
3042
3044
3042
3043
3219
3043
3044
3052
3222
3223
3049
3050
3051
3225
3049
3050
3226
3049
3051
3050
3051
3229
3230
3054
3054
3232
3234
3057
3235
3057
3076
3237
3062
3063
3064
3238
3062
3064
3063
3064
3073
3062
3063
3239
3242
3243
3069
3070
3071
3245
3069
3070
3246
3069
3071
3080
3070
3071
3081
3249
3250
3083
3074
3252
3074
3254
3077
3255
3077
3257
3082
3083
3084
3082
3084
3258
3083
3084
3082
3083
3260
3087
3091
3087
3090
3088
3090
3091
3090
3091
3096
3097
3098
3097
3098
3096
3097
3101
3096
3098
3102
3103
3103
3104
3105
3104
3105
3103
3104
3103
3105
3110
3111
3112
3113
3111
3112
3149
3110
3111
3115
3110
3112
3151
3117
3118
3154
3117
3118
3119
3117
3119
3117
3118
3118
3119
3124
3125
3126
3127
3125
3126
3163
3124
3125
3164
3124
3126
3129
3131
3167
3133
3131
3132
3133
3131
3132
3131
3133
3132
3133
3138
3139
3140
3139
3140
3138
3139
3143
3138
3140
3144
3145
3145
3146
3147
3146
3147
3145
3146
3145
3147
3152
3153
3154
3155
3153
3154
3152
3153
3157
3152
3154
3159
3160
3159
3160
3161
3159
3161
3184
3159
3160
3160
3161
3185
3188
3166
3167
3168
3169
3167
3168
3166
3167
3166
3168
3171
3173
3175
3173
3174
3175
3173
3174
3198
3173
3175
3174
3175
3199
3201
3180
3181
3182
3183
3180
3182
3180
3181
3186
3181
3182
3187
3189
3187
3188
3189
3188
3189
3187
3188
3187
3189
3194
3195
3196
3197
3195
3196
3194
3195
3194
3196
3200
3202
3203
3201
3202
3203
3201
3202
3201
3203
3202
3203
3205
3207
3207
3209
3210
3210
3215
3210
3212
3214
3214
3216
3217
3217
3217
3222
3223
3224
3222
3223
3222
3224
3227
3223
3224
3228
3231
3229
3230
3231
3229
3230
3229
3231
3230
3231
3234
3234
3236
3237
3237
3242
3243
3244
3242
3243
3242
3244
3247
3243
3244
3248
3251
3249
3250
3251
3249
3250
3249
3251
3250
3251
3254
3254
3256
3257
3257
3260
3260
3263
3375
5084
3263
3268
5087
3269
5828
3266
3267
5090
3266
3301
5092
3269
5831
3269
5095
3269
5097
5834
3272
3369
5100
3272
3277
5103
3278
5837
3275
3276
5106
3275
3325
5109
3278
5840
3278
5112
3278
5115
5843
3281
3393
5118
3281
5121
5846
3284
3285
5124
3284
3307
5127
3287
5849
3287
5130
3287
3292
5133
5852
3290
3291
5136
3290
3319
5139
3293
5855
3293
5142
3293
5145
5858
3296
3297
5148
3296
3310
5150
3299
5861
3299
5153
3299
3304
5155
5864
3302
3303
5158
3302
5160
3305
5867
3305
5163
3305
5165
5870
3308
3312
5168
3308
5171
3314
5873
3311
3313
5174
3311
5176
3314
5876
3314
5179
3314
5182
5879
3317
3321
5184
3317
3331
5187
3323
5882
3320
3322
5190
3320
5193
3323
5885
3323
5196
3323
5199
5888
3326
3327
5202
3326
5205
3329
5891
3329
5208
3329
3334
5211
5894
3332
3333
5214
3332
5217
3335
5897
3335
5220
3335
5223
5900
3338
3339
5226
3338
3358
5229
3341
5903
3341
5232
3341
3343
5235
5906
3344
5238
3344
5241
5909
3347
3348
5244
3347
3382
5247
3350
5912
3350
5250
3350
3355
5253
5915
3353
3354
5256
3353
3364
5259
3356
5918
3356
5262
3356
5265
5921
3359
3360
5268
3359
5271
3362
5924
3362
5274
3362
3367
5277
5927
3365
3366
5280
3365
5283
3368
5930
3368
5286
3368
5289
5933
3371
5292
3371
3372
5295
3374
5936
3374
5298
3374
3379
5301
5939
3377
5304
3377
3378
5307
3380
5942
3380
5310
3380
5313
5945
3383
3384
5316
3383
5319
3386
5948
3386
5322
3386
3391
5325
5951
3389
3390
5328
3389
3400
5331
3392
5954
3392
5334
3392
5337
5957
3395
5340
3395
3396
5343
3398
5960
3398
5346
3398
3403
5349
5963
3401
3402
5352
3401
5355
3404
5966
3404
5358
3404
5361
5969
3408
3409
3408
3410
3409
3410
3411
3411
3411
3413
3418
3708
3777
4707
5630
3414
3419
3709
3778
4708
5631
3420
3710
3779
4709
5632
3416
3421
3723
3786
4719
5636
3417
3422
3724
3787
4720
5637
3423
3725
3788
4721
5638
3419
3732
3795
4731
5642
3420
3733
3796
4732
5643
3734
3797
4733
5644
3422
3711
3807
4743
5648
3423
3712
3808
4744
5649
3713
3809
4745
5650
3425
3463
3720
3813
4755
5654
3426
3464
3721
3814
4756
5655
3465
3722
3815
4757
5656
3504
4391
4392
4393
3429
3448
3509
5084
5092
5828
5831
3430
3449
3510
5085
5093
5829
5832
3450
3511
5086
5094
5830
5833
3432
3472
3505
5100
5109
5837
5840
3433
3473
3506
5101
5110
5838
5841
3474
3507
5102
5111
5839
5842
3435
3475
3521
4781
5118
5668
5846
3436
3476
3522
4782
5119
5669
5847
3477
3523
4783
5120
5670
5848
3508
4394
4395
4396
3524
4397
4398
4399
3440
3451
3735
3870
5127
5849
3441
3452
3736
3871
5128
5850
3453
3737
3872
5129
5851
3443
3466
3744
3876
5139
5855
3444
3467
3745
3877
5140
5856
3468
3746
3878
5141
5857
3446
3451
3735
3885
5150
5861
3447
3452
3736
3886
5151
5862
3453
3737
3887
5152
5863
3449
3741
3892
5160
5867
3450
3742
3893
5161
5868
3743
3894
5162
5869
3452
5171
5176
5873
5876
3453
5172
5177
5874
5877
5173
5178
5875
5878
3455
3460
3759
3909
4823
5690
3456
3461
3760
3910
4824
5691
3462
3761
3911
4825
5692
3458
3469
3768
3915
4835
5696
3459
3470
3769
3916
4836
5697
3471
3770
3917
4837
5698
3461
3747
3924
4847
5702
3462
3748
3925
4848
5703
3749
3926
4849
5704
3464
3753
3933
4859
5708
3465
3754
3934
4860
5709
3755
3935
4861
5710
3467
3478
5187
5193
5882
5885
3468
3479
5188
5194
5883
5886
3480
5189
5195
5884
5887
3470
3481
4871
4877
5714
5717
3471
3482
4872
4878
5715
5718
3483
4873
4879
5716
5719
3473
3738
3963
5205
5891
3474
3739
3964
5206
5892
3740
3965
5207
5893
3476
3762
3972
4889
5723
3477
3763
3973
4890
5724
3764
3974
4891
5725
3479
3744
3981
5217
5897
3480
3745
3982
5218
5898
3746
3983
5219
5899
3482
3768
3990
4901
5729
3483
3769
3991
4902
5730
3770
3992
4903
5731
3485
3497
3705
4080
5229
5903
3486
3498
3706
4081
5230
5904
3499
3707
4082
5231
5905
3500
4400
4401
4402
3496
4403
4404
4405
3490
3513
3714
4092
5247
5912
3491
3514
3715
4093
5248
5913
3515
3716
4094
5249
5914
3493
3501
3717
4104
5259
5918
3494
3502
3718
4105
5260
5919
3503
3719
4106
5261
5920
3516
4406
4407
4408
4409
4410
4411
3498
3726
4113
5271
5924
3499
3727
4114
5272
5925
3728
4115
5273
5926
4412
4413
4414
3502
3729
4122
5283
5930
3503
3730
4123
5284
5931
3731
4124
5285
5932
4415
4416
4417
3506
3738
4131
5292
5936
3507
3739
4132
5293
5937
3740
4133
5294
5938
4418
4419
4420
3510
3741
4140
5304
5942
3511
3742
4141
5305
5943
3743
4142
5306
5944
3520
4421
4422
4423
3514
3750
4149
5319
5948
3515
3751
4150
5320
5949
3752
4151
5321
5950
4424
4425
4426
3518
3525
3756
4158
5331
5954
3519
3526
3757
4159
5332
5955
3527
3758
4160
5333
5956
4427
4428
4429
3522
3762
4167
5340
5960
3523
3763
4168
5341
5961
3764
4169
5342
5962
4430
4431
4432
3526
3765
4176
5355
5966
3527
3766
4177
5356
5967
3767
4178
5357
5968
3529
3537
3780
4192
4194
3530
3538
3781
4192
4195
3539
3782
4193
4196
3532
3534
3783
4186
4188
3533
3535
3784
4186
4189
3536
3785
4187
4190
3535
3774
4183
3536
3775
4183
3776
4184
3538
3798
4198
4200
3539
3799
4198
4201
3800
4199
4202
3541
3546
3801
4204
4207
3542
3547
3802
4205
4207
3548
3803
4206
4208
3544
3561
3789
4216
4218
3545
3562
3790
4216
4219
3563
3791
4217
4220
3547
3792
4210
4213
3548
3793
4211
4213
3794
4212
4214
3550
3630
4433
4435
3551
3631
4433
4436
3632
4434
4437
3553
3633
3816
4243
4245
3554
3634
3817
4243
4246
3635
3818
4244
4247
3556
3564
4438
4441
3557
3565
4439
4441
3566
4440
4442
3559
3567
3819
4236
4238
3560
3568
3820
4236
4239
3569
3821
4237
4240
3562
3804
4222
4224
3563
3805
4222
4225
3806
4223
4226
3565
4446
4449
3566
4447
4449
4448
4450
3568
3810
4229
4232
3569
3811
4230
4232
3812
4231
4233
3606
3831
3832
4451
3573
3833
3834
4452
3825
4453
3826
3827
4454
3853
4455
4456
4457
3860
4388
4389
4390
3577
3588
3857
4458
4461
3578
3589
3858
4459
4461
3590
3859
4460
4462
3580
3591
3864
4381
4384
3581
3592
3865
4382
4384
3593
3866
4383
4385
3583
3693
3838
4463
4465
3584
3694
3839
4463
4466
3695
3840
4464
4467
3586
3696
3847
4367
4369
3587
3697
3848
4367
4370
3698
3849
4368
4371
3589
3841
4468
4470
3590
3842
4468
4471
3843
4469
4472
3592
3850
4374
4376
3593
3851
4374
4377
3852
4375
4378
3595
3663
3879
4473
4475
3596
3664
3880
4473
4476
3665
3881
4474
4477
3598
3603
3882
4478
4480
3599
3604
3883
4478
4481
3605
3884
4479
4482
3601
3611
3867
4483
3602
3612
3868
4484
3613
3869
4485
3604
3873
4486
3605
3874
4487
3875
4488
3895
3896
4489
3609
3897
3898
4490
3616
3888
3889
4491
3890
3891
4492
3614
3615
3617
3612
3899
4493
3613
3900
4494
3901
4495
3615
3904
4496
4497
3905
4498
3902
3903
4499
3904
3905
4500
3619
3669
3918
4294
4296
3620
3670
3919
4294
4297
3671
3920
4295
4298
3622
3627
3921
4288
4290
3623
3628
3922
4288
4291
3629
3923
4289
4292
3625
3642
3906
4276
4278
3626
3643
3907
4276
4279
3644
3908
4277
4280
3628
3912
4282
4285
3629
3913
4283
4285
3914
4284
4286
3631
4501
4503
3632
4501
4504
4502
4505
3634
3936
4250
4252
3635
3937
4250
4253
3938
4251
4254
3637
3645
4506
4509
3638
3646
4507
4509
3647
4508
4510
3640
3648
3939
4257
4260
3641
3649
3940
4258
4260
3650
3941
4259
4261
3643
3927
4270
4272
3644
3928
4270
4273
3929
4271
4274
3646
4514
4517
3647
4515
4517
4516
4518
3649
3930
4264
4267
3650
3931
4265
4267
3932
4266
4268
3652
3681
3942
4519
4521
3653
3682
3943
4519
4522
3683
3944
4520
4523
3655
3684
3951
4328
4330
3656
3685
3952
4328
4331
3686
3953
4329
4332
3658
3675
3948
4524
4527
3659
3676
3949
4525
4527
3677
3950
4526
4528
3661
3678
3957
4320
4323
3662
3679
3958
4321
4323
3680
3959
4322
4324
3664
3945
4529
4531
3665
3946
4529
4532
3947
4530
4533
3667
3675
3948
4534
4537
3668
3676
3949
4535
4537
3677
3950
4536
4538
3670
3954
4300
4302
3671
3955
4300
4303
3956
4301
4304
3673
3678
3957
4306
4309
3674
3679
3958
4307
4309
3680
3959
4308
4310
3676
4539
4541
3677
4539
4541
4540
4542
3679
4312
4314
3680
4312
4314
4313
4315
3682
3978
4543
4545
3683
3979
4543
4546
3980
4544
4547
3685
3987
4337
4339
3686
3988
4337
4340
3989
4338
4341
3688
3699
3984
4548
4550
3689
3700
3985
4548
4551
3701
3986
4549
4552
3691
3702
3993
4345
4347
3692
3703
3994
4345
4348
3704
3995
4346
4349
3694
3960
4553
4555
3695
3961
4553
4556
3962
4554
4557
3697
3969
4360
4362
3698
3970
4360
4363
3971
4361
4364
3700
3966
4558
4560
3701
3967
4558
4561
3968
4559
4562
3703
3975
4353
4355
3704
3976
4353
4356
3977
4354
4357
3706
3726
4566
4569
3707
3727
4567
4570
3728
4568
4571
3709
3732
4575
4578
3710
3733
4576
4579
3734
4577
4580
3712
3723
4581
4584
3713
3724
4582
4585
3725
4583
4586
3715
3750
4587
4590
3716
3751
4588
4591
3752
4589
4592
3718
3729
4593
4596
3719
3730
4594
4597
3731
4595
4598
3721
3753
4599
4602
3722
3754
4600
4603
3755
4601
4604
3724
4605
4608
3725
4606
4609
4607
4610
3727
4611
4614
3728
4612
4615
4613
4616
3730
4617
4620
3731
4618
4621
4619
4622
3733
4623
4626
3734
4624
4627
4625
4628
3736
4629
4632
3737
4630
4633
4631
4634
3739
4635
4638
3740
4636
4639
4637
4640
3742
4641
4644
3743
4642
4645
4643
4646
3745
4647
4650
3746
4648
4651
4649
4652
3748
3759
4653
4656
3749
3760
4654
4657
3761
4655
4658
3751
4659
4662
3752
4660
4663
4661
4664
3754
4665
4668
3755
4666
4669
4667
4670
3757
3765
4671
4674
3758
3766
4672
4675
3767
4673
4676
3760
4677
4680
3761
4678
4681
4679
4682
3763
4683
4686
3764
4684
4687
4685
4688
3766
4689
4692
3767
4690
4693
4691
4694
3769
4695
4698
3770
4696
4699
4697
4700
3772
3777
4563
4701
3773
3778
4564
4702
3779
4565
4703
3775
3783
4701
3776
3784
4702
3785
4703
3778
4575
4713
5633
3779
4576
4714
5634
4577
4715
5635
3781
3798
4704
4707
3782
3799
4705
4708
3800
4706
4709
3784
4710
4713
3785
4711
4714
4712
4715
3787
3795
4605
4725
5639
3788
3796
4606
4726
5640
3797
4607
4727
5641
3790
3804
4716
4719
3791
3805
4717
4720
3806
4718
4721
3793
3801
4722
4725
3794
3802
4723
4726
3803
4724
4727
3796
4623
4737
5645
3797
4624
4738
5646
4625
4739
5647
3799
4728
4731
3800
4729
4732
4730
4733
3802
4734
4737
3803
4735
4738
4736
4739
3805
4740
4743
3806
4741
4744
4742
4745
3808
3813
4581
4749
5651
3809
3814
4582
4750
5652
3815
4583
4751
5653
3811
3819
4746
4749
3812
3820
4747
4750
3821
4748
4751
3814
4599
4761
5657
3815
4600
4762
5658
4601
4763
5659
3817
3936
4752
4755
3818
3937
4753
4756
3938
4754
4757
3820
4758
4761
3821
4759
4762
4760
4763
3823
3828
4036
4764
4767
3824
3829
4037
4765
4768
3830
4038
4766
4769
4770
4771
4772
3827
3833
4773
4775
4776
3834
4774
4777
3829
4137
5084
5087
3830
4138
5085
5088
4139
5086
5089
3832
3895
5090
5092
5093
3896
5091
5094
3834
5095
5097
5098
5096
5099
3836
3854
4128
5100
5103
3837
3855
4129
5101
5104
3856
4130
5102
5105
3839
3960
5106
5109
3840
3961
5107
5110
3962
5108
5111
3842
3857
5112
5115
3843
3858
5113
5116
3859
5114
5117
3845
3861
4164
5118
5121
3846
3862
4165
5119
5122
3863
4166
5120
5123
3848
3969
4778
4781
3849
3970
4779
4782
3971
4780
4783
3851
3864
4784
4787
3852
3865
4785
4788
3866
4786
4789
4790
4791
4792
3855
4043
4793
4796
3856
4044
4794
4797
4045
4795
4798
3858
4799
4802
3859
4800
4803
4801
4804
4805
4806
4807
3862
4071
4808
4811
3863
4072
4809
4812
4073
4810
4813
3865
4814
4817
3866
4815
4818
4816
4819
3868
3899
5124
5127
3869
3900
5125
5128
3901
5126
5129
3871
3876
4632
5133
5852
3872
3877
4633
5134
5853
3878
4634
5135
5854
3874
3882
5130
5133
3875
3883
5131
5134
3884
5132
5135
3877
4647
5145
5858
3878
4648
5146
5859
4649
5147
5860
3880
3945
5136
5139
3881
3946
5137
5140
3947
5138
5141
3883
5142
5145
3884
5143
5146
5144
5147
3886
3892
4629
5155
5864
3887
3893
4630
5156
5865
3894
4631
5157
5866
3889
3902
5148
5150
5151
3903
5149
5152
3891
3897
5153
5155
5156
3898
5154
5157
3893
4641
5165
5870
3894
4642
5166
5871
4643
5167
5872
3896
5158
5160
5161
5159
5162
3898
5163
5165
5166
5164
5167
3900
5168
5171
3901
5169
5172
5170
5173
3903
5174
5176
5177
5175
5178
3905
5179
5180
5182
5181
5183
3907
3927
4820
4823
3908
3928
4821
4824
3929
4822
4825
3910
3915
4677
4829
5693
3911
3916
4678
4830
5694
3917
4679
4831
5695
3913
3921
4826
4829
3914
3922
4827
4830
3923
4828
4831
3916
4695
4841
5699
3917
4696
4842
5700
4697
4843
5701
3919
3954
4832
4835
3920
3955
4833
4836
3956
4834
4837
3922
4838
4841
3923
4839
4842
4840
4843
3925
3933
4653
4853
5705
3926
3934
4654
4854
5706
3935
4655
4855
5707
3928
4844
4847
3929
4845
4848
4846
4849
3931
3939
4850
4853
3932
3940
4851
4854
3941
4852
4855
3934
4665
4865
5711
3935
4666
4866
5712
4667
4867
5713
3937
4856
4859
3938
4857
4860
4858
4861
3940
4862
4865
3941
4863
4866
4864
4867
3943
3978
5184
5187
3944
3979
5185
5188
3980
5186
5189
3946
5190
5193
3947
5191
5194
5192
5195
3949
5196
5199
3950
5197
5200
5198
5201
3952
3987
4868
4871
3953
3988
4869
4872
3989
4870
4873
3955
4874
4877
3956
4875
4878
4876
4879
3958
4880
4883
3959
4881
4884
4882
4885
3961
5202
5205
3962
5203
5206
5204
5207
3964
3981
4635
5211
5894
3965
3982
4636
5212
5895
3983
4637
5213
5896
3967
3984
5208
5211
3968
3985
5209
5212
3986
5210
5213
3970
4886
4889
3971
4887
4890
4888
4891
3973
3990
4683
4895
5726
3974
3991
4684
4896
5727
3992
4685
4897
5728
3976
3993
4892
4895
3977
3994
4893
4896
3995
4894
4897
3979
5214
5217
3980
5215
5218
5216
5219
3982
4650
5223
5900
3983
4651
5224
5901
4652
5225
5902
3985
5220
5223
3986
5221
5224
5222
5225
3988
4898
4901
3989
4899
4902
4900
4903
3991
4698
4907
5732
3992
4699
4908
5733
4700
4909
5734
3994
4904
4907
3995
4905
4908
4906
4909
4000
4910
4911
4912
3998
4004
4089
4913
4916
3999
4005
4090
4914
4917
4006
4091
4915
4918
4919
4920
4921
4002
4029
4077
4922
4925
4003
4030
4078
4923
4926
4031
4079
4924
4927
4005
4083
4928
4931
4006
4084
4929
4932
4085
4930
4933
4014
4934
4935
4936
4009
4022
4101
4937
4940
4010
4023
4102
4938
4941
4024
4103
4939
4942
4012
4018
4107
4943
4946
4013
4019
4108
4944
4947
4020
4109
4945
4948
4949
4950
4951
4016
4057
4095
4952
4955
4017
4058
4096
4953
4956
4059
4097
4954
4957
4019
4098
4958
4961
4020
4099
4959
4962
4100
4960
4963
4028
4964
4965
4966
4023
4119
4967
4970
4024
4120
4968
4971
4121
4969
4972
4026
4032
4125
4973
4976
4027
4033
4126
4974
4977
4034
4127
4975
4978
4979
4980
4981
4030
4110
4982
4985
4031
4111
4983
4986
4112
4984
4987
4033
4116
4988
4991
4034
4117
4989
4992
4118
4990
4993
4042
4994
4995
4996
4037
4137
4997
5000
4038
4138
4998
5001
4139
4999
5002
4040
4046
4143
5003
5006
4041
4047
4144
5004
5007
4048
4145
5005
5008
5009
5010
5011
4044
4128
5012
5015
4045
4129
5013
5016
4130
5014
5017
4047
4134
5018
5021
4048
4135
5019
5022
4136
5020
5023
4056
5024
5025
5026
4051
4064
4155
5027
5030
4052
4065
4156
5028
5031
4066
4157
5029
5032
4054
4060
4161
5033
5036
4055
4061
4162
5034
5037
4062
4163
5035
5038
5039
5040
5041
4058
4146
5042
5045
4059
4147
5043
5046
4148
5044
5047
4061
4152
5048
5051
4062
4153
5049
5052
4154
5050
5053
4070
5054
5055
5056
4065
4173
5057
5060
4066
4174
5058
5061
4175
5059
5062
4068
4074
4179
5063
5066
4069
4075
4180
5064
5067
4076
4181
5065
5068
5069
5070
5071
4072
4164
5072
5075
4073
4165
5073
5076
4166
5074
5077
4075
4170
5078
5081
4076
4171
5079
5082
4172
5080
5083
4078
4110
5226
5229
4079
4111
5227
5230
4112
5228
5231
4081
4086
4566
5235
5906
4082
4087
4567
5236
5907
4088
4568
5237
5908
4084
4089
5232
5235
4085
4090
5233
5236
4091
5234
5237
4087
4572
5241
5909
4088
4573
5242
5910
4574
5243
5911
4090
5238
5241
4091
5239
5242
5240
5243
4093
4104
4587
5253
5915
4094
4105
4588
5254
5916
4106
4589
5255
5917
4096
4146
5244
5247
4097
4147
5245
5248
4148
5246
5249
4099
4107
5250
5253
4100
4108
5251
5254
4109
5252
5255
4102
4119
5256
5259
4103
4120
5257
5260
4121
5258
5261
4105
4593
5265
5921
4106
4594
5266
5922
4595
5267
5923
4108
5262
5265
4109
5263
5266
5264
5267
4111
5268
5271
4112
5269
5272
5270
5273
4114
4122
4611
5277
5927
4115
4123
4612
5278
5928
4124
4613
5279
5929
4117
4125
5274
5277
4118
4126
5275
5278
4127
5276
5279
4120
5280
5283
4121
5281
5284
5282
5285
4123
4617
5289
5933
4124
4618
5290
5934
4619
5291
5935
4126
5286
5289
4127
5287
5290
5288
5291
4129
5292
5295
4130
5293
5296
5294
5297
4132
4140
4638
5301
5939
4133
4141
4639
5302
5940
4142
4640
5303
5941
4135
4143
5298
5301
4136
4144
5299
5302
4145
5300
5303
4138
5304
5307
4139
5305
5308
5306
5309
4141
4644
5313
5945
4142
4645
5314
5946
4646
5315
5947
4144
5310
5313
4145
5311
5314
5312
5315
4147
5316
5319
4148
5317
5320
5318
5321
4150
4158
4659
5325
5951
4151
4159
4660
5326
5952
4160
4661
5327
5953
4153
4161
5322
5325
4154
4162
5323
5326
4163
5324
5327
4156
4173
5328
5331
4157
4174
5329
5332
4175
5330
5333
4159
4671
5337
5957
4160
4672
5338
5958
4673
5339
5959
4162
5334
5337
4163
5335
5338
5336
5339
4165
5340
5343
4166
5341
5344
5342
5345
4168
4176
4686
5349
5963
4169
4177
4687
5350
5964
4178
4688
5351
5965
4171
4179
5346
5349
4172
4180
5347
5350
4181
5348
5351
4174
5352
5355
4175
5353
5356
5354
5357
4177
4689
5361
5969
4178
4690
5362
5970
4691
5363
5971
4180
5358
5361
4181
5359
5362
5360
5363
4183
4184
4185
4184
4186
4187
4186
4187
5364
4187
5365
5366
4189
4194
4710
5365
4190
4195
4711
5365
4196
4712
5366
4192
4193
4197
5367
4193
4198
5368
4199
5369
4195
4704
5368
4196
4705
5368
4706
5369
4198
4199
5370
4199
5371
5372
4201
4204
4728
5371
4202
4205
4729
5371
4206
4730
5372
4207
4208
4209
5373
4205
4734
5374
4206
4735
5374
4736
5375
4208
4213
5374
4214
5375
4213
4214
5376
4211
4218
4722
5377
4212
4219
4723
5377
4220
4724
5378
4214
5377
5378
4216
4217
4221
5379
4217
4222
5380
4223
5381
4219
4716
5380
4220
4717
5380
4718
5381
4222
4223
5382
4223
5384
5385
4225
4229
4740
5384
4226
4230
4741
5384
4231
4742
5385
4234
4449
4450
5387
4232
4233
4235
5386
4230
4746
5388
4231
4747
5388
4748
5389
4233
4236
5388
4237
5389
4441
4442
5391
4236
4237
5390
4237
5392
5393
4239
4245
4758
5392
4240
4246
4759
5392
4247
4760
5393
4248
4433
4434
5395
4243
4244
4249
5394
4244
4250
5396
4251
5397
4246
4752
5396
4247
4753
5396
4754
5397
4501
4502
5399
4250
4251
5398
4251
5400
5401
4253
4257
4856
5400
4254
4258
4857
5400
4259
4858
5401
4262
4509
4510
5403
4260
4261
4263
5402
4258
4862
5404
4259
4863
5404
4864
5405
4261
4267
5404
4268
5405
4517
4518
5407
4267
4268
5406
4265
4272
4850
5408
4266
4273
4851
5408
4274
4852
5409
4268
5408
5409
4270
4271
4275
5410
4271
4276
5412
4277
5413
4273
4844
5412
4274
4845
5412
4846
5413
4276
4277
5414
4277
5415
5416
4279
4282
4820
5415
4280
4283
4821
5415
4284
4822
5416
4285
4286
4287
5417
4283
4826
5418
4284
4827
5418
4828
5419
4286
4288
5418
4289
5419
4288
4289
5420
4289
5421
5422
4291
4296
4838
5421
4292
4297
4839
5421
4298
4840
5422
4294
4295
4299
5423
4295
4300
5424
4301
5425
4297
4832
5424
4298
4833
5424
4834
5425
4300
4301
5426
4301
5427
5428
4303
4306
4874
5427
4304
4307
4875
5427
4308
4876
5428
4309
4310
4311
5429
4307
4883
5430
4308
4884
5430
4885
5431
4310
4314
5430
4315
5431
4314
4315
5432
4313
4317
4323
5433
4317
4324
5434
4315
5433
5434
4318
4539
4540
5437
4319
5438
4527
4528
5439
4323
4324
5440
4321
4330
4880
5441
4322
4331
4881
5441
4332
4882
5442
4324
5441
5442
4333
4541
4542
5443
4335
4519
4520
5444
4328
4329
4336
5445
4329
4337
5446
4338
5447
4331
4868
5446
4332
4869
5446
4870
5447
4537
4538
5448
4342
4529
4530
5449
4543
4544
5450
4337
4338
5451
4338
5452
5453
4340
4347
4898
5452
4341
4348
4899
5452
4349
4900
5453
4473
4474
5454
4351
4548
4549
5455
4345
4346
4352
5456
4346
4353
5457
4354
5458
4348
4904
5457
4349
4905
5457
4906
5458
4478
4479
5459
4558
4559
5460
4353
4354
5461
4354
5462
5463
4356
4362
4892
5462
4357
4363
4893
5462
4364
4894
5463
4365
4553
4554
5464
4360
4361
4366
5465
4361
4367
5466
4368
5467
4363
4886
5466
4364
4887
5466
4888
5467
4463
4464
5468
4367
4368
5469
4368
5470
5471
4370
4376
4778
5470
4371
4377
4779
5470
4378
4780
5471
4379
4468
4469
5472
4374
4375
4380
5473
4375
4384
5474
4385
5475
4377
4784
5474
4378
4785
5474
4786
5475
4461
4462
5476
4384
4385
5477
4382
4389
4814
5478
4383
4389
4815
5478
4390
4816
5479
4385
5478
5479
4455
5480
4388
5481
5482
5483
4390
4806
5482
4807
5483
4770
5484
5485
4393
4416
4764
4765
5484
4417
4766
5485
4790
5486
5487
4396
4419
4793
4794
5486
4420
4795
5487
4805
5488
5489
4399
4431
4808
4809
5488
4432
4810
5489
4919
5490
5491
4402
4413
4922
4923
5490
4414
4924
5491
4934
5492
5493
4405
4410
4937
4938
5492
4411
4939
5493
4949
5494
5495
4408
4425
4952
4953
5494
4426
4954
5495
4964
5496
5497
4411
4967
4968
5496
4969
5497
4979
5498
5499
4414
4982
4983
5498
4984
5499
4994
5500
5501
4417
4997
4998
5500
4999
5501
5009
5502
5503
4420
5012
5013
5502
5014
5503
5024
5504
5505
4423
4428
5027
5028
5504
4429
5029
5505
5039
5506
5507
4426
5042
5043
5506
5044
5507
5054
5508
5509
4429
5057
5058
5508
5059
5509
5069
5510
5511
4432
5072
5073
5510
5074
5511
4434
4501
5512
4502
5513
4436
4438
5512
4437
4439
5512
4440
5513
4439
5514
4440
5514
5515
4442
4449
5514
4450
5515
4444
4446
5516
4445
4447
5516
4448
5517
4447
5518
4448
5518
5519
4450
5518
5519
4452
5090
5091
5095
5096
4454
4771
4772
4773
4774
5520
5521
4457
4458
4459
4791
5520
4460
4792
5521
4459
4799
5522
4460
4800
5522
4801
5523
4462
4468
5522
4469
5523
4464
4553
5524
4554
5525
4466
4470
5106
5524
4467
4471
5107
5524
4472
5108
5525
4469
5526
5527
4471
5112
5526
4472
5113
5526
5114
5527
4474
4529
5528
4530
5529
4476
4480
5136
5528
4477
4481
5137
5528
4482
5138
5529
4479
5530
5531
4481
5142
5530
4482
5143
5530
5144
5531
4484
4486
5124
4485
4487
5125
4488
5126
4487
5130
4488
5131
5132
4490
5158
5159
5163
5164
4492
5148
5149
5153
5154
4494
4496
5168
4495
4497
5169
4498
5170
4497
5179
4498
5180
5181
4500
5174
5175
5182
5183
4502
5532
5533
4504
4506
5532
4505
4507
5532
4508
5533
4507
5534
4508
5534
5535
4510
4517
5534
4518
5535
4512
4514
5536
4513
4515
5536
4516
5537
4515
5538
4516
5538
5539
4518
5538
5539
4520
4543
5540
4544
5541
4522
4524
5184
5540
4523
4525
5185
5540
4526
5186
5541
4525
5196
5542
4526
5197
5542
5198
5543
4528
4539
5542
4540
5543
4530
5544
5545
4532
4534
5190
5544
4533
4535
5191
5544
4536
5192
5545
4535
5199
5546
4536
5200
5546
5201
5547
4538
4541
5546
4542
5547
4540
5548
5549
4542
5548
5549
4544
5550
5551
4546
4550
5214
5550
4547
4551
5215
5550
4552
5216
5551
4549
4558
5552
4559
5553
4551
5220
5552
4552
5221
5552
5222
5553
4554
5554
5555
4556
4560
5202
5554
4557
4561
5203
5554
4562
5204
5555
4559
5556
5557
4561
5208
5556
4562
5209
5556
5210
5557
4564
4575
5558
4565
4576
5559
4577
5560
4567
4572
5561
4568
4573
5562
4574
5563
4570
4578
4614
5561
4571
4579
4615
5562
4580
4616
5563
4573
5564
4574
5565
5566
4576
5567
4577
5568
5569
4579
4626
5567
4580
4627
5568
4628
5569
4582
4599
5570
4583
4600
5571
4601
5572
4585
4596
4608
5570
4586
4597
4609
5571
4598
4610
5572
4588
4593
5573
4589
4594
5574
4595
5575
4591
4602
4662
5573
4592
4603
4663
5574
4604
4664
5575
4594
5576
4595
5577
5578
4597
4620
5576
4598
4621
5577
4622
5578
4600
5579
4601
5580
5581
4603
4668
5579
4604
4669
5580
4670
5581
4606
4623
5582
4607
4624
5583
4625
5584
4609
4620
5582
4610
4621
5583
4622
5584
4612
4617
5585
4613
4618
5586
4619
5587
4615
4626
5585
4616
4627
5586
4628
5587
4618
5588
4619
5589
5590
4621
5588
4622
5589
5590
4624
5591
4625
5592
5593
4627
5591
4628
5592
5593
4630
4641
5594
4631
4642
5595
4643
5596
4633
4647
5594
4634
4648
5595
4649
5596
4636
4650
5597
4637
4651
5598
4652
5599
4639
4644
5597
4640
4645
5598
4646
5599
4642
5600
4643
5601
5602
4645
5600
4646
5601
5602
4648
5603
4649
5604
5605
4651
5603
4652
5604
5605
4654
4665
5606
4655
4666
5607
4667
5608
4657
4674
4680
5606
4658
4675
4681
5607
4676
4682
5608
4660
4671
5609
4661
4672
5610
4673
5611
4663
4668
5609
4664
4669
5610
4670
5611
4666
5612
4667
5613
5614
4669
5612
4670
5613
5614
4672
5615
4673
5616
5617
4675
4692
5615
4676
4693
5616
4694
5617
4678
4695
5618
4679
4696
5619
4697
5620
4681
4692
5618
4682
4693
5619
4694
5620
4684
4698
5621
4685
4699
5622
4700
5623
4687
4689
5621
4688
4690
5622
4691
5623
4690
5624
4691
5625
5626
4693
5624
4694
5625
5626
4696
5627
4697
5628
5629
4699
5627
4700
5628
5629
4702
4713
4703
4714
4715
4705
4710
5630
4706
4711
5631
4712
5632
4708
4731
5630
4709
4732
5631
4733
5632
4711
5633
4712
5634
5635
4714
5633
4715
5634
5635
4717
4722
5636
4718
4723
5637
4724
5638
4720
4743
5636
4721
4744
5637
4745
5638
4723
5639
4724
5640
5641
4726
4737
5639
4727
4738
5640
4739
5641
4729
4734
5642
4730
4735
5643
4736
5644
4732
5642
4733
5643
5644
4735
5645
4736
5646
5647
4738
5645
4739
5646
5647
4741
4746
5648
4742
4747
5649
4748
5650
4744
5648
4745
5649
5650
4747
5651
4748
5652
5653
4750
4761
5651
4751
4762
5652
4763
5653
4753
4758
5654
4754
4759
5655
4760
5656
4756
4859
5654
4757
4860
5655
4861
5656
4759
5657
4760
5658
5659
4762
5657
4763
5658
5659
4765
4997
5660
4766
4998
5661
4999
5662
4768
4775
5087
5660
4769
4776
5088
5661
4777
5089
5662
5663
5664
4772
4773
5663
4774
5664
4774
5665
5666
5667
4776
5097
5665
4777
5098
5666
5099
5667
4779
4784
5668
4780
4785
5669
4786
5670
4782
4889
5668
4783
4890
5669
4891
5670
4785
5671
4786
5672
5673
4788
4817
5121
5671
4789
4818
5122
5672
4819
5123
5673
5674
5675
4792
4799
4800
5674
4801
5675
4794
5012
5676
4795
5013
5677
5014
5678
4797
4802
5103
5676
4798
4803
5104
5677
4804
5105
5678
4800
5679
4801
5680
5681
4803
5115
5679
4804
5116
5680
5117
5681
5682
5683
4807
4814
4815
5682
4816
5683
4809
5072
5684
4810
5073
5685
5074
5686
4812
4817
5121
5684
4813
4818
5122
5685
4819
5123
5686
4815
5687
4816
5688
5689
4818
5687
4819
5688
5689
4821
4826
5690
4822
4827
5691
4828
5692
4824
4847
5690
4825
4848
5691
4849
5692
4827
5693
4828
5694
5695
4830
4841
5693
4831
4842
5694
4843
5695
4833
4838
5696
4834
4839
5697
4840
5698
4836
4877
5696
4837
4878
5697
4879
5698
4839
5699
4840
5700
5701
4842
5699
4843
5700
5701
4845
4850
5702
4846
4851
5703
4852
5704
4848
5702
4849
5703
5704
4851
5705
4852
5706
5707
4854
4865
5705
4855
4866
5706
4867
5707
4857
4862
5708
4858
4863
5709
4864
5710
4860
5708
4861
5709
5710
4863
5711
4864
5712
5713
4866
5711
4867
5712
5713
4869
4880
5714
4870
4881
5715
4882
5716
4872
4901
5714
4873
4902
5715
4903
5716
4875
4883
5717
4876
4884
5718
4885
5719
4878
5717
4879
5718
5719
4881
5720
4882
5721
5722
4884
5720
4885
5721
5722
4887
4892
5723
4888
4893
5724
4894
5725
4890
5723
4891
5724
5725
4893
5726
4894
5727
5728
4896
4907
5726
4897
4908
5727
4909
5728
4899
4904
5729
4900
4905
5730
4906
5731
4902
5729
4903
5730
5731
4905
5732
4906
5733
5734
4908
5732
4909
5733
5734
5735
5736
4912
4913
4914
4920
5735
4915
4921
5736
4914
4928
5737
4915
4929
5738
4930
5739
4917
5238
5737
4918
5239
5738
5240
5739
5740
5741
4921
4928
4929
5740
4930
5741
4923
4982
5742
4924
4983
5743
4984
5744
4926
4931
5226
5742
4927
4932
5227
5743
4933
5228
5744
4929
5745
4930
5746
5747
4932
5232
5745
4933
5233
5746
5234
5747
5748
5749
4936
4943
4944
4950
5748
4945
4951
5749
4938
4967
5750
4939
4968
5751
4969
5752
4941
4946
5256
5750
4942
4947
5257
5751
4948
5258
5752
4944
4958
5753
4945
4959
5754
4960
5755
4947
5262
5753
4948
5263
5754
5264
5755
5756
5757
4951
4958
4959
5756
4960
5757
4953
5042
5758
4954
5043
5759
5044
5760
4956
4961
5244
5758
4957
4962
5245
5759
4963
5246
5760
4959
5761
4960
5762
5763
4962
5250
5761
4963
5251
5762
5252
5763
5764
5765
4966
4973
4974
4980
5764
4975
4981
5765
4968
5766
4969
5767
5768
4971
4976
5280
5766
4972
4977
5281
5767
4978
5282
5768
4974
4988
5769
4975
4989
5770
4990
5771
4977
5286
5769
4978
5287
5770
5288
5771
5772
5773
4981
4988
4989
5772
4990
5773
4983
5774
4984
5775
5776
4986
4991
5268
5774
4987
4992
5269
5775
4993
5270
5776
4989
5777
4990
5778
5779
4992
5274
5777
4993
5275
5778
5276
5779
5780
5781
4996
5003
5004
5010
5780
5005
5011
5781
4998
5782
4999
5783
5784
5001
5006
5307
5782
5002
5007
5308
5783
5008
5309
5784
5004
5018
5785
5005
5019
5786
5020
5787
5007
5310
5785
5008
5311
5786
5312
5787
5788
5789
5011
5018
5019
5788
5020
5789
5013
5790
5014
5791
5792
5016
5021
5295
5790
5017
5022
5296
5791
5023
5297
5792
5019
5793
5020
5794
5795
5022
5298
5793
5023
5299
5794
5300
5795
5796
5797
5026
5033
5034
5040
5796
5035
5041
5797
5028
5057
5798
5029
5058
5799
5059
5800
5031
5036
5328
5798
5032
5037
5329
5799
5038
5330
5800
5034
5048
5801
5035
5049
5802
5050
5803
5037
5334
5801
5038
5335
5802
5336
5803
5804
5805
5041
5048
5049
5804
5050
5805
5043
5806
5044
5807
5808
5046
5051
5316
5806
5047
5052
5317
5807
5053
5318
5808
5049
5809
5050
5810
5811
5052
5322
5809
5053
5323
5810
5324
5811
5812
5813
5056
5063
5064
5070
5812
5065
5071
5813
5058
5814
5059
5815
5816
5061
5066
5352
5814
5062
5067
5353
5815
5068
5354
5816
5064
5078
5817
5065
5079
5818
5080
5819
5067
5358
5817
5068
5359
5818
5360
5819
5820
5821
5071
5078
5079
5820
5080
5821
5073
5822
5074
5823
5824
5076
5081
5343
5822
5077
5082
5344
5823
5083
5345
5824
5079
5825
5080
5826
5827
5082
5346
5825
5083
5347
5826
5348
5827
5085
5304
5828
5086
5305
5829
5306
5830
5088
5097
5828
5089
5098
5829
5099
5830
5091
5095
5831
5832
5096
5833
5093
5160
5831
5094
5161
5832
5162
5833
5096
5834
5835
5836
5098
5834
5099
5835
5836
5101
5292
5837
5102
5293
5838
5294
5839
5104
5115
5837
5105
5116
5838
5117
5839
5107
5112
5840
5108
5113
5841
5114
5842
5110
5205
5840
5111
5206
5841
5207
5842
5113
5843
5114
5844
5845
5116
5843
5117
5844
5845
5119
5340
5846
5120
5341
5847
5342
5848
5122
5846
5123
5847
5848
5125
5130
5849
5126
5131
5850
5132
5851
5128
5171
5849
5129
5172
5850
5173
5851
5131
5852
5132
5853
5854
5134
5145
5852
5135
5146
5853
5147
5854
5137
5142
5855
5138
5143
5856
5144
5857
5140
5193
5855
5141
5194
5856
5195
5857
5143
5858
5144
5859
5860
5146
5858
5147
5859
5860
5149
5153
5861
5862
5154
5863
5151
5176
5861
5152
5177
5862
5178
5863
5154
5864
5865
5866
5156
5165
5864
5157
5166
5865
5167
5866
5159
5163
5867
5868
5164
5869
5161
5867
5162
5868
5869
5164
5870
5871
5872
5166
5870
5167
5871
5872
5169
5179
5873
5170
5180
5874
5181
5875
5172
5873
5173
5874
5875
5175
5182
5876
5877
5183
5878
5177
5876
5178
5877
5878
5180
5879
5181
5880
5881
5183
5879
5880
5881
5185
5196
5882
5186
5197
5883
5198
5884
5188
5217
5882
5189
5218
5883
5219
5884
5191
5199
5885
5192
5200
5886
5201
5887
5194
5885
5195
5886
5887
5197
5888
5198
5889
5890
5200
5888
5201
5889
5890
5203
5208
5891
5204
5209
5892
5210
5893
5206
5891
5207
5892
5893
5209
5894
5210
5895
5896
5212
5223
5894
5213
5224
5895
5225
5896
5215
5220
5897
5216
5221
5898
5222
5899
5218
5897
5219
5898
5899
5221
5900
5222
5901
5902
5224
5900
5225
5901
5902
5227
5232
5903
5228
5233
5904
5234
5905
5230
5271
5903
5231
5272
5904
5273
5905
5233
5906
5234
5907
5908
5236
5241
5906
5237
5242
5907
5243
5908
5239
5909
5240
5910
5911
5242
5909
5243
5910
5911
5245
5250
5912
5246
5251
5913
5252
5914
5248
5319
5912
5249
5320
5913
5321
5914
5251
5915
5252
5916
5917
5254
5265
5915
5255
5266
5916
5267
5917
5257
5262
5918
5258
5263
5919
5264
5920
5260
5283
5918
5261
5284
5919
5285
5920
5263
5921
5264
5922
5923
5266
5921
5267
5922
5923
5269
5274
5924
5270
5275
5925
5276
5926
5272
5924
5273
5925
5926
5275
5927
5276
5928
5929
5278
5289
5927
5279
5290
5928
5291
5929
5281
5286
5930
5282
5287
5931
5288
5932
5284
5930
5285
5931
5932
5287
5933
5288
5934
5935
5290
5933
5291
5934
5935
5293
5936
5294
5937
5938
5296
5298
5936
5297
5299
5937
5300
5938
5299
5939
5300
5940
5941
5302
5313
5939
5303
5314
5940
5315
5941
5305
5942
5306
5943
5944
5308
5310
5942
5309
5311
5943
5312
5944
5311
5945
5312
5946
5947
5314
5945
5315
5946
5947
5317
5322
5948
5318
5323
5949
5324
5950
5320
5948
5321
5949
5950
5323
5951
5324
5952
5953
5326
5337
5951
5327
5338
5952
5339
5953
5329
5334
5954
5330
5335
5955
5336
5956
5332
5355
5954
5333
5356
5955
5357
5956
5335
5957
5336
5958
5959
5338
5957
5339
5958
5959
5341
5960
5342
5961
5962
5344
5346
5960
5345
5347
5961
5348
5962
5347
5963
5348
5964
5965
5350
5361
5963
5351
5362
5964
5363
5965
5353
5358
5966
5354
5359
5967
5360
5968
5356
5966
5357
5967
5968
5359
5969
5360
5970
5971
5362
5969
5363
5970
5971
5365
5366
5367
5366
5368
5369
5368
5369
5369
5371
5372
5373
5372
5374
5375
5374
5375
5375
5377
5378
5379
5378
5380
5381
5380
5381
5381
5384
5385
5386
5387
5516
5517
5385
5388
5389
5388
5389
5518
5519
5389
5392
5393
5394
5395
5514
5515
5393
5396
5397
5396
5397
5512
5513
5397
5400
5401
5402
5403
5532
5533
5401
5404
5405
5404
5405
5534
5535
5405
5408
5409
5410
5411
5538
5539
5409
5412
5413
5412
5413
5536
5537
5413
5415
5416
5417
5416
5418
5419
5418
5419
5419
5421
5422
5423
5422
5424
5425
5424
5425
5425
5427
5428
5429
5428
5430
5431
5430
5431
5431
5433
5434
5436
5434
5438
5438
5437
5443
5438
5548
5549
5444
5542
5543
5441
5442
5445
5442
5446
5447
5548
5549
5540
5541
5446
5447
5447
5449
5546
5547
5544
5545
5455
5550
5551
5452
5453
5456
5453
5457
5458
5459
5528
5529
5552
5553
5457
5458
5458
5530
5531
5464
5556
5557
5462
5463
5465
5463
5466
5467
5554
5555
5466
5467
5467
5472
5524
5525
5470
5471
5473
5471
5474
5475
5526
5527
5474
5475
5475
5480
5522
5523
5478
5479
5481
5479
5482
5483
5520
5521
5482
5483
5483
5485
5660
5661
5663
5662
5664
5487
5674
5676
5677
5675
5678
5489
5682
5684
5685
5683
5686
5491
5740
5742
5743
5741
5744
5493
5748
5750
5751
5749
5752
5495
5756
5758
5759
5757
5760
5497
5764
5766
5767
5765
5768
5499
5772
5774
5775
5773
5776
5501
5780
5782
5783
5781
5784
5503
5788
5790
5791
5789
5792
5505
5796
5798
5799
5797
5800
5507
5804
5806
5807
5805
5808
5509
5812
5814
5815
5813
5816
5511
5820
5822
5823
5821
5824
5513
5514
5515
5515
5517
5518
5519
5519
5521
5522
5523
5523
5525
5526
5527
5527
5529
5530
5531
5531
5533
5534
5535
5535
5537
5538
5539
5539
5541
5542
5543
5543
5545
5546
5547
5547
5549
5551
5552
5553
5553
5555
5556
5557
5557
5559
5564
5567
5560
5565
5568
5566
5569
5562
5564
5567
5563
5565
5568
5566
5569
5565
5566
5568
5569
5571
5576
5579
5572
5577
5580
5578
5581
5574
5576
5579
5575
5577
5580
5578
5581
5577
5578
5580
5581
5583
5588
5591
5584
5589
5592
5590
5593
5586
5588
5591
5587
5589
5592
5590
5593
5589
5590
5592
5593
5595
5600
5603
5596
5601
5604
5602
5605
5598
5600
5603
5599
5601
5604
5602
5605
5601
5602
5604
5605
5607
5612
5615
5608
5613
5616
5614
5617
5610
5612
5615
5611
5613
5616
5614
5617
5613
5614
5616
5617
5619
5624
5627
5620
5625
5628
5626
5629
5622
5624
5627
5623
5625
5628
5626
5629
5625
5626
5628
5629
5631
5633
5632
5634
5635
5634
5635
5637
5639
5638
5640
5641
5640
5641
5643
5645
5644
5646
5647
5646
5647
5649
5651
5650
5652
5653
5652
5653
5655
5657
5656
5658
5659
5658
5659
5661
5665
5662
5666
5667
5664
5665
5666
5667
5666
5667
5669
5671
5670
5672
5673
5672
5846
5673
5847
5848
5675
5679
5680
5681
5677
5679
5678
5680
5681
5680
5681
5683
5687
5688
5689
5685
5687
5686
5688
5689
5688
5689
5691
5693
5692
5694
5695
5694
5695
5697
5699
5698
5700
5701
5700
5701
5703
5705
5704
5706
5707
5706
5707
5709
5711
5710
5712
5713
5712
5713
5715
5720
5716
5721
5722
5718
5720
5719
5721
5722
5721
5722
5724
5726
5725
5727
5728
5727
5728
5730
5732
5731
5733
5734
5733
5734
5736
5737
5738
5739
5738
5739
5741
5745
5746
5747
5743
5745
5744
5746
5747
5746
5747
5749
5753
5754
5755
5751
5753
5752
5754
5755
5754
5755
5757
5761
5762
5763
5759
5761
5760
5762
5763
5762
5763
5765
5769
5770
5771
5767
5769
5768
5770
5771
5770
5771
5773
5777
5778
5779
5775
5777
5776
5778
5779
5778
5779
5781
5785
5786
5787
5783
5785
5784
5786
5787
5786
5787
5789
5793
5794
5795
5791
5793
5792
5794
5795
5794
5795
5797
5801
5802
5803
5799
5801
5800
5802
5803
5802
5803
5805
5809
5810
5811
5807
5809
5808
5810
5811
5810
5811
5813
5817
5818
5819
5815
5817
5816
5818
5819
5818
5819
5821
5825
5826
5827
5823
5825
5824
5826
5827
5826
5827
5829
5834
5830
5835
5836
5832
5834
5833
5835
5836
5835
5836
5838
5843
5839
5844
5845
5841
5843
5842
5844
5845
5844
5845
5847
5848
5850
5852
5851
5853
5854
5853
5854
5856
5858
5857
5859
5860
5859
5860
5862
5864
5863
5865
5866
5865
5866
5868
5870
5869
5871
5872
5871
5872
5874
5879
5875
5880
5881
5877
5879
5878
5880
5881
5880
5881
5883
5888
5884
5889
5890
5886
5888
5887
5889
5890
5889
5890
5892
5894
5893
5895
5896
5895
5896
5898
5900
5899
5901
5902
5901
5902
5904
5906
5905
5907
5908
5907
5908
5910
5911
5913
5915
5914
5916
5917
5916
5917
5919
5921
5920
5922
5923
5922
5923
5925
5927
5926
5928
5929
5928
5929
5931
5933
5932
5934
5935
5934
5935
5937
5939
5938
5940
5941
5940
5941
5943
5945
5944
5946
5947
5946
5947
5949
5951
5950
5952
5953
5952
5953
5955
5957
5956
5958
5959
5958
5959
5961
5963
5962
5964
5965
5964
5965
5967
5969
5968
5970
5971
5970
5971
)


// ************************************************************************* //
