/*--------------------------------*- C++ -*----------------------------------*\
  =========                 |
  \\      /  F ield         | OpenFOAM: The Open Source CFD Toolbox
   \\    /   O peration     | Website:  https://openfoam.org
    \\  /    A nd           | Version:  8
     \\/     M anipulation  |
\*---------------------------------------------------------------------------*/
/*   Windows 32 and 64 bit porting by blueCAPE: http://www.bluecape.com.pt   *\
|  Based on Windows porting (2.0.x v4) by Symscape: http://www.symscape.com   |
\*---------------------------------------------------------------------------*/
FoamFile
{
    version     2.0;
    format      ascii;
    class       labelList;
    note        "nPoints: 7331 nCells: 5244 nFaces: 17552 nInternalFaces: 15234";
    location    "constant/vegetation/polyMesh";
    object      neighbour;
}
// * * * * * * * * * * * * * * * * * * * * * * * * * * * * * * * * * * * * * //


15234
(
2
4
32
1275
1278
3835
3838
3840
3841
3
33
2175
2176
2177
6
34
1281
2254
2255
2257
3856
3859
3861
3862
3877
3880
3882
3883
35
1289
1290
1291
6
36
2182
2183
2184
7
37
2188
2189
38
2110
2112
4175
4179
4180
4181
39
2191
12
14
40
2261
2262
2264
2637
2638
2639
2640
4241
4242
4243
4244
4402
17
42
2194
2195
2196
18
20
51
158
159
160
23
53
2201
2202
2203
43
138
169
2268
2269
2272
2651
2652
2653
2654
4405
24
44
141
171
2665
2666
2667
2668
4408
45
138
174
4248
4249
4250
4251
4411
21
48
2208
2209
2210
22
49
140
177
4262
4263
4264
4265
4414
50
2215
2216
2217
54
58
181
182
183
28
57
59
192
193
194
54
60
2221
2222
2225
62
2229
2230
2231
56
64
201
4283
4284
4285
4286
4417
65
2236
2237
2238
26
71
4297
4298
4299
4300
4420
29
66
139
205
4304
4305
4306
4307
4423
68
141
209
4318
4319
4320
4321
4426
31
69
70
4183
4184
4185
30
80
2247
2248
2249
55
73
213
4332
4333
4334
4335
4429
57
75
4193
4194
4197
76
78
4201
4202
4203
34
36
2255
2256
2258
3146
3147
3150
3151
3153
3154
3157
3158
3160
3161
3164
3165
35
1295
1296
1299
38
2254
2255
2256
1302
1306
3908
3909
3910
3911
38
1310
1313
3940
3943
3945
3946
39
1316
1317
1320
1323
2254
2256
2259
3954
3957
3959
3960
1326
1327
43
45
2261
2262
2263
47
222
582
583
584
50
588
589
592
2194
2195
2197
130
2268
2269
2270
71
134
288
2856
2857
2860
2861
2870
2871
2874
2876
130
293
294
2262
2263
2266
2877
2878
2881
2882
61
132
225
596
598
2320
2321
2325
2704
2706
2708
3235
3236
3237
3238
226
2274
2275
2278
62
2209
2210
2211
2281
2282
2285
64
133
306
307
310
2215
2217
2218
2288
2289
2292
58
60
2295
2296
2299
63
233
613
614
615
65
332
333
336
2201
2203
2204
142
619
620
623
139
143
2302
2303
4432
140
145
627
3295
3298
3300
3301
4435
146
2305
2306
2309
142
2312
2313
2316
80
146
192
194
196
363
3017
3019
3020
3022
3031
3032
3035
3037
142
369
370
1211
1212
1215
1216
2222
2225
2227
2296
2299
2301
2611
2612
2615
144
236
2320
2321
2322
2230
2231
2232
2326
2327
2330
237
1330
1331
1332
145
389
390
393
1336
1337
1340
2236
2238
2239
73
131
401
402
405
74
241
2188
4396
4397
4398
71
134
408
409
412
76
2190
2344
2345
2348
4183
4184
4186
78
2190
2352
4183
4185
4187
416
3115
3117
79
2353
2354
2357
4190
4191
143
2360
2361
2364
244
2191
4210
4211
4212
80
146
2367
2368
4193
4197
4199
4371
4373
4376
4377
2192
2374
2375
2378
4201
4202
4204
81
245
2382
2383
2384
2192
4201
4203
4205
418
421
2243
2244
430
431
2247
2249
2250
3132
3133
3136
3137
651
653
3381
3382
3383
3384
87
255
2389
2390
2391
85
88
256
2396
2397
2398
96
154
265
438
439
440
156
266
445
446
447
101
155
588
2403
2404
2405
589
2410
2411
2412
156
590
2417
2418
2419
104
166
313
452
453
454
92
199
314
459
460
461
94
167
315
466
467
468
113
332
2424
2425
2426
164
333
473
474
475
165
334
480
481
482
97
173
281
488
489
168
283
492
493
494
170
284
498
499
110
178
2281
2431
2432
2433
102
2282
2438
2439
2440
103
179
2283
2445
2446
2447
175
2288
2452
2453
2454
2289
2459
2460
2461
176
2290
2466
2467
2468
189
345
503
504
505
107
340
346
510
511
512
109
190
347
517
518
519
342
362
524
525
526
124
187
363
531
532
533
188
364
538
539
540
202
2326
2473
2474
2475
114
2327
2480
2481
2482
115
203
2328
2487
2488
2489
199
1336
2494
2495
2496
1337
2501
2502
2503
200
1338
2508
2509
2510
208
2333
2515
2516
2517
119
2334
2351
4217
4218
4219
121
210
2335
2522
2523
2524
2344
2352
4224
4225
4226
128
206
2345
2529
2530
2531
207
2346
2536
2537
2538
123
126
418
2543
2544
2545
216
430
2550
2551
2552
211
431
549
550
551
212
432
556
557
558
216
2353
2557
2558
2559
129
218
2355
2564
2565
2566
214
2375
2571
2572
2573
215
2376
2578
2579
2580
138
657
658
2269
2270
2271
3392
3395
3396
3397
139
143
2584
2585
2586
144
219
671
674
1586
1587
1589
1591
2617
2621
2622
2691
2692
2694
140
145
683
684
685
141
690
691
3448
3451
3452
3453
257
259
260
698
699
700
261
569
705
706
707
258
264
2592
2593
2594
2598
2599
4438
2601
2602
4441
2604
2605
4444
2607
2608
4447
2610
2611
2612
1358
1359
1360
230
2617
2618
2621
731
732
733
740
741
2305
2309
2310
3518
3520
3521
3523
320
321
610
748
749
750
322
755
756
757
325
611
2625
2626
2627
153
353
357
763
424
648
2631
2632
427
765
766
428
649
768
769
168
248
2634
2635
2638
175
249
4238
4239
4242
250
2641
2642
2643
161
162
163
451
458
4454
161
162
181
452
2295
162
163
182
2221
4456
161
163
459
2222
2296
455
462
2297
186
457
4459
464
2223
4461
165
474
475
477
608
167
480
482
485
609
167
189
326
453
454
456
2933
2935
2937
327
466
467
470
272
2648
2649
2652
171
273
2599
2658
2659
2660
2661
2832
2833
2836
4464
173
274
2655
2656
2659
287
2607
2672
2673
2674
2675
2857
2858
2861
4471
288
2662
2663
2666
289
2669
2670
2673
177
293
2598
4255
4256
4257
4258
4474
294
4245
4246
4249
179
295
4252
4253
4256
306
2604
4269
4270
4271
4272
4477
202
307
4259
4260
4263
308
4266
4267
4270
184
185
186
502
509
4480
185
186
503
2312
184
186
619
4482
184
185
510
620
2313
513
621
4485
506
514
2314
507
4488
188
211
354
532
533
535
190
355
538
540
543
2989
2991
2993
190
358
504
505
508
3003
3005
3007
359
517
518
521
3010
3012
3014
195
196
197
523
530
4490
195
196
524
2305
195
197
2248
2306
4492
196
197
531
2249
527
2307
4495
528
534
536
2251
4498
201
339
369
2677
2678
2679
370
2683
2684
2685
203
371
4273
4274
4277
389
626
2678
2679
2680
3295
3296
3298
4290
4291
4292
4293
4500
390
4280
4281
4284
391
4287
4288
4291
208
416
4294
4295
4298
209
401
2601
4311
4312
4313
4314
4503
214
402
4301
4302
4305
210
403
4308
4309
4312
408
4315
4316
4319
409
2608
4325
4326
4327
4328
4506
410
4322
4323
4326
212
550
551
554
646
556
558
561
647
217
2302
2360
4339
4340
4341
4342
4509
2361
4329
4330
4333
218
2362
4336
4337
4340
2367
4343
4344
4345
343
2368
4196
4197
4198
4199
4353
4354
4355
4356
4512
2369
4350
4351
4354
225
230
2691
2692
2693
223
231
242
781
2733
2734
2736
3560
3561
3565
3566
3567
3568
3572
3573
224
228
232
2698
2699
2700
226
1365
1366
1367
234
580
1372
1373
3982
3985
3987
3988
235
571
1379
1381
2699
2700
2701
2748
2750
2752
3996
3999
4001
4002
236
2704
2706
2707
1385
1387
1388
238
570
1393
1394
1395
239
571
2712
2713
2714
2719
2720
2721
236
2725
2727
2728
234
246
2733
2734
2735
235
239
2740
2741
2742
237
1399
1400
1402
2734
2735
2737
4024
4025
4026
4027
579
2748
2749
2750
2754
2755
2758
1403
1404
1407
578
1410
1411
1412
579
2762
2763
2764
1417
1418
1419
244
1316
4357
4358
4361
246
580
1434
1436
4053
4056
4058
4059
247
1318
4365
4366
4367
1326
2768
2769
2772
1442
4067
4071
4072
4073
1447
1449
2733
2735
2738
4085
4088
4090
4091
1328
2776
2777
2778
265
272
2782
2784
2785
250
294
588
2260
2262
2264
2266
2789
2790
2794
2795
4238
4242
4244
266
590
891
892
895
897
2642
2643
2647
2782
2783
2786
2787
267
269
591
892
893
894
270
276
297
899
900
901
268
278
906
907
908
271
299
593
2790
2791
2792
256
258
589
2389
2390
2392
266
590
2397
2398
2399
2796
2797
2801
2802
267
591
2797
2798
2799
594
2592
2593
2595
2796
2799
2800
2802
267
269
912
913
269
591
916
917
918
797
923
924
592
604
2804
2805
2806
271
593
606
931
932
933
594
2811
2812
2813
283
2817
2818
2821
446
447
448
937
938
941
942
2818
2819
2820
2822
938
939
940
286
945
946
947
951
301
953
305
954
955
956
283
2824
2826
2827
287
658
2832
2833
2834
284
289
2838
2840
2841
285
290
959
960
961
659
966
967
968
292
660
973
974
975
286
980
981
982
291
415
665
986
987
988
292
666
990
284
289
2845
2846
285
290
993
994
2848
2849
2850
2853
2854
996
997
999
1000
1001
690
2857
2858
2859
1018
1021
2662
2666
2668
2863
2864
2867
2869
2863
2865
2866
1005
1006
1007
417
692
2871
2872
2873
693
1012
1013
1014
295
306
657
2884
2885
2888
2890
295
2288
2891
2892
2895
2897
4246
4249
4251
296
308
2290
4253
4256
4258
300
309
2291
2884
2886
2889
2890
2891
2893
2896
2897
2900
2901
2902
301
659
2878
2879
2880
304
311
661
2885
2886
2887
305
2293
2892
2893
2894
595
602
2899
2900
2901
677
1023
1024
597
678
1028
1029
599
605
814
1035
1036
1037
600
680
2906
2907
2908
606
1042
1043
1044
308
311
683
308
312
390
2281
4259
4263
4265
309
2283
4267
4270
4272
311
312
595
2284
311
312
393
598
685
600
686
2885
2886
2890
3246
3248
3250
394
601
2286
326
345
2912
2913
2916
315
332
370
459
461
462
1069
1070
1074
1075
2296
2297
2298
2301
327
334
467
468
469
1048
1049
1052
1054
2913
2914
2915
2917
328
330
335
1049
1050
1051
349
373
1056
1057
1058
329
351
1063
1064
1065
331
337
375
1070
1071
1072
328
330
1076
1077
330
335
1081
1082
1083
846
1088
1089
1090
336
385
2920
2921
2922
331
337
387
1096
1097
1098
338
2927
2928
2929
358
2933
2935
2936
609
1102
1103
1106
1107
2933
2934
2937
2938
610
1103
1104
1105
361
1110
1111
1112
1116
1117
400
1118
1119
334
1336
2424
2426
2427
2947
2948
2951
2953
334
338
473
474
476
608
481
482
483
609
2940
2941
2944
2945
610
2941
2942
2943
338
1340
2921
2922
2923
2947
2950
2952
2953
1341
2948
2949
2950
611
2927
2929
2931
2940
2943
2945
2946
626
712
1122
1123
1124
342
713
1128
1129
1132
344
628
715
1136
1137
1138
740
2954
2955
2958
741
2302
2308
2309
2310
2311
2961
2963
2965
2967
4515
743
2304
2962
2963
2964
358
2968
2969
2972
362
713
2975
2976
2979
359
364
2982
2983
2986
360
365
1143
1144
1145
714
1150
1151
1152
367
716
1157
1158
1159
361
1164
1165
1166
366
425
720
1170
1171
368
428
1173
1174
363
646
2989
2990
2993
2995
2996
2997
3001
3002
359
364
2989
2991
2992
360
365
1177
1178
1179
368
649
2997
2998
2999
3003
3005
3006
3010
3012
3013
1184
1185
1186
1191
1192
1193
740
3017
3018
3021
431
531
532
534
3025
3026
3027
3030
3038
3039
3043
3044
3024
3025
3028
1198
1199
1200
434
742
3032
3033
3034
744
1205
1206
1207
435
3039
3040
3041
371
389
712
2677
2679
2682
3052
3053
3056
3057
371
1336
2683
2685
2689
3059
3060
3063
3065
391
1338
3045
3046
3049
3051
4274
4277
4279
392
396
1339
3046
3047
3048
397
714
1212
1213
1214
395
399
717
3053
3054
3055
400
1341
3060
3061
3062
392
396
1288
3067
3068
3069
381
596
853
1289
2319
2320
2324
2325
3073
3075
3077
3078
3718
3719
3720
381
393
598
724
2319
2321
2323
2325
3080
3082
3084
3085
725
1219
1220
1221
398
854
1292
3074
3075
3076
394
601
1293
3066
3068
3070
3071
395
399
726
3081
3082
3083
396
1288
1339
3088
3089
3090
858
1291
3095
3096
3097
1340
3102
3103
3104
398
859
1292
1454
1455
1456
400
1341
1461
1462
1463
1294
1342
3087
3090
3091
3093
3094
3097
3098
3100
3101
3104
3106
3107
391
395
731
391
394
2326
4281
4284
4286
392
2328
4288
4291
4293
394
395
2329
3046
3047
3049
3068
3069
3071
394
395
733
2331
735
3053
3054
3057
3081
3082
3085
3109
3110
3111
1229
1230
863
1468
1469
738
1235
1236
1237
1473
1474
1475
403
406
409
2584
403
407
2345
2361
4301
4305
4307
404
410
2346
4309
4312
4314
406
407
411
2181
2347
406
407
2183
2364
2585
413
2186
2587
2187
2350
2366
410
414
416
2333
4315
4319
4321
410
413
691
411
2335
4323
4326
4328
413
414
629
2336
413
414
417
631
692
3115
3116
3117
3317
3318
3319
3448
3450
3452
633
694
3329
3330
3331
634
2337
417
631
1241
1242
4294
4298
4300
3115
3116
419
422
430
2353
2543
2545
2546
420
432
545
546
422
423
433
650
422
423
651
2357
436
655
2358
656
433
650
3119
3120
3121
434
639
1247
1248
1249
640
652
1254
1255
1256
654
1261
1262
1263
435
1268
1269
1270
436
643
655
3126
3127
3128
432
436
2367
2550
2552
2553
432
549
551
552
646
3139
3140
3143
3145
433
557
558
559
647
436
648
3120
3121
3123
3139
3141
3144
3145
2371
3133
3134
3135
649
3140
3141
3142
2373
3126
3127
3130
3132
3135
3137
3138
441
442
443
444
4519
441
443
492
2817
442
443
493
2634
4522
441
442
446
2635
2818
448
2819
449
2636
4525
495
4528
448
449
450
4802
449
450
2396
2641
4805
448
449
2642
448
450
2397
2644
4807
2400
4810
455
456
457
465
4535
455
457
503
2912
456
457
504
455
456
467
2913
469
2914
470
507
4536
462
463
464
465
4537
462
464
2683
463
464
2425
2684
4539
462
463
468
2426
469
471
2428
4541
2686
4543
469
470
471
4816
470
471
480
469
470
469
471
481
484
4817
476
477
478
479
2200
476
478
2203
476
477
482
477
478
483
2204
485
2206
483
484
485
2423
484
485
483
484
2426
483
485
2427
2428
4818
487
489
2662
490
2664
4546
490
498
2669
4819
490
2670
2845
2671
4822
495
496
497
4549
495
2848
495
496
2648
4552
496
499
2649
2849
4555
500
2650
4558
500
501
4825
500
501
2655
4828
500
2656
2853
2657
4831
4834
506
507
508
516
4561
506
507
2968
507
508
506
508
518
2969
520
2970
4562
521
513
514
515
516
4563
513
514
1128
2975
513
515
525
1129
4565
514
515
519
526
2976
1130
4568
520
2977
522
529
4571
520
521
522
4845
521
522
538
520
521
2982
520
522
539
2983
2984
542
4846
527
528
529
537
4573
527
528
2954
3017
527
529
2955
4575
528
529
539
3018
2956
4578
541
3019
542
4581
534
535
536
537
4583
534
536
549
534
535
540
535
536
550
541
543
553
4584
541
542
543
4847
542
543
541
542
3024
541
543
3025
3026
4848
546
547
2542
4902
546
547
557
2545
2546
560
2547
4903
552
553
554
555
2246
4585
552
553
2249
553
554
552
554
558
559
2250
2251
4586
561
559
560
561
2549
4914
560
561
559
560
2552
559
561
2553
2554
4915
771
1274
1309
3147
3148
3149
780
1479
1480
1481
573
774
1278
3154
3155
3156
574
781
1313
3161
3162
3163
776
1280
1486
1487
1488
576
777
785
3168
3169
3170
772
786
1314
1493
1494
1495
797
578
3174
3175
3178
579
1501
1503
2713
2714
2715
3208
3210
3214
4102
4105
4106
4107
831
1282
1319
1511
1512
1513
832
1285
3184
3185
3186
835
1323
3191
3192
3193
1287
1522
1523
834
838
1527
1528
1529
840
1324
1534
1535
1536
3201
3202
3205
3208
3209
3210
3217
585
586
587
922
928
2803
585
587
923
1365
585
586
1366
2274
586
587
2275
2804
926
929
2276
2808
927
2809
590
2288
2403
2404
2406
3225
3228
3230
3231
590
594
2410
2411
2413
2418
2419
2420
3218
3221
3222
3224
3218
3219
3220
594
2292
2805
2806
2807
3227
3229
3230
3231
2293
3225
3226
3227
2811
2813
2815
3220
3222
3223
3224
601
2174
2899
2900
2903
3239
3241
3242
3244
3246
3249
3250
3251
601
802
2175
3242
3243
3244
3245
670
803
3232
3233
3236
601
671
3248
3250
3251
3252
804
2178
3239
3240
3243
672
3246
3247
3248
2179
2174
2291
3253
3254
3257
809
2176
3261
3262
3263
2292
3267
3268
3271
810
2178
3274
3275
3278
2293
3281
3282
3283
2180
2294
3256
3257
3258
3259
3260
3263
3264
3266
3270
3271
3272
3273
609
611
3288
3292
3293
3294
3288
3289
3290
2625
2626
2628
3290
3291
3293
3294
616
617
618
1087
1093
2919
616
618
1088
1399
616
617
1331
617
618
1332
2920
1094
1334
2924
1092
2925
621
625
2221
4587
621
624
1128
2610
622
1130
4590
624
625
1121
1131
4593
624
625
1122
2225
2611
1125
1133
2613
1126
2226
4596
731
3295
3296
3297
732
2303
2605
3305
3306
3307
3308
4599
734
2304
3302
3303
3306
632
634
2181
2339
3329
3331
3332
3334
664
876
2182
3310
3311
3312
665
3316
3317
3318
877
2185
2341
3309
3311
3313
3315
3326
3327
3328
3789
3790
3793
667
2186
3329
3330
3333
2342
3318
3319
3320
3321
3324
3325
3326
3327
636
1241
1343
1243
1345
2109
2370
2381
3350
3351
3354
3355
3357
3358
3361
3362
3367
3368
3369
3370
719
884
2111
2118
2119
2120
720
2371
3336
3337
3340
885
2383
3343
3344
3347
886
2113
2385
3351
3352
3353
722
2114
2372
3358
3359
3360
2373
2386
3364
3365
3368
645
1244
1246
1253
1251
1258
1352
647
3371
3375
3376
3377
648
2632
3372
3374
3376
3377
3371
3372
3373
655
656
3119
3121
3124
3385
3387
3388
3390
655
656
2382
2383
3378
3379
3382
656
3388
3389
3390
3391
3385
3386
3389
2386
3126
3128
3131
3379
3380
3381
3383
663
683
2598
3406
3408
3409
3412
663
690
2599
2832
2834
2835
3399
3401
3402
3405
677
3392
3393
3394
679
693
3399
3400
3403
680
686
3406
3407
3410
681
687
695
3414
3415
3416
688
696
2600
3413
3416
3418
3419
771
1274
1562
1563
1564
692
1568
1569
1570
679
693
1575
1577
694
1276
3420
3422
3423
681
695
1277
3428
3429
3430
682
1280
1581
1582
678
773
1585
1587
1588
675
685
724
3435
3436
3438
3440
680
686
3434
3435
3437
681
687
1277
3442
3443
3444
675
728
774
1278
1592
1595
1596
1598
3512
3513
3516
3540
3541
3544
689
729
1279
3441
3443
3445
3447
682
776
1280
1593
1594
1595
1599
1600
1602
1603
1605
1606
1609
1610
1613
1617
1618
1619
1623
1624
686
688
2604
688
689
732
2586
2605
686
689
733
687
3406
3410
3412
3435
3437
3440
688
689
2588
3415
3416
3418
3442
3443
3447
2589
2606
737
2590
696
2607
2857
2859
2860
3455
3457
3458
3460
694
696
2584
2608
3448
3449
3450
3455
3456
3459
2587
3420
3423
3426
3450
3452
3453
3454
3462
3464
3467
3468
2588
3463
3464
3465
2589
2609
3462
3465
3466
3468
701
702
703
711
2591
702
703
916
701
702
913
2798
701
703
918
2592
2799
2595
2800
919
2596
708
709
710
711
2591
708
710
708
709
709
710
924
2594
925
2596
2597
715
731
1122
1124
1125
2611
2613
2615
2616
3476
3478
3479
3481
740
3469
3470
3471
1626
1627
1628
734
743
1136
1137
1139
3470
3472
3474
3475
3483
3484
3487
3489
744
1633
1634
1637
735
738
3476
3477
3480
736
739
746
3484
3485
3486
831
1282
1641
1642
742
2124
2125
2127
744
1645
1646
745
1283
3491
3492
3493
739
746
1284
1649
1650
1651
729
733
2617
2619
2620
2622
3497
3499
3500
3502
1657
1658
1661
735
738
3497
3498
3501
736
739
1284
3505
3506
3507
832
1285
3512
3513
3514
737
1286
3504
3506
3508
3509
3511
3513
3515
3516
1287
1665
1666
1667
734
735
3295
3297
3301
734
737
1360
735
737
736
1361
3302
3306
3308
736
3476
3480
3481
3497
3501
3502
737
1363
3484
3486
3487
3505
3506
3509
1364
1676
1677
1679
1683
1684
1685
743
1690
1692
1693
1695
2954
2958
2959
3017
3021
3022
3470
3471
3475
743
1358
2368
3525
3526
3529
3530
2371
3518
3519
3522
1361
2962
2963
2965
3532
3533
3536
3537
1690
1691
1694
1362
2372
3526
3527
3528
1363
3533
3534
3535
751
752
753
761
2624
752
753
1081
751
752
1076
3289
751
753
1083
2625
3290
2628
3291
762
1084
2629
758
759
760
761
2624
758
760
758
759
1089
759
760
1090
2627
762
1091
2629
2630
762
1173
2998
767
770
1245
767
1261
2631
767
1262
1264
2633
770
1268
2632
3372
770
1269
1271
2633
876
1697
1698
1699
796
879
1702
803
1704
1705
1706
832
3540
3541
3542
788
806
833
3547
3548
3549
1717
1718
1719
793
834
3554
3555
3556
789
800
817
1728
791
795
801
1729
787
1731
1732
1733
835
1434
1744
1746
1748
1750
3162
3163
3166
3574
3576
3578
3580
3673
3674
3677
790
836
1373
3561
3562
3563
794
1374
1435
3568
3569
3570
791
795
1375
1738
1739
1740
793
838
3575
3576
3577
796
1437
1745
1746
1747
1752
1753
820
841
3582
3583
3584
821
1380
1758
1759
1760
843
1381
3589
3590
3591
1382
1765
1766
1767
823
1772
1773
844
3596
3597
3598
881
2130
2131
2132
1777
882
1779
1781
799
812
1782
827
1783
1380
1499
1784
1382
1785
853
1295
2704
2705
2708
2710
3603
3604
3606
3607
3616
3617
3620
3622
3718
3722
3724
1786
1788
1789
814
1297
3602
3604
3605
815
819
1298
1794
1795
1796
820
856
3610
3611
3612
823
1801
1802
1803
825
857
1300
3617
3618
3619
1296
3624
3625
3626
814
1297
1809
1811
1812
815
826
1298
1817
1818
827
1823
1824
830
1301
3631
3632
3633
1829
1830
1831
816
1833
819
826
1834
821
1499
1836
824
829
1500
1838
1839
1840
1392
1844
1845
1846
866
3638
3639
3640
1502
1851
1852
1853
825
868
1394
1503
2711
2714
2715
2717
3644
3647
3648
3650
3761
3762
3765
1858
1859
1860
1396
1505
3645
3646
3647
869
1397
1843
1846
1847
1849
3618
3619
3621
3637
3640
3642
3643
3769
3770
3771
1392
1865
1866
1867
1872
1873
1874
1395
1508
3652
3653
3654
1396
1509
2141
2142
2143
1398
3659
3660
3661
884
3666
3667
3668
841
856
1888
1889
1890
844
1899
1900
1901
1447
3673
3674
3675
843
1402
3680
3681
3682
1448
1913
1914
1915
844
3687
3688
3689
845
1920
1921
1450
1926
1927
1928
866
1937
1938
1939
849
867
1944
1945
850
3694
3695
3696
1949
1950
1951
1956
1957
1964
849
1540
1966
851
1379
1543
2747
2748
2751
2752
3711
3713
3715
3716
1544
1969
1970
1971
1381
1402
3705
3706
3707
1384
3700
3701
3702
3703
3704
3706
3708
3710
1546
2746
3712
3713
3714
1302
3718
3719
3722
863
1304
1985
1986
1989
865
1305
1993
1994
866
3726
3727
3728
869
1307
3733
3734
3735
1303
3739
3740
3743
863
1304
2002
2005
871
1305
2008
2009
872
2012
2013
875
1308
3747
3748
3749
870
874
1541
2016
2017
1409
2019
2020
2021
3754
3755
3756
1544
2026
2027
1411
1545
3761
3762
3763
1413
3768
3769
3770
1414
1547
2036
2037
2038
1409
2043
2044
2048
2049
1412
1550
3775
3776
3777
1414
1551
2054
2055
2056
1415
3782
3783
3784
1309
2060
2061
2062
1311
1426
3789
3790
3791
880
1312
1427
3796
3797
3798
882
1314
2070
2071
2072
1429
1433
3803
3804
3805
1435
2148
2149
2150
1437
2078
2079
2080
1431
1438
3810
3811
3812
1319
2085
2086
2087
1441
2090
2092
2093
1321
1443
3817
3818
3819
889
1322
1444
3824
3825
3826
890
1324
2097
2098
1446
3830
3831
3832
1450
2105
2106
895
896
897
905
2789
895
897
938
3218
895
896
907
939
896
897
951
2791
3219
909
941
910
952
2793
2794
3221
902
903
904
905
2260
2789
903
904
966
2263
2878
902
903
908
968
902
904
953
2792
2880
910
2793
911
970
2265
2266
2795
2882
909
910
911
2783
909
911
945
980
2785
909
910
946
910
911
982
948
2787
983
2788
914
939
914
940
943
919
920
921
930
2810
919
920
920
921
931
951
3219
919
921
2811
3220
2814
934
935
2815
3223
925
926
927
2810
926
927
1781
925
927
2812
2814
2816
929
930
936
1557
934
935
936
2803
934
935
954
3226
934
936
956
3282
935
936
2805
3227
3283
2807
3229
2808
3284
941
942
943
944
941
942
2797
941
943
946
942
943
2798
948
2801
949
948
949
950
2820
948
950
999
2821
948
949
949
950
1001
2822
1002
2823
952
954
957
955
1024
957
2791
957
1043
2792
1044
2793
962
963
964
972
979
2839
962
964
996
1005
2841
963
964
974
1006
962
963
981
997
984
998
2843
977
985
978
1008
2844
969
970
971
972
979
2267
969
970
2270
3392
969
971
975
3393
970
971
982
976
2271
3395
983
2273
977
985
976
977
978
2831
976
978
1012
2834
3399
977
978
1013
976
977
3400
2835
3401
1016
2837
983
984
985
2825
983
984
999
2827
984
985
1000
983
985
2829
1003
2830
1241
1568
989
990
1569
2872
989
991
2873
992
2875
1014
1575
992
1019
1020
995
996
1005
2846
995
1007
1010
2847
998
2854
998
1000
1003
2855
1002
1003
2850
1003
1002
2851
2852
1008
1009
1010
1011
1018
2864
1008
1010
2866
1008
1009
1013
1009
1010
1016
2868
1017
1020
2869
1015
1016
1017
2856
2870
1015
1016
2859
3455
1016
1017
1015
1017
2872
3456
2860
2874
3457
2862
2875
1020
1021
2870
1020
1021
2873
2875
2876
1025
1026
1041
2905
1025
1026
1600
2879
2907
1026
1043
2880
2909
1046
2883
2910
1030
1031
1034
2905
1031
1036
1828
3232
1030
1031
1602
2908
3233
2909
1039
2911
3234
1033
1034
1041
1040
1047
1558
1038
1039
1040
2898
1039
1040
2899
3239
3274
1038
1039
1829
3240
1038
1040
1830
3275
2903
3241
2904
3276
1045
1046
1047
2898
1046
1047
2893
2901
3281
1045
1046
2894
1045
1047
3282
2896
2902
2904
3285
1052
1053
1054
1062
1069
1052
1054
1103
2941
1052
1053
1064
1105
1116
1053
1054
1071
1117
2942
1066
1106
1067
1073
1074
2944
1059
1060
1061
1062
1069
2298
1060
1061
1150
1212
2299
1059
1060
1065
1152
1059
1061
1072
1214
1067
1073
1068
1154
2300
1075
1216
2301
1066
1067
1068
2915
1066
1068
1110
1164
2916
1066
1067
1111
1067
1068
1166
1113
2917
1167
2918
1073
1074
1075
1074
1075
2948
3060
1073
1074
1118
2949
1073
1075
1119
3062
1120
2951
3063
1078
1104
1078
1105
1116
1079
1108
1114
1084
1085
1086
1095
2926
1084
1085
1085
1086
1096
1117
2942
1084
1086
2927
2943
2930
1099
1100
2931
2946
1091
1092
2926
1092
1964
1091
1091
1092
2928
2930
2932
1094
1095
1101
1227
1099
1100
1101
2919
1099
1100
1118
2949
1099
1101
1462
1100
1101
1463
2921
2950
2923
2952
1464
2924
1106
1107
1108
1109
1106
1107
3288
1107
1108
3289
1106
1108
1111
1113
3292
1114
1113
1114
1115
2934
1113
1115
1191
2936
1113
1114
1114
1115
1193
2938
1194
2939
1118
1120
1120
1474
1125
1126
1127
1135
4602
1125
1126
2677
1126
1127
2678
3296
4605
1125
1127
1136
3297
1139
2681
4608
1140
3299
4611
1130
1133
3469
1130
1134
2955
4614
1131
4617
1133
1134
1135
4620
1133
1134
1137
2958
3470
1139
3472
1141
2960
4623
1139
1140
1141
4626
1139
1140
3302
1139
1141
2962
1140
1141
2964
3303
4629
3304
4632
2966
4635
1146
1147
1148
1156
1163
2985
1146
1148
1184
1198
2986
1147
1148
1158
1199
1146
1147
1165
1186
1168
1187
2987
1161
1169
1162
1201
2988
1153
1154
1155
1156
1163
2315
1153
1154
1626
2316
1153
1155
1159
1627
1154
1155
1166
1160
1629
2317
1167
2318
1161
1169
1160
1161
1162
2978
1160
1162
1205
1633
2979
1161
1162
1206
1160
1161
1634
1635
2980
1209
2981
1167
1168
1169
2971
1167
1168
1191
2972
1168
1169
1192
1167
1169
2973
1195
2974
1172
2125
3033
1172
1174
1248
3034
1175
3036
1175
3040
1175
1270
3041
3042
1180
1181
1182
2990
2996
1181
1182
1184
1198
2992
1180
1181
1185
1180
1182
1200
2998
3000
1188
2994
1203
2995
3001
1187
1188
1189
1190
3011
1187
1188
3013
1188
1189
1187
1189
1192
1195
3015
3016
1196
1194
1195
1196
3004
1194
1195
3006
1195
1196
1194
1196
3008
3009
1201
1202
1203
1204
3027
3038
1201
1203
3028
1201
1202
1206
1202
1203
3040
1209
3029
1210
3042
3030
3043
1208
1209
1210
3020
3031
1208
1209
1690
3021
1209
1210
1208
1210
1691
3033
1692
3022
3035
3023
3036
1215
1216
1217
3052
3059
1215
1216
1626
1215
1217
1229
1628
3055
1216
1217
1230
3062
1630
3056
3063
1231
3058
3064
1222
1223
1224
2319
3073
3080
1222
1223
1657
1980
2322
1223
1224
1981
3076
1222
1224
1232
1658
3083
1659
2323
3084
1982
2324
3078
1233
3079
3086
1226
1227
1228
1329
1453
1460
1333
1458
1334
1464
1459
1465
1231
1236
1671
1231
1474
1239
1476
1233
1237
1673
1240
1470
1238
1239
1240
3108
1239
1240
3054
3081
3110
1238
1239
1676
3055
1238
1240
1677
3083
1678
3058
3112
3086
3113
1243
3316
1243
3116
3318
3320
1260
1267
1264
1271
1250
1251
1252
1267
3125
1250
1251
3336
1250
1252
1270
3134
1251
1252
3127
3135
3337
1272
3129
3338
1273
3130
3138
1257
1258
1259
1260
3125
1257
1258
3343
1257
1259
1263
3378
1258
1259
3128
3344
3379
1265
3129
3345
1266
3131
3380
1264
1265
1266
3118
1264
1266
3119
3385
1264
1265
1265
1266
3386
3122
3124
3387
1271
1272
1273
3118
1271
1273
3120
3141
1271
1272
1272
1273
3142
3122
3123
3144
2182
3835
3836
3837
1276
1279
1281
2183
2585
2186
2587
3422
3423
3424
3836
3839
3840
3841
3842
3845
3847
3848
2588
3842
3843
3844
1279
1285
3154
3155
3157
3851
3852
3854
3855
3877
3878
3883
1286
2590
3843
3846
3847
3848
3849
3850
3851
1286
1359
2110
3866
3867
3868
3869
2111
3856
3857
3858
1362
2114
3863
3864
3867
1363
3870
3871
3872
3877
3878
3879
1364
3871
3874
3875
3876
3878
3881
3882
3883
2154
2155
2156
1293
1294
2329
3067
3068
3070
3088
3090
3091
3884
3887
3888
3889
1293
1302
2175
3885
3887
3889
3890
1293
1294
2177
2330
1294
1303
3096
3097
3098
3886
3888
3889
3890
3905
3909
3910
1304
3884
3885
3886
2179
2331
2332
1300
1302
2175
3891
3894
3896
3897
1301
2176
3625
3626
3627
3892
3895
3896
3897
2178
3891
3892
3893
1392
3898
3899
3900
1300
1301
1306
1393
1307
1397
3617
3618
3620
3899
3901
3903
3904
3926
3930
3931
1398
3631
3632
3634
3900
3902
3903
3904
3719
3722
3723
3912
3915
3917
3918
3926
3928
3929
3931
3905
3906
3909
3912
3913
3914
1409
3919
3920
3921
1410
3929
3930
3931
3932
3936
3937
3938
3939
1413
3926
3927
3930
1415
3933
3934
3937
2182
3940
3941
3942
1311
1315
1320
2184
4357
1312
2185
3789
3791
3792
3941
3944
3945
3946
4359
1315
1433
3796
3797
3799
3948
3951
3952
3953
4360
1315
1323
1434
3161
3163
3165
3949
3950
3952
3953
1437
3947
3948
3949
1325
1439
4363
1318
1326
2188
4358
4361
4362
1318
1327
1328
4365
4366
4369
2111
3954
3955
3956
1321
1325
2112
2768
2113
2770
3817
3819
3820
3955
3958
3959
3960
3961
3963
3964
3966
1446
2771
3961
3962
3965
1325
1447
3191
3193
3195
3970
3971
3973
3974
1450
3968
3969
3970
1451
2773
3964
3965
3966
3967
1328
2191
2769
2772
2774
1328
2776
2777
2781
1333
1334
1335
3094
3101
1333
1335
1403
3095
1333
1334
1404
1334
1335
3102
1405
3099
3105
3100
3107
1338
2494
2496
2497
3975
3978
3979
3981
1338
1342
2327
2501
2502
2504
1339
2328
2509
2510
2511
1342
2329
3046
3048
3051
3089
3090
3093
3976
3979
3980
3981
1342
3103
3104
3106
3977
3978
3980
3981
3975
3976
3977
2332
1345
1348
3316
1345
1349
3323
1346
3320
3325
1348
1349
3309
3321
3326
1348
1349
3310
1357
3314
3322
1424
3315
3328
1352
1354
3336
1352
1355
3343
1353
3338
3345
1354
1355
2117
3339
3346
2122
3342
1440
2123
3349
1357
1561
1572
1566
1573
1361
1362
2302
2360
1362
1364
2364
2585
1361
1364
2303
2586
1363
2304
1363
2365
3526
3528
3530
3864
3867
3869
1364
3533
3535
3537
3870
3871
3876
2590
1368
1781
1385
1368
1388
1782
1370
1783
2719
2723
1376
1377
1378
3989
3993
3994
3995
1376
1377
1376
1381
1402
3561
3562
3565
3990
3992
3994
3995
3217
3982
3983
3984
1382
3989
3990
3991
1384
3984
3986
3987
3988
1383
1384
4003
4007
4008
4009
1383
1384
1501
1502
3996
3997
3998
1384
3589
3590
3593
3705
3706
3708
4005
4006
4008
4009
4003
4004
4005
1504
3998
4000
4001
4002
1389
1390
2274
1389
1390
1391
1807
1822
3623
1389
1391
2278
3624
1390
1391
1823
1808
2279
3628
1825
1827
3629
4010
4011
4012
1397
1398
1410
1397
1411
3174
4018
4020
4022
4023
1398
3175
3653
3654
3656
4019
4021
4022
4023
3176
4017
4018
4019
1413
4011
4013
4015
4016
3659
3661
3663
4012
4014
4015
4016
1964
1407
1417
1965
3680
3682
3685
3706
3707
3710
4028
4029
4030
4031
1405
1408
3739
1405
1406
3741
1408
2011
3742
1408
2012
2015
3745
4032
4033
4034
1413
4049
4050
4051
4052
1413
3201
3762
3763
3766
4040
4042
4044
4045
3202
3776
3777
3779
4041
4043
4044
4045
4047
4048
4049
4052
3768
3770
3773
3927
3930
3932
4032
4035
4037
4038
3203
4039
4040
4041
4046
4047
4050
1420
1421
1422
2047
3774
1421
1422
2048
1420
1421
1420
1422
3215
3775
2052
3216
3778
2051
3780
1424
2059
2066
2068
2064
2067
1426
1428
2340
4358
1427
2341
3790
3791
3794
4359
1428
1429
3796
3798
3800
4360
1432
4362
1431
1432
3804
3805
3807
4364
1431
1432
4366
3810
3811
3814
4368
4369
1438
1439
3803
3805
3808
4060
4064
4065
4066
4364
1439
1447
4061
4063
4065
4066
3217
4053
4054
4055
1438
1439
1449
4367
4060
4061
4062
3810
3812
3815
4055
4057
4058
4059
4368
1451
4370
2089
2094
2383
4067
4068
4069
1443
1445
2384
2769
1444
2385
2770
3818
3819
3822
4068
4070
4072
4073
1445
2771
3824
3826
3828
4074
4075
4076
4077
2774
2775
4078
4079
4082
1451
3673
3675
3678
4093
4095
4097
4098
4085
4086
4087
1451
1452
2778
4092
4093
4094
2779
4081
4082
4083
4084
2780
4079
4080
4081
4084
4087
4089
4090
4091
1457
1458
1459
3087
3094
1457
1459
1468
3088
3884
1457
1458
2002
3096
3886
1458
1459
3091
3098
3888
2003
3099
1471
3092
1464
1465
1466
3087
3101
1465
1466
1473
3089
3976
1464
1465
1475
1464
1466
3103
3977
3105
1477
3092
3093
3106
3980
1470
1471
3108
1470
1471
3074
3109
1470
3076
3079
3113
3114
1476
1477
3108
1476
1477
3061
3111
1476
3062
1477
3064
3112
3114
1482
1483
1484
1485
1492
3167
1482
1483
1487
1711
1483
1484
1712
1732
3168
1482
1484
1494
1733
1490
1497
1491
1713
3172
1498
1734
3173
1489
1490
1491
3146
3153
1489
1490
1701
3148
3849
1490
1491
1718
1489
1491
1719
3155
3851
3150
3157
3852
3152
1720
3159
1496
1497
1498
3146
3160
1496
1497
1702
3149
3947
1497
1498
1745
1496
1498
1746
3163
3949
3151
3165
3950
3152
1748
3166
1502
2161
2162
1505
1509
4099
4100
1504
1507
1543
4102
4103
4104
1507
1545
3174
4110
4111
4112
4115
1506
4103
4106
4107
4108
3176
4109
4110
4113
1507
3177
4112
4113
4114
4115
1549
3179
3175
3181
3182
3652
3653
3655
4117
4118
3176
4116
4117
1514
1515
1516
1521
1533
2253
1514
1515
2254
3856
3954
1514
1516
1522
3858
1515
1516
1534
3956
1524
2257
3859
1537
2259
3957
1538
1519
1520
1521
1526
1533
1519
1520
1527
1884
1909
1525
1531
1885
1532
1539
1910
1524
1525
3183
1524
2154
1524
1525
1895
2156
3185
2157
3187
1896
3189
1530
1531
1532
3183
3190
1531
1532
1899
3687
1530
1531
1900
3169
3186
1530
1532
3170
3192
3688
3171
3188
3194
1902
3189
3196
3690
1537
1538
1539
3190
1537
1538
3968
1538
1539
1537
1539
1927
3193
3970
3195
3971
1929
3196
1544
2167
2168
1547
1551
4119
4120
4123
1548
1552
2116
4127
4128
4129
1549
3208
3211
3213
3214
4140
4142
4143
4145
4133
4134
4135
1549
3201
3210
3212
3213
3214
3761
3763
3764
4148
4149
4150
4153
3199
4140
4141
4144
3203
4147
4148
4151
1549
3200
3204
4128
4129
4131
4143
4144
4145
4146
4150
4151
4152
4153
3206
3202
4154
4155
4158
3203
4161
4162
4165
3197
3204
4169
4170
4171
3198
3207
4157
4158
4159
4160
4168
4171
4172
4174
1557
1560
2274
1558
1560
3275
1557
1558
3282
1559
2276
3284
1559
3276
3285
1560
2277
3277
3286
1808
2279
3280
1565
1566
1567
1580
3421
1566
1567
1697
3310
1565
1566
3312
3422
3836
1565
1567
1581
1698
3837
1583
3424
3839
3314
3425
1571
1573
3316
1571
1574
1575
3449
1573
1574
3317
3420
3450
1572
1573
1574
1576
3421
3322
3425
1579
3426
3454
1579
3456
1578
1579
3427
1578
1579
1606
3428
3459
1608
3432
3433
3461
1583
1584
3427
1583
1701
3849
1583
1584
1624
3430
3850
3431
3853
3432
1589
1590
1602
3233
3434
1589
1590
1591
1592
3436
1589
1591
1704
3236
1590
1591
1593
1603
1705
3237
3438
1597
1604
3439
1598
1707
1596
1597
1598
3441
1597
1598
1623
1717
1596
1597
1624
3444
3850
1596
1598
1719
3851
3445
3854
1625
3446
1721
1601
1605
3393
1601
1609
3394
1607
1614
3398
1604
1610
1604
1615
1625
1607
3400
1607
1608
1617
3403
1620
3404
1621
1611
1614
2907
3407
1611
1615
2908
3434
1612
2909
1614
1615
1616
1614
1615
1618
3410
3437
1620
3411
1622
3439
1620
1621
1622
1620
1621
3414
3428
1620
1622
3415
3442
1621
1622
1624
3430
3444
3417
3432
1625
3446
1625
1625
1629
1630
2612
1629
1632
1634
1630
1632
1671
3477
1631
1635
2614
1631
2615
3478
1632
1636
2616
3479
1638
1672
3482
1635
1639
1690
3471
1635
1638
1636
3473
1638
1639
3474
3483
1638
1639
1674
1694
3485
1675
3488
1695
3475
3489
1643
1644
3490
1643
1644
2120
3491
3857
1643
3858
1656
3494
3860
2122
3495
1647
1691
2125
1647
1649
1674
1694
1654
1696
2129
1652
1653
1654
3490
1653
1654
1683
3534
1652
1654
3493
3535
3870
1652
1653
1655
1685
3872
1656
3494
3873
1687
3496
3538
1656
1689
2155
2158
1659
1663
1879
2618
1659
1662
1673
3498
1660
2619
3499
1662
1663
1664
2620
3500
1662
1663
1665
1669
3503
1670
1881
2623
1668
1669
1670
3504
3511
1669
1670
1668
1669
1689
2155
3507
1668
1670
1895
2156
3514
2159
3508
3515
3510
1897
3517
1672
1676
1675
1680
1677
1675
1683
1686
1678
1680
3477
1678
1681
3498
1680
1681
1684
3480
3501
1686
3482
1688
3503
1686
1687
1688
1686
1687
3485
1686
1688
3486
3505
1687
1688
1689
3507
3488
3510
1692
1695
1692
1696
3519
1693
3520
1695
1696
3521
3532
1695
1696
3534
3536
3524
3538
2060
1700
1701
3148
1700
1702
2062
3149
3152
2070
1707
1708
1709
1716
1723
2690
1707
1709
1788
2691
1707
1708
1717
1708
1709
1724
1789
1721
2694
1722
1727
1791
2695
1713
1714
1715
1716
1723
3553
1713
1714
1718
1713
1715
1753
3554
1720
3557
1722
1726
1754
3558
1720
1721
1722
3539
1721
1722
1720
1722
1720
1721
3541
3543
3544
1726
1727
3546
1727
1801
1726
1727
1772
1803
3548
1774
3550
1804
3551
1759
1784
1766
1785
1734
1735
1736
1737
1744
3574
1735
1736
1738
1752
1734
1735
1753
3575
1734
1736
1745
1748
3578
1741
1756
3579
1742
1749
1741
1742
1743
3560
3567
1741
1742
1765
1741
1743
1767
3562
3990
1742
1743
1777
3569
3991
1769
3564
1778
3571
3565
3572
3992
1748
1749
1750
3567
1748
1749
1748
1750
4061
1749
1750
1779
3570
4062
1780
3571
3573
4063
1754
1755
1756
1764
1771
3595
1755
1756
1765
1754
1756
3596
1774
3599
1768
1775
1769
3600
1761
1762
1763
1764
1771
2697
1762
1763
1851
2699
3996
1761
1762
1766
3997
1761
1763
1773
1852
1768
1775
1770
2701
3999
1776
1855
2702
1768
1769
1770
3588
1768
1769
1768
1770
4004
1769
1770
3590
4005
3592
3593
4006
1774
1775
1776
3581
1774
1776
1859
3583
1775
1776
1860
3585
1861
3586
1778
2131
2133
1780
2080
2132
2133
1823
1872
1785
3997
4004
1790
1792
1828
3232
3602
1790
1791
1792
1800
2705
3603
1790
1791
2706
3236
1791
1792
1801
2708
3238
3607
1804
2709
1805
3608
1797
1798
1799
1800
3603
3616
1797
1798
1833
3605
3898
1798
1799
1802
1844
1797
1799
1846
3618
3899
3606
3620
3901
1805
3608
1806
1847
3621
1804
1805
1806
3609
1804
1805
1805
1806
1858
1804
1806
1859
3611
3613
1862
3614
1808
1810
1814
1814
1815
1830
3275
1813
1814
1815
1816
3623
1813
1814
3278
3625
3892
1813
1815
1817
1831
3893
1819
3627
3895
3280
3628
1820
1819
1820
1821
3630
1819
1820
1833
3898
1819
1821
1867
3632
3900
3634
3902
1868
3635
1825
1826
1827
3630
1825
1827
1826
1827
1874
3633
1876
3635
3636
1829
1832
3602
1832
1833
3605
3608
1835
1838
1845
1866
1842
1848
1837
1839
1853
2162
1842
1856
1842
2141
3645
1841
1842
3646
4099
1841
2142
4100
4101
3649
1847
1848
1849
1857
3644
1847
1848
1858
1848
1849
3645
4010
1847
1849
4011
1862
1863
3649
3650
4013
1854
1855
1856
1857
2711
3644
1854
1855
2713
4102
1855
1856
1860
1854
1856
3646
4104
2715
3648
4105
1861
2716
1863
3649
1861
1862
1863
3637
1862
1863
1861
1862
3639
1861
1863
3641
3642
1868
1869
1870
1878
2140
3658
1868
1869
1869
1870
2141
4010
1868
1870
3659
4012
3662
2145
2146
3663
4014
1875
1876
1877
1878
2718
3658
1875
1877
2719
1875
1876
1876
1877
3660
2723
3662
2724
3664
2136
1881
1882
1980
2725
1881
1882
1894
1905
2726
1897
2729
1907
1984
2731
1885
1886
1894
1898
1905
1885
1886
1899
1933
1896
1902
1904
1934
1891
1892
1893
1898
1905
2726
1891
1893
2728
3547
3726
1891
1892
1901
1938
3549
1892
1893
1906
1939
3728
1903
2730
3552
1904
1941
1907
2731
3730
1896
1897
3665
1896
1897
3667
3669
3670
1902
1903
1904
3665
1902
1904
1949
1902
1903
3555
3668
1903
1904
1950
3556
3669
3559
3671
1953
1907
1907
1961
1999
2000
1910
1911
1919
1925
3686
1910
1911
1933
3687
1929
3690
1922
1935
3692
1916
1917
1918
1919
1925
2732
1917
1918
2735
4024
4085
1916
1917
1921
1916
1918
1928
4086
1923
1930
1924
2737
4025
1931
2738
4088
1922
1923
1924
3679
1922
1924
1957
3682
4028
1923
1924
1958
3684
3685
4029
1929
1930
1931
3672
1929
1930
1929
1931
3675
4093
1930
1931
4094
3676
3678
4095
1934
1935
1948
1955
1960
1934
1935
1949
1953
1962
1954
1958
1940
1941
1942
1948
1960
2739
1940
1942
2740
3582
3754
1940
1941
1950
3584
1941
1942
1961
3756
1952
2743
3587
1953
1962
1963
2745
3758
1946
1947
1955
1960
2739
1946
1947
1969
2026
2741
1946
1956
1970
1959
1973
2744
1963
2029
2745
1952
1953
1954
3693
1953
1954
3687
1952
1953
3597
1952
1954
3598
3689
3695
3601
3697
3692
3698
1958
1959
3693
1959
1976
1958
1959
1977
3696
3698
1978
3699
1962
1963
1962
1963
2032
2033
2048
1967
1971
2167
2169
1972
1973
1974
1975
2747
3711
1972
1973
2749
4133
1973
1974
1976
1972
1974
3714
4134
2751
3715
4136
1978
2753
3717
1978
1979
3700
3704
1978
1978
1979
3707
4028
3709
3703
3710
4030
1982
1984
2755
1982
1986
1983
1987
2756
1984
1988
1998
2757
2000
2760
1987
1990
3075
3719
3912
1987
1991
3076
1988
3078
3720
1990
1991
1992
3721
1990
1991
1993
3914
1995
3723
3915
1996
1995
1996
1997
1998
3732
1995
1996
3919
1995
1997
2019
3734
3920
3736
3922
2001
2022
3738
2000
2001
3725
2000
2001
2032
3728
3730
2034
3731
2003
2006
3740
3913
2004
3741
2006
2007
3742
2006
2008
3914
2010
3744
3916
2010
3746
2010
3919
2010
2044
3748
3921
3750
3923
2014
2015
3746
2015
2014
2015
2049
3749
2050
3751
3752
2036
2054
2037
4119
2022
2023
2024
2031
2035
3767
2022
2024
3768
4032
2022
2023
2023
2024
2036
4033
2034
3772
2040
2041
3773
4035
2028
2029
2030
2031
2035
2761
2028
2029
2763
4133
2028
2030
2037
4135
2039
2765
4137
2033
2767
2040
2033
2034
3753
2033
2034
3756
3758
3759
2039
2040
2041
3760
2040
2041
4039
2039
2040
4147
2039
2041
3763
4040
4148
3764
4149
3766
4042
2045
2046
2053
3781
2046
2054
4033
2045
2046
3782
4034
3785
2058
3786
4036
2050
2051
3781
2051
2050
2051
3783
3785
3787
2057
2173
2057
2058
3774
2058
4039
2057
4161
2057
2058
3776
4041
4162
3778
4163
3779
4043
2063
2064
2065
2069
3788
2064
2065
3310
2063
2064
3311
3789
3941
2063
2065
2070
3942
2073
3792
3944
3315
3793
2074
2067
2076
3788
3328
3793
2069
2076
2073
2074
2075
3795
2073
2074
3947
2073
2075
2078
3797
3948
2074
2075
3799
3951
2082
3801
3795
2081
2082
2083
2147
3802
2082
2083
3803
4060
2081
2082
2081
2083
2149
4062
2152
3806
2153
3808
4064
2088
2089
2096
3816
2089
2118
2088
2089
2119
3817
3955
2088
2097
3956
2099
3820
3958
2123
3821
2094
3343
2094
2095
2101
3816
2094
2095
3347
3818
4068
2095
4069
3349
3821
2103
3822
4070
2099
2100
3823
2099
3968
2099
2100
2105
3825
3969
3827
3972
2107
3829
2103
2104
3823
2103
2104
3826
4074
3828
4075
3829
2107
2108
3830
4092
2108
4094
3833
3834
4096
2113
2114
2115
2363
4209
2114
2115
2183
2364
4175
4176
4177
2113
2115
2184
4210
3351
3352
3354
4176
4178
4180
4181
4213
2365
3358
3359
3361
3863
3867
3868
4177
4178
4179
4181
2187
2366
4214
3197
3200
4127
4128
4130
2121
2122
2123
3350
3357
2122
2123
2121
2123
3352
4176
2121
2122
3359
4177
3354
3361
4178
3363
3356
2128
3336
2129
3519
2128
2129
3490
2128
2129
3340
3492
3522
3342
3495
3496
3524
2134
2135
2148
2133
2134
3569
2133
2135
2149
3570
3571
2152
2139
2140
2718
2139
2720
2139
2142
2165
2144
2166
2722
2144
2145
2146
3651
2145
2146
4017
2144
2145
4116
2144
2146
3653
4019
4117
3655
4118
3656
4021
2151
2152
2153
3809
2151
2152
2152
2153
4054
2151
2153
3812
4055
3813
3815
4057
2157
2158
3858
2158
2159
3872
2157
2159
3879
2160
3859
3880
2160
3860
3873
2160
3874
3881
3861
3875
3882
2163
2163
4099
4104
4101
2165
4100
2166
4116
3182
4118
2169
2171
4134
2171
4119
4135
2170
2171
4122
4124
4139
2173
4161
3216
4163
2178
2179
2180
2284
3253
3257
3258
2178
2179
2178
2180
3262
3263
3264
2179
2180
2285
3239
3243
3244
3274
3278
3279
3891
3892
3897
2286
2287
2185
2186
2187
4395
2185
2186
3311
3312
3313
3835
3836
3841
3940
3941
3946
2186
2187
2185
2187
4396
4399
3329
3333
3334
4401
2191
4388
4390
4392
4393
4397
4398
4400
4389
4391
4392
4393
2192
4387
4388
4389
4211
4212
4215
4394
4394
2197
2198
2199
2402
2409
2197
2198
2215
2403
2197
2199
2410
2198
2199
2216
2406
2413
2219
2408
2415
2204
2205
2206
2423
2204
2205
2236
2424
2205
2206
2237
2204
2206
2427
2240
2429
2211
2212
2213
2430
2437
2212
2213
2229
2211
2212
2230
2431
2211
2213
2438
2434
2441
2233
2436
2443
2218
2219
2220
2451
2458
2218
2219
2452
2219
2220
2218
2220
2459
2455
2462
2456
2464
2223
2226
4638
2223
2227
2683
2224
2686
4641
2226
2227
2676
2688
4644
2226
2227
2677
2681
4647
2682
2689
2232
2233
2234
2472
2479
2233
2234
2232
2233
2473
2232
2234
2480
2476
2483
2477
2485
2239
2240
2241
2493
2500
2239
2240
2494
2240
2241
2239
2241
2501
2497
2504
2498
2506
2244
2245
2542
4650
2244
2245
2543
4190
2546
2548
4192
4651
2250
2251
2252
2549
4916
2250
2252
2550
4193
2251
2252
4194
4918
2250
2251
2553
4921
2555
4195
4923
2257
2258
2259
3183
3190
2257
2259
2257
2258
3184
2258
2259
3191
3187
3188
3194
3195
2264
2265
2266
2783
2264
2265
2268
2784
2264
2266
2265
2266
2270
2786
2273
2788
2271
2272
2273
2825
2831
2272
2273
2826
2271
2272
2832
2271
2273
2835
2828
2836
2829
2276
2279
2276
2280
3267
2277
3269
2279
2280
3260
3270
2279
2280
3261
3265
3266
3273
2283
2286
2326
2431
2432
2434
2283
2287
2289
2438
2439
2441
2284
2290
2446
2447
2448
2286
2287
2291
2286
2287
2330
2331
2294
2290
2293
2452
2454
2455
2290
2294
2459
2460
2462
2291
2467
2468
2469
2293
2294
3254
3257
3259
2293
2294
3268
3271
3272
2892
2893
2897
3225
3227
3231
3281
3283
3287
2297
2300
2312
2912
2297
2301
2298
2914
2300
2301
2915
2300
2301
2316
2318
2918
2304
4652
2304
2602
4655
2963
2964
2967
3303
3306
3307
4976
2307
2310
2954
2307
2311
4194
4658
2308
2956
4661
2310
2311
2957
4664
2310
2311
4197
2959
4198
4667
2314
2318
2968
2314
2317
2610
2975
2315
2970
2977
2317
2318
2971
2978
2317
2318
2612
2614
2980
2973
2323
2324
2325
2324
2325
2754
2323
2325
2617
2323
2324
2618
2755
2619
2756
2328
2331
2473
2475
2476
2328
2332
2480
2481
2483
2329
2488
2489
2490
2331
2332
2331
2332
2335
2337
2515
2516
2518
2335
2338
2344
4217
4218
4220
4385
2336
2346
2523
2524
2525
2337
2338
2339
2347
2342
2343
2349
4386
2341
2342
2343
4395
2341
2343
4397
4399
4400
2346
2349
4224
4225
4227
4387
2346
2350
2375
2529
2530
2532
2347
2537
2538
2539
2349
2350
4395
2349
2350
2378
4388
4398
4390
4400
2379
4401
2352
4217
4219
4221
4385
4224
4226
4228
4387
2355
2358
2367
2557
2558
2560
2355
2359
2374
4231
4232
2356
2369
2376
2565
2566
2567
2358
2359
2370
2377
2381
2358
2359
2382
2373
2386
2380
2387
2362
2365
2368
2362
2366
2375
4330
4333
4335
2363
2369
2376
4337
4340
4342
2365
2366
2370
2377
2365
2366
2372
2379
2369
2373
4343
4344
4349
2369
2372
2370
4351
4354
4356
2372
2373
4371
4372
4374
3358
3360
3362
3526
3527
3529
4374
4375
4376
4377
3364
3368
3369
4372
4373
4375
4377
2376
2380
4235
4236
2376
2379
2571
2573
2574
2377
2579
2580
2581
2379
2380
4209
2379
2380
4211
4394
4214
4215
2385
2386
2387
4209
2386
2387
2385
2386
3344
3347
3348
3379
3382
3383
4067
4068
4073
2385
2387
4212
3351
3353
3355
4213
3365
3368
3370
4215
2392
2393
2394
2395
2392
2394
2392
2393
2398
2411
2393
2394
2412
2399
2401
2414
2399
2400
2401
2400
2401
2417
4979
2399
2400
2399
2401
2419
4980
2422
2406
2407
2408
2416
2406
2408
2452
2406
2407
2418
4238
2407
2408
2453
4239
4814
2420
2421
4240
4815
2456
2413
2414
2415
2416
2413
2415
2413
2414
2419
2414
2415
2420
2422
2420
2421
2422
2421
2422
2641
4812
2420
2421
2643
2420
2422
2645
4813
2427
2428
2429
2427
2429
2494
2428
2429
2495
4670
2427
2428
4671
2498
2434
2435
2436
2444
2434
2436
2473
2434
2435
2446
4259
2435
2436
2474
4260
4839
2448
2449
4261
4840
2477
2441
2442
2443
2444
2441
2443
2441
2442
2447
2460
2442
2443
2461
2448
2450
2463
2448
2449
2450
2449
2450
2466
4266
4837
2448
2449
4267
2448
2450
2468
4268
4838
2471
2455
2456
2457
2465
2455
2456
2456
2457
4245
4843
2455
2457
2467
4246
2469
2470
4247
4844
2462
2463
2464
2465
2462
2464
2462
2463
2468
2463
2464
2469
2471
2469
2470
2471
2470
2471
4252
4841
2469
2470
4253
2469
2471
4254
4842
2476
2477
2478
2486
2476
2477
2477
2478
4280
4851
2476
2478
2488
4281
2490
2491
4282
4852
2483
2484
2485
2486
2483
2485
2483
2484
2489
2502
2484
2485
2503
2490
2492
2505
2490
2491
2492
2491
2492
2508
4287
4849
2490
2491
4288
2490
2492
2510
4289
4850
2513
2497
2498
2499
2507
2497
2498
2498
2499
2684
4855
2497
2499
2509
2685
2511
2512
2687
4856
2504
2505
2506
2507
2504
2506
2504
2505
2510
2505
2506
2511
2513
2511
2512
2513
2512
2513
4273
4853
2511
2512
4274
2511
2513
4275
4854
2518
2519
2520
2521
4872
2518
2519
2518
2520
2523
4315
2519
2520
4316
4874
2525
4877
2526
4317
4879
2525
2526
2527
4216
4862
2526
2527
2536
4322
4864
2525
2526
4323
2525
2527
2537
4218
4220
4324
4867
2540
4222
4870
2532
2533
2534
2535
4182
4892
2532
2534
2571
4184
2532
2533
2538
4301
2533
2534
2572
4302
4894
2539
4186
2541
4303
4897
2575
4188
4900
2539
2540
2541
4223
4882
2540
2541
4308
4884
2539
2540
4225
2539
2541
4309
4227
4229
4887
4310
4889
2546
2547
2548
4905
2546
2548
2557
2547
2548
2551
2559
4907
2546
2547
2552
2554
4910
2561
4912
2553
2554
2555
4926
2553
2555
4343
2554
2555
4345
4928
2553
2554
4931
4346
4933
2560
2561
2562
2563
4189
4946
2560
2561
4190
2560
2562
2565
4344
2561
2562
4345
4948
2567
4191
4192
4951
2568
4347
4953
2567
2568
2569
4230
4936
2568
2569
2578
4350
4938
2567
2568
4351
2567
2569
2579
4231
4232
4352
4941
2582
4233
4944
2574
2575
2576
2577
4200
4966
2574
2575
4202
2575
2576
4329
4968
2574
2576
2580
4330
2581
4204
4206
4971
2583
4331
4973
2581
2582
2583
4234
4956
2582
2583
4336
4958
2581
2582
4235
2581
2583
4337
4236
4237
4961
4338
4963
2587
2589
2601
2587
2590
2589
2590
2602
2588
2589
2590
3464
3465
3468
3842
3843
3848
2603
2595
2596
2597
2595
2596
2811
2595
2597
2596
2597
2812
2814
2600
2604
4672
2600
2607
4675
2606
2609
4998
2603
2608
4678
2603
2605
4681
2606
2609
5001
2606
4684
2606
4687
5004
2609
4690
2609
4693
5007
2613
2614
3469
2613
2615
2614
2615
2616
3472
2616
3473
2616
3474
2619
2622
2619
2623
2725
2620
2622
2623
3511
2622
2623
2727
3512
3516
2729
3517
2628
2629
2630
2628
2629
2927
2628
2630
2629
2630
2928
2930
2633
3119
2633
3120
3122
2636
2639
2648
4696
2636
2640
2642
2782
2637
2644
4699
2639
2640
2646
4702
2639
2640
2652
2784
2653
4705
2647
2786
2644
2645
5010
2644
2647
2645
2647
4238
2646
5012
2646
4240
5015
2647
4241
5017
4244
2650
2653
4708
2650
2654
2656
2824
2651
2657
4711
2653
2654
2658
4714
2653
2654
2826
4717
2661
2828
2657
2660
2669
5030
2657
2661
2838
2658
5033
2660
2661
5036
2660
2661
2673
2840
2674
5039
2842
2664
2668
2670
2664
2667
4720
2665
2671
4723
2667
2668
2672
4726
2667
2668
4729
2675
2671
2674
5042
2671
2675
2863
2672
5045
2674
2675
5048
2674
2675
2865
5051
2867
2680
2681
2682
4276
4732
2681
2682
2680
2681
4735
2680
2682
4277
4278
4738
4741
4279
2686
2689
2686
2687
4744
2687
2689
4274
2688
4746
2688
4275
4749
2689
4276
4751
4279
2694
2695
2696
3539
3546
2694
2695
2706
2694
2696
2727
3540
2695
2696
2707
2728
3547
3544
2709
3551
2730
3545
3552
2701
2702
2703
3581
3588
2702
2703
2712
2740
3582
2701
2702
2713
2701
2703
2742
3589
3593
2716
3586
2743
3587
3594
2708
2710
2754
2708
2709
2710
3609
2708
2709
2709
2710
2758
3610
3613
2759
3615
2715
2716
2717
3637
2716
2717
2762
3638
2715
2716
2715
2717
2764
3641
2766
3643
2722
2723
2724
3651
2723
2724
2722
2723
2722
2724
3181
3652
3182
3655
3657
2729
2731
2755
2729
2730
2731
3665
2729
2730
3666
2730
2731
2758
3670
3671
2760
2736
2737
2738
3672
3679
2736
2738
3673
2736
2737
3680
2737
2738
3677
3683
3685
3678
2743
2744
2745
3693
2743
2745
2762
2744
2745
2749
2763
2743
2744
2750
3694
3697
2753
3699
2767
3199
3712
3713
3716
2751
2752
2753
3704
2751
2752
3208
2751
2753
3209
2752
2753
3705
3211
3708
3709
2756
2759
3718
2756
2760
2757
3720
2759
2760
3721
3725
2759
2760
3726
3724
3729
3730
2765
2766
2767
3753
3760
2766
2767
3754
2765
2767
3209
2765
2766
3210
3761
3212
3764
3757
3765
3758
2770
2773
4210
4357
2770
2774
4212
2771
4213
2773
2774
2775
3961
3965
3966
2773
2774
2776
4361
2779
4363
2781
2779
2780
2781
4079
4082
4084
2779
2781
4365
2780
2781
2779
2780
4367
4370
2786
2787
2818
2786
2787
2788
2786
2788
2826
2787
2788
2821
2827
2822
2829
2793
2794
2795
2794
2795
2892
3225
2793
2794
3226
2793
2795
2894
3228
2895
2800
2801
2802
2801
2802
3218
2800
2801
2800
2802
3220
3222
2807
2808
2809
2810
2808
2809
3267
2807
2808
3268
2807
2809
2813
2815
3269
2816
2814
2815
2816
2814
2815
2814
2816
2815
2816
2819
2823
2848
2819
2822
2820
2822
2823
2822
2823
2850
2851
2828
2830
2838
2849
2828
2829
2830
2839
2828
2829
2829
2830
2850
2842
2843
2852
2835
2836
2837
2839
2835
2836
2836
2837
2840
2858
2835
2837
2859
2842
2844
2862
2842
2843
2853
2842
2843
2844
2842
2844
2865
2843
2844
2854
2866
2855
2868
2847
2863
2847
2854
2866
2869
2851
2852
2853
2851
2852
2855
2855
2855
2860
2861
2862
2864
2860
2861
2861
2862
2865
2860
2862
2867
2868
2867
2869
2867
2868
2869
2867
2868
2868
2869
2874
2875
2876
2874
2876
3115
3448
2874
2875
3449
2875
2876
3451
2881
2882
2883
2884
2891
2881
2882
3392
2881
2883
2887
3394
2882
2883
2894
2888
3396
2895
2889
2896
2888
2889
2890
2888
2890
3406
2889
2890
2906
2888
2889
2907
3407
3408
2910
2895
2896
2897
2895
2897
2896
2897
2895
2896
2902
2903
2904
2905
2903
2904
3253
2902
2903
2906
2902
2904
3254
2910
2911
3255
2909
2910
2911
2910
2911
3246
2909
2910
2909
2911
3247
3249
2914
2918
2968
2914
2917
2933
2915
2917
2918
2917
2918
2936
2972
2938
2973
2923
2924
2925
2926
2924
2925
3102
2923
2924
3103
2923
2925
2929
2931
3105
2932
2930
2931
2932
2930
2931
2930
2932
2931
2932
2937
2938
2937
2938
2939
2937
2939
3005
2938
2939
3006
3008
2944
2945
2946
2947
2944
2945
3288
2944
2946
2949
2945
2946
3290
2951
3293
2952
2951
2952
2953
2951
2953
3975
2951
2952
2952
2953
3977
3978
2956
2959
2956
2960
4754
2957
4757
2959
2960
2961
4760
2959
2960
2962
2965
2966
4763
2965
2966
2967
4766
2965
2966
2965
2967
2966
2967
4769
4772
4775
2970
2973
2970
2974
2982
3003
2971
2984
2973
2974
2985
2973
2974
3006
2987
3009
2977
2980
3469
2977
2981
2983
3018
2978
2984
2980
2981
2985
2980
2981
3021
3471
3473
2988
3023
2984
2987
3010
2984
2988
3024
2985
2987
2988
2987
2988
3013
3028
3015
3029
2993
2995
3025
2993
2994
2995
2993
2994
3012
2994
2995
3013
3028
3016
3030
3000
3001
3002
3001
3002
3039
3371
3000
3001
3040
3000
3002
3373
3043
3375
3007
3009
3010
3007
3008
3009
3011
3007
3008
3008
3009
3014
3015
3014
3015
3014
3015
3016
3014
3016
3015
3016
3019
3022
3019
3023
3024
3020
3026
3022
3023
3027
3022
3023
3029
3026
3029
3026
3030
3027
3029
3030
3029
3030
3035
3036
3037
3038
3035
3037
3133
3518
3035
3036
3519
3036
3037
3041
3134
3520
3042
3044
3136
3042
3043
3044
3043
3044
3140
3042
3043
3042
3044
3142
3143
3049
3050
3051
3052
3059
3049
3051
3049
3050
3054
3110
3050
3051
3061
3111
3057
3058
3064
3112
3065
3056
3057
3058
3056
3057
3476
3057
3058
3056
3058
3477
3478
3063
3064
3065
3063
3065
3975
3064
3065
3976
3063
3064
3979
3070
3071
3072
3073
3080
3070
3072
3074
3109
3070
3071
3071
3072
3081
3110
3077
3085
3079
3086
3113
3077
3078
3079
3077
3079
3884
3077
3078
3885
3078
3079
3887
3084
3085
3086
3085
3086
3084
3085
3497
3084
3086
3498
3499
3091
3092
3093
3091
3092
3109
3092
3093
3111
3091
3093
3114
3098
3099
3100
3099
3100
3739
3098
3099
3740
3098
3100
3741
3105
3106
3107
3105
3107
3105
3106
3106
3107
3112
3113
3114
3113
3114
3112
3113
3112
3114
3117
3117
3122
3123
3124
3125
3122
3124
3122
3123
3123
3124
3126
3130
3131
3129
3130
3131
3130
3131
3129
3130
3364
3129
3131
3365
3366
3136
3137
3138
3139
3136
3137
4371
3136
3138
3142
3137
3138
4372
3143
4373
3144
3143
3144
3145
3143
3145
3371
3144
3145
3372
3143
3144
3376
3150
3151
3152
3150
3151
3835
3940
3150
3152
3837
3151
3152
3942
3838
3943
3157
3158
3159
3167
3157
3158
3184
3157
3159
3541
3158
3159
3169
3186
3542
3171
3188
3172
3543
3164
3165
3166
3167
3164
3165
3191
3164
3166
3170
3192
3165
3166
3171
3194
3173
3171
3172
3173
3172
3173
3554
3575
3171
3172
3555
3171
3173
3576
3557
3578
3176
3179
3201
3176
3180
3177
4018
4019
4023
4110
4113
4115
4117
3179
3180
3179
3180
3205
3206
3182
3187
3188
3189
3187
3188
3877
3187
3189
3667
3879
3188
3189
3668
3880
3669
3194
3195
3196
3194
3195
3194
3196
3674
3195
3196
3675
3676
3198
4169
4171
4172
4207
4208
3200
4140
4144
4145
4207
3206
4378
4381
4382
4384
3207
4155
4158
4159
4379
4381
4383
4384
4378
4379
4380
3206
3207
4170
4171
4174
4207
4380
4382
4383
4384
3206
3207
4208
3211
3214
3211
3212
4133
3212
3214
3213
4136
3213
4137
3214
4138
3216
4154
4156
3982
3984
3988
4053
4055
4059
3221
3222
3221
3223
3226
3222
3223
3224
3228
3224
3224
3229
3230
3228
3231
3228
3229
3229
3231
3230
3230
3231
3234
3238
3240
3234
3237
3247
3235
3241
3249
3237
3238
3242
3251
3237
3238
3252
3245
3241
3244
3241
3245
3602
3242
3244
3245
3244
3245
3604
3607
3249
3250
3249
3252
3434
3250
3252
3435
3251
3251
3252
3438
3255
3258
3274
3255
3259
3281
3256
3276
3285
3258
3259
3277
3286
3258
3259
3279
3287
3264
3265
3266
3277
3265
3266
3624
3264
3265
3278
3625
3264
3266
3279
3280
3628
3269
3273
3269
3272
3283
3270
3284
3272
3273
3286
3272
3273
3287
3276
3279
3276
3280
3277
3279
3280
3279
3280
3285
3287
3284
3285
3284
3287
3286
3286
3287
3292
3293
3291
3292
3291
3293
3294
3294
3294
3298
3301
3298
3299
4778
3299
3301
3302
3300
4781
3300
3304
4784
3301
3305
4787
3308
3304
3308
3304
3307
4790
3305
4793
3307
3308
4796
3307
3308
4799
3313
3314
3315
3332
3314
3315
3313
3315
3313
3314
3333
3334
3335
3320
3322
3319
3322
3330
3319
3320
3321
3331
3321
3322
3332
3335
3325
3328
3325
3327
3326
3327
3328
3331
3334
3331
3335
3420
3332
3334
3335
3334
3335
3422
3425
3338
3342
3338
3341
3364
4372
3339
3366
3341
3342
3357
3367
3341
3342
3360
4374
3362
3369
4375
3363
3345
3349
3345
3348
3365
3346
3366
3348
3349
3350
3367
3348
3349
3353
3355
3370
3356
3354
3355
3356
3354
3355
3354
3356
3817
3355
3356
3818
3821
3361
3362
3363
3361
3362
3361
3363
3491
3362
3363
3492
3495
3366
3369
3366
3370
3367
3369
3370
3369
3370
3375
3376
3374
3376
3374
3375
3377
3377
3377
3380
3384
3386
3380
3383
3381
3387
3383
3384
3388
3383
3384
3391
3387
3390
3387
3391
3388
3390
3391
3390
3391
3395
3396
3395
3398
3400
3396
3398
3407
3397
3401
3397
3408
3398
3402
3409
3404
3411
3401
3405
3455
3401
3404
3402
3404
3405
3413
3404
3405
3414
3459
3417
3419
3460
3408
3412
3408
3411
3409
3411
3412
3413
3411
3412
3415
3417
3418
3417
3418
3419
3417
3419
3463
3417
3418
3418
3419
3465
3466
3425
3426
3424
3425
3426
3427
3424
3425
3424
3426
3429
3431
3433
3431
3432
3433
3432
3433
3463
3431
3433
3464
3842
3431
3432
3844
3845
3467
3438
3439
3438
3440
3438
3439
3440
3441
3439
3440
3442
3446
3447
3445
3446
3447
3446
3447
3445
3447
3843
3445
3446
3844
3846
3451
3452
3451
3454
3456
3452
3454
3453
3457
3453
3454
3458
3461
3457
3460
3457
3461
3458
3460
3461
3462
3460
3461
3463
3466
3467
3466
3467
3468
3466
3467
3467
3468
3466
3468
3472
3473
3472
3475
3473
3475
3474
3474
3475
3478
3481
3478
3482
3479
3481
3482
3483
3481
3482
3486
3487
3488
3487
3488
3489
3487
3489
3533
3488
3489
3534
3487
3488
3536
3494
3495
3496
3494
3495
3863
3495
3496
3527
3494
3496
3528
3864
3865
3531
3499
3502
3499
3503
3500
3502
3503
3504
3502
3503
3505
3509
3510
3508
3509
3510
3509
3510
3508
3509
3871
3508
3510
3872
3874
3515
3516
3517
3516
3517
3666
3515
3516
3878
3515
3517
3667
3879
3881
3670
3520
3523
4371
3520
3524
3521
3523
3524
3525
3523
3524
3527
4374
3529
4376
3531
3529
3530
3531
3532
3529
3530
3529
3531
3530
3531
3535
3537
3538
3536
3537
3538
3536
3537
3536
3538
3537
3538
3543
3544
3545
3553
3544
3545
3666
3543
3544
3543
3545
3555
3668
3557
3559
3671
3550
3551
3552
3553
3551
3552
3610
3550
3551
3583
3611
3550
3552
3556
3584
3558
3585
3613
3559
3557
3558
3559
3557
3558
3596
3557
3559
3558
3559
3597
3599
3564
3565
3566
3574
3565
3566
3680
3564
3565
3590
3564
3566
3577
3591
3681
3579
3592
3580
3683
3571
3572
3573
3572
3573
3982
4053
3571
3572
3983
3571
3573
4054
3985
4056
3578
3579
3580
3578
3579
3596
3578
3580
3688
3579
3580
3598
3689
3600
3691
3585
3586
3587
3595
3586
3587
3638
3585
3586
3639
3585
3587
3597
3599
3641
3601
3592
3593
3594
3595
3593
3594
3694
3592
3593
3592
3594
3598
3695
3600
3601
3697
3599
3600
3601
3599
3600
3599
3601
3600
3601
3607
3608
3606
3607
3608
3606
3607
3891
3606
3608
3893
3894
3613
3614
3615
3616
3613
3615
3726
3613
3614
3639
3614
3615
3619
3640
3727
3621
3642
3622
3729
3620
3621
3622
3620
3622
3733
3620
3621
3621
3622
3735
3737
3627
3628
3629
3630
3628
3629
3627
3628
3627
3629
3631
3634
3636
3634
3635
3636
3634
3636
3634
3635
3659
3635
3636
3660
3662
3641
3642
3643
3641
3643
3754
3641
3642
3642
3643
3755
3757
3648
3649
3650
3649
3650
4017
3648
3649
4109
3648
3650
4018
4110
4111
4020
3655
3656
3657
3658
3655
3657
3655
3656
3656
3657
3661
3663
3664
3662
3663
3664
3662
3663
3662
3664
3663
3664
3669
3670
3671
3670
3671
3669
3670
3669
3671
3676
3677
3678
3686
3677
3678
3676
3677
3688
3676
3678
3690
3691
3683
3684
3685
3686
3683
3685
3683
3684
3689
3695
3684
3685
3696
3691
3692
3698
3690
3691
3692
3690
3692
3690
3691
3691
3692
3697
3698
3699
3697
3699
3705
3697
3698
3698
3699
3707
3709
3702
3703
3711
3702
3703
3716
3708
3709
3710
3708
3709
3708
3710
3709
3710
3715
3716
3717
3716
3717
3715
3716
4140
3715
3717
4141
4142
3720
3724
3720
3723
3721
3723
3724
3732
3723
3724
3733
3736
3737
3729
3730
3731
3732
3729
3730
3729
3731
3735
3755
3730
3731
3756
3737
3738
3759
3736
3737
3738
3736
3737
3926
3736
3738
3768
3927
3737
3738
3769
3928
3772
3741
3745
3741
3744
3905
3742
3744
3745
3746
3744
3745
3747
3906
3750
3907
3752
3750
3751
3752
3750
3752
3933
3750
3751
3782
3934
3751
3752
3783
3935
3785
3757
3758
3759
3767
3757
3758
3757
3759
3769
3758
3759
3771
3772
3764
3765
3766
3767
3764
3765
3765
3766
3770
3764
3766
3771
3773
3771
3772
3773
3772
3773
3771
3772
3771
3773
3778
3779
3780
3781
3778
3780
4154
3778
3779
4155
3779
3780
3784
4156
3786
3787
3785
3786
3787
3785
3786
4046
3785
3787
3786
3787
4047
4048
3792
3793
3794
3795
3792
3793
3793
3794
3792
3794
3796
3799
3800
3799
3800
3801
3799
3800
3799
3801
3803
3800
3801
3804
3806
3806
3807
3808
3809
3806
3808
3806
3807
3807
3808
3810
3814
3815
3813
3814
3815
3814
3815
3813
3814
3813
3815
3820
3821
3822
3823
3820
3821
3821
3822
3820
3822
3824
3827
3828
3827
3828
3829
3827
3828
3961
3827
3829
3830
3962
3828
3829
3832
3963
3833
3833
3834
4078
3834
4079
3833
4080
3838
3841
3839
3841
3838
3839
3849
3840
3852
3840
3853
3841
3855
3845
3848
3846
3848
3845
3846
3850
3847
3853
3847
3854
3848
3855
3852
3853
3853
3854
3852
3854
3855
3855
3855
3859
3862
4175
3860
3862
3863
4177
3859
3860
3861
3861
3865
3862
3866
3868
4179
3865
3868
3865
3869
3870
3866
3873
3868
3869
3875
3868
3869
3876
3873
3876
3874
3876
3873
3874
3875
3875
3876
3880
3883
3881
3883
3880
3881
3882
3882
3883
3887
3888
3887
3890
3912
3888
3890
3913
3889
3889
3890
3918
3894
3897
3895
3897
3894
3895
3898
3896
3901
3896
3902
3897
3903
3901
3902
3901
3904
4011
3902
3904
4012
3903
3903
3904
4016
3907
3910
3913
3907
3911
3933
3908
3916
3935
3910
3911
3917
3936
3910
3911
3918
3939
3915
3918
3916
3918
3915
3916
3919
3917
3922
3917
3923
3918
3924
3922
3923
3922
3925
3927
4032
3923
3925
3934
4034
3924
3928
3924
3935
3925
3929
3936
3932
3938
4038
3928
3931
3928
3932
3929
3931
3932
3931
3932
3935
3939
3935
3938
4046
3936
3938
3939
3938
3939
4050
4051
3943
3946
3944
3946
3943
3944
3947
3945
3950
3945
3951
3946
3952
3950
3951
3951
3953
4060
3950
3953
4061
3952
3952
3953
4066
3957
3960
4175
3958
3960
4176
3957
3958
3968
3959
3971
3959
3972
3960
3973
4180
3963
3966
3963
3967
3969
4078
3964
3972
3966
3967
3973
3966
3967
4082
3974
4083
3971
3972
3972
3974
4092
3971
3974
4093
3973
3973
3974
4098
3978
3979
3979
3980
3978
3980
3981
3981
3981
3985
3988
3985
3986
3991
3986
3988
3987
3992
3987
3993
3988
3994
3993
3995
4003
3992
3995
4005
3992
3993
3994
3994
3995
4009
3999
4002
4102
3999
4000
4004
4000
4002
4103
4001
4006
4001
4007
4002
4008
4107
4007
4009
4006
4007
4006
4009
4008
4008
4009
4013
4014
4017
4013
4016
4014
4016
4015
4020
4015
4021
4016
4022
4020
4021
4020
4023
4021
4023
4022
4022
4023
4025
4027
4026
4029
4027
4031
4029
4030
4031
4031
4035
4038
4035
4036
4039
4036
4038
4046
4037
4042
4037
4043
4048
4038
4044
4049
4051
4042
4043
4042
4045
4378
4043
4045
4379
4044
4044
4045
4381
4048
4051
4048
4052
4049
4051
4052
4051
4052
4056
4059
4056
4057
4062
4057
4059
4058
4063
4058
4064
4059
4065
4064
4066
4063
4066
4063
4064
4065
4065
4066
4071
4073
4070
4073
4070
4071
4072
4075
4072
4073
4076
4075
4077
4076
4077
4080
4083
4092
4080
4084
4081
4096
4083
4084
4097
4083
4084
4098
4088
4091
4088
4089
4094
4089
4091
4090
4095
4090
4096
4091
4097
4096
4098
4095
4098
4095
4096
4097
4097
4098
4101
4109
4101
4116
4105
4107
4107
4108
4105
4108
4109
4106
4111
4107
4108
4112
4114
4111
4114
4111
4115
4112
4114
4115
4114
4115
4118
4118
4121
4124
4147
4121
4125
4161
4122
4124
4125
4126
4124
4125
4129
4151
4165
4131
4152
4132
4166
4130
4131
4132
4130
4132
4169
4130
4131
4131
4132
4170
4173
4136
4137
4136
4139
4141
4137
4139
4147
4138
4142
4138
4149
4139
4143
4150
4146
4152
4142
4145
4142
4146
4143
4145
4146
4145
4146
4149
4152
4149
4153
4378
4150
4152
4153
4152
4153
4380
4382
4156
4160
4156
4159
4162
4157
4163
4159
4160
4164
4159
4160
4167
4163
4166
4163
4167
4379
4164
4166
4167
4168
4166
4167
4170
4380
4173
4174
4383
4172
4173
4174
4172
4173
4173
4174
4172
4174
4179
4180
4178
4180
4178
4179
4181
4181
4181
4186
4187
4188
4223
4986
4186
4187
4224
4186
4188
4202
4187
4188
4203
4227
4228
4206
4987
4191
4192
4230
4990
4191
4192
4232
4991
4195
4199
4343
4195
4198
5220
4196
4346
5223
4198
4199
4348
5226
4198
4199
5229
4349
4204
4205
4206
4234
4994
4204
4205
4204
4206
4205
4206
4236
4995
4208
4213
4214
4215
4213
4214
4396
4214
4215
4398
4213
4215
4401
4220
4221
4222
4984
4220
4221
4220
4222
4225
4221
4222
4226
4229
4985
4227
4228
4229
4988
4227
4228
4227
4229
4228
4229
4989
4232
4233
4992
4232
4233
4235
4237
4993
4236
4237
4996
4236
4237
4997
4240
4244
4240
4243
4245
5020
4241
5022
4243
4244
5024
4243
4244
4249
4250
5027
4247
4250
5064
4247
4251
4253
4248
4254
5066
4250
4251
4255
5068
4250
4251
5071
4258
4254
4257
4266
5054
4254
4258
4255
5056
4257
4258
5058
4257
4258
4270
4271
5061
4261
4265
4267
4261
4264
4280
5084
4262
4268
5086
4264
4265
4269
5088
4264
4265
4284
4285
5091
4272
4268
4271
5074
4268
4272
4269
5076
4271
4272
5078
4271
4272
5081
4275
4278
4287
5094
4275
4279
4276
5096
4278
4279
5098
4278
4279
4291
4292
5101
4282
4285
5114
4282
4286
4288
4283
4289
5116
4285
4286
4290
5118
4285
4286
5121
4293
4289
4292
5104
4289
4293
4290
5106
4292
4293
5108
4292
4293
5111
4296
4300
4296
4299
4316
5124
4297
5127
4299
4300
5130
4299
4300
4319
4320
5133
4303
4307
4309
4303
4306
4329
5148
4304
4310
5151
4306
4307
4311
5154
4306
4307
4333
4334
5157
4314
4310
4313
4322
5136
4310
4314
4311
5139
4313
4314
5142
4313
4314
4326
4327
5145
4317
4321
4323
4317
4320
5172
4318
4324
5175
4320
4321
4325
5178
4320
4321
5181
4328
4324
4327
5160
4324
4328
4325
5163
4327
4328
5166
4327
4328
5169
4331
4334
5196
4331
4335
4337
4332
4338
5199
4334
4335
4339
5202
4334
4335
5205
4342
4338
4341
4350
5184
4338
4342
4339
5187
4341
4342
5190
4341
4342
4354
4355
5193
4346
4349
4347
4349
4351
4346
4347
5232
4348
5235
4348
4352
5238
4349
4353
5241
4356
4352
4355
5208
4352
4356
4353
5211
4355
4356
5214
4355
4356
5217
4359
4363
4396
4359
4362
4397
4360
4399
4362
4363
4364
4362
4363
4365
4369
4370
4368
4369
4370
4369
4370
4368
4369
4368
4370
4373
4376
4373
4375
4377
4375
4376
4377
4377
4381
4382
4381
4383
4382
4383
4384
4384
4384
4386
4387
4390
4390
4391
4390
4393
4394
4391
4393
4392
4392
4393
4399
4400
4401
4399
4401
4399
4400
4400
4401
4403
4405
4411
4702
4705
5024
5027
4404
4406
4412
4703
4706
5025
5028
4407
4413
4704
4707
5026
5029
4406
4438
4464
4714
4717
4407
4439
4465
4715
4718
4440
4466
4716
4719
4409
4420
4447
4471
4726
4729
4410
4421
4448
4472
4727
4730
4422
4449
4473
4728
4731
4412
4438
4474
5068
5071
4413
4439
4475
5069
5072
4440
4476
5070
5073
4415
4417
4444
4477
5088
5091
4416
4418
4445
4478
5089
5092
4419
4446
4479
5090
5093
4418
4435
4500
5118
5121
4419
4436
4501
5119
5122
4437
4502
5120
5123
4421
4426
5130
5133
4422
4427
5131
5134
4428
5132
5135
4424
4429
4441
4503
5154
5157
4425
4430
4442
4504
5155
5158
4431
4443
4505
5156
5159
4427
4447
4506
5178
5181
4428
4448
4507
5179
5182
4449
4508
5180
5183
4430
4432
4509
5202
5205
4431
4433
4510
5203
5206
4434
4511
5204
5207
4433
4441
4652
4655
4434
4442
4653
4656
4443
4654
4657
4436
4444
4599
4781
4787
4437
4445
4600
4782
4788
4446
4601
4783
4789
4439
4672
4675
4440
4673
4676
4674
4677
4442
4678
4681
4443
4679
4682
4680
4683
4445
4684
4687
4446
4685
4688
4686
4689
4448
4690
4693
4449
4691
4694
4692
4695
4451
4452
4519
4520
4531
4453
4521
4532
4453
4469
4528
4529
4470
4530
4455
4459
4461
4462
4535
4537
4460
4463
4535
4538
4457
4459
4461
4482
4638
4458
4459
4462
4483
4639
4460
4463
4484
4640
4460
4488
4536
4489
4536
4462
4543
4641
4463
4544
4642
4545
4643
4465
4471
4675
5036
5039
4466
4472
4676
5037
5040
4473
4677
5038
5041
4468
4469
4549
4550
4470
4551
4470
4555
4556
4557
4472
4690
5048
5051
4473
4691
5049
5052
4692
5050
5053
4475
4477
4672
5058
5061
4476
4478
4673
5059
5062
4479
4674
5060
5063
4478
4684
5078
5081
4479
4685
5079
5082
4686
5080
5083
4481
4485
4486
4488
4561
4563
4487
4489
4561
4564
4483
4485
4488
4587
4484
4486
4488
4588
4487
4489
4589
4486
4568
4590
4487
4569
4591
4570
4592
4489
4562
4562
4491
4495
4496
4498
4573
4583
4497
4499
4574
4583
4493
4495
4498
4658
4918
4494
4496
4498
4659
4919
4497
4499
4660
4920
4496
4578
4661
4497
4579
4662
4580
4663
4499
4584
4921
4584
4922
4501
4735
4738
4778
4781
5108
5111
4502
4736
4739
4779
4782
5109
5112
4737
4740
4780
4783
5110
5113
4504
4506
4678
5142
5145
4505
4507
4679
5143
5146
4508
4680
5144
5147
4507
4693
5166
5169
4508
4694
5167
5170
4695
5168
5171
4510
4512
4652
5190
5193
4511
4513
4653
5191
5194
4514
4654
5192
5195
4513
4515
5214
5217
5226
5229
4514
4516
5215
5218
5227
5230
4517
5216
5219
5228
5231
4516
4652
4664
4667
4766
4775
4517
4653
4665
4668
4767
4776
4654
4666
4669
4768
4777
4533
4534
4980
4520
4525
4528
4802
4521
4526
4529
4803
4527
4530
4804
4523
4525
4528
4552
4696
4524
4526
4529
4553
4697
4527
4530
4554
4698
4526
4699
4807
4527
4700
4808
4701
4809
4529
4555
4530
4556
4557
4532
4533
4802
4803
4534
4804
4534
4810
4811
4536
4816
4562
4538
4541
4543
4544
4816
4542
4545
4816
4540
4541
4543
4544
4670
4744
4542
4545
4670
4745
4542
4671
4817
4671
4817
4544
4746
4545
4747
4748
4547
4723
4822
4548
4724
4823
4725
4824
4550
4555
4558
4825
4551
4556
4559
4826
4557
4560
4827
4553
4555
4558
4708
4554
4556
4559
4709
4557
4560
4710
4556
4557
4559
4711
4831
4560
4712
4832
4713
4833
4562
4845
4564
4568
4569
4571
4845
4570
4572
4845
4566
4568
4571
4575
4614
4567
4569
4571
4576
4615
4570
4572
4577
4616
4569
4617
4570
4618
4619
4572
4581
4846
4582
4846
4574
4578
4579
4581
4847
4580
4582
4847
4576
4578
4581
4754
4577
4579
4581
4755
4580
4582
4756
4579
4757
4580
4758
4759
4582
4848
4848
4584
4847
4586
4586
4914
4916
4917
4921
4922
4588
4590
4596
4638
4589
4591
4597
4639
4592
4598
4640
4591
4593
4617
4592
4594
4618
4595
4619
4594
4596
4602
4620
4595
4597
4603
4621
4598
4604
4622
4597
4608
4647
4598
4609
4648
4610
4649
4600
4655
4687
4796
4799
4601
4656
4688
4797
4800
4657
4689
4798
4801
4603
4608
4611
4626
4604
4609
4612
4627
4610
4613
4628
4606
4608
4611
4735
4778
4607
4609
4612
4736
4779
4610
4613
4737
4780
4609
4741
4610
4742
4743
4612
4632
4784
4613
4633
4785
4634
4786
4615
4617
4623
4754
4616
4618
4624
4755
4619
4625
4756
4618
4620
4619
4621
4622
4621
4623
4626
4622
4624
4627
4625
4628
4624
4635
4763
4625
4636
4764
4637
4765
4627
4632
4635
4628
4633
4636
4634
4637
4630
4632
4635
4769
4790
4631
4633
4636
4770
4791
4634
4637
4771
4792
4633
4793
4634
4794
4795
4636
4772
4637
4773
4774
4639
4641
4647
4640
4642
4648
4643
4649
4642
4644
4746
4643
4645
4747
4646
4748
4645
4647
4732
4751
4646
4648
4733
4752
4649
4734
4753
4648
4741
4649
4742
4743
4651
4904
4905
4906
4912
4913
4991
4653
4976
4654
4977
4978
4656
4681
4976
4657
4682
4977
4683
4978
4659
4661
4667
5220
4660
4662
4668
5221
4663
4669
5222
4662
4664
4757
4663
4665
4758
4666
4759
4665
4667
4760
4666
4668
4761
4669
4762
4668
5229
4669
5230
5231
4671
4855
4818
4673
4684
4998
4674
4685
4999
4686
5000
4676
4690
4998
4677
4691
4999
4692
5000
4679
4693
5001
4680
4694
5002
4695
5003
4682
4687
5001
4683
4688
5002
4689
5003
4685
5004
4686
5005
5006
4688
5004
4689
5005
5006
4691
5007
4692
5008
5009
4694
5007
4695
5008
5009
4697
4699
4705
4708
4698
4700
4706
4709
4701
4707
4710
4700
4702
5012
4701
4703
5013
4704
5014
4703
4705
5017
4704
4706
5018
4707
5019
4706
4717
4707
4718
4719
4709
4711
4717
4710
4712
4718
4713
4719
4712
4714
5033
4713
4715
5034
4716
5035
4715
4717
5036
4716
4718
5037
4719
5038
4718
4719
4721
4723
4729
4722
4724
4730
4725
4731
4724
4726
5045
4725
4727
5046
4728
5047
4727
4729
5048
4728
4730
5049
4731
5050
4730
4731
4733
4738
4741
5098
4734
4739
4742
5099
4740
4743
5100
4736
4738
4741
4737
4739
4742
4740
4743
4739
5101
4740
5102
5103
4742
4743
4745
4746
4747
4749
4855
4748
4750
4855
4747
4751
4748
4752
4753
4750
4751
4752
4856
5096
4753
4856
5097
4752
5098
4753
5099
5100
4755
4757
4763
4756
4758
4764
4759
4765
4758
4760
4759
4761
4762
4761
4763
4766
4762
4764
4767
4765
4768
4764
4772
4765
4773
4774
4767
4772
4775
4768
4773
4776
4774
4777
4770
4772
4775
4976
4771
4773
4776
4977
4774
4777
4978
4773
4774
4776
4976
4777
4977
4978
4779
4781
4784
4780
4782
4785
4783
4786
4782
4787
4783
4788
4789
4785
4787
4793
4786
4788
4794
4789
4795
4788
4796
4789
4797
4798
4791
4793
4799
4976
4792
4794
4800
4977
4795
4801
4978
4794
4796
4795
4797
4798
4797
4799
4798
4800
4801
4800
4976
4801
4977
4978
4803
4807
4810
4804
4808
4810
4809
4811
4806
4807
4808
4810
4979
5010
4809
4811
4979
5011
4808
5012
4809
5013
5014
4811
4980
4980
4813
4979
5010
5011
4815
5015
5016
4815
4843
5020
5021
5022
5023
4817
4818
4820
4822
4828
5042
4821
4823
4829
5043
4824
4830
5044
4823
5045
4824
5046
5047
4826
4831
4834
4827
4832
4835
4833
4836
4829
4831
4834
5030
4830
4832
4835
5031
4833
4836
5032
4832
5033
4833
5034
5035
4835
4836
4838
4841
5074
5075
4840
5076
5077
4840
4851
5084
5085
5086
5087
4842
5054
5055
4844
5056
5057
4844
5064
5065
5066
5067
4846
4848
4848
4850
4853
5104
5105
4852
5106
5107
4852
5114
5115
5116
5117
4854
5094
5095
4856
5096
5097
4856
4858
4860
4874
5124
4859
4860
4875
5125
4861
4876
5126
4861
4877
4981
4878
4981
4863
4867
4868
4870
4872
4984
4869
4871
4873
4984
4865
4867
4870
4884
5160
4866
4868
4870
4885
5161
4869
4871
4886
5162
4868
4879
5163
4869
4880
5164
4881
5165
4871
4887
4985
4888
4985
4873
4877
4879
4880
4982
4878
4881
4982
4875
4877
4879
5172
4876
4877
4880
5173
4878
4881
5174
4878
4983
4983
4880
5175
4881
5176
5177
4883
4887
4889
4890
4892
4988
4888
4891
4893
4988
4885
4887
4889
5136
4886
4887
4890
5137
4888
4891
5138
4888
4989
4989
4890
4897
5139
4891
4898
5140
4899
5141
4893
4897
4898
4900
4986
4899
4901
4986
4895
4897
4900
4968
5148
4896
4898
4900
4969
5149
4899
4901
4970
5150
4898
5151
4899
5152
5153
4901
4971
4987
4972
4987
4903
4904
4905
4906
4910
4911
4915
4906
4910
4912
4911
4913
4908
4910
4912
4928
4948
4909
4910
4912
4929
4949
4911
4913
4930
4950
4911
4931
4932
4913
4951
4952
4915
4926
4927
4931
4932
4917
4921
4923
4924
4926
4922
4925
4927
4919
4921
4923
5220
4920
4921
4924
5221
4922
4925
5222
4922
4924
4933
5223
4925
4934
5224
4935
5225
4927
4931
4933
4934
4932
4935
4929
4931
4933
5232
4930
4931
4934
5233
4932
4935
5234
4932
4934
5235
4935
5236
5237
4937
4941
4942
4944
4946
4992
4943
4945
4947
4992
4939
4941
4944
4958
5208
4940
4942
4944
4959
5209
4943
4945
4960
5210
4942
4953
5211
4943
4954
5212
4955
5213
4945
4961
4993
4962
4993
4947
4951
4953
4954
4990
4952
4955
4990
4949
4951
4953
5232
4950
4951
4954
5233
4952
4955
5234
4952
4991
4991
4954
5238
4955
5239
5240
4957
4961
4963
4964
4966
4996
4962
4965
4967
4996
4959
4961
4963
5184
4960
4961
4964
5185
4962
4965
5186
4962
4997
4997
4964
4973
5187
4965
4974
5188
4975
5189
4967
4971
4973
4974
4994
4972
4975
4994
4969
4971
4973
5196
4970
4971
4974
5197
4972
4975
5198
4972
4995
4995
4974
5199
4975
5200
5201
4977
4978
4980
4983
4983
4984
4985
4989
4987
4988
4995
4989
4991
4992
4993
4997
4995
4996
4997
4999
5004
5007
5000
5005
5008
5006
5009
5002
5004
5007
5003
5005
5008
5006
5009
5005
5006
5008
5009
5011
5012
5013
5015
5014
5016
5013
5017
5014
5018
5019
5016
5017
5018
5022
5019
5023
5018
5024
5019
5025
5026
5021
5022
5027
5028
5064
5023
5029
5065
5023
5024
5025
5026
5025
5027
5026
5028
5029
5028
5071
5029
5072
5073
5031
5033
5039
5042
5032
5034
5040
5043
5035
5041
5044
5034
5036
5035
5037
5038
5037
5039
5038
5040
5041
5040
5051
5041
5052
5053
5043
5045
5051
5044
5046
5052
5047
5053
5046
5048
5047
5049
5050
5049
5051
5050
5052
5053
5052
5053
5055
5056
5061
5062
5074
5057
5063
5075
5057
5058
5059
5066
5060
5067
5059
5061
5068
5060
5062
5069
5063
5070
5062
5081
5063
5082
5083
5065
5066
5071
5072
5067
5073
5067
5068
5069
5070
5069
5071
5070
5072
5073
5072
5073
5075
5076
5081
5082
5077
5083
5077
5078
5079
5086
5080
5087
5079
5081
5088
5080
5082
5089
5083
5090
5082
5083
5085
5086
5091
5092
5114
5087
5093
5115
5087
5088
5089
5090
5089
5091
5090
5092
5093
5092
5121
5093
5122
5123
5095
5096
5101
5102
5104
5097
5103
5105
5097
5098
5099
5100
5099
5101
5100
5102
5103
5102
5111
5103
5112
5113
5105
5106
5111
5112
5107
5113
5107
5108
5109
5116
5110
5117
5109
5111
5118
5110
5112
5119
5113
5120
5112
5113
5115
5116
5121
5122
5117
5123
5117
5118
5119
5120
5119
5121
5120
5122
5123
5122
5123
5125
5127
5133
5172
5126
5128
5134
5173
5129
5135
5174
5128
5130
5129
5131
5132
5131
5133
5132
5134
5135
5134
5181
5135
5182
5183
5137
5139
5145
5160
5138
5140
5146
5161
5141
5147
5162
5140
5142
5151
5141
5143
5152
5144
5153
5143
5145
5154
5144
5146
5155
5147
5156
5146
5169
5147
5170
5171
5149
5151
5157
5196
5150
5152
5158
5197
5153
5159
5198
5152
5154
5153
5155
5156
5155
5157
5156
5158
5159
5158
5205
5159
5206
5207
5161
5163
5169
5162
5164
5170
5165
5171
5164
5166
5175
5165
5167
5176
5168
5177
5167
5169
5178
5168
5170
5179
5171
5180
5170
5171
5173
5175
5181
5174
5176
5182
5177
5183
5176
5178
5177
5179
5180
5179
5181
5180
5182
5183
5182
5183
5185
5187
5193
5208
5186
5188
5194
5209
5189
5195
5210
5188
5190
5199
5189
5191
5200
5192
5201
5191
5193
5202
5192
5194
5203
5195
5204
5194
5217
5195
5218
5219
5197
5199
5205
5198
5200
5206
5201
5207
5200
5202
5201
5203
5204
5203
5205
5204
5206
5207
5206
5207
5209
5211
5217
5210
5212
5218
5213
5219
5212
5214
5238
5213
5215
5239
5216
5240
5215
5217
5241
5216
5218
5242
5219
5243
5218
5219
5221
5223
5229
5222
5224
5230
5225
5231
5224
5226
5235
5225
5227
5236
5228
5237
5227
5229
5241
5228
5230
5242
5231
5243
5230
5231
5233
5235
5238
5234
5236
5239
5237
5240
5236
5241
5237
5242
5243
5239
5241
5240
5242
5243
5242
5243
)


// ************************************************************************* //
