/*--------------------------------*- C++ -*----------------------------------*\
  =========                 |
  \\      /  F ield         | OpenFOAM: The Open Source CFD Toolbox
   \\    /   O peration     | Website:  https://openfoam.org
    \\  /    A nd           | Version:  8
     \\/     M anipulation  |
\*---------------------------------------------------------------------------*/
/*   Windows 32 and 64 bit porting by blueCAPE: http://www.bluecape.com.pt   *\
|  Based on Windows porting (2.0.x v4) by Symscape: http://www.symscape.com   |
\*---------------------------------------------------------------------------*/
FoamFile
{
    version     2.0;
    format      ascii;
    class       cellSet;
    location    "constant/air/polyMesh/sets";
    object      vegetation;
}
// * * * * * * * * * * * * * * * * * * * * * * * * * * * * * * * * * * * * * //


489
(
1024 
1025 
1026 
1027 
1028 
1029 
1030 
1034 
1036 
1038 
1039 
1041 
18 
1043 
1044 
1045 
1046 
1047 
1048 
1049 
1050 
1051 
31 
1068 
1069 
46 
1071 
1087 
1088 
1089 
1090 
1091 
1092 
1093 
1094 
1095 
1096 
1097 
1098 
1099 
1100 
1101 
1102 
1103 
1104 
1105 
1106 
1107 
1108 
1109 
1110 
1111 
1112 
1113 
1114 
1115 
1116 
1117 
1118 
1119 
1120 
1121 
1122 
1123 
1124 
1125 
1126 
1127 
1128 
1131 
1132 
1134 
1140 
1142 
1148 
1151 
1152 
130 
1154 
1157 
1162 
1165 
1170 
1179 
1180 
1181 
1183 
1185 
1186 
1187 
1188 
1189 
1190 
1191 
1192 
1193 
1194 
1195 
1196 
1197 
1198 
1199 
1201 
1202 
1204 
1205 
1208 
1209 
1212 
1234 
1235 
1236 
1237 
1238 
1239 
1240 
1241 
1242 
1243 
1244 
1245 
1246 
223 
1247 
1248 
1249 
1250 
1251 
1252 
1253 
1254 
1255 
1256 
1257 
1258 
1259 
1260 
1261 
1262 
1263 
1264 
1265 
1266 
1267 
1268 
1269 
1270 
1271 
1272 
1273 
1274 
1275 
255 
258 
261 
1286 
1291 
270 
281 
1305 
1306 
1307 
284 
1309 
1310 
289 
1313 
291 
1315 
1316 
294 
1325 
1326 
1327 
304 
1328 
1329 
306 
1330 
1331 
1333 
311 
313 
1337 
314 
319 
1346 
1347 
1348 
1349 
1350 
1351 
1352 
1353 
1354 
1355 
1357 
1358 
1359 
337 
338 
339 
340 
341 
342 
343 
381 
386 
1417 
1418 
1419 
1420 
1421 
398 
1422 
399 
1423 
400 
403 
1435 
1436 
1437 
1438 
415 
1439 
416 
1440 
417 
1441 
418 
419 
420 
421 
1446 
1447 
1452 
1453 
1454 
1455 
1456 
1457 
1458 
1460 
1461 
1466 
1467 
1468 
1469 
1470 
1471 
1472 
1474 
1475 
1478 
1480 
1495 
1496 
1497 
1498 
1499 
1500 
1501 
479 
1510 
1515 
492 
493 
496 
1522 
499 
1523 
500 
1524 
1527 
1529 
1544 
1545 
1546 
1547 
1548 
1549 
1550 
1559 
1564 
1571 
1579 
1580 
1581 
1582 
1583 
1584 
1585 
1587 
1588 
1589 
1592 
577 
580 
582 
583 
584 
585 
586 
587 
588 
1621 
1622 
1623 
1624 
1625 
1626 
1627 
1628 
1629 
1630 
1631 
1632 
1633 
610 
1634 
1635 
612 
1636 
1637 
614 
1638 
615 
1639 
1640 
1641 
1642 
1646 
624 
1649 
1650 
627 
628 
1653 
630 
1655 
1656 
1657 
1660 
1661 
1663 
1669 
1677 
1678 
1679 
1680 
1681 
1682 
1683 
1685 
1686 
1687 
1690 
1719 
1720 
1721 
1722 
1723 
1724 
1725 
1726 
1727 
1728 
704 
1729 
1730 
1731 
707 
1732 
708 
1733 
709 
1734 
710 
1735 
711 
1736 
712 
1737 
713 
1738 
714 
1739 
1740 
1744 
1747 
1748 
1751 
1752 
1754 
1755 
1758 
1759 
1761 
1765 
1789 
1790 
1791 
1792 
1793 
769 
1794 
1795 
1796 
1797 
1798 
1799 
1800 
776 
1801 
1802 
1803 
1804 
1805 
1806 
1807 
1808 
1809 
1810 
1811 
1812 
1813 
1814 
1815 
1816 
809 
816 
829 
830 
842 
843 
844 
858 
859 
871 
872 
873 
894 
902 
906 
907 
908 
910 
911 
930 
931 
932 
940 
941 
942 
943 
944 
945 
946 
948 
953 
954 
955 
956 
957 
958 
959 
960 
975 
976 
977 
978 
979 
980 
981 
988 
991 
992 
994 
996 
1000 
1002 
1007 
1008 
1010 
1013 
1014 
1016 
1017 
1022 
)

// ************************************************************************* //
