/*--------------------------------*- C++ -*----------------------------------*\
  =========                 |
  \\      /  F ield         | OpenFOAM: The Open Source CFD Toolbox
   \\    /   O peration     | Website:  https://openfoam.org
    \\  /    A nd           | Version:  8
     \\/     M anipulation  |
\*---------------------------------------------------------------------------*/
/*   Windows 32 and 64 bit porting by blueCAPE: http://www.bluecape.com.pt   *\
|  Based on Windows porting (2.0.x v4) by Symscape: http://www.symscape.com   |
\*---------------------------------------------------------------------------*/
FoamFile
{
    version     2.0;
    format      ascii;
    class       labelList;
    location    "constant/vegetation/polyMesh";
    object      faceProcAddressing;
}
// * * * * * * * * * * * * * * * * * * * * * * * * * * * * * * * * * * * * * //


7602
(
145
146
147
149
150
410
411
412
413
414
1029
1030
1031
1032
1561
1562
1563
1564
1565
1571
1572
1573
1574
1575
1581
1582
1583
1584
1585
1586
1593
1594
1595
1596
1787
1788
1789
1790
1823
1824
1825
1956
1957
1958
1959
1960
1961
1964
1965
1966
1967
1968
1969
1970
1971
1972
1973
1974
1975
1976
1977
1978
1979
1980
1981
1982
1983
1984
1985
1986
1987
1988
2839
2840
2841
2842
2843
2844
2845
2846
2847
2848
2849
2861
2862
2863
2864
2867
2868
2869
2870
2871
2872
2873
2874
2875
2876
2877
2894
2895
2896
2897
2898
2921
2922
2923
2924
2925
4380
4381
4382
4383
4384
4385
4386
4387
4388
4389
4390
4391
4392
4393
4394
4395
4396
4397
4398
4399
4400
4401
4402
4403
4404
4405
4406
4407
4408
4409
6952
6953
6954
6955
6969
6970
6971
6972
6973
8339
8340
8341
8342
8343
8353
8355
8356
8357
8358
8359
8360
8361
8362
8363
9875
9876
9877
9878
9879
9880
9881
9882
9883
9884
9885
9886
9887
9888
9889
9890
9891
9892
9893
9894
9895
9896
9897
9898
9899
9900
9901
9902
9903
9904
9905
9906
9907
9908
9909
9910
9911
9912
9913
9914
9915
9916
9917
9918
9919
9920
9921
9922
9923
9924
9925
9926
9927
9928
9929
9930
9931
9932
9933
9934
9935
9936
9937
9939
9940
9941
9942
9943
9944
9945
9946
9947
9948
9949
9952
9953
9954
9955
9956
9957
9958
9959
9960
9962
9964
9965
9966
9967
9968
9969
9970
9971
9975
9976
9977
9978
9979
9980
9981
9982
9983
9984
9985
9986
10477
10478
10479
10480
10481
10482
10483
10484
10485
10486
10487
10488
10489
10490
10491
10492
10493
10494
10495
10496
10497
10498
10499
10500
10501
10502
10503
10504
10505
10506
10507
10508
10509
10510
10511
10512
10513
10514
10515
10516
10517
10518
10519
10520
10521
10522
10523
10524
10525
10526
10527
10528
10529
10530
10531
10532
10533
10534
10535
10536
10537
10538
10539
10540
10541
10542
10543
10544
10545
10546
10547
10548
10549
10550
10551
10552
10553
10554
10555
10556
10557
10558
10559
10560
10561
10562
10563
10564
10565
10566
10567
10568
10569
10570
10571
10572
10573
10574
10575
11199
11200
11201
11202
11203
11205
11206
11207
11208
11209
11210
11211
11212
11213
11214
11215
11216
11217
11218
11219
11220
11222
11223
11224
11225
11227
11229
11230
11231
11232
11234
11235
11236
11237
11238
11239
11240
11241
11243
11244
11245
11246
11248
11249
11250
11253
11254
11255
11256
11257
11258
11259
11260
11261
11262
11263
11264
11267
11268
11269
11270
11272
11273
11274
11275
11276
11277
11325
11326
11327
11328
11330
11331
11333
11334
11335
11336
11338
11339
11340
11341
11342
11343
11344
11345
11346
11347
11348
11349
11350
11352
11353
11354
11355
11357
11359
11360
11361
11362
11363
11364
13840
13841
13842
13843
13844
13845
13846
13847
13848
13849
13850
13851
13852
13853
13854
13855
13856
13857
13858
13859
13860
13861
13862
13863
13864
13865
13866
13867
13868
13869
13870
13871
13872
13873
13874
13875
13876
13877
13878
13879
13880
13881
13882
13883
13884
13885
13886
13887
13888
13889
13890
13891
13892
13893
13894
13895
13896
13897
13898
13899
13900
13901
13902
13903
13904
13905
13906
13907
13908
13909
13910
13911
13912
13913
13914
13915
13916
13917
13918
13919
13920
13921
13922
13923
13924
13925
13926
13927
13928
13929
13930
13931
13932
13933
13934
13935
13936
13937
13938
13939
13940
16650
16651
16652
16653
16660
16661
16662
16663
16664
16665
16666
16667
16668
16669
16670
16671
16672
16678
16679
16680
16681
16682
16683
16684
16685
16686
16750
16751
16752
16753
17142
17143
17144
17146
17153
17154
17155
17156
17157
17158
17986
17987
17988
17989
18002
18003
18004
18005
18006
18007
18008
18925
18926
18927
18928
18929
18930
18931
18932
18933
18934
18935
18937
18938
18939
18940
18941
18942
18943
18944
18945
18946
18947
18948
18949
18950
18951
18952
18953
18954
18956
18957
18958
18959
18963
18964
18965
18966
18967
18968
18969
18970
18971
18972
18973
18979
18980
18981
18982
18983
18984
18985
18986
18987
18988
18989
18990
18991
18992
19021
19022
19023
19024
19025
19026
19027
19028
19029
19030
19031
19032
19033
19034
19035
19036
19037
19038
19039
19040
19041
19042
19043
19044
19045
19046
19047
19048
19049
19050
19051
19052
19053
19054
19055
19056
19057
19058
19059
19060
19061
19062
19063
19064
19065
19066
19067
19068
19069
19070
19071
19436
19437
19438
19439
19440
19441
19442
19443
19444
19445
19446
19474
19476
19477
19478
19479
19480
19559
19560
19561
19562
19563
19564
19565
19566
19567
19568
19569
19570
19571
19572
19573
19574
19575
19576
19577
19578
19579
19580
19581
19582
19583
19584
19585
19586
19587
19588
19589
19590
19591
19592
19593
19594
19595
19596
19597
19598
19599
19600
19601
19602
19603
19604
19605
19606
19607
19608
19609
19610
19611
19612
19613
19614
19615
19616
19617
19618
19619
19620
19621
19622
19623
19624
19625
19626
19627
19629
19630
19631
19632
19633
19634
19635
19636
19637
19638
19639
19640
19641
19642
19643
19644
19645
19646
19647
19648
19649
19651
19652
19653
19654
19655
19656
19657
19658
19659
19660
19661
19662
19663
19664
19665
19666
19667
19668
19670
19671
19672
19673
19674
19675
19676
19677
19678
19679
19680
19681
19682
19683
19684
19685
19686
19687
19688
19689
19690
19691
19692
19693
19694
19695
19696
19697
19698
19699
19700
19701
19702
19703
19704
19705
19706
19707
19708
19709
19710
19712
19713
19714
19715
19716
19718
19719
19720
19721
19722
19723
19724
19725
19726
19727
19728
22258
22259
22260
22261
22262
22263
22264
22265
22266
22267
22268
22269
22270
22271
22272
22273
22274
22275
22276
22277
22278
22279
22280
22281
22282
22283
22284
22285
22286
22287
22288
22289
22290
22291
22292
22293
22294
22295
22296
22297
22298
22299
22300
22301
22302
22303
22304
22305
22306
22307
22308
22309
22310
22311
22312
22313
22314
22315
22316
22317
22318
22319
22320
22321
22322
22323
22324
22325
22326
22327
22328
22329
22330
22331
22332
22333
22334
22335
22336
22337
22338
22339
22340
22341
22342
22343
22344
22345
22346
22347
22348
22349
22350
22351
22352
22353
22354
22355
22356
22357
22358
22359
22360
22361
22362
22363
22364
22365
22366
22367
22368
22369
22370
22371
22372
22373
22374
22375
22376
22377
22378
22379
22380
22381
22382
22383
22384
22385
22386
22387
22388
22389
22390
22391
22392
22393
22394
22395
22396
22397
22398
22399
22400
22401
22402
22403
22404
22405
22406
22407
22408
22409
22410
22411
22412
22413
22414
22415
25095
25096
25097
25098
25099
25101
25102
25103
25104
25105
25106
25107
25108
25109
25110
25111
25112
25114
25115
25116
25117
25118
25122
25123
25124
25125
25126
25127
25128
25129
25130
25131
25132
25133
25134
25135
25136
25137
25138
25139
25140
25141
25142
25143
25144
25145
25146
25147
25148
25149
25155
25156
25157
25158
25159
25181
25182
25184
25185
25186
25187
25188
25190
25192
25193
25194
25195
25196
25197
25198
25200
25201
25202
25203
25204
25205
25206
25207
25209
25211
25249
25250
25251
25253
25254
25255
25256
25257
25258
25259
25260
25261
25262
25263
25264
25265
25266
25267
25268
25269
25270
25271
25272
25273
25274
25275
25276
25277
25278
25279
25280
25281
25282
25283
25284
25285
25286
25287
25288
25289
25290
25291
25292
25293
25294
25295
25296
25306
25307
25308
25309
25310
25324
25325
25326
25327
25329
25330
25343
25345
25346
25348
25349
26734
26735
26736
26737
26738
26739
26740
26741
26742
26743
26744
26745
26746
26747
26748
26749
26751
26752
26753
26754
26755
26756
26757
26758
26759
26760
26762
26763
26764
26765
26766
26767
26768
26769
26770
26771
26796
26797
26798
26813
26814
26815
26816
26817
26818
26819
26820
26821
26822
26823
26824
26826
26827
26828
26829
26830
26831
26832
26833
26834
26835
26836
26837
26839
26840
26841
26847
26848
26849
26850
26852
26853
26854
26855
26856
26857
26858
26859
26860
26861
26862
26864
26865
26866
26867
26868
26869
26870
26871
26872
26873
26874
26875
26876
26877
26878
26880
26881
26882
26883
26884
26885
26886
26887
26888
26889
26891
26892
26893
26894
26895
26896
26897
26898
26899
26900
26934
26937
26938
26951
26954
32666
32667
32668
32669
32670
32671
32673
32674
32676
32677
32678
32679
32680
32681
32683
32684
32685
32686
32687
32688
32690
32691
32692
32693
33269
33270
33271
33272
33273
33274
33276
33277
33278
33285
33286
33287
33288
33289
33290
33291
33292
33293
33294
33295
33296
33297
33298
33299
33300
33301
33302
33303
33304
33305
33306
33307
33308
33309
33310
33311
33312
33313
33314
33315
33316
33317
33318
33319
33320
33321
33322
33323
33987
33988
33989
33990
33991
33992
33993
34484
34487
34488
34489
34490
34491
34492
34493
34494
34496
34497
34498
34499
34500
34530
34531
34532
34542
34543
34544
34545
34807
34808
34809
34810
34811
34812
34813
34814
34815
34816
34817
34818
34819
34820
34821
34822
34823
34824
34825
34826
34827
34828
34829
34830
34831
34832
34833
34834
34835
34836
34837
34838
34839
34840
34841
34842
34843
34844
34845
34846
34847
34848
34849
34850
34851
34852
34853
34854
34855
34856
34857
34858
34859
34860
34861
34862
34863
34864
34865
34866
34867
34868
34869
34870
34871
34872
36220
36221
36222
36223
36224
36225
36226
36227
36228
36229
36230
36231
36232
36233
36234
36235
36236
36237
36238
36239
36240
36241
36242
36243
36244
36245
36246
36247
36248
36249
36250
36251
36252
36253
36254
36255
36256
36257
36258
36259
36260
36261
36262
36263
36264
36265
36266
36267
36268
36269
36950
36951
36952
36957
36959
37510
37511
37512
37513
37514
37515
37516
37517
37518
37519
37520
37521
37522
37523
37524
37525
37526
37527
37528
37529
37530
37531
37532
37533
37534
37535
37536
38775
38776
38777
38778
38779
38780
38781
38782
38783
38784
38785
38786
38787
38788
38789
38790
38791
38792
38793
38794
38795
38796
38797
38799
38800
38801
38802
38807
38808
38809
38810
38815
38816
38820
38821
38823
38824
38825
38826
38827
38836
38837
38839
38844
38845
38846
39488
39490
39491
39492
39493
40766
40767
40768
40769
40770
40771
40772
40773
40774
40775
40776
40777
40778
40779
40780
40781
40782
40783
40784
40785
40786
40787
40788
40789
40790
40791
40792
40793
40794
40795
40796
40797
40798
40799
40800
40801
40802
40803
40804
40805
40806
40807
40808
40809
40810
40811
40812
40813
40814
40815
40816
40817
40818
40819
40820
40821
40822
40823
40824
40825
40826
40827
40828
40829
40830
40832
40834
40835
40836
40837
40838
40839
40840
40841
40842
40843
40844
40845
40846
40851
40852
40853
40854
40855
40861
40862
40863
40864
40865
40898
40899
40901
40902
40903
40904
40905
40906
40907
40908
40913
40914
40915
40922
40923
40924
40925
40926
40927
40928
40929
40930
40931
40932
40948
40949
40951
40953
40954
40955
40956
40957
40959
40960
40962
40964
40965
40966
40967
40968
40969
40970
42028
42029
42030
42031
42032
42033
42034
42035
42036
42037
42038
42039
42040
42041
42042
42043
42044
42045
42046
42047
42048
42049
42050
42051
42052
42053
42054
42055
42056
42057
42058
42059
42060
42061
42062
42063
42064
42065
42066
42067
42068
42069
42070
42071
42072
42073
42074
42075
42076
42077
42078
42079
42080
42081
42082
42083
42084
42085
42086
42087
42088
42089
42090
42091
42092
42093
42094
42095
42096
42097
42098
42099
42100
42101
42102
42103
42104
42105
42106
42107
42108
42109
42110
42111
42112
42113
42114
42115
42116
42117
42118
42119
42120
42121
42122
42123
42124
42125
42126
42127
42128
42129
42130
42131
42132
42136
42137
42138
42139
42142
42143
42144
42145
42146
42147
42148
42149
42150
42151
42152
42153
42154
42155
42156
42157
42158
42159
42160
42161
42162
42163
42164
42165
42166
42167
42168
42169
42170
42171
42172
42173
42174
42175
42176
42177
42178
42179
42180
42181
42183
42184
42185
42186
42187
42188
42190
42191
42193
42194
42236
42237
42238
42239
42240
42241
42242
42243
42244
42245
42246
42247
42248
42249
42250
42251
42252
42253
42254
42255
42256
42257
42258
42259
42260
42261
42262
42263
42264
42265
42266
42267
42268
42269
42270
42271
42272
42273
42274
42275
42276
42277
42278
42279
42280
42281
42282
42283
42284
42285
42286
42287
42288
42289
42290
42291
42292
42293
42294
42295
42296
42297
42298
42299
42300
42301
42302
42303
42304
42305
42306
42307
42308
42309
42310
42311
42312
42313
42314
43377
43378
43379
43380
43381
43382
43383
43384
43385
43386
43387
43388
43389
43390
43409
43410
43411
43412
43413
43414
43415
43416
43417
43418
43419
43420
43421
43422
43423
43424
43425
43426
43427
43428
43429
43430
43431
43432
43433
43434
43435
43436
43437
43438
43439
43440
43441
43442
43443
43444
43446
43447
43448
43450
43451
43453
43454
43455
43456
43457
43458
43459
43460
43461
43462
43464
43466
43468
43479
43480
43481
43560
43561
43562
43626
43627
43628
43647
43649
43653
43654
43655
43656
43657
43658
43659
43660
43678
43679
43850
43851
43852
43853
43854
43855
43856
43857
43858
43859
43860
43861
43862
43863
43864
43865
43866
43867
43868
43869
43870
43871
43872
43873
43874
43875
43876
43877
43878
43879
43880
43881
43882
43883
43884
43885
43886
43887
43888
43890
43891
43892
43893
43895
43896
43897
43898
43899
43901
43902
43903
43904
43905
43906
43907
43908
43909
43910
43911
43912
43913
43914
43915
43916
43917
43919
43920
43922
43924
43925
43926
43927
43928
43929
43930
43931
43932
43933
43934
43935
43936
43937
43938
43939
43940
43941
43942
43943
43944
43945
43946
43947
43948
43949
43950
43951
43952
43953
43954
43955
43956
45494
45495
45496
45497
45498
45499
45500
45501
45502
45503
45504
45505
45506
45507
45508
45509
45510
45511
45512
45513
45514
45515
45516
45517
45518
45519
45520
45521
45522
45523
45524
45525
45526
45527
45528
45529
45530
45531
45532
45533
45534
45535
45536
45537
45538
45539
45540
45541
45542
45543
45544
45545
45546
45547
45548
45549
45550
45551
45552
45553
45554
45555
45556
45557
45558
45559
45560
45561
45562
45563
45564
45565
45566
45567
45568
45569
45570
45571
45572
45573
45574
45575
45576
45577
45578
45579
45580
45581
45582
45583
45584
45585
45586
45587
45588
45589
45590
45591
45592
45593
45594
45595
45596
45597
45598
45599
45600
45601
45602
45603
45604
45605
45606
45607
45608
45609
45610
45611
45612
45613
45614
45615
45616
45617
45618
45619
45620
45621
45622
45623
45624
45625
45626
45627
45628
45629
45630
45631
45632
45633
45634
45635
45636
45637
45638
45639
45640
45641
45642
45643
45644
45645
45646
45647
45648
45649
45650
45651
45652
45653
45654
45655
45656
45657
45658
45659
45660
45661
45662
45663
45664
45665
45666
45667
45668
45669
45670
45671
45672
45673
45674
45675
45676
45677
45678
45679
45680
45681
45682
45683
45684
45685
45686
45687
45688
45689
45690
45691
45692
45693
45694
45695
45696
45697
45698
45699
45700
45701
45702
45703
45704
45705
45706
45707
45708
45709
45710
45711
45712
45713
45714
45715
46349
46350
46351
46352
46353
46354
46355
46356
46357
46358
46359
46360
46361
46362
46363
46364
46365
46366
46367
46368
46369
46370
46371
46372
46373
46374
46375
46376
46377
46378
46379
46380
46381
46382
46383
46384
46385
46386
46387
46388
46389
46390
46391
46392
46393
46394
46395
46396
46397
46398
46399
46400
46401
46402
46403
46404
46405
46406
46407
46408
46409
46410
46411
46412
46413
46414
46415
46416
46417
46418
46419
46420
46421
46422
46423
46424
46425
46426
46427
46428
46429
46430
46431
46432
46433
46434
46435
46436
46437
46438
46439
46440
46441
46442
46443
46444
46445
46446
46447
46448
46449
46450
46451
46452
46453
46454
46455
46456
46457
46458
46459
46460
46461
46462
46478
46479
46480
46481
46482
46483
46484
46485
46486
46487
46488
46489
46536
46538
46547
46548
46549
46550
46551
46552
46553
46554
46555
46556
46557
46558
46559
46560
46561
46562
46563
46564
46565
46566
46567
46568
46569
46570
46571
46572
46573
46574
46575
46576
46577
46578
46579
46580
46581
46582
46583
46584
46585
46586
46587
46588
46589
46590
46591
46592
46593
46594
46595
46596
46597
46598
46599
46600
46601
46602
46603
46604
46605
46606
46607
46608
46609
46610
46611
46612
46613
46614
46615
46616
46617
46618
46654
47164
47165
47166
47167
47168
47169
47170
47171
47172
47173
47174
47175
47176
47177
47178
47179
47180
47181
47182
47183
47184
47185
47186
47187
47188
47189
47190
47191
47192
47193
47194
47195
47196
47197
47198
47199
47200
47201
47202
47203
47204
47205
47206
47207
47208
47209
47210
47211
47212
47213
47214
47215
47216
47217
47218
47219
47220
47221
47222
47223
47224
47225
47226
47227
47228
47229
47230
47231
47232
47233
47235
47236
47237
47238
47239
47240
47241
47242
47243
47244
47245
47246
47248
47249
47250
47251
47252
47253
47254
47255
47256
47257
47258
47260
47261
47262
47263
47264
47265
47266
47300
47301
47302
47303
47305
47306
47307
47308
47309
47310
47311
47312
47314
47316
47317
47318
47320
47321
47322
47323
47324
47325
47326
47327
47328
47329
47330
47331
47332
47333
47334
47355
47356
47357
47358
47359
47360
47361
47362
47363
47364
47365
47367
47368
47371
47372
47373
49394
49395
49396
49397
49398
49399
49400
49401
49402
49403
49404
49405
49406
49407
49408
49409
49410
49411
49412
49414
49415
49416
49417
49418
49419
49420
49421
49422
49424
49426
50760
50761
50762
50763
50764
50765
50766
50767
50769
50770
51595
51596
51597
51598
51599
51600
51601
51602
51603
51604
51605
51606
51607
51608
51609
51610
51611
51612
51613
51614
51615
51616
51617
51618
53133
53134
53135
53136
53137
53138
53139
53140
53141
53142
53143
53144
53145
53146
53147
53148
53149
53150
53857
53858
53859
53860
53861
53862
53863
53864
53865
53866
53867
53868
53869
56392
56393
56394
56395
56396
56397
56398
56399
56400
56401
56402
56403
56404
56405
56406
56407
56408
56409
56410
56411
56412
56413
56414
56415
56416
56417
56418
56419
56420
56421
58436
58437
58438
58439
58440
58441
58442
58443
58444
58445
58446
58447
58448
58449
58450
58451
58474
58477
58478
58480
58481
58482
58483
58485
58486
58487
58488
58489
58490
58491
58492
58493
58494
58495
58497
58498
58499
58500
58501
58502
58503
58504
58506
58507
58512
58514
58515
58516
58517
58518
58519
58520
58521
58522
58523
58524
58525
58526
58529
58530
58531
58532
58533
58534
58535
58536
58537
58538
58539
58540
61558
61559
61562
61563
61564
61565
61566
61567
61568
61569
61570
61571
61572
61573
61574
61575
61576
61577
61578
61579
61580
61581
61601
61602
61603
61604
61605
61606
61607
61608
61609
61610
61611
61612
61613
61614
61615
61616
61617
61618
61619
61620
61621
61622
61623
61624
61625
61626
61627
61628
61629
61630
61631
61632
61633
61634
61635
61636
61637
61638
61639
61640
61647
61648
61653
61655
61658
61689
61691
61692
61741
61742
61743
61744
61746
61748
61749
61751
61752
61753
61755
61770
61771
61773
61831
61832
63808
63809
63810
63811
63813
63817
63818
63819
63823
63824
63826
63827
65003
65005
65008
65009
67064
67065
67066
67067
67068
67069
67070
67071
67072
67073
67074
67075
67076
67077
67078
67079
67080
67081
67082
67083
67084
67085
67086
67087
67088
67089
67090
67091
67092
67093
67094
67095
67096
67097
67098
67099
67100
67101
67102
67103
67104
67105
67106
67107
67108
67109
67122
67123
67124
67125
67126
67127
67128
67129
67130
67131
67132
67133
67134
67135
67136
67137
67138
67139
67140
67141
67142
67143
67144
67145
67146
67147
67148
67150
67151
67152
67153
67154
67155
67156
67158
67159
67160
67161
67163
67628
67629
67630
67631
67632
67633
67635
67636
67637
67638
67639
67640
67642
67644
67645
67646
67647
67648
67649
67650
67651
67652
67653
67654
67655
67656
67657
67658
67659
67660
67661
67662
67663
67664
67665
67666
67667
67668
67669
67670
67671
67672
67673
67674
67675
67676
67677
67678
67679
67680
67681
67682
67683
67684
67685
67686
67687
67688
67689
67690
67691
67692
67693
67694
67695
67696
67697
67698
67699
67700
67701
67702
67703
67704
67705
69013
69014
69015
69016
69017
69018
69019
69020
69021
69022
69023
69024
69025
69026
69027
69028
69029
69030
69031
69032
69033
69034
69036
69037
69038
69040
69041
69042
69043
69044
69045
71297
71298
71299
71300
71301
71302
71303
71304
71305
71306
71307
71308
71309
71310
71311
71312
71313
71314
71315
71316
71317
71318
71319
71320
71321
71322
71323
71324
71325
71326
71327
71328
71329
71330
71331
71332
71333
71334
71335
71336
71337
71338
71339
71340
71341
71342
71343
71344
71345
71346
71347
71348
71349
71350
71351
71352
71353
71354
71355
71356
71357
71358
71359
71360
71361
71362
74299
74300
74301
74303
74304
74305
74307
74308
74309
74310
74312
74313
74314
74315
74316
74317
74318
74319
74320
74321
74334
74335
74336
74337
74338
74339
74340
74341
74342
74343
74344
74345
74346
74347
74348
74349
75656
75657
75658
75659
75660
75661
75662
75663
75664
75665
75666
75667
75668
75669
75670
75671
75672
75673
75674
75675
75676
75677
75678
77178
77179
77180
77181
77182
77183
77184
77185
77186
77187
77188
77189
77190
77191
77192
77193
77194
77195
77196
77197
77198
77199
77200
77201
77202
77203
77204
77205
77206
77207
77208
77209
77210
77211
77212
77213
77214
77215
77216
77217
77218
77219
77220
77221
77222
77223
77224
77225
77226
77227
77228
77229
77230
77231
77232
77233
77234
77235
77236
77237
77238
77239
77240
77241
77242
77243
77244
77245
77246
77247
77248
77249
77250
77252
77253
77254
77255
77256
77257
77258
77259
77260
77262
77263
77264
77265
77267
77268
77269
77270
77271
77272
77273
77274
77275
77276
77277
77278
77279
77280
77281
77282
77283
77284
77285
77286
77287
77288
77289
77290
77291
77292
77293
77294
77672
77673
77674
77675
77676
77677
77678
77679
77680
77681
77682
77683
77684
77685
77686
77687
77688
77689
77690
77691
77692
77693
77694
77695
77696
77697
77698
77699
77700
77701
77702
77703
77704
77705
77706
80110
80111
80112
80113
80114
80115
80116
80117
80118
80119
80120
80121
80122
80123
80124
80125
80126
80127
80128
80129
80130
80131
80132
80133
80134
80135
80136
80137
80138
80139
80140
80141
80142
80143
80144
80145
80146
80147
80148
80149
80150
80151
80152
80153
80154
80155
80156
80157
80158
80159
80160
80161
80162
80163
80164
80165
80166
80167
80168
80169
80170
80171
80172
80173
80174
80175
80176
80177
80178
80179
80180
80181
80182
80183
80184
80185
80186
80187
80188
80189
80190
80191
80192
80193
80194
80195
80196
80197
80198
81710
81711
81712
81713
81714
81715
81716
81717
81718
81719
81720
81721
81722
81723
81724
81725
81726
81727
81728
81729
81730
81743
81744
81745
81746
81747
81748
81749
81750
81751
82213
82214
82215
82216
82217
82218
82219
82220
82221
83318
83319
83320
83321
83327
83328
83330
83356
83357
83358
83359
83360
83361
83362
83363
83364
83365
83366
83367
83368
83369
83370
83371
83372
83373
83374
83375
83376
83377
83378
83379
83380
83381
83382
83383
84465
84466
84467
84468
84469
84470
84471
84472
84473
84474
84475
84476
84477
84478
84480
84481
84482
84483
84484
84485
84487
84488
84490
84491
84501
84502
84503
84504
84505
84506
84507
84508
84509
84510
84511
84512
84513
84514
84515
84516
84517
84518
84519
84520
84521
84522
84523
84524
84834
84835
84836
84837
84838
84839
84840
84841
84842
84843
84844
84845
84846
84847
84848
84849
84850
84851
84852
84853
84854
84855
84856
84857
84858
84859
84860
84861
84862
84863
84864
84865
84866
84867
84868
84869
84870
84871
84872
84873
84874
84875
84876
84877
84878
84879
84880
84881
84882
84883
84884
84885
84886
84887
84888
84889
84890
84891
84892
84893
84894
86660
86661
86662
86663
86664
86665
86666
86667
86668
86669
86670
86671
86672
86673
86674
86675
86676
86677
86678
86679
86680
86681
86682
86683
86684
86685
86686
86687
86688
86689
86690
86691
86692
86693
86694
86695
86696
86697
86698
86699
86700
86701
86702
86703
86704
86705
86706
86707
86708
86709
86710
86711
86712
86713
86714
86715
86716
86717
86718
86719
86720
86721
86722
86723
86724
86725
86726
86727
86728
86729
86730
86731
86732
86733
86734
86735
86736
86737
86738
86739
86740
86741
86742
86743
86744
86745
86746
86747
86748
86749
86750
86751
86752
86753
86754
86755
86756
86757
86758
86759
86760
86761
86762
86763
86764
86765
86766
86767
86768
86769
86770
86771
86772
86773
86774
86775
86776
86777
86778
88287
88288
88289
88290
88291
88292
88293
88294
88295
88296
88297
88299
88300
88301
88302
88304
88306
88307
88308
88309
88310
88311
88312
88313
88321
88323
88324
88326
88327
88337
88339
88341
88342
88363
88364
88365
88366
88367
88368
88369
88370
88371
88372
88373
88374
88375
88376
88378
88379
88380
88382
88384
88385
88387
88388
88389
88390
88392
88393
88398
88402
88404
88405
88412
88413
88418
89087
89088
89089
89090
89091
89092
89093
89094
89095
89096
89097
89098
89099
89100
89101
89102
89103
89104
89105
89106
89107
89108
89109
89110
89111
89112
89113
89114
89156
89157
89158
89159
89160
89161
89162
89163
89164
89165
89166
89167
89168
89169
89170
89171
89172
89173
89174
89175
89176
89177
89178
89179
89180
89181
89182
89183
89184
89185
89186
89188
89189
89190
89191
89192
89193
89194
89195
89197
89198
89199
89200
89202
89215
90561
90562
90563
90564
90565
90566
90567
90568
90569
90570
90571
90572
91148
91149
91150
91151
91152
91153
91154
91155
91156
91157
91158
91159
91160
91161
91162
91163
91164
91165
91167
91168
91169
91171
91172
91173
91175
91233
91234
91235
91236
91237
91238
91239
91240
91241
91242
91243
91244
91245
91246
91247
91248
91249
91250
91251
91252
91253
92656
92657
92658
92659
92660
92661
92662
92663
92664
92665
92666
92667
92668
92669
92670
92671
92672
92673
92674
92675
92676
92677
92678
92679
92680
92681
92682
92683
92684
92685
92686
92687
92688
92689
92690
92691
92692
92723
92724
92725
92726
92727
92728
92729
92730
92731
93577
93578
93579
93580
93581
93582
93583
93584
93585
93586
93587
93588
93589
93590
93591
93592
93593
93594
94263
94264
94265
94266
94267
94268
94269
94270
94271
94583
94585
94586
94589
94591
95656
95657
95658
95659
95660
95661
95662
95663
95664
95665
95666
95667
96074
96075
96076
96077
96078
96079
96080
96081
96082
96245
96246
96247
96248
96249
96250
96251
96252
96253
96254
96255
96256
96257
96258
96273
96274
96275
96276
96277
96278
96279
96280
96281
96282
96283
96284
96285
96286
97273
97274
97275
97276
97277
97278
97279
97280
97281
97282
97283
97284
97285
97286
97287
97380
97381
97382
97383
97384
97385
97386
97387
97388
97389
97390
97391
97392
97393
97394
97395
97396
97397
97398
97399
97400
97401
97402
97403
97404
97405
97406
97407
97408
97409
97410
97411
97412
97413
97414
97415
97416
97417
97418
97419
97420
97421
97422
97423
97424
97425
97426
97427
97428
97429
97430
97431
97432
97433
97434
97435
97436
97437
97438
97515
97516
97517
97518
97519
97520
97521
97522
97523
97524
97525
97526
97527
97528
97529
97530
97531
97532
97533
97534
97535
97536
97537
97551
97552
97553
97554
97555
97556
97557
97558
97559
97560
97931
97932
97933
97934
97935
97936
97937
97938
97939
97940
97941
97942
97943
97944
97945
97946
97947
97948
97949
97950
97951
97952
97953
97954
97955
97956
97957
97958
97959
97960
99286
99287
99288
99289
99290
99291
99292
99293
99294
99295
99296
99297
100036
100037
100038
100039
100040
100041
100042
100043
100045
100046
100047
100049
102180
102181
102182
102183
102184
102185
102186
102187
102188
102189
102190
102191
102192
102193
102194
102195
102196
102197
102198
102199
102200
102201
102202
102203
102204
102205
102206
102207
102208
102209
102210
102211
102262
102263
102264
102265
102266
102267
102268
102269
102270
102271
102272
102273
102274
102275
102276
102277
102278
102279
102280
102281
102282
102283
102284
102285
102286
102287
102288
102289
102290
102291
102292
102293
102294
102295
102296
102297
102298
102299
102300
102301
102302
102303
102304
102305
102306
102307
102308
102366
102367
102368
102369
102370
102371
102372
102373
102374
102379
102380
102381
103000
103001
103002
103003
103004
103005
103006
103007
103008
103009
103010
103011
103012
103013
103014
103015
103016
103017
103018
103019
103020
103021
103022
103023
103024
103025
103026
103027
103028
103029
103030
103031
103032
103751
103752
103753
103765
103766
103767
103768
103769
103770
103771
103772
103773
103774
103775
103980
103981
103982
103983
103984
103985
103986
103987
103988
103989
103990
103997
103998
103999
104000
104001
104002
104255
104256
104257
104258
104259
104260
104261
104262
104263
104264
104265
104266
104267
104268
104269
104270
104271
104272
104273
104274
104275
104276
104277
104278
104279
104280
104281
104282
104283
104284
104285
104286
104287
104288
104289
104290
104291
104292
104293
104294
104295
104296
104297
104298
104299
104300
104301
104302
104303
104304
104305
104306
104307
104308
104309
104310
104311
104312
104313
104314
104315
104316
104389
104390
104391
104392
104393
104394
104395
104396
104397
104398
104399
104400
104401
104402
104403
104404
104405
104406
104407
104408
104409
104410
104411
104412
104413
104414
104415
104416
104417
104418
104419
104420
104421
104422
104423
104424
104425
104426
104427
104428
104429
104430
104431
104432
104433
104434
104435
104436
104437
104438
104439
104440
104441
104442
104443
104444
104445
104446
104447
104448
104449
104450
104451
104452
104453
104454
104455
104456
104457
104517
104518
104519
104520
104521
104522
104523
104528
104529
104530
105197
105198
105199
105200
105201
105202
105203
105204
105205
105206
105207
105208
105209
105210
105211
105212
105213
105214
105215
105216
105217
105218
105219
105220
105221
105222
105223
105224
105225
105226
105227
105228
105229
105230
105231
105232
105233
105234
105235
105236
105237
105238
105239
105240
105241
105242
105243
105244
105245
105246
105247
105248
105249
105250
105251
105252
105253
105254
105255
105256
105257
105258
105259
106233
106234
106235
106236
106237
106238
106239
106240
106249
106250
106251
106252
106253
106254
106255
106256
106257
106258
106259
106317
106318
106319
106320
106321
106322
106323
106324
106325
106326
106327
106328
106329
106330
106331
106332
106333
106334
106335
106336
106337
106338
106339
106340
106341
106342
106343
106344
106345
106346
106347
106348
106349
106350
106351
106352
106353
106354
106355
106356
106357
106358
106359
106360
106361
106362
106363
106364
106365
106366
106367
106368
106369
106370
106371
106372
106373
106374
106443
106444
106445
106446
106447
106448
106449
106450
106451
106452
106453
106454
106455
106456
106457
106458
106459
106460
106461
106462
106463
106464
106465
106466
106467
106468
106469
106470
106471
106472
106473
106474
106475
106476
106477
106478
106479
106480
106481
106482
106483
106484
106485
106486
106487
106488
106489
106490
106491
106492
106493
106494
106495
106496
106497
106498
106499
106500
106501
106502
106503
106504
106505
106506
106507
106508
106509
106510
106511
106512
106513
106514
107393
107394
107395
107396
107397
107398
107399
107400
107401
107402
107403
107404
107405
107406
107407
107408
107409
107410
107411
107412
107413
107414
107415
107416
107417
107418
107419
107420
107421
107422
107423
107424
107425
107426
107427
107428
107429
107430
107431
107432
107433
107434
107435
107436
107437
107438
107439
107440
107441
107442
107443
107444
107445
107446
107447
107448
107449
107450
108598
108599
108600
108601
108602
108603
108604
108605
108606
108607
108608
108609
108610
108611
108612
108613
108614
108615
108616
108617
108618
108619
108620
108621
108622
108623
108624
108625
108626
108641
108642
108643
108644
108646
108647
108648
108649
108650
108652
108653
108654
108655
108657
108658
108659
108660
108662
108663
108664
108665
108667
108668
108669
108671
108672
108673
108674
108675
108676
108677
108678
108679
108680
108681
108682
108683
108684
108685
108686
108687
108688
108689
108690
108691
108692
108693
108694
108695
108696
108697
108698
108699
108700
108701
108710
108711
108713
108714
108716
109227
109228
109229
109230
109231
109232
109233
109234
109235
109236
109237
109238
109239
109240
109241
109242
109243
109244
109245
109246
109247
109248
109249
109250
109251
109252
109253
109255
109256
109257
109258
109260
109261
109262
109264
109265
109266
109267
109268
109269
109270
109271
109272
109273
109274
109276
109277
109278
109280
109281
109282
109284
109285
109286
109288
109289
109291
109292
109304
109305
109308
109309
109312
111240
111241
111242
111243
111244
111245
111246
111247
111248
111249
111250
111251
111252
111253
111254
111255
111256
111257
111258
111259
111260
111261
111262
111263
111264
111265
111266
111267
111268
111269
111318
111319
111320
111321
111322
111323
111324
111325
111326
111327
111328
111329
111330
111331
111332
111333
111334
111335
111336
111337
111338
111339
111340
111341
111342
111343
111344
111536
111537
111538
111539
111540
111541
111542
111543
111544
111545
111546
111547
111548
111549
111550
111551
111552
111553
111554
111555
111556
111557
111558
111559
111560
111561
111562
112085
112086
112087
112088
112089
112090
112091
112092
112093
112094
112095
112096
112097
112098
112099
112100
112101
112102
112103
112104
112105
112106
112107
112108
112109
112110
112111
112112
112113
112114
112115
112116
112117
112118
112119
112120
112121
112122
112123
112124
112125
112126
112135
112136
112138
112139
112140
112142
112143
112145
112146
112147
112148
112149
112150
112151
112152
112153
112154
112155
112156
112157
112158
112159
112160
112161
112162
112163
112164
112165
112166
112167
112168
112169
112170
112171
112172
112173
112174
112175
112176
112177
112178
112179
112180
112181
112182
112183
112184
112185
112186
112187
112188
112189
112190
112191
112192
112193
112194
112195
112196
112197
112198
112199
112200
112201
112202
112203
112204
112205
112206
112207
112208
112209
112210
112211
112212
112213
112214
112215
112216
112217
112218
112219
112220
112221
112222
112223
112224
112225
112226
112227
112228
112229
112230
112231
112232
112233
112234
112235
112236
112237
112238
112239
112240
112241
112242
112243
112244
112245
112246
112247
112248
112249
112250
112251
112252
112315
112316
112317
112318
112319
112320
112321
112322
112323
112324
112325
112326
112327
112328
112329
112330
112331
112332
112333
112334
112335
112336
112337
112338
112339
112340
112341
112342
112343
112344
112345
112346
112347
112348
112349
112350
112351
112352
112353
112354
112355
112356
112357
112358
112359
112360
112361
112362
112425
112426
112427
112428
112429
112430
112431
112432
112433
112434
112435
112436
112437
112438
112439
112440
112441
112442
112443
112444
112445
112446
112447
112448
112449
112450
112451
112452
112453
112454
112455
112456
112457
112458
112459
112460
112461
112462
112463
112464
112465
112466
112467
112468
112469
112470
112471
112472
112473
112474
112475
112476
112477
112478
112479
112480
112481
112482
112483
112484
112485
112486
112487
112488
112489
112490
112491
112492
112493
112494
112495
112496
112497
112498
112499
112500
112501
112502
112503
112504
112505
112506
112507
112508
112509
112510
112511
112512
112513
112514
112515
112516
112517
112518
112519
112520
112576
112577
112578
112579
112580
112581
112582
112583
112584
112585
112586
112587
112588
112589
112590
112591
112592
112593
112594
112595
112596
112597
112598
112599
112600
112601
112602
112603
112604
112605
112606
112607
112609
112610
112611
112613
112614
112616
112617
112618
112619
112620
112675
112676
112677
112678
112679
112680
112681
112682
112683
112684
112685
112686
112687
112688
112689
112690
112691
112692
112693
112694
112695
112696
112697
112698
112838
112839
112840
112841
112842
112843
112844
112845
112846
112847
112848
112849
112850
112851
112852
112853
112854
112855
112856
112857
112858
113398
113399
113400
113401
113402
113403
113404
113405
113406
113407
113408
113409
113410
113411
113412
113413
113414
113415
113717
113718
113719
113720
113721
113722
113723
113724
113725
113726
113727
113728
113729
113730
113731
113732
113733
113734
113735
113736
113737
113738
113739
113740
113741
113742
113743
113744
113745
113746
113747
113748
113749
113750
113751
113752
113753
113754
113755
113756
113757
113758
113759
113760
113761
113762
113763
113764
113765
113766
113767
114017
114018
114019
114020
114021
114022
114023
114024
114025
114026
114027
114028
114029
114030
114031
114032
114033
114034
114035
114036
114037
114038
114039
114040
114041
114042
114043
114618
114619
114620
114621
114622
114623
114624
114625
114626
114627
114628
114629
114630
114631
114632
114633
114634
114635
114636
114637
114638
114639
114640
114641
114642
114643
114644
114645
114646
114647
114648
114800
114801
114802
114803
114804
114805
114806
114807
114808
114809
114810
114811
114812
114813
114814
114854
114855
114856
114857
114858
114859
114860
114861
114862
114863
114864
114865
114866
114867
114868
114869
114870
114871
114872
114873
114874
114875
114876
114877
114878
114879
114880
114881
114882
114883
115895
115896
115897
115898
115899
115900
115901
115902
115903
115904
115905
115906
115907
115908
115909
115910
115911
115912
115913
115914
115915
115916
115917
115918
115919
115920
115921
115922
115923
115924
115925
115926
115927
115928
115929
115930
115931
115932
115933
115934
115935
115936
115937
115938
115939
116949
116951
116956
116957
116958
116959
116960
116961
116962
116963
116964
116965
116966
116967
116968
116970
116971
116973
116975
117369
117370
117371
117372
117373
117374
117375
117376
117377
117378
117379
117380
117381
117382
117383
117384
117385
117386
117387
117388
117389
117390
117391
117392
117393
117394
117395
117396
117397
117398
117399
117400
117401
117402
117403
117404
117405
117406
117407
117961
117962
117963
117964
117965
117966
117967
117968
117969
117970
117971
117972
117973
117974
117975
117976
117977
117978
117979
117980
117981
117982
117983
117984
126395
126396
126397
126401
126402
126403
126404
126405
126414
126415
126416
126423
126424
126425
126426
126427
126428
126429
126430
126431
126432
126433
126434
126435
126436
126437
126438
126439
126440
126441
126442
126443
126444
126445
126446
126447
126448
126449
126474
126475
126476
126480
126481
126482
126483
126484
126485
126492
126493
126494
126495
126496
126497
126666
126667
126668
126669
126670
126671
126672
126673
126674
126675
126676
126677
126678
126679
126680
126681
126682
126683
126684
126685
126686
126687
126688
126689
126690
126691
126692
126693
126694
126695
126696
126697
126698
126699
126700
126701
126702
126703
126704
126705
126706
126707
126708
126709
126710
126711
126712
126713
126714
126715
126716
126717
126718
126719
126720
126721
126722
126723
126724
126725
126726
126727
126728
126729
126730
126731
126732
126733
126734
126735
126736
126737
126738
126739
126740
126741
126742
126743
126744
126745
126746
126747
126748
126749
126750
126751
126752
126753
126754
126755
126756
126757
126758
126759
126760
126761
126762
126763
126764
126765
126766
126767
126768
126769
126770
126771
126772
126773
126774
126775
126776
126777
128641
128642
128645
128646
128647
128648
128649
128658
128663
128664
128665
128666
128667
128668
128669
128670
128671
128672
128673
128674
128675
128676
128677
128699
128700
128703
128704
128705
128712
128717
128718
128719
128720
128721
128722
128723
128724
128725
128726
128727
128728
129148
129149
129150
129151
129152
129153
129154
129155
129156
129157
129158
129159
129160
129161
129162
129163
129164
129165
129166
129167
129168
129169
129170
129171
129172
129173
129174
129175
129176
129177
129178
129179
129180
129181
129182
129183
129184
129185
129186
129187
129188
129189
129190
129191
129192
129193
129194
129195
129196
129197
129198
129199
129200
129201
129202
129203
129204
129205
129206
129207
129208
129209
129210
129211
129212
129213
129214
129215
129216
129217
129218
129219
129220
129221
129222
129223
129224
129225
129226
129227
129228
129229
129230
129231
129232
129233
129234
129235
129236
129237
129238
129239
129240
129241
129242
129243
129244
129245
129246
129247
129248
129249
129250
129251
129252
129253
129254
129255
129256
129257
129258
129259
129260
129261
129262
129263
129264
129265
129266
130055
130056
130057
130058
130059
130060
130067
130068
130069
130178
130179
130180
130181
130182
130183
130184
130185
130186
130187
130188
130189
130190
130191
130192
130193
130194
130195
130256
130257
130260
130261
130262
130263
130264
130265
130278
130279
130282
130283
130284
130285
130359
130360
130361
130362
130363
130364
130365
130366
130367
130368
130369
130370
130371
130372
130373
130374
130375
130376
130377
130543
130744
133428
133429
133430
133431
133432
133433
133434
133435
133436
133437
133438
133439
133440
133441
133442
133842
133843
133844
133845
133846
133847
133848
133849
133850
133851
133852
133853
133854
133855
133856
133857
133858
133859
133860
133861
133862
133863
133864
133865
133866
133867
133868
133869
133870
133871
133872
133873
133874
133875
133876
133877
133878
133879
133880
133881
133882
133883
133884
133885
133886
133887
133888
133889
133890
133891
133892
133893
133894
133895
133896
133897
133898
133899
133900
133901
133902
133903
133904
133905
133906
133907
133908
133909
133910
133911
133912
133913
133914
133915
133916
133917
133918
133919
133920
133921
133922
133923
133924
133925
133926
133927
133928
133929
133930
133931
133932
133933
133934
133935
133936
133937
133938
133939
133940
133941
133942
133943
133944
133945
133946
135036
135037
135038
135039
135040
135041
135042
135043
135044
135045
135046
135047
136562
136577
136596
136609
136610
136633
136638
136645
136646
136647
136671
136710
136711
136712
136782
136783
136784
136785
136786
136787
136819
136820
136821
136822
136823
136824
136850
136851
136852
136895
136896
136897
136898
136899
136900
136919
136920
136931
136955
136966
136978
136979
136980
137041
137042
137043
137049
137050
137051
137073
137079
137080
137081
137088
137089
137090
137117
137118
137150
137151
137189
137190
137191
137209
137234
137235
137236
137274
137275
137376
137377
137378
137379
137380
137381
137436
137437
137438
137439
137440
137441
137442
137443
137444
137571
137572
137573
137574
137575
137576
137707
137708
137709
137710
137711
137712
137746
137747
137748
137749
137750
137751
137820
137821
137822
137823
137824
137825
137858
137859
137860
137864
137865
137866
137876
137877
137878
137888
137889
137890
137891
137892
137893
137894
137895
137896
137926
137927
137928
137946
137947
137948
137958
137959
137960
137973
137974
137975
137982
137983
137984
138048
138049
138050
138051
138058
138059
138060
138061
138062
138063
138068
138084
138085
138086
138087
138088
138093
138094
138095
138096
138097
138098
138105
138106
138107
138108
138109
138110
138140
138141
138142
138143
138144
138145
138515
138516
138517
138521
138522
138537
138538
138539
138540
138541
138542
138543
138544
138545
138546
138547
138548
138574
138575
138576
138580
138581
138582
138598
138599
138600
138601
138602
138603
138604
138605
138606
138607
138608
138609
139235
139236
139237
139238
139243
139244
139245
139246
139253
139254
139256
139314
139315
139316
139317
139381
139383
139408
139410
139444
139445
139446
139447
139448
139449
139456
139457
139458
139459
139460
139461
139468
139469
139471
139549
139550
139551
139552
139553
139554
139659
139661
139668
139669
139670
139671
139672
139673
139681
139682
139683
139684
139685
139686
139790
139791
139792
139793
139794
139795
139928
139929
139930
139932
139933
139934
139935
139936
139937
139939
139991
139992
139993
139994
139995
139996
139998
140381
140382
140383
140389
140390
140391
140410
140411
140412
140484
140485
140486
140488
140489
140490
140491
140492
140493
140494
140495
140496
140497
140498
140499
140500
140501
140508
140509
140510
140511
140512
140513
140521
140522
140523
140524
140525
140526
140527
140528
140529
140530
140531
140532
140538
140539
140540
140541
140542
140543
140550
140551
140552
140564
140565
140566
140637
140638
140639
140693
140694
140695
140696
140697
140698
140741
140742
140743
140819
140820
140821
140822
140823
140841
140842
140843
140847
140848
140849
140850
140851
140852
140977
140978
140979
140980
140981
140982
141138
141140
141141
141142
141143
141193
141194
141195
141196
141197
141198
141278
141279
141280
141281
141282
141283
142536
142538
142540
142542
142543
142544
142548
142550
142552
142574
142575
142576
142577
142578
142579
142580
142581
142582
142583
142584
142585
142586
142587
142588
142920
142922
142924
142926
142927
142928
142932
142934
142936
142938
142939
142940
143007
143008
143009
143010
143011
143012
143013
143014
143015
143016
143017
143018
143019
143020
143021
143022
143023
143024
143162
143163
143165
143182
143183
143184
143197
143199
143200
143203
143205
143206
143218
143219
143220
143257
143304
143365
143902
143903
143904
143988
143989
143990
143991
143992
143993
143994
143995
143996
143997
143998
143999
144000
144001
144002
144003
144004
144005
144006
144007
144008
144095
144220
144221
144222
144252
144463
144466
144485
144486
144487
144488
144496
144497
144507
144508
144509
144510
144511
144512
144513
144515
144516
144517
144519
144527
144528
144530
144532
144533
144564
144580
144581
144582
144583
144586
144612
144613
144615
144617
144618
144627
144674
144675
144725
144726
144727
144728
144729
144732
144733
144734
144735
144744
144745
144779
144780
144782
144784
144785
144825
144826
144827
144828
144829
144830
144831
144832
144833
144834
144835
144836
144837
144838
144839
144840
144841
144842
144843
144844
144845
144857
144858
144859
144860
144861
144862
144875
144881
144899
144900
144901
144902
144903
144904
144908
144909
144910
144911
144914
144915
144916
144917
144918
145120
145121
145388
145389
145697
145698
145699
145700
145704
145706
145854
145855
145858
145860
145861
145869
145870
145902
145903
145904
145905
145916
145917
145918
145919
145920
145953
145955
146045
146046
146047
146048
146049
146050
146081
146082
146083
146084
146085
146086
146087
146088
146089
146090
146125
146126
146127
146128
146129
146130
146158
146159
146160
146161
146162
146163
146172
146188
146191
146192
146193
146285
146314
146315
146316
146317
146465
146466
146467
146468
146469
146634
146635
146640
146641
146930
146932
146934
146939
146942
146953
1560
1592
-3258
-3259
-3260
-3305
9938
9950
9961
-11981
-11983
-11984
-11985
-11995
-12001
-12063
-12067
-12068
-12069
-12083
-12097
-12109
-12138
67149
67157
67162
74302
74306
74311
77251
77261
77266
84479
84486
84489
88298
88303
88305
88377
88381
88383
-2829
-2831
-2832
-2833
-2834
-2851
-2853
-2854
-2855
-2856
2865
2866
-2911
-2913
-2914
-2915
-2916
11204
11221
11226
11228
11233
11242
11247
11251
11252
11265
11266
11271
-11281
-11308
-11315
11329
11332
11337
11351
11356
11358
69035
69039
69046
69047
-69113
-69116
-73961
-73965
-78178
-78180
-91443
-91446
-94364
-94367
-97546
-97549
-97550
-6963
8354
-11293
-17126
-17127
-17128
-17129
17145
-18000
-18011
19475
-25161
25183
25189
25191
25199
25208
25210
25252
-25315
25328
25331
25344
25347
26750
26761
-26790
26799
26800
-26805
-26812
26825
26838
26851
26863
26879
26890
-26927
-26928
-26929
26935
26936
-26940
-26941
-26942
26952
26953
-33252
-33255
-33359
-33360
-33361
-34533
-39477
-39482
39489
-39495
-40891
40900
-40938
-40943
-40946
40950
40952
40958
40961
40963
-43625
-43635
43646
-43652
46535
47234
47247
47259
47267
-47278
47304
47313
47315
47319
-47338
-47349
-47351
-47354
47366
47369
47370
-58471
58473
-58475
58479
58484
61745
61747
61750
61754
61772
-61791
-61794
-74352
-74359
-74363
-74369
-83351
-83353
-83355
-88315
88322
88325
-88331
88338
88340
88386
88391
-88394
88399
88403
-88408
88411
88419
89187
89196
89201
89213
89214
89226
89227
91166
91170
91174
91176
100044
100048
100050
-103757
-103761
-103764
-104524
-106243
-106246
-106248
-106262
-106265
-106267
108645
108651
108656
108661
108666
108670
108712
108715
108717
109254
109259
109263
109275
109279
109283
109287
109290
109306
109307
109310
109311
109313
109314
-109316
-109322
-109327
-112128
-112131
-112133
112137
112141
112144
112608
112612
112615
-114614
-114616
-114617
116950
116952
116953
116969
116972
116974
-116985
-116988
-116990
-130081
-130095
-130098
-130345
-130349
-130352
-135023
-135026
-135028
34485
34486
34495
34501
-34511
-34512
-34513
-34514
-34525
-34526
-34527
-34528
34541
34546
-34569
-34570
-34571
-34572
43408
43445
43449
43452
43463
43558
43559
43648
43661
49413
49423
49425
49427
-28
-31
-109
148
-1566
-1570
1962
1963
-6958
9951
9963
9972
9973
9974
-16655
-16658
-16677
-17991
-17992
18936
18955
18960
18961
18962
-18974
-18977
-19012
-19013
-19014
-19015
19628
19650
19669
19711
19717
25100
25113
25119
25120
25121
-25239
25321
25322
25323
32672
32675
32682
32689
-33259
33275
-33983
-33986
-36953
36958
38798
-38803
-38812
38822
-38829
-38833
38838
38843
38847
-39004
-39504
-39512
-39518
-39523
40831
40833
40856
40857
40858
40859
40860
40909
40910
40911
40912
40921
-42133
-42135
-42140
42182
42189
42192
-42199
-42209
-42210
-42214
42315
42316
-42320
-42327
-42329
-43391
-43394
-43395
-43396
-43397
43465
43467
43478
43482
-43499
-43501
-43527
-43545
43557
43677
43680
-43725
43889
43894
43900
43918
43921
43923
-46465
-46471
-46475
-46476
46537
-46623
-46627
-46631
-46650
-46652
-50718
-50719
-50720
50758
50759
50768
50771
-50777
-50778
-50785
-50786
-50787
-50788
-57020
-57031
-58457
-58467
58496
58505
58508
58509
58510
58511
58513
-58527
-58544
-58555
-58557
-58559
61560
61561
-61585
-61593
-61599
-61600
-61642
61646
-61652
61654
-61657
-61686
61690
61693
-61828
61830
61833
63812
-63815
-63820
63825
63828
65004
-65006
-65011
-65168
-65170
67634
67641
67643
83322
-83323
-83324
83329
83331
83332
83333
94584
-94588
-94590
)


// ************************************************************************* //
