/*--------------------------------*- C++ -*----------------------------------*\
  =========                 |
  \\      /  F ield         | OpenFOAM: The Open Source CFD Toolbox
   \\    /   O peration     | Website:  https://openfoam.org
    \\  /    A nd           | Version:  8
     \\/     M anipulation  |
\*---------------------------------------------------------------------------*/
/*   Windows 32 and 64 bit porting by blueCAPE: http://www.bluecape.com.pt   *\
|  Based on Windows porting (2.0.x v4) by Symscape: http://www.symscape.com   |
\*---------------------------------------------------------------------------*/
FoamFile
{
    version     2.0;
    format      ascii;
    class       labelList;
    note        "nPoints: 3235 nCells: 2239 nFaces: 7602 nInternalFaces: 6405";
    location    "constant/vegetation/polyMesh";
    object      neighbour;
}
// * * * * * * * * * * * * * * * * * * * * * * * * * * * * * * * * * * * * * //


6405
(
235
236
237
811
812
2
7
1355
1356
1357
8
244
245
246
26
814
815
818
1466
12
822
823
824
1467
13
27
829
830
831
1470
836
837
838
1473
8
1361
1362
1364
684
685
688
20
101
258
259
260
1474
843
844
845
21
98
849
850
853
857
858
859
1477
102
141
142
143
830
831
832
1480
25
864
865
866
1483
18
22
253
871
872
873
23
1369
1370
1371
1486
19
24
67
68
891
892
893
1376
1378
1381
1424
1425
1429
1430
1487
29
255
878
879
880
30
1376
1377
1378
1488
28
271
272
273
1489
123
278
279
280
29
124
166
167
518
519
522
524
885
886
887
1492
30
891
892
895
1494
899
900
901
1496
905
906
909
1499
102
913
914
915
1500
101
287
288
289
1503
125
217
661
662
665
666
919
920
923
1506
38
94
115
927
928
929
35
37
46
95
821
822
826
827
47
118
1383
1384
1385
1508
40
934
935
936
1511
49
96
119
926
927
930
931
1024
1025
1026
1382
1384
1387
1388
42
121
941
942
943
1514
44
97
926
929
930
932
933
936
938
939
1031
1032
1033
103
113
948
949
950
106
955
956
957
1517
962
963
964
1518
43
44
835
838
840
841
108
969
970
971
1521
109
947
949
951
953
954
957
959
960
114
947
950
952
953
961
964
966
967
1083
1084
1085
49
51
52
140
234
1396
1397
1401
1402
49
51
237
856
857
861
862
143
1390
1391
1392
1524
55
976
977
978
1527
144
238
1389
1391
1394
1395
57
146
1397
1398
1399
1530
58
240
975
978
980
981
56
58
126
264
1410
1411
1415
1416
88
129
1404
1405
1406
1533
56
58
89
266
863
865
868
869
1286
1287
1288
983
984
985
1536
91
131
268
719
720
721
1019
1020
1021
1111
1112
1113
1403
1405
1408
1409
132
1411
1412
1413
1539
269
982
985
987
988
63
64
65
66
1354
64
65
81
1357
1368
1369
1373
1374
69
82
1418
1419
1420
1542
63
65
1368
1371
1372
1374
71
1417
1419
1421
1422
72
84
1359
1417
1420
1421
1423
1360
70
71
72
870
70
71
74
70
72
76
174
873
175
1425
1426
1427
1543
78
875
1424
1426
1428
1429
176
876
1424
1427
1428
1430
77
78
79
877
77
78
1375
1376
1379
1381
223
1432
1433
1434
1544
78
79
224
880
1375
1378
1380
1381
1431
1433
1435
1437
882
225
883
1431
1434
1436
1437
84
86
87
172
243
1438
1439
1443
1444
84
86
246
884
885
889
890
175
990
991
992
1545
90
997
998
999
1547
176
248
989
991
994
995
92
178
1439
1440
1441
1550
93
249
996
999
1001
1002
93
152
159
707
708
709
1017
1018
1022
1023
1132
1133
1134
1445
1446
1450
1451
155
1004
1005
1006
1553
93
161
898
900
903
904
1017
1020
1021
1023
1153
1154
1155
1011
1012
1013
1556
156
163
1018
1019
1020
158
1446
1447
1448
1559
164
1010
1013
1015
1016
1160
1161
1162
110
113
293
294
237
810
811
812
813
1025
1026
1027
1029
1032
1033
1034
1037
112
238
1024
1025
1028
114
1031
1032
1035
123
1038
1039
1040
190
192
196
308
191
195
241
1046
1047
1048
693
694
695
1562
914
915
917
1062
1063
1065
1565
115
122
332
333
336
116
182
340
341
342
1568
183
1069
1070
1073
1076
1077
1078
1571
120
185
347
348
349
121
353
354
357
1572
333
334
335
338
1070
1071
1072
1074
1078
1079
1080
1081
115
122
360
117
135
189
367
368
369
119
137
373
375
376
122
382
383
1083
1084
1087
387
388
391
197
395
396
397
1575
119
142
198
368
369
370
401
404
406
407
828
830
832
833
143
1090
1091
1094
1578
144
373
376
378
387
389
390
393
1090
1092
1093
1095
199
402
403
404
408
409
412
1581
415
700
701
704
125
253
421
425
769
771
772
775
255
433
793
795
796
798
130
132
140
147
1111
1113
1114
1116
1125
1128
1129
141
310
1098
1099
1100
1584
154
311
437
438
439
155
1104
1105
1108
1587
145
150
312
436
438
440
441
463
464
467
1097
1099
1101
1102
151
156
1111
1112
1115
146
1097
1100
1102
1103
1105
1106
1107
1110
1411
1412
1415
1590
137
138
139
140
147
234
1127
1128
1130
235
1119
1120
1121
137
139
142
317
367
368
371
842
844
847
848
138
139
148
318
449
450
453
842
845
846
847
144
238
375
376
379
1118
1120
1123
1124
149
239
456
457
460
1118
1121
1122
1123
145
150
319
463
465
468
144
145
146
145
146
1062
1099
1100
1102
1593
144
145
1063
144
146
1090
1094
1095
1391
1392
1395
1596
1064
1397
1398
1401
1599
264
1125
1127
1128
324
448
449
450
267
456
457
458
325
463
464
465
180
268
469
471
172
179
1132
1133
1136
173
209
475
476
477
1602
210
482
483
484
488
489
492
1605
180
495
496
499
177
181
211
503
504
505
178
1139
1140
1143
1608
179
243
707
708
711
244
417
1147
1148
1149
266
1153
1154
1157
247
418
510
511
180
268
513
514
249
1160
1161
1164
172
179
243
1167
1169
1170
170
245
421
525
527
529
530
871
170
174
217
532
534
536
538
873
218
422
519
520
521
247
423
526
527
528
176
248
876
1167
1168
1171
1172
177
181
220
533
534
535
176
177
1133
1136
1137
1167
1170
1172
1452
1454
1455
1457
222
1175
1176
1177
1611
176
177
224
891
893
894
896
1181
1182
1183
1614
1182
1184
1185
1186
226
503
504
506
533
534
536
1174
1176
1178
1179
1452
1453
1456
1616
539
540
541
545
229
546
197
550
551
552
1619
1188
1189
1192
205
1195
1196
1199
1622
199
557
558
559
206
563
565
568
569
1189
1190
1191
1194
1196
1197
1198
1201
200
204
207
564
565
566
202
208
571
572
573
1623
198
317
578
579
580
200
204
586
203
320
589
590
591
200
207
1202
1203
195
201
1058
1206
1207
1210
1211
1214
1626
202
208
1205
1206
1629
203
1046
1047
1051
1059
1203
1204
204
207
595
597
598
599
1632
203
579
580
583
603
605
607
609
912
914
917
918
1063
604
605
606
611
612
613
1065
1209
1210
1211
1635
618
619
620
1638
589
590
594
610
613
615
616
1066
1208
1211
1213
1214
624
1215
1216
1219
1641
1216
1217
1218
1221
1222
1224
1222
1223
1225
1226
1642
222
627
628
629
1645
311
634
635
636
226
229
641
642
643
227
230
1229
1230
1231
232
313
648
649
650
1648
228
1236
1237
1238
1651
231
233
314
655
656
657
231
233
322
219
224
668
669
672
673
880
432
662
663
664
225
883
1242
1243
1246
1247
226
229
669
670
671
227
230
1243
1244
1245
1250
1251
1252
1654
1256
1257
1260
1657
225
226
920
921
922
925
227
1257
1258
1259
1262
227
641
643
645
669
671
673
1249
1251
1254
1255
1229
1230
1232
1243
1244
1247
1459
1462
1464
1465
1460
1461
1462
1659
675
678
679
680
326
683
328
1263
1662
329
1264
238
239
240
264
238
239
300
301
1120
1121
1123
239
240
265
238
240
1025
1028
1029
267
1293
1297
1298
269
242
320
1046
1048
1049
1059
321
323
1060
248
249
708
711
712
1167
1169
1171
1265
1268
1269
1270
249
684
1148
1149
1150
1266
1268
1270
1271
248
685
1267
1269
1270
1271
1356
248
249
1357
686
1265
1266
1267
1359
1160
1164
1165
251
284
367
844
365
371
848
254
1361
1363
1366
1367
255
1272
1273
1275
256
1273
1274
1277
1278
1279
1280
1282
1280
1281
1284
1285
261
262
263
436
1097
1107
261
263
693
1098
1665
261
262
272
437
694
262
263
273
1108
1668
440
696
1101
274
442
1109
1103
1110
1671
269
719
721
723
725
1125
1127
1131
1293
1295
1296
1298
269
691
852
853
854
855
1296
1297
1298
1299
1286
1287
1289
692
1293
1294
1297
719
720
722
1287
1288
1291
1292
274
275
276
474
481
491
275
276
287
475
1674
274
275
288
482
274
276
492
1677
485
493
292
479
487
480
494
1680
281
282
283
1146
1156
281
283
700
1147
281
282
701
849
282
283
850
1157
702
1151
851
1158
1152
1159
285
578
1052
581
1055
290
291
292
626
633
647
290
292
627
1683
291
292
634
694
290
291
648
695
1686
630
651
1689
637
652
697
631
638
295
297
360
927
1024
295
298
383
929
1031
296
930
1026
1033
297
298
307
1027
1034
1030
386
1036
301
302
307
810
1027
301
302
363
1028
812
1029
364
1030
305
306
307
810
1034
305
306
1035
1036
813
1037
309
586
1047
1203
1050
1062
1300
1301
1304
1692
726
727
728
315
325
727
729
731
732
749
753
754
1064
1301
1302
1303
1305
328
1307
1308
1311
1695
326
329
1314
1315
1318
316
327
330
1067
1317
1318
1319
1320
1322
1323
1325
331
1068
1303
1304
1305
1306
1310
1311
1312
1313
1698
319
320
578
580
581
1052
1054
1055
1056
1063
319
324
743
746
748
1053
1054
1056
1057
321
325
750
753
755
1064
321
589
591
593
1066
327
1067
1322
1324
1326
326
329
733
735
327
330
734
735
736
737
1323
1324
1327
742
743
746
749
750
753
756
758
1322
1323
1324
329
331
1263
1308
1311
1312
1701
330
735
737
1264
1315
1318
1320
331
1060
1061
1704
334
337
353
388
948
334
338
415
949
335
355
951
337
338
346
356
337
338
347
391
350
358
392
351
416
343
344
345
346
356
817
344
345
550
818
1707
343
344
348
396
551
343
345
357
397
1710
350
358
398
352
554
819
359
820
1713
350
351
352
1072
350
351
402
350
352
403
557
351
352
558
1073
405
1074
560
1075
355
358
408
969
355
359
970
1077
1716
356
973
1079
358
359
1081
358
359
412
1719
413
1082
1722
361
373
387
378
381
393
364
365
374
364
365
375
1120
377
379
1124
370
371
372
374
371
372
578
370
371
376
370
372
380
579
378
381
379
582
377
378
1024
377
378
379
377
379
1028
378
379
1030
381
404
584
406
384
415
949
384
386
950
1083
385
953
1085
386
1086
1088
389
393
927
389
392
408
928
390
410
931
392
393
401
411
392
393
402
405
413
406
398
399
400
401
411
828
399
400
597
829
1725
398
399
403
598
398
400
412
1728
405
413
407
601
833
414
834
1731
405
406
407
405
406
405
407
604
406
407
605
607
410
413
941
410
414
942
1091
1734
411
945
1092
413
414
1093
413
414
1737
1096
1740
416
684
1328
1329
1332
428
686
763
766
429
431
687
1336
1337
1338
690
1331
1332
1333
1334
1335
1338
1339
1341
426
685
776
778
779
781
1272
432
769
770
773
428
686
776
777
780
426
427
429
687
779
780
781
782
787
788
789
426
427
433
1275
689
1276
430
434
772
773
774
775
790
791
792
785
787
788
435
790
791
1337
1338
1341
793
794
797
434
1282
435
796
797
798
799
802
803
804
802
803
440
441
442
1114
440
442
482
726
440
441
444
727
441
442
445
483
1115
729
446
1116
485
1117
446
462
470
446
464
738
446
471
467
472
451
452
453
455
462
451
452
742
451
453
457
452
453
465
743
459
466
744
460
468
461
473
715
459
460
461
1126
460
461
1127
1293
459
460
459
461
1294
1130
1131
1295
466
467
468
1126
467
468
1128
466
467
749
466
468
750
751
1129
1130
472
473
719
1111
1125
472
473
1126
472
1115
1116
1129
723
1131
478
479
480
502
1142
479
480
627
1743
478
479
504
628
1176
478
480
1143
1177
1746
506
1144
1178
508
631
1145
1749
485
486
487
498
502
485
487
634
485
486
499
486
487
505
635
500
501
507
508
638
490
493
496
1005
1104
490
494
1006
1140
1752
491
497
1009
1141
493
494
498
1142
493
494
1108
1755
500
1109
1145
1758
497
501
545
1018
1132
497
500
1019
1112
498
1022
1134
500
501
1135
500
501
1115
1117
1138
506
507
508
1135
506
507
546
1136
506
508
641
507
508
642
1137
547
1138
644
512
710
1146
512
544
711
1265
512
763
1148
1266
712
1150
1268
515
545
707
1018
515
517
720
1020
1153
516
709
1023
1155
517
710
1156
724
1158
522
523
524
525
532
522
524
662
769
522
523
528
770
523
524
535
663
530
771
531
537
538
666
529
530
531
1168
529
531
544
1169
1265
529
530
776
1267
530
531
777
1171
1269
778
1173
536
537
538
1168
536
537
546
1170
536
538
669
537
538
670
1172
548
1173
672
542
545
707
1132
543
544
711
1169
542
543
546
1136
1170
547
1138
548
1173
547
548
553
554
555
556
570
908
553
554
909
1761
554
555
557
598
553
555
571
599
1764
574
910
1767
560
911
561
575
602
560
561
562
563
1191
560
561
604
560
562
1192
561
562
564
606
1193
567
608
568
1194
567
568
569
570
567
568
611
568
569
624
1222
567
569
573
612
1223
575
614
625
576
1224
574
575
576
1198
574
575
618
1770
574
576
1199
1225
1773
575
576
619
1226
1200
1776
622
1201
1227
581
582
583
588
581
582
582
583
584
581
583
589
593
585
594
585
605
587
609
587
590
613
594
615
592
593
594
593
594
592
594
1047
592
593
1048
1050
624
1222
600
601
602
603
617
912
600
601
913
1779
601
602
604
600
602
618
1782
621
916
1785
607
918
608
622
607
608
609
610
607
608
607
609
608
609
611
614
615
614
615
616
617
614
615
614
616
619
1202
615
616
1203
622
623
1204
621
622
623
1208
621
622
1788
622
623
1205
621
623
1206
1210
1791
1212
1794
1207
1214
625
630
631
632
640
1235
630
631
1797
631
632
641
1251
630
632
1236
1252
1800
1239
1803
644
645
1240
1255
637
638
639
640
654
637
638
726
638
639
642
637
639
655
728
658
730
644
646
659
644
645
646
1228
644
645
644
646
645
646
675
1229
1232
676
1233
651
652
653
654
1235
651
652
1307
1806
651
653
1238
1809
652
653
657
1263
1308
1239
1812
658
1309
660
1241
658
659
660
1228
658
659
1314
659
660
683
1231
658
660
1264
1315
1316
1233
1234
665
666
667
668
665
666
793
666
667
670
665
667
794
795
672
674
672
673
674
1242
672
673
672
674
673
674
675
1244
1247
677
1248
676
677
678
681
682
681
682
1229
1244
681
683
1231
682
1245
1233
1248
690
1329
1332
1333
1342
1345
1346
1348
689
1343
1345
1347
1348
1362
1342
1343
1344
689
690
1336
1338
1339
1344
1346
1347
1348
689
690
1364
1365
1039
1041
1043
1044
1350
1351
1352
1353
1349
1350
696
699
1300
1815
696
697
726
697
699
1307
1818
698
729
1302
698
730
1309
699
731
1303
1310
1306
1313
1821
702
706
1328
702
705
1038
703
1330
705
706
761
1331
705
706
1040
762
1042
1334
709
713
709
712
1160
710
1162
712
713
1163
712
713
1165
715
718
806
1294
717
723
1295
717
724
851
718
725
852
1296
807
854
1299
721
723
721
724
1286
725
1288
723
724
725
725
1290
1291
729
730
729
732
738
730
732
739
1314
731
731
1316
732
1317
741
1319
736
736
737
736
737
758
760
741
749
741
756
741
752
757
754
759
744
747
744
748
750
745
751
747
748
752
747
748
755
751
754
751
755
752
754
755
1321
754
755
1322
1325
1326
759
1314
759
760
1321
759
760
1318
1323
1319
1325
1327
762
765
808
764
767
1329
1342
765
1330
767
768
1331
1335
767
768
785
1336
1344
1333
1339
1346
1340
771
775
793
771
774
777
772
778
774
775
779
774
775
783
797
782
784
798
778
781
1343
778
782
779
781
782
781
782
785
1344
1347
786
784
790
800
786
792
786
787
789
789
1336
789
791
792
792
802
792
795
798
795
799
796
798
799
798
799
800
801
801
802
804
804
804
807
808
1038
807
1349
809
1041
1351
809
1042
1043
1352
812
813
812
813
816
819
905
1069
816
820
1076
1980
817
1071
1080
819
820
1072
1081
819
820
909
1981
911
1075
1082
1983
825
826
827
933
1382
826
827
857
825
826
858
1383
1985
825
827
934
1988
937
1386
1991
861
1388
939
832
833
834
1093
833
834
913
1824
832
833
914
832
834
1094
1827
1095
918
1096
1830
839
840
841
954
961
839
840
955
1994
839
841
962
1995
840
841
958
965
1997
960
967
846
847
848
1118
846
848
1119
847
848
1052
846
847
1053
1122
1054
1124
851
854
1038
851
855
1289
852
1290
854
855
1291
854
855
1039
1041
1292
860
861
862
975
1389
861
862
860
861
1390
1999
860
862
976
2002
979
1393
2005
1394
981
867
868
869
982
1403
867
868
899
1404
2008
868
869
900
867
869
983
2011
986
1407
2014
903
1409
988
874
875
876
1354
874
876
1272
1356
874
875
879
1273
875
876
880
1274
1358
882
1359
881
882
883
881
883
1279
881
882
1280
882
883
1281
888
889
890
989
996
889
890
1369
888
889
990
1370
2017
888
890
997
2019
993
1000
2022
994
1373
1002
893
896
920
893
897
1181
2025
894
1184
896
897
1174
1186
896
897
923
1175
2027
925
1179
1180
1187
2030
902
903
904
1003
1010
902
903
1004
2033
903
904
902
904
1011
2036
1007
1014
2039
1008
1016
907
911
1188
907
910
1195
2122
908
1190
1197
910
911
1191
1198
910
911
2123
1200
2125
1193
916
917
918
1208
916
918
1833
917
918
916
917
1209
1836
1212
1839
1213
921
924
1256
1377
2127
921
925
1378
922
1258
1380
924
925
1249
1259
924
925
1250
2129
1253
1261
2132
1254
930
931
932
940
930
931
931
932
941
948
930
932
950
945
946
952
937
938
939
940
937
939
2047
937
938
943
963
2050
938
939
964
944
2053
946
966
944
945
946
1382
945
946
969
944
945
1385
1842
944
946
971
1845
1386
1848
1387
974
951
952
953
968
951
952
969
951
953
952
953
973
974
958
959
960
968
958
960
2056
958
959
970
1077
2057
959
960
1078
972
2059
973
1079
965
966
967
968
965
967
2061
965
966
971
2064
966
967
972
2067
974
972
973
974
973
974
972
973
1851
972
974
1854
1857
979
980
981
1396
979
981
2070
979
980
984
1399
2073
980
981
985
1400
2076
987
1402
986
987
988
1410
986
988
2079
986
987
1413
2082
987
988
1414
2085
1416
993
994
995
1438
993
994
1418
2088
994
995
1182
1420
993
995
1183
1440
2090
1442
2093
1423
1185
1443
1000
1001
1002
1438
1000
1002
2096
1000
1001
1012
1441
2099
1001
1002
1013
1442
2102
1015
1444
1007
1008
1009
1017
1445
1007
1008
1404
1860
1008
1009
1019
1405
1007
1009
1447
1863
1449
1866
1021
1409
1022
1450
1014
1015
1016
1445
1014
1016
2113
1014
1015
1448
2116
1015
1016
1449
2119
1451
1021
1022
1023
1022
1023
1021
1022
1021
1023
1026
1030
1026
1029
1027
1029
1030
1029
1030
1033
1036
1083
1033
1037
1034
1036
1037
1036
1037
1087
1088
1041
1042
1041
1044
1042
1044
1043
1043
1044
1049
1050
1051
1049
1051
1050
1051
1049
1050
1054
1055
1054
1057
1056
1056
1057
1059
1061
1065
1869
1060
1066
1061
1067
1068
1872
1064
1068
1301
1304
1305
1875
1064
1066
1067
1066
1068
1209
1211
1213
1878
1067
1068
1881
1071
1075
1188
1071
1074
1072
1074
1075
1074
1075
1192
1193
1080
1082
2042
1079
1082
2043
1079
1080
1081
1081
1082
2045
1085
1088
1085
1089
1086
1088
1089
1088
1089
1092
1095
1384
1092
1096
1385
1884
1093
1387
1095
1096
1095
1096
1887
1890
1101
1102
1103
1101
1103
1300
1893
1101
1102
1301
1102
1103
1896
1302
1899
1106
1109
1112
1405
1106
1110
1406
1902
1107
1113
1408
1109
1110
1114
1109
1110
1905
1117
1908
1113
1116
1113
1117
1114
1116
1117
1116
1117
1122
1123
1124
1122
1124
1123
1124
1122
1123
1129
1131
1129
1130
1131
1130
1131
1129
1130
1134
1138
1134
1137
1139
1135
1141
1137
1138
1142
1137
1138
1144
1141
1144
1446
1452
1141
1145
1447
1911
1142
1450
1144
1145
1144
1145
1456
1914
1457
1917
1150
1151
1152
1163
1151
1152
1328
1150
1151
1329
1150
1152
1164
1165
1330
1166
1155
1158
1286
1155
1159
1161
1156
1162
1158
1159
1163
1158
1159
1289
1290
1166
1162
1165
1162
1166
1163
1165
1166
1165
1166
1171
1172
1171
1172
1173
1171
1173
1172
1173
1178
1179
1180
1455
1179
1180
1250
1920
1178
1179
1251
1178
1180
1456
1923
1457
1254
1458
1926
1184
1187
1425
2105
1184
1185
1427
1185
1187
1453
2107
1186
1430
1186
1454
1187
1455
1458
2110
1190
1193
1190
1194
1191
1193
1194
1193
1194
1197
1200
2135
1197
1201
1216
1198
1200
1201
1200
1201
1219
2136
2138
1221
1204
1205
1223
1204
1207
1207
1226
1207
1929
1212
1213
1214
1212
1213
1932
1212
1214
1935
1213
1214
1938
1217
1220
2140
1217
1221
1218
1220
1221
1220
1221
1225
2141
2143
1227
1224
1224
1226
1227
1227
1941
1227
1232
1233
1234
1235
1232
1233
1232
1234
1237
1233
1234
1240
1241
1239
1240
1241
1239
1240
1460
1944
1240
1241
1462
1239
1241
1947
1950
1464
1246
1247
1248
1246
1247
1247
1248
1246
1248
1253
1254
1255
1459
1253
1254
1953
1254
1255
1253
1255
1460
1956
1463
1959
1464
1258
1261
1432
2145
1258
1262
1434
1259
1436
1261
1262
1459
1261
1262
1461
2147
1463
2150
1465
1264
1268
1269
1268
1271
1342
1269
1271
1343
1270
1270
1271
1345
1274
1276
1362
1274
1278
1280
1277
1363
1276
1278
1282
1277
1365
1278
1366
1285
1281
1283
1281
1285
1284
1283
1285
1284
1285
1288
1290
1288
1292
1291
1290
1292
1291
1292
1295
1298
1295
1299
1349
1296
1298
1299
1298
1299
1350
1351
1302
1306
1962
1302
1305
1303
1305
1306
1305
1306
1965
1968
1309
1313
1971
1309
1312
1315
1310
1316
1312
1313
1317
1312
1313
1974
1320
1977
1316
1319
1316
1320
1317
1319
1320
1319
1320
1325
1326
1327
1325
1326
1325
1327
1326
1327
1330
1334
1330
1333
1331
1333
1334
1333
1334
1339
1340
1341
1339
1340
1340
1341
1339
1341
1345
1346
1345
1347
1346
1347
1348
1348
1348
1351
1351
1353
1352
1353
1358
1359
1360
1358
1360
1361
1358
1359
1362
1359
1360
1363
1363
1367
1363
1365
1366
1365
1367
1366
1367
1372
1373
1374
1417
1373
1374
1372
1373
1418
2153
1372
1374
1422
1423
1379
1380
1381
1431
1379
1381
1379
1380
1432
2154
1380
1381
1435
1436
1386
1387
1388
1386
1388
1390
2156
1387
1388
1391
1386
1387
2159
2162
1394
1393
1394
1395
1396
1393
1394
2165
1394
1395
1393
1395
1398
2168
1400
2171
1401
1400
1401
1402
1401
1402
1411
1400
1401
2174
1400
1402
1413
2177
2180
1416
1407
1408
1409
1410
1407
1409
2183
1408
1409
1407
1408
1412
2186
1414
2189
1415
1414
1415
1416
1415
1416
1414
1415
2192
1414
1416
2195
2198
1421
1422
1423
1422
1423
2155
1421
1422
1426
1421
1423
1427
1428
1428
1429
1430
1429
1430
2228
1428
1429
1428
1430
1435
1436
1437
1435
1436
2238
1435
1437
1436
1437
1442
1443
1444
1443
1444
1446
1452
1442
1443
1453
2201
1442
1444
1448
2204
2207
1454
1451
1449
1450
1451
1450
1451
1449
1450
2219
1449
1451
2222
2225
1454
1457
1454
1458
2210
1455
1457
1458
1457
1458
2213
2216
1463
1464
1465
1463
1464
2229
1463
1465
2232
1464
1465
2235
1499
1980
1981
1982
1468
1477
1985
1988
1469
1478
1986
1989
1479
1987
1990
1471
1480
1500
1824
1827
1472
1481
1501
1825
1828
1482
1502
1826
1829
1994
1995
1996
1475
1489
1562
1665
1668
1476
1490
1563
1666
1669
1491
1564
1667
1670
1478
1999
2002
1479
2000
2003
2001
2004
1481
1565
1593
1596
1827
1482
1566
1594
1597
1828
1567
1595
1598
1829
1484
1496
2008
2011
1485
1497
2009
2012
1498
2010
2013
1492
1493
2153
1488
1494
1495
2025
2026
2228
1506
1507
2154
1490
1503
1674
1677
1491
1504
1675
1678
1505
1676
1679
1493
2017
2019
2020
2018
2021
1495
1506
2025
2027
2028
1507
2026
2029
1497
2033
2036
1498
2034
2037
2035
2038
2122
2123
2124
1501
1565
1833
1836
1502
1566
1834
1837
1567
1835
1838
1504
1562
1683
1686
1505
1563
1684
1687
1564
1685
1688
1507
2127
2129
2130
2128
2131
1509
1524
1578
2156
2159
1510
1525
1579
2157
2160
1526
1580
2158
2161
1512
1518
2047
2050
1513
1519
2048
2051
1520
2049
2052
1515
1521
1581
1842
1845
1516
1522
1582
1843
1846
1523
1583
1844
1847
1571
2056
2057
2058
1519
2061
2064
1520
2062
2065
2063
2066
1522
1572
1851
1854
1523
1573
1852
1855
1574
1853
1856
1525
1596
2165
2168
1526
1597
2166
2169
1598
2167
2170
1528
1536
2070
2073
1529
1537
2071
2074
1538
2072
2075
1531
1539
1599
2174
2177
1532
1540
1600
2175
2178
1541
1601
2176
2179
1534
1553
1587
2183
2186
1535
1554
1588
2184
2187
1555
1589
2185
2188
1537
2079
2082
1538
2080
2083
2081
2084
1540
1590
2192
2195
1541
1591
2193
2196
1592
2194
2197
1543
1545
1546
2155
1614
1615
2228
1657
1658
2238
1546
1614
2088
2090
2091
1615
2089
2092
1548
1556
2096
2099
1549
1557
2097
2100
1558
2098
2101
1551
1559
1616
2201
2204
1552
1560
1617
2202
2205
1561
1618
2203
2206
1554
1605
1860
1863
1555
1606
1861
1864
1607
1862
1865
1557
2113
2116
1558
2114
2117
2115
2118
1560
1608
2219
2222
1561
1609
2220
2223
1610
2221
2224
1563
1815
1818
1564
1816
1819
1817
1820
1566
1836
1875
1878
1567
1837
1876
1879
1838
1877
1880
1569
1575
1619
1707
1710
1570
1576
1620
1708
1711
1577
1621
1709
1712
2042
2043
2044
1573
1581
1716
1719
1574
1582
1717
1720
1583
1718
1721
1576
1632
1725
1728
1577
1633
1726
1729
1634
1727
1730
1579
1596
1884
1887
1580
1597
1885
1888
1598
1886
1889
1582
1734
1737
1583
1735
1738
1736
1739
1585
1593
1692
1893
1896
1586
1594
1693
1894
1897
1595
1694
1895
1898
1588
1605
1902
1905
1589
1606
1903
1906
1607
1904
1907
1591
1599
1896
1899
1902
1908
2192
1592
1600
1897
1900
1903
1909
2193
1601
1898
1901
1904
1910
2194
1594
1599
1875
1896
1595
1600
1876
1897
1601
1877
1898
1597
1599
1887
2168
1598
1600
1888
2169
1601
1889
2170
1600
2174
1601
2175
2176
1603
1611
1645
1743
1746
1604
1612
1646
1744
1747
1613
1647
1745
1748
1606
1752
1755
1607
1753
1756
1754
1757
1609
1616
1911
1914
1610
1617
1912
1915
1618
1913
1916
1612
1654
1920
1923
1613
1655
1921
1924
1656
1922
1925
1615
2105
2107
2108
2106
2109
1617
2210
2213
1618
2211
2214
2212
2215
1620
1632
1761
1764
1621
1633
1762
1765
1634
1763
1766
1641
2135
2136
2137
1624
1638
1642
1770
1773
1625
1639
1643
1771
1774
1640
1644
1772
1775
1627
1635
1869
1929
1935
1628
1636
1870
1930
1936
1637
1871
1931
1937
1630
1638
1642
1929
1631
1639
1643
1930
1640
1644
1931
1633
1779
1782
1634
1780
1783
1781
1784
1636
1878
1932
1935
1637
1879
1933
1936
1880
1934
1937
1639
1788
1791
1640
1789
1792
1790
1793
2140
2141
2142
1643
1941
1644
1942
1943
1646
1654
1797
1800
1647
1655
1798
1801
1656
1799
1802
1649
1662
1695
1806
1809
1650
1663
1696
1807
1810
1664
1697
1808
1811
1652
1659
1944
1947
1653
1660
1945
1948
1661
1946
1949
1655
1953
1956
1656
1954
1957
1955
1958
1658
2145
2147
2148
2146
2149
1660
2229
2232
1661
2230
2233
2231
2234
1663
1701
1664
1702
1703
1666
1671
1815
1893
1667
1672
1816
1894
1673
1817
1895
1669
1671
1677
1905
1670
1672
1678
1906
1673
1679
1907
1672
1899
1908
1673
1900
1909
1901
1910
1675
1680
1683
1743
1676
1681
1684
1744
1682
1685
1745
1678
1680
1755
1679
1681
1756
1682
1757
1681
1749
1758
1682
1750
1759
1751
1760
1684
1689
1797
1685
1690
1798
1691
1799
1687
1689
1806
1818
1688
1690
1807
1819
1691
1808
1820
1690
1803
1812
1691
1804
1813
1805
1814
1693
1875
1962
1965
1694
1876
1963
1966
1877
1964
1967
1696
1701
1971
1974
1697
1702
1972
1975
1703
1973
1976
1699
1704
1881
1965
1968
1974
1977
1700
1705
1882
1966
1969
1975
1978
1706
1883
1967
1970
1976
1979
1702
1704
1974
1703
1705
1975
1706
1976
1705
1872
1706
1873
1874
1708
1713
1761
1981
1709
1714
1762
1981
1715
1763
1982
1711
1713
1719
1728
1712
1714
1720
1729
1715
1721
1730
1714
1722
1983
1715
1723
1983
1724
1984
1717
1722
1851
2043
1718
1723
1852
2043
1724
1853
2044
1720
1722
1737
1721
1723
1738
1724
1739
1723
2045
1724
2045
2046
1726
1731
1779
1824
1727
1732
1780
1825
1733
1781
1826
1729
1731
1737
1730
1732
1738
1733
1739
1732
1740
1830
1733
1741
1831
1742
1832
1735
1740
1842
1884
1736
1741
1843
1885
1742
1844
1886
1738
1740
1739
1741
1742
1741
1890
1742
1891
1892
1744
1749
1797
1745
1750
1798
1751
1799
1747
1749
1914
1923
1748
1750
1915
1924
1751
1916
1925
1750
1917
1751
1918
1919
1753
1758
1863
1911
1754
1759
1864
1912
1760
1865
1913
1756
1758
1905
1757
1759
1906
1760
1907
1759
1917
1760
1918
1919
1762
1767
2123
1763
1768
2123
1769
2124
1765
1767
1770
1782
1766
1768
1771
1783
1769
1772
1784
1768
1776
2125
1769
1777
2125
1778
2126
1771
1776
1788
1772
1777
1789
1778
1790
1774
1776
1941
2136
1775
1777
1942
2136
1778
1943
2137
1777
2138
1778
2138
2139
1780
1785
1833
1781
1786
1834
1787
1835
1783
1785
1788
1784
1786
1789
1787
1790
1786
1794
1839
1787
1795
1840
1796
1841
1789
1794
1790
1795
1796
1792
1794
1929
1935
1793
1795
1930
1936
1796
1931
1937
1795
1938
1796
1939
1940
1798
1803
1799
1804
1805
1801
1803
1944
1956
1802
1804
1945
1957
1805
1946
1958
1804
1950
1805
1951
1952
1807
1812
1971
1808
1813
1972
1814
1973
1810
1812
1947
1811
1813
1948
1814
1949
1813
1950
1814
1951
1952
1816
1821
1962
1817
1822
1963
1823
1964
1819
1821
1971
1820
1822
1972
1823
1973
1822
1968
1977
1823
1969
1978
1970
1979
1825
1830
1833
1826
1831
1834
1832
1835
1828
1830
1887
1829
1831
1888
1832
1889
1831
1890
1832
1891
1892
1834
1839
1835
1840
1841
1837
1839
1932
1838
1840
1933
1841
1934
1840
1938
1841
1939
1940
1843
1848
2159
1844
1849
2160
1850
2161
1846
1848
1854
2050
1847
1849
1855
2051
1850
1856
2052
1849
2053
2162
1850
2054
2163
2055
2164
1852
1857
2057
1853
1858
2057
1859
2058
1855
1857
2064
1856
1858
2065
1859
2066
1858
2059
2067
1859
2059
2068
2060
2069
1861
1866
2033
2183
1862
1867
2034
2184
1868
2035
2185
1864
1866
2219
1865
1867
2220
1868
2221
1867
2039
2225
1868
2040
2226
2041
2227
1870
1872
1878
1871
1873
1879
1874
1880
1873
1881
1874
1882
1883
1876
1881
1965
1877
1882
1966
1883
1967
1879
1881
1932
1880
1882
1933
1883
1934
1882
1883
1885
1890
2159
1886
1891
2160
1892
2161
1888
1890
1889
1891
1892
1891
1892
1894
1899
1962
1895
1900
1963
1901
1964
1897
1899
1898
1900
1901
1900
1901
1903
1908
2186
1904
1909
2187
1910
2188
1906
1908
1907
1909
1910
1909
1910
1912
1917
2219
1913
1918
2220
1919
2221
1915
1917
2213
1916
1918
2214
1919
2215
1918
1919
1921
1926
1953
2027
1922
1927
1954
2028
1928
1955
2029
1924
1926
2213
1925
1927
2214
1928
2215
1927
2030
2216
1928
2031
2217
2032
2218
1930
1931
1933
1938
1934
1939
1940
1936
1938
1937
1939
1940
1939
1940
1942
2141
1943
2141
2142
1945
1950
2229
1946
1951
2230
1952
2231
1948
1950
1949
1951
1952
1951
1952
1954
1959
2129
1955
1960
2130
1961
2131
1957
1959
2229
1958
1960
2230
1961
2231
1960
2132
2235
1961
2133
2236
2134
2237
1963
1968
1964
1969
1970
1966
1968
1967
1969
1970
1969
1970
1972
1977
1973
1978
1979
1975
1977
1976
1978
1979
1978
1979
1983
1984
2042
1982
1983
2123
1984
2124
1984
2045
2046
1986
1991
1999
2156
1987
1992
2000
2157
1993
2001
2158
1989
1991
2047
1990
1992
2048
1993
2049
1992
2053
2162
1993
2054
2163
2055
2164
1997
1998
2056
1996
1997
2061
2062
1998
2063
1998
2059
2067
2068
2060
2069
2000
2005
2165
2001
2006
2166
2007
2167
2003
2005
2070
2004
2006
2071
2007
2072
2006
2076
2171
2007
2077
2172
2078
2173
2009
2014
2033
2183
2010
2015
2034
2184
2016
2035
2185
2012
2014
2079
2013
2015
2080
2016
2081
2015
2085
2189
2016
2086
2190
2087
2191
2018
2022
2023
2088
2153
2024
2089
2153
2020
2022
2096
2021
2023
2097
2024
2098
2023
2093
2102
2024
2094
2103
2095
2104
2026
2030
2031
2105
2032
2106
2028
2030
2129
2029
2031
2130
2032
2131
2031
2110
2032
2111
2112
2034
2039
2035
2040
2041
2037
2039
2113
2038
2040
2114
2041
2115
2040
2119
2041
2120
2121
2045
2046
2044
2045
2057
2046
2058
2046
2048
2053
2049
2054
2055
2051
2053
2064
2052
2054
2065
2055
2066
2054
2055
2059
2060
2058
2059
2060
2060
2062
2067
2063
2068
2069
2065
2067
2066
2068
2069
2068
2069
2071
2076
2072
2077
2078
2074
2076
2082
2177
2075
2077
2083
2178
2078
2084
2179
2077
2180
2078
2181
2182
2080
2085
2081
2086
2087
2083
2085
2195
2084
2086
2196
2087
2197
2086
2198
2087
2199
2200
2089
2093
2094
2155
2095
2155
2091
2093
2107
2201
2092
2094
2108
2202
2095
2109
2203
2094
2207
2095
2208
2209
2097
2102
2098
2103
2104
2100
2102
2116
2204
2101
2103
2117
2205
2104
2118
2206
2103
2207
2104
2208
2209
2106
2110
2111
2228
2112
2228
2108
2110
2210
2109
2111
2211
2112
2212
2111
2216
2112
2217
2218
2114
2119
2115
2120
2121
2117
2119
2222
2118
2120
2223
2121
2224
2120
2225
2121
2226
2227
2125
2126
2135
2124
2125
2126
2126
2138
2139
2128
2132
2133
2145
2154
2134
2146
2154
2130
2132
2131
2133
2134
2133
2150
2134
2151
2152
2138
2139
2137
2138
2141
2139
2142
2139
2143
2144
2142
2143
2144
2144
2146
2150
2151
2238
2152
2238
2148
2150
2232
2149
2151
2233
2152
2234
2151
2235
2152
2236
2237
2155
2238
2157
2162
2165
2158
2163
2166
2164
2167
2160
2162
2161
2163
2164
2163
2164
2166
2171
2167
2172
2173
2169
2171
2174
2170
2172
2175
2173
2176
2172
2180
2173
2181
2182
2175
2180
2176
2181
2182
2178
2180
2195
2179
2181
2196
2182
2197
2181
2182
2184
2189
2185
2190
2191
2187
2189
2192
2188
2190
2193
2191
2194
2190
2198
2191
2199
2200
2193
2198
2194
2199
2200
2196
2198
2197
2199
2200
2199
2200
2202
2207
2210
2203
2208
2211
2209
2212
2205
2207
2222
2206
2208
2223
2209
2224
2208
2209
2211
2216
2212
2217
2218
2214
2216
2215
2217
2218
2217
2218
2220
2225
2221
2226
2227
2223
2225
2224
2226
2227
2226
2227
2230
2235
2231
2236
2237
2233
2235
2234
2236
2237
2236
2237
)


// ************************************************************************* //
