/*--------------------------------*- C++ -*----------------------------------*\
  =========                 |
  \\      /  F ield         | OpenFOAM: The Open Source CFD Toolbox
   \\    /   O peration     | Website:  https://openfoam.org
    \\  /    A nd           | Version:  8
     \\/     M anipulation  |
\*---------------------------------------------------------------------------*/
/*   Windows 32 and 64 bit porting by blueCAPE: http://www.bluecape.com.pt   *\
|  Based on Windows porting (2.0.x v4) by Symscape: http://www.symscape.com   |
\*---------------------------------------------------------------------------*/
FoamFile
{
    version     2.0;
    format      ascii;
    class       cellSet;
    location    "constant/air/polyMesh/sets";
    object      vegetation;
}
// * * * * * * * * * * * * * * * * * * * * * * * * * * * * * * * * * * * * * //


483
(
1024 
1038 
1042 
1043 
1044 
1045 
1046 
1047 
1048 
1050 
1051 
1052 
1053 
1054 
1055 
1056 
1057 
1058 
1059 
1060 
1061 
1062 
1063 
1066 
1068 
1069 
1070 
1072 
1074 
1076 
1077 
1078 
1079 
1080 
1081 
1082 
1083 
1094 
1095 
1096 
1097 
1098 
1099 
1100 
1101 
1102 
1103 
1104 
1114 
1116 
1121 
1123 
1124 
1126 
1127 
1128 
1129 
1130 
1131 
1132 
1136 
1138 
1140 
1141 
1142 
1143 
1144 
1145 
1146 
1147 
1148 
1149 
1150 
1151 
1152 
1153 
1154 
1156 
1158 
1160 
1161 
1162 
1163 
1164 
1165 
1166 
1167 
1168 
1170 
1172 
1173 
1175 
1176 
1177 
1178 
1179 
1180 
1181 
1182 
1184 
1186 
1188 
1189 
1190 
1191 
1192 
1193 
1194 
1195 
1196 
1201 
1203 
1204 
1205 
1206 
1207 
1208 
1209 
1210 
1211 
1214 
1215 
1217 
1218 
1219 
1220 
1221 
1222 
1223 
1238 
1239 
1243 
1244 
1246 
1251 
1253 
1256 
1257 
1259 
1260 
1261 
1262 
1263 
1264 
1265 
1266 
1269 
1271 
1272 
1273 
1274 
1275 
1276 
1277 
1278 
1279 
1280 
1286 
1287 
1288 
1289 
1290 
1291 
1292 
1293 
1294 
1295 
1299 
1300 
1301 
1302 
1303 
1304 
1305 
1306 
1307 
284 
1308 
1309 
1310 
1311 
1312 
1313 
1314 
297 
1336 
1337 
1341 
1342 
1344 
1348 
1351 
1354 
1355 
1382 
1383 
1384 
1388 
1390 
1395 
1396 
1398 
1399 
1400 
1401 
1402 
1403 
1404 
1405 
1406 
1407 
1408 
1409 
1410 
1411 
1412 
1413 
1420 
1422 
1424 
1426 
1427 
1428 
1430 
1431 
1433 
1434 
1435 
1436 
1437 
1438 
1439 
1440 
1441 
1442 
1443 
1444 
1445 
1446 
1447 
1448 
1451 
1452 
429 
430 
1454 
431 
434 
1458 
438 
1462 
1463 
1464 
1465 
442 
1466 
1467 
444 
1468 
445 
1469 
446 
447 
1472 
449 
450 
1474 
451 
1475 
453 
1477 
454 
1478 
1479 
456 
1480 
1481 
1482 
1483 
460 
1486 
463 
1488 
465 
1489 
1490 
467 
1491 
1492 
469 
1493 
470 
1494 
1495 
1496 
1497 
474 
1498 
1499 
1500 
1501 
1502 
1503 
1504 
1507 
1509 
1510 
1511 
1512 
1513 
1514 
1515 
1516 
1517 
1518 
1524 
1525 
1528 
1530 
1531 
1532 
1533 
1534 
1535 
1536 
1537 
1538 
1539 
1540 
1541 
1542 
1543 
1544 
1545 
1556 
1557 
1559 
1560 
1561 
1562 
1563 
1564 
1565 
1566 
1576 
1580 
1581 
1583 
1586 
1587 
1588 
1590 
1592 
1594 
1595 
1596 
1597 
1598 
1599 
1600 
1601 
1602 
1603 
1604 
1605 
1606 
1607 
1608 
1609 
1610 
1611 
1612 
1613 
1614 
1615 
1616 
1622 
1623 
1625 
1628 
1629 
1630 
1631 
1632 
1633 
1634 
1635 
1636 
634 
635 
1661 
639 
1664 
640 
643 
1668 
644 
1670 
1671 
647 
1672 
648 
1673 
649 
1674 
650 
1675 
1676 
1677 
653 
1678 
654 
1679 
655 
1682 
659 
1684 
1685 
662 
664 
665 
666 
669 
675 
676 
775 
778 
782 
785 
786 
792 
793 
1819 
1820 
1821 
1822 
1823 
799 
1824 
1825 
1826 
1827 
1828 
1829 
1830 
1831 
1832 
835 
839 
844 
847 
848 
854 
855 
860 
976 
977 
978 
979 
980 
981 
982 
983 
984 
985 
988 
991 
995 
997 
998 
1003 
1005 
1006 
1010 
1012 
1013 
1014 
1015 
1016 
1017 
1018 
1019 
1020 
)

// ************************************************************************* //
