/*--------------------------------*- C++ -*----------------------------------*\
  =========                 |
  \\      /  F ield         | OpenFOAM: The Open Source CFD Toolbox
   \\    /   O peration     | Website:  https://openfoam.org
    \\  /    A nd           | Version:  8
     \\/     M anipulation  |
\*---------------------------------------------------------------------------*/
/*   Windows 32 and 64 bit porting by blueCAPE: http://www.bluecape.com.pt   *\
|  Based on Windows porting (2.0.x v4) by Symscape: http://www.symscape.com   |
\*---------------------------------------------------------------------------*/
FoamFile
{
    version     2.0;
    format      ascii;
    class       faceSet;
    location    "constant/air/polyMesh/sets";
    object      layerFaces;
}
// * * * * * * * * * * * * * * * * * * * * * * * * * * * * * * * * * * * * * //


462
(
6144 
5121 
6147 
5128 
5131 
6155 
6159 
5136 
5140 
6167 
5147 
6173 
5150 
6178 
5155 
6181 
5160 
6186 
6192 
5169 
5173 
6198 
6202 
5180 
5183 
5188 
5191 
6216 
5196 
6220 
6223 
5200 
6225 
6228 
5207 
6233 
5210 
6238 
5215 
6240 
5219 
6244 
6249 
5226 
5229 
6253 
6256 
5234 
6259 
5238 
6264 
6267 
5245 
6269 
5248 
6272 
5253 
6278 
5257 
6284 
6286 
5264 
6289 
5267 
6292 
6297 
5275 
6299 
6302 
5279 
6304 
6307 
5286 
6311 
5292 
6318 
5295 
6320 
5300 
6325 
6327 
5306 
6330 
6333 
6338 
5317 
6341 
5321 
6346 
6349 
5328 
6354 
5331 
6356 
6359 
5336 
6361 
5340 
6364 
6367 
5347 
6372 
6375 
5352 
6380 
6383 
5361 
6388 
5366 
6390 
6393 
6395 
6398 
5375 
6401 
5378 
6406 
5383 
6408 
5385 
6411 
6412 
6413 
6414 
6415 
6417 
6420 
6421 
6422 
6423 
6424 
5402 
6426 
5405 
6429 
6430 
6431 
6432 
6433 
5410 
6435 
6438 
6439 
6440 
6441 
6442 
5418 
6444 
5422 
6447 
6448 
6449 
6451 
5429 
6454 
6456 
5432 
6459 
6460 
6461 
6462 
6463 
5440 
6465 
6468 
6469 
5445 
6470 
6472 
6475 
6477 
5454 
6480 
6481 
6482 
5458 
6483 
6484 
6486 
6489 
5465 
6491 
6494 
5470 
6495 
6496 
6498 
6501 
6502 
6503 
5479 
6504 
6505 
6506 
6507 
5483 
6508 
6509 
6510 
6511 
6513 
5490 
6516 
6517 
6518 
5494 
6519 
6520 
6521 
5501 
5506 
5523 
5527 
5534 
5542 
5547 
5556 
5560 
5567 
5573 
5577 
5584 
5588 
5601 
5604 
5609 
4589 
5614 
4594 
5623 
4603 
5627 
4608 
5634 
5637 
4617 
4622 
5646 
5650 
4631 
4636 
5663 
5666 
4645 
5671 
5675 
4655 
5682 
4660 
5686 
4669 
5693 
5696 
4673 
5701 
5703 
4680 
5706 
4684 
5708 
5711 
5713 
4691 
5716 
4694 
5719 
4699 
5724 
4703 
5727 
5732 
4710 
5735 
4714 
5740 
5742 
4721 
5745 
4724 
5750 
4729 
5753 
4733 
5758 
5761 
4740 
5766 
4744 
5771 
4751 
4754 
5780 
4759 
5783 
4763 
5788 
5792 
4770 
4774 
5799 
5801 
5804 
4781 
5807 
4784 
5812 
4789 
5815 
4793 
5820 
5823 
4800 
5828 
4808 
5832 
4811 
5839 
4816 
5841 
4820 
5844 
5846 
5849 
4827 
5854 
4831 
4838 
5863 
4841 
5867 
4846 
5874 
5878 
4856 
4861 
5885 
5890 
5893 
4870 
5901 
4878 
5904 
4882 
5909 
5911 
4889 
5914 
5916 
4893 
5919 
4900 
5925 
4905 
5929 
5936 
4914 
5938 
5941 
5946 
4924 
5955 
4934 
5959 
4938 
5966 
4945 
5969 
4949 
5974 
5977 
4956 
5982 
5984 
5987 
4964 
5990 
5995 
4972 
5996 
5997 
6000 
4977 
6005 
6007 
4986 
6010 
6012 
6015 
4992 
6016 
6017 
6020 
6025 
6026 
5003 
6027 
6030 
5009 
6035 
6037 
6040 
6042 
5020 
6045 
6046 
6047 
5025 
6050 
6055 
5034 
6058 
6061 
5039 
6066 
6068 
6071 
5048 
6073 
5052 
6076 
6077 
6078 
6080 
5059 
6083 
6085 
5063 
6088 
6091 
5070 
6096 
5073 
6097 
6098 
6100 
5078 
6103 
6104 
6105 
5083 
6107 
6110 
5092 
6116 
6117 
6118 
5096 
6120 
6123 
6124 
6125 
5103 
6127 
6130 
6131 
5108 
6132 
6135 
6140 
5117 
6141 
6142 
)

// ************************************************************************* //
