/*--------------------------------*- C++ -*----------------------------------*\
  =========                 |
  \\      /  F ield         | OpenFOAM: The Open Source CFD Toolbox
   \\    /   O peration     | Website:  https://openfoam.org
    \\  /    A nd           | Version:  8
     \\/     M anipulation  |
\*---------------------------------------------------------------------------*/
/*   Windows 32 and 64 bit porting by blueCAPE: http://www.bluecape.com.pt   *\
|  Based on Windows porting (2.0.x v4) by Symscape: http://www.symscape.com   |
\*---------------------------------------------------------------------------*/
FoamFile
{
    version     2.0;
    format      ascii;
    class       faceSet;
    location    "constant/vegetation/polyMesh/sets";
    object      layerFaces;
}
// * * * * * * * * * * * * * * * * * * * * * * * * * * * * * * * * * * * * * //


414
(
6144 
6146 
5124 
6149 
6150 
6151 
5128 
6154 
5135 
6159 
6161 
5138 
6164 
6165 
6166 
5143 
6168 
5147 
6171 
6174 
6179 
6181 
5158 
6184 
6186 
5163 
6189 
6192 
5172 
6197 
6198 
6199 
5176 
6201 
6204 
5183 
6207 
5187 
6212 
6214 
6217 
5194 
6219 
5198 
6222 
6225 
5205 
6230 
6231 
6232 
5209 
6234 
6237 
6239 
5216 
6242 
5219 
6243 
6244 
6246 
5224 
6249 
5226 
6251 
6254 
6255 
5232 
6256 
5235 
6259 
5240 
6264 
6266 
5243 
6269 
6270 
6271 
6274 
5253 
6279 
6281 
5258 
6284 
6285 
5262 
6286 
6288 
6291 
5269 
6294 
5272 
5275 
6299 
5277 
6301 
5280 
6304 
5282 
6306 
6309 
6312 
5290 
6317 
6319 
6322 
6324 
6327 
5306 
6330 
6335 
6336 
6337 
5314 
6339 
5317 
6342 
6345 
5322 
5325 
6350 
6351 
6352 
5330 
6354 
6357 
5336 
6360 
5339 
6365 
5343 
6367 
6370 
6372 
5350 
6375 
5353 
6378 
5356 
5359 
6383 
6385 
5364 
6388 
5365 
6390 
5368 
6393 
6395 
5373 
6398 
6399 
5376 
6400 
6402 
6405 
5381 
6407 
5384 
6410 
6411 
5389 
5394 
5403 
5406 
5411 
5415 
5422 
5425 
5430 
5434 
5441 
5445 
5452 
5456 
5463 
5465 
5468 
5471 
5476 
5478 
5481 
5482 
5483 
5485 
5488 
5491 
5496 
5497 
5498 
5500 
5503 
5506 
5511 
5512 
5513 
5516 
5521 
5524 
5529 
5532 
5537 
5540 
5545 
5547 
5550 
5552 
5555 
5557 
5560 
5563 
5568 
5569 
5570 
5573 
5578 
5581 
5586 
5589 
5594 
5598 
5608 
5611 
5616 
4594 
5620 
4598 
5627 
4605 
5629 
5632 
4609 
5634 
5643 
4620 
4623 
5651 
4628 
4632 
5659 
5665 
4642 
4647 
5671 
5674 
5679 
5682 
4660 
4663 
5687 
5690 
4668 
5695 
4672 
5698 
5703 
5706 
4686 
5711 
5714 
4691 
5725 
4707 
5731 
4710 
5737 
5743 
4721 
4725 
5755 
4732 
4736 
5763 
4746 
5771 
4751 
5777 
5783 
4760 
5786 
4764 
4771 
5795 
4775 
5799 
4782 
5809 
4787 
5812 
5817 
5820 
4800 
4803 
5829 
4808 
4812 
5837 
4819 
5845 
4824 
5849 
5853 
5855 
4833 
5858 
4836 
5862 
4841 
4845 
5869 
5871 
5874 
4852 
5876 
5879 
4856 
5883 
4863 
5890 
4868 
5892 
5899 
4881 
5905 
4884 
5911 
4889 
5915 
4893 
5919 
5921 
5924 
5927 
4904 
5932 
5934 
5937 
4914 
5939 
5942 
5945 
4924 
5950 
5952 
4929 
5959 
4938 
5962 
5965 
4942 
5966 
4949 
5973 
4953 
5979 
4960 
5985 
4962 
4965 
4967 
5991 
4970 
4973 
4978 
6003 
4983 
6009 
6015 
4995 
6021 
4999 
5006 
6031 
5010 
6039 
6043 
5024 
6051 
5030 
6059 
5041 
6065 
5045 
6069 
6075 
5055 
6079 
6082 
5059 
6087 
6089 
5066 
6092 
5069 
6093 
6094 
6097 
6102 
5079 
6105 
5082 
6110 
5087 
6112 
6115 
5093 
6118 
6123 
6126 
5104 
6131 
5108 
6133 
6136 
6139 
)

// ************************************************************************* //
