/*--------------------------------*- C++ -*----------------------------------*\
  =========                 |
  \\      /  F ield         | OpenFOAM: The Open Source CFD Toolbox
   \\    /   O peration     | Website:  https://openfoam.org
    \\  /    A nd           | Version:  8
     \\/     M anipulation  |
\*---------------------------------------------------------------------------*/
/*   Windows 32 and 64 bit porting by blueCAPE: http://www.bluecape.com.pt   *\
|  Based on Windows porting (2.0.x v4) by Symscape: http://www.symscape.com   |
\*---------------------------------------------------------------------------*/
FoamFile
{
    version     2.0;
    format      ascii;
    class       labelList;
    location    "constant/air/polyMesh";
    object      cellProcAddressing;
}
// * * * * * * * * * * * * * * * * * * * * * * * * * * * * * * * * * * * * * //


2276
(
73
75
171
172
179
180
191
193
307
309
314
316
322
323
328
330
333
335
338
339
482
483
485
488
489
492
720
721
722
723
724
725
726
742
744
747
757
763
764
765
768
1327
1328
1329
1330
1331
1332
1333
1347
1348
1350
1379
1380
1382
1657
1660
1662
1663
1664
1665
1666
1667
1668
1669
1670
1758
1759
1760
1761
1762
1763
1764
1765
1766
1767
1768
1769
1770
1771
1772
1773
1774
1775
1776
1777
1778
1779
1780
1781
1782
1783
1784
1785
2180
2181
2182
2183
2184
2185
2186
2187
2188
2189
2190
2191
2192
2193
2216
2217
2218
2219
2220
2221
2222
2223
2224
2225
2226
2227
2228
2229
2267
2268
2269
2270
2271
2272
2273
2746
2748
2751
2752
3262
3281
3282
3283
3284
3285
3286
3287
3288
3290
3291
3292
3293
3295
3296
3297
3298
3299
3300
3301
3998
3999
4000
4001
4002
4003
4004
4803
4804
4805
4806
4807
4808
4809
4810
4811
4812
4813
4814
4815
4816
4817
4818
4819
4820
4821
4822
4823
5359
5360
5361
5362
5363
5364
5365
5366
5367
5368
5369
5370
5371
5372
5490
5491
5492
5493
5494
5495
5496
5638
5639
5640
5641
5642
5643
5644
5869
5870
5871
5872
5873
5874
5875
5876
5877
5878
5879
5880
5881
5882
6069
6070
6096
6098
6101
6102
6640
6641
6642
6643
6644
6645
6646
6647
6648
6649
6650
6651
6652
6653
6696
6697
6698
6699
6700
6701
6702
7085
7086
7087
7092
7094
7114
7115
7120
7121
7122
7134
7135
7136
7156
7163
7177
7184
7190
7191
7204
7205
7206
7207
7208
7209
7210
7211
7214
7216
7217
7218
7219
7220
7221
7222
7223
7224
7232
7238
7239
7240
7241
7242
7243
7244
7245
7246
7247
7248
7249
7250
7251
7252
8673
8674
8675
8676
8677
8678
8679
8680
8681
8682
8683
8684
8685
8686
8687
8688
8689
8690
8691
8692
8693
8694
8695
8696
8697
8698
8699
8700
8701
8702
8703
8704
8705
8706
8707
8708
8709
8710
8711
8712
8713
8714
8715
8716
8717
8718
8719
8720
8721
8796
8797
8798
8799
8800
8801
8802
8841
8852
8853
8854
8855
8856
8857
8858
8859
8860
8861
8862
8863
8864
8865
8866
8867
8868
8869
8870
8871
8872
10454
10455
10456
10457
10458
10459
10460
10461
10462
10463
10464
10465
10466
10467
10468
10469
10470
10471
10472
10473
10474
10475
10476
10477
10478
10479
10480
10481
10482
10483
10484
10485
10486
10487
10488
10489
10490
10491
10492
10493
10494
10495
10496
10497
10498
10499
10500
10501
10502
11274
11275
11276
11277
11278
11279
11280
11281
11282
11283
11284
11285
11286
11287
12462
12463
12464
12465
12466
12467
12468
12469
12470
12471
12472
12473
12474
12475
12476
12477
12478
12479
12480
12481
12482
12483
12484
12485
12486
12487
12488
12489
12630
12631
12632
12633
12634
12635
12636
13519
13520
13521
13522
13523
13524
13525
13527
13528
13531
13532
13533
13534
13535
13536
13537
13538
13539
13554
13555
13556
13557
13558
13559
13560
13561
13562
13563
13564
13565
13566
13567
14499
14500
14501
14502
14503
14504
14505
14506
14507
14508
14509
14510
14511
14512
14520
14521
14522
14523
14524
14525
14526
15461
15462
15463
15464
15465
15466
15467
15736
15737
15738
15739
15740
15741
15742
15743
15744
15745
15746
15747
15748
15749
15926
15932
15933
15934
15935
15936
15937
15938
15939
16255
16256
16257
16258
16259
16260
16261
16262
16263
16264
16265
16266
16267
16268
16283
16284
16285
16286
16287
16288
16289
16290
16291
16292
16293
16294
16295
16296
16421
16422
16423
16424
16425
16426
16427
16428
16429
16430
16431
16432
16433
16434
16435
16436
16437
16438
16439
16440
16441
16649
16650
16651
16652
16653
16654
16655
16663
16664
16665
16666
16667
16668
16669
17110
17111
17112
17113
17114
17115
17116
17323
17324
17325
17326
17327
17328
17329
17330
17331
17332
17333
17334
17335
17336
17337
17338
17339
17340
17341
17342
17343
17411
17412
17413
17414
17415
17416
17417
17418
17419
17420
17421
17422
17423
17424
17425
17426
17427
17428
17429
17430
17431
17432
17433
17434
17435
17436
17437
17438
17629
17630
17631
17632
17633
17634
17635
17636
17637
17638
17639
17640
17641
17642
17643
17644
17645
17646
17647
17648
17649
17920
17921
17922
17923
17924
17925
17926
17927
17928
17929
17930
17931
17932
17933
18489
18490
18491
18492
18493
18494
18495
18920
18921
18922
18923
18924
18925
18926
18927
18928
18929
18930
18931
18932
18933
19291
19292
19293
19294
19295
19296
19297
19298
19299
19300
19301
19302
19303
19304
19305
19306
19307
19308
19309
19310
19311
19312
19313
19314
19315
19316
19317
19318
19509
19510
19511
19514
19515
19516
19517
19518
19519
19520
19521
19522
19523
19524
19525
19526
19527
19528
19532
19533
19534
19535
19539
19540
19541
19542
20016
20017
20018
20019
20020
20021
20022
20023
20024
20025
20026
20027
20028
20029
21073
21075
21076
21078
21080
21081
21082
21083
21084
21085
21086
21087
21088
21089
21090
21091
21092
21093
21097
21098
21099
21100
21104
21106
21108
21109
21110
21111
21112
21113
21114
21115
21116
21117
21118
21119
21120
21121
21122
21123
21124
21125
21126
21127
21128
21132
21133
21134
21135
21146
21147
21148
21149
21150
21151
21152
21153
21154
21155
21156
21157
21158
21159
21160
21161
21162
21163
21164
21165
21166
21167
21168
21169
21170
21174
21175
21176
21177
21188
21190
21192
21193
21194
21195
21196
21197
21198
21199
21200
21201
21202
21203
21204
21205
21206
21207
21208
21209
21210
21211
21212
21213
21214
21215
21216
21217
21218
21219
21220
21221
21222
21223
21224
21225
21226
21227
21228
21229
21230
21231
21232
21233
21234
21235
21236
21237
21238
21239
21240
21241
21242
21243
21244
21245
21246
21247
21248
21249
21250
21251
21252
21253
21254
21255
21256
21257
21258
21259
21260
21261
21262
21263
21264
21265
21266
21267
21268
21269
21270
21271
21272
21273
21274
21275
21276
21277
21278
21279
21280
21281
21282
21283
21284
21285
21286
21287
21288
21289
21801
21802
21803
21804
21805
21806
21807
21808
21809
21810
21811
21812
21813
21814
21815
21816
21817
21818
21819
21820
21821
21822
21823
21824
21825
21826
21827
21828
21829
21830
21831
21832
21833
21834
21835
21836
21837
21838
21839
21840
21841
21842
21843
21844
21845
21846
21847
21848
21849
21850
21851
21852
21853
21854
21855
21856
21857
21858
21859
21860
21861
21862
21863
21864
21865
21866
21867
21868
21869
21870
21871
21872
21873
21874
21875
21876
21877
21878
21879
21880
21881
21882
21883
21884
21885
21886
21887
21888
21889
21890
21891
21892
21893
21894
21895
21896
21897
21898
21899
21900
21901
21902
21903
21904
21905
21906
21907
21908
21909
21910
21911
21912
21913
21914
21915
21916
21917
21918
21919
21920
21921
21922
21923
21924
21925
21926
21927
21928
21929
21930
21931
21932
21933
21934
21935
21936
21937
21938
21939
21940
21941
21942
21943
21944
21945
21946
21947
22530
22531
22532
22533
22534
22535
22536
22537
22538
22539
22540
22541
22542
22543
22544
22545
22546
22547
22548
22549
22550
22551
22552
22553
22554
22555
22556
22557
22558
22559
22560
22561
22562
22563
22564
22565
22566
22567
22568
22569
22570
22571
22572
22573
22574
22575
22576
22577
22578
22579
22580
22581
22582
22583
22584
22585
22586
22587
22588
22589
22590
22591
22592
22593
22594
22595
22596
22597
22598
22599
22600
22601
22602
22603
22604
22605
22606
22607
22608
22609
22610
22611
22612
22613
22614
22615
22616
22617
22618
22619
22620
22621
22622
22623
22624
22625
22626
22627
22628
22629
22630
22631
22632
22633
22634
22635
22636
22637
22638
22639
22640
22641
22642
22643
22644
22645
22646
22647
22648
22649
22650
22651
22652
22653
22654
22655
22656
22657
22658
22659
22660
22661
22662
22663
22664
22665
22666
22667
22668
22669
22670
22671
22672
22673
22674
22675
22676
22677
22678
22679
22680
22681
22682
22683
23657
23658
23659
23660
23661
23662
23663
23664
23665
23666
23667
23668
23669
23670
23671
23672
23673
23674
23675
23676
23677
23678
23679
23680
23681
23682
23683
23684
23685
23686
23687
23688
23689
23690
23691
23692
23693
23694
23695
23696
23697
23698
23699
23700
23701
23702
23703
23704
23705
23706
23707
23708
23709
23710
23711
23712
23713
23714
23715
23716
23717
23718
23719
23720
23721
23722
23723
23724
23725
23726
23727
23728
23729
23730
23731
23732
23733
23734
23735
23736
23737
23738
23739
23740
23741
23742
23743
23744
23745
23746
23747
24421
24422
24423
24426
24427
24428
24429
24430
24431
24432
24433
24434
24435
24436
24437
24438
24439
24440
24525
24527
24528
24530
24581
24582
24583
24584
24585
24586
24587
24602
24603
24604
24605
24606
24607
24608
24987
24988
24989
24990
24991
24992
24993
24994
24995
24996
24997
24998
24999
25000
25011
25014
25018
25021
25701
25702
25703
25704
25705
25706
25707
25708
25709
25710
25711
25712
25713
25714
25725
25732
25734
25736
25737
25738
25739
25740
25741
25742
25743
25744
25745
25746
25747
25748
25749
25764
25765
25766
25767
25768
25769
25770
25771
25772
25773
25774
25775
25776
25777
25796
27024
27025
27026
27027
27028
27029
27030
27031
27032
27033
27034
27035
27036
27037
27038
27039
27040
27041
27042
27043
27044
27045
27046
27047
27048
27049
27050
27051
27052
27053
27054
27055
27056
27057
27058
27059
27060
27061
27062
27063
27064
27065
27066
27067
27068
27069
27070
27071
27072
31322
31323
31324
31325
31326
31327
31328
31329
31330
31331
31332
31333
31334
31335
31336
31337
31338
31339
31340
31341
31342
31343
31344
31345
31346
31347
31348
31349
31350
31351
31352
31353
31354
31355
31356
31357
31358
31359
31360
31361
31362
31363
31364
31365
31366
31367
31368
31369
31370
31371
31372
31373
31374
31375
31376
31377
31378
31379
31380
31381
31382
31383
31384
31385
31386
31387
31388
31389
31390
31391
31392
31393
31394
31395
31396
31397
31398
31399
31400
31401
31402
31403
31404
31405
31406
31407
31408
31409
31410
31411
31412
31413
31414
31415
31416
31417
31418
31419
31420
31421
31422
31423
31424
31425
31426
31427
31428
31429
31430
31431
31432
31433
31434
31435
31436
31437
31438
31439
31440
31441
31442
31443
31444
31445
31446
31447
31448
31449
31450
31451
31452
31453
31454
31455
31456
31457
31458
31459
31460
31461
31462
31463
31464
31465
31466
31467
31468
31483
31484
31485
31486
31487
31488
31489
31490
31491
31492
31493
31494
31495
31496
31497
31498
31499
31500
31501
31502
31503
31504
31505
31506
31507
31508
31509
31510
31511
31512
31513
31514
31515
31516
31517
31518
31519
31520
31521
31522
31523
31524
31525
31526
31527
31528
31529
31530
31531
31532
31533
31534
31535
31536
31537
31538
31539
31540
31541
31542
31543
31544
31545
31546
31547
31548
31549
31550
31551
31552
31553
31554
31555
31556
31557
31558
31559
31560
31561
31562
31563
31564
31565
31566
31567
31568
31569
31570
31571
31572
31573
31574
31575
31576
31577
31578
31579
31580
32239
32240
32241
32242
32243
32244
32245
32568
32569
32570
32571
32572
32573
32574
32575
32576
32577
32578
32579
32580
32581
33114
33115
33116
33117
33118
33119
33120
33128
33129
33130
33131
33132
33133
33134
33212
33213
33214
33215
33216
33217
33218
33219
33220
33221
33222
33223
33224
33225
33296
33297
33298
33305
33306
33307
33322
33323
33324
33325
33469
33470
33471
33472
33473
33474
33475
33476
33477
33478
33490
33498
33499
33699
33700
33701
33702
33703
33704
33705
33706
33707
33708
33808
33809
33810
33811
33812
33813
33814
33815
33816
33817
33818
33819
33820
33821
33822
33839
33840
33841
33842
34006
34007
34008
34009
34010
34011
34012
34013
34014
34015
34016
34017
34018
34019
34020
34021
34022
34025
34046
34047
34048
34049
34050
34270
34271
34272
34279
34280
34281
34565
34566
34567
34568
34569
34570
34571
34572
34576
34577
34578
34579
34580
34581
34582
34583
35361
35362
35363
35364
35365
35366
35367
35368
35369
35370
35371
35372
35373
35374
35375
35376
35877
35878
35879
35880
35881
35882
35883
35884
35885
35975
35976
35977
35978
35979
35980
35981
35982
35983
36207
36208
36209
36210
36211
36212
36213
36214
36215
36216
36217
36218
36219
36220
36221
36222
36223
36224
36384
36613
36614
36615
36616
36617
36618
36619
36620
36621
36640
36641
36642
36643
36644
36645
36646
36647
36648
37067
37068
37069
37070
37071
37072
37073
37074
37075
37085
37086
37087
37088
37089
37090
37091
37092
37093
38688
39175
39376
39377
39378
39379
39380
39381
39382
39383
40225
40688
40689
40690
40691
40692
40693
40694
40695
40696
40697
40698
40699
40700
40701
40702
40703
40704
40705
40706
40707
40708
40709
40710
40711
40712
40713
40714
40715
40716
40717
40718
40719
40720
40721
40722
40723
40724
40725
40726
40727
40728
40729
40914
40915
40916
40917
40918
40919
40920
40921
40922
40923
40924
40925
40926
40927
40928
40929
41658
41659
41660
41664
41665
41666
41667
41668
41669
41670
41671
41672
41673
41674
41675
41676
41677
41678
41679
41680
41681
41682
41683
41684
41685
41686
41687
41688
41689
41690
41691
41692
41693
41694
41695
41696
41697
41698
41699
41700
41701
41702
41703
41704
41705
41706
41795
41796
41797
41798
41799
41800
41801
41802
42039
42040
42041
42042
42043
42044
42045
42046
42047
42048
42049
42050
42051
42052
42053
42054
42129
42130
42131
42132
42133
42134
42135
42136
42137
42138
42139
42140
42141
42142
42143
42144
42238
42312
42318
42508
44068
44069
44070
44074
44075
44076
44077
44078
44079
44080
44081
44082
44083
44084
44085
44086
44087
44088
44089
44090
44091
44092
44093
44094
44095
44096
44097
44098
44099
44100
44101
44102
44103
44104
44105
44106
44107
44108
44109
44110
44111
44112
44113
44114
44115
44116
44117
44118
44119
44120
44121
44122
44123
44124
44125
44126
44127
44128
44129
44130
44131
44132
44133
44134
44135
44136
44145
44146
44147
44148
44149
44150
44151
44152
44153
44382
44745
44746
44747
44748
44749
44750
44751
44752
44753
44754
44755
44756
44757
44758
44759
44760
44761
44762
44763
44764
44765
44766
44767
44768
44769
44770
44771
44772
44773
44774
44775
44776
44777
44778
44779
44780
44854
44860
)


// ************************************************************************* //
