/*--------------------------------*- C++ -*----------------------------------*\
  =========                 |
  \\      /  F ield         | OpenFOAM: The Open Source CFD Toolbox
   \\    /   O peration     | Website:  https://openfoam.org
    \\  /    A nd           | Version:  8
     \\/     M anipulation  |
\*---------------------------------------------------------------------------*/
/*   Windows 32 and 64 bit porting by blueCAPE: http://www.bluecape.com.pt   *\
|  Based on Windows porting (2.0.x v4) by Symscape: http://www.symscape.com   |
\*---------------------------------------------------------------------------*/
FoamFile
{
    version     2.0;
    format      ascii;
    class       labelList;
    note        "nPoints: 3217 nCells: 2276 nFaces: 7687 nInternalFaces: 6896";
    location    "constant/air/polyMesh";
    object      neighbour;
}
// * * * * * * * * * * * * * * * * * * * * * * * * * * * * * * * * * * * * * //


6896
(
2
8
1379
1380
1381
3
5
9
1386
1387
1388
10
229
230
231
7
11
235
236
237
6
12
48
49
7
13
555
556
557
14
51
52
15
243
244
245
10
249
562
565
566
1379
1380
1382
1775
1777
1778
1781
11
13
569
572
573
1387
1388
1389
1782
1784
1785
1788
561
562
565
15
568
569
572
14
262
15
263
556
557
558
1769
1772
1774
265
1768
1769
1772
26
128
269
271
891
892
896
897
1817
27
222
576
577
578
31
130
223
583
584
585
32
296
297
298
1820
24
28
250
1397
1398
1399
29
590
591
592
1823
25
30
73
74
330
331
332
604
606
609
659
660
664
665
1824
33
42
597
598
599
1825
44
252
1404
1405
1406
45
604
605
606
1826
41
303
305
989
990
993
995
1827
256
611
612
613
44
257
317
318
1066
1067
1070
1072
324
325
326
1830
45
330
331
333
1832
46
258
1804
1805
1806
345
346
347
1834
37
108
109
359
360
361
471
472
475
477
597
599
602
1837
39
48
263
352
353
354
40
50
188
189
190
38
129
264
358
619
620
622
702
703
706
42
359
360
363
1838
43
266
618
619
620
51
267
374
375
376
53
146
147
148
128
380
384
1129
1130
1133
1135
1840
387
388
390
1843
129
259
625
626
627
260
401
402
1206
1207
1210
1211
408
409
411
1845
130
261
1811
1812
1813
131
422
423
426
1847
51
195
196
197
200
262
353
354
356
52
197
198
199
200
53
188
190
191
194
195
198
153
154
155
157
265
375
376
379
155
156
157
158
146
148
150
152
153
156
57
58
224
286
631
632
636
637
61
430
431
432
1850
63
287
632
633
634
1853
64
227
429
432
434
435
62
64
268
279
645
646
650
651
101
271
639
640
641
1856
62
64
102
282
295
297
300
301
912
913
914
437
438
439
1859
104
273
284
466
467
468
638
640
643
644
898
899
900
926
927
928
274
646
647
648
1862
285
436
439
441
442
69
70
71
72
1378
70
71
94
589
590
594
595
1381
75
95
653
654
655
1865
69
71
589
592
593
595
77
652
654
656
657
78
97
652
655
656
658
1383
1384
76
77
78
1396
76
77
87
76
78
89
182
1399
183
660
661
662
1866
91
1401
659
661
663
664
184
659
662
663
665
1402
83
84
85
86
1385
84
85
108
208
596
597
601
602
1386
88
209
667
668
669
1867
83
85
109
596
599
600
602
90
666
668
670
672
92
211
666
669
671
672
1390
111
1391
90
91
92
1403
90
91
603
604
607
609
216
674
675
676
1868
91
92
217
603
606
608
609
1406
673
675
677
679
1408
218
673
676
678
679
1409
97
99
100
180
228
680
681
685
686
97
99
231
323
324
328
329
183
444
445
446
1869
103
451
452
453
1871
184
233
443
445
448
449
105
186
681
682
683
1874
106
234
450
453
455
456
106
302
309
464
465
469
470
694
695
699
700
982
983
984
1010
1011
1012
305
688
689
690
1877
106
312
344
346
349
350
464
467
468
470
1031
1032
1033
458
459
460
1880
306
314
465
466
467
308
695
696
697
1883
315
457
460
462
463
1052
1053
1054
111
112
113
114
554
111
113
134
555
111
112
116
136
472
473
474
1886
559
118
471
473
475
476
120
138
471
474
476
477
560
118
119
120
351
118
119
187
188
191
192
194
123
202
203
204
2003
119
120
124
187
190
191
193
195
354
201
203
205
206
196
356
125
201
204
206
207
357
125
127
133
173
174
178
179
373
152
160
161
162
136
167
168
169
1887
125
127
145
148
150
151
153
376
138
166
168
171
172
378
139
174
175
176
1889
154
159
162
164
165
379
478
481
1283
1284
1287
1288
1892
254
702
703
704
255
709
710
711
503
504
506
1895
142
358
503
137
138
140
242
517
519
520
522
137
138
208
243
359
361
362
364
141
210
716
717
718
1898
510
511
512
1901
143
212
247
715
717
719
720
248
511
513
514
515
144
517
518
521
1903
143
366
524
526
527
529
143
422
527
528
529
530
717
718
719
1906
143
369
423
371
424
524
525
528
1909
149
150
151
159
166
149
150
160
149
151
167
189
1912
150
151
190
163
170
1913
164
171
193
154
158
160
162
164
154
157
195
155
157
158
157
158
198
200
163
164
165
173
163
164
163
165
175
1914
164
165
177
1915
178
170
171
172
173
170
171
202
1916
171
172
204
511
170
172
176
512
1918
177
1921
207
179
514
177
178
179
178
179
517
177
178
1923
177
179
518
1925
1928
519
184
185
302
316
729
731
734
735
983
985
986
1059
1060
1061
215
303
722
723
726
2005
184
185
217
318
330
332
335
336
531
532
533
2008
321
532
534
535
537
219
307
322
725
726
727
728
1003
1004
1005
1080
1081
1082
308
729
730
732
2010
191
192
193
201
191
192
192
193
202
2004
191
193
205
207
196
199
196
200
197
199
200
199
200
205
206
207
205
207
2013
205
206
473
206
207
474
476
211
212
235
387
389
391
393
216
538
539
541
2056
422
736
737
739
2058
213
218
238
539
540
543
544
213
239
424
737
738
741
742
220
240
425
746
747
748
749
221
427
743
744
747
2061
380
750
751
752
2064
545
546
548
2067
218
219
402
409
410
412
414
220
404
546
547
550
551
220
382
405
751
753
755
756
1136
1137
1138
1213
1214
1215
383
406
760
761
762
763
1143
1144
1145
1220
1221
1222
385
757
758
761
2069
256
1410
1411
1414
255
258
1417
1418
1421
226
227
275
279
226
227
280
1374
277
283
920
921
924
1375
285
233
234
309
316
790
791
795
796
1011
1014
1015
1059
1063
1064
234
310
561
790
792
794
795
1019
1020
1021
233
317
562
790
793
794
796
1380
233
234
1381
313
320
563
791
792
793
321
1383
315
1052
1056
1057
238
239
243
1386
239
244
394
568
797
798
801
802
1159
1160
1161
238
401
569
797
799
801
803
1387
240
404
1390
240
247
396
1172
1174
1175
397
406
797
800
802
803
1178
1181
1182
1220
1224
1225
400
407
570
798
799
800
246
247
248
366
373
247
248
555
246
247
367
1768
246
248
374
557
1769
370
377
1770
371
378
560
251
252
257
1775
1776
1779
253
1776
1777
1778
1780
260
1782
1783
1786
1783
1784
1785
1787
259
264
1428
1429
1432
261
1435
1436
1439
1445
1446
1449
260
835
839
1607
1609
1610
1613
261
1452
1453
1456
266
1459
1460
1463
864
868
1705
1707
1708
1710
1466
1467
1470
263
265
267
352
353
355
266
1428
1432
1434
1473
267
618
619
621
884
885
888
1459
1463
1465
374
375
377
1769
1770
1771
1774
272
274
286
288
898
900
901
903
933
936
937
272
274
478
1930
289
304
479
892
893
894
274
305
640
641
643
899
900
901
904
1933
293
480
891
893
895
897
969
970
972
294
306
898
899
902
287
646
647
650
1936
277
278
286
288
935
936
938
277
278
290
485
764
949
950
952
292
765
962
963
966
293
486
969
971
973
285
288
919
920
924
925
926
928
929
931
933
935
939
285
575
576
579
581
768
919
921
923
924
291
311
769
906
907
908
312
912
913
916
292
770
920
921
922
294
314
926
927
930
913
914
915
918
287
632
633
636
933
935
936
338
496
941
942
943
497
775
948
949
950
339
776
955
956
957
777
962
963
964
498
969
970
971
342
975
977
978
299
300
301
436
638
299
300
345
639
2014
300
301
346
299
301
437
2017
440
642
2020
349
644
442
337
982
983
985
308
380
723
726
727
1004
1005
1006
1009
1939
338
381
990
991
992
308
689
690
693
997
998
999
1001
1942
342
996
997
1000
343
382
1003
1004
1007
695
696
699
729
732
735
983
984
986
987
1945
337
1010
1011
1014
828
1018
1019
1020
339
829
1025
1026
1027
1031
1032
1035
341
830
1039
1040
1041
342
1045
1046
1049
1052
1053
1056
337
1059
1060
1063
321
835
1073
1075
1077
1078
1397
321
402
1081
1082
1083
1086
1399
340
403
836
1067
1068
1069
341
837
1074
1075
1076
1059
1061
1062
1064
1402
343
405
1080
1081
1084
327
328
329
443
450
328
329
590
327
328
444
591
2023
327
329
451
2025
447
454
2028
448
594
456
332
336
409
332
334
531
2031
335
534
334
336
411
722
2033
335
536
724
2036
336
537
725
412
728
1087
1088
1090
415
1095
1096
1097
842
1790
1791
1792
416
843
1102
1103
1104
844
1109
1110
1111
1115
1117
1118
417
1122
1124
1125
348
349
350
457
687
348
349
688
2039
349
350
348
350
458
2042
461
691
2045
692
463
355
356
357
554
355
357
374
557
355
356
356
357
376
558
378
560
369
490
1297
1299
1301
361
364
387
361
365
510
2048
362
513
364
365
515
715
364
365
390
716
2050
391
720
516
721
2053
370
371
372
370
371
394
617
618
621
623
884
1158
1159
1163
370
372
617
619
621
622
885
371
372
395
617
620
622
623
1164
1166
1168
886
396
1171
1174
1176
377
378
379
377
378
377
379
378
379
385
751
752
756
1136
1138
1139
1141
1948
415
479
1130
1131
1132
417
1136
1137
1140
418
425
1143
1144
1147
385
426
481
1150
1153
1155
1156
1951
427
757
761
762
1144
1145
1146
1149
1954
420
428
482
1151
1152
1153
389
391
597
389
392
538
598
2126
393
540
601
391
392
736
2128
393
738
393
542
740
2131
543
741
857
1158
1159
1160
423
490
1164
1166
1167
424
1171
1172
1174
418
425
1178
1180
1181
419
492
858
1186
1187
1188
420
428
493
1193
1194
1195
421
859
1200
1201
1202
404
864
1227
1228
1231
1232
1404
404
1213
1215
1216
1218
1406
416
865
1207
1208
1209
1220
1222
1223
1225
1409
417
1213
1214
1217
418
1220
1221
1224
421
866
1228
1229
1230
410
413
545
605
2134
410
412
606
414
547
608
412
413
750
2136
414
753
414
549
754
2139
550
755
496
1235
1236
1237
871
1242
1243
1244
1248
1250
1251
1255
1257
1258
499
872
1797
1798
1799
500
1263
1264
1265
873
1270
1271
1272
424
427
737
739
742
1957
424
503
1164
1167
1169
1276
1277
1281
1282
425
1171
1172
1177
427
1144
1147
1149
1178
1180
1184
1276
1278
1280
1281
427
506
1276
1279
1280
1282
1960
744
747
749
1963
507
1277
1278
1279
433
434
435
631
433
435
433
434
438
634
2072
434
435
439
635
441
637
440
441
442
645
440
442
2075
440
441
648
2078
441
442
649
2081
651
447
448
449
680
447
448
653
2084
448
449
532
655
447
449
533
682
2086
684
2089
658
535
685
454
455
456
680
454
456
2092
454
455
459
683
2095
455
456
460
684
2098
462
686
461
462
463
694
461
463
2109
461
462
697
2112
462
463
698
2115
700
468
469
470
687
469
470
996
1045
468
469
689
997
468
470
1046
692
693
998
1047
475
476
477
475
477
510
1966
475
476
476
477
511
513
480
484
1967
496
1284
1285
1286
483
498
1283
1285
1287
1289
1340
1342
1344
484
506
1290
1292
1294
1296
1970
500
507
1291
1292
1293
484
501
508
1290
1293
1295
1296
1361
1362
1364
509
1973
486
488
497
804
1334
1335
1338
487
498
1341
1342
1345
488
501
1361
1363
1365
502
553
805
1368
1370
1372
491
552
701
702
705
706
808
1318
1319
1322
1323
503
1297
1299
1300
494
505
1297
1298
1301
1303
499
809
1305
1306
1307
500
507
1312
1313
1314
501
508
1311
1314
1316
1317
1318
1321
1322
1324
1362
1363
1366
502
553
810
1319
1320
1321
1326
1327
1328
815
1333
1334
1335
1340
1341
1342
816
1347
1348
1349
1354
1355
1356
1361
1362
1363
817
1368
1369
1370
505
507
1297
1300
1303
505
509
1976
508
507
509
1979
508
1277
1279
1282
1292
1293
1296
1312
1314
1317
509
1982
513
516
2118
513
514
514
516
518
2120
515
515
519
516
520
523
2123
519
522
524
519
523
1985
520
522
523
715
522
523
528
718
1988
529
719
721
1991
526
529
526
530
1994
527
529
530
529
530
1997
2000
534
536
660
2101
534
535
662
535
536
730
2103
537
665
537
731
537
733
2106
734
540
542
667
2142
540
544
546
669
543
671
542
544
548
743
2144
543
745
2147
544
746
551
748
547
549
674
2150
547
551
676
550
678
549
551
758
2152
550
759
2155
551
760
763
553
1392
1319
1321
1322
1393
558
559
560
559
560
1386
558
559
1388
558
560
1391
563
567
828
1573
1576
1577
563
566
835
564
792
793
794
830
837
1586
1590
1591
1614
1618
1619
566
567
831
838
1594
1596
1597
566
567
840
834
570
574
857
1671
1674
1675
1768
570
573
864
571
798
799
801
859
866
1684
1688
1689
1712
1716
1717
573
574
860
867
1692
1694
1695
573
574
1772
869
863
1773
579
580
581
905
915
579
581
1410
579
580
612
906
1411
580
581
613
916
909
1412
615
911
917
918
586
587
588
940
947
954
587
588
709
941
1804
586
588
710
948
1417
586
587
955
1418
1805
951
958
1419
945
960
1808
713
946
953
593
594
595
652
594
595
593
594
653
2158
593
595
657
658
600
601
602
666
601
602
600
601
667
2159
600
602
670
671
607
608
609
673
607
609
607
608
674
2160
608
609
677
678
614
615
616
1017
1024
1034
614
616
1018
1445
614
615
1025
1446
615
616
1035
1022
1028
1447
1029
1036
1023
1037
621
622
623
621
623
625
621
622
622
623
626
629
628
629
630
1157
1165
1185
628
629
1158
1459
629
630
703
1166
628
630
704
1186
1460
1162
1189
1461
1163
1168
707
1170
1191
635
636
637
636
637
646
635
636
635
637
648
2162
651
642
643
644
645
642
644
688
2165
643
644
689
642
643
647
2168
649
2171
650
692
649
650
651
650
651
649
650
2174
649
651
2177
2180
656
657
658
657
658
2161
656
657
661
656
658
662
663
663
664
665
664
665
2237
663
664
663
665
670
671
672
670
671
2274
670
672
675
671
672
676
679
677
678
679
677
678
2275
677
679
678
679
684
685
686
685
686
695
729
684
685
730
2183
684
686
697
2186
2189
731
700
691
692
693
694
691
692
2210
692
693
691
693
696
2213
698
2216
699
698
699
700
699
700
698
699
2219
698
700
2222
2225
705
706
707
1298
1304
705
706
1428
706
707
1299
705
707
1305
1429
1308
1430
1301
1302
1309
712
713
714
1325
1332
1346
713
714
1326
1811
712
713
1333
1435
712
714
1347
1436
1813
1336
1350
1437
1329
1337
1330
1351
1816
719
720
721
720
721
736
2228
719
720
737
719
721
2231
738
2234
724
728
750
2192
724
727
732
2195
725
733
2198
727
728
734
727
728
751
735
753
731
735
731
733
2201
734
733
735
2204
734
2207
735
738
740
2238
738
742
741
740
742
744
2241
741
745
2244
742
746
749
745
748
758
2247
745
749
2250
746
2253
748
749
748
749
761
763
753
754
2256
753
756
754
756
757
2259
755
755
759
2262
756
760
762
759
762
2265
759
763
2268
760
2271
762
763
762
763
765
767
775
804
1489
1492
1493
766
777
1375
1502
1506
1507
767
778
1376
1426
780
807
1427
770
774
1374
1410
1412
1413
1416
776
829
1474
1475
1478
771
777
921
922
923
1375
1475
1476
1477
1479
1503
1506
1508
774
778
786
1376
1481
1483
1485
1486
774
787
832
1413
1414
1415
1416
1481
1484
1486
1487
781
788
833
1482
1483
1484
789
1377
815
1488
1489
1492
842
1495
1496
1499
1502
1503
1506
780
782
1505
1506
1507
1508
1516
1518
1520
1521
783
819
846
1510
1511
1512
784
820
1491
1492
1493
1494
1509
1511
1513
1514
785
847
1517
1518
1519
784
785
786
1426
784
785
823
850
1511
1512
1513
824
1427
788
851
1518
1519
1521
788
789
1424
788
789
854
855
1483
1484
1486
1425
794
795
796
795
796
1039
1074
794
795
1040
794
796
1075
1042
1077
801
802
803
801
802
1200
801
803
1228
802
803
1201
1230
1203
1231
805
807
815
1538
1541
1543
806
817
1393
1551
1555
1556
807
818
1394
1443
820
1444
810
814
1392
1428
1430
1431
1434
816
858
1523
1524
1527
811
817
1319
1320
1323
1393
1524
1525
1526
1528
1552
1555
1557
814
818
826
1394
1530
1532
1534
1535
814
861
1431
1432
1433
1434
1473
1530
1533
1535
1536
821
827
862
1531
1532
1533
1395
1537
1538
1541
872
1544
1545
1548
1551
1552
1555
820
822
1554
1555
1556
1557
1565
1567
1569
1570
823
875
1559
1560
1561
824
1540
1541
1542
1543
1558
1560
1562
1563
825
876
1566
1567
1568
824
825
826
1443
824
825
879
1560
1561
1563
1444
827
880
1567
1568
1570
827
1442
883
1532
1533
1535
1572
1573
1576
842
1579
1580
1583
844
1586
1587
1590
845
853
1594
1595
1596
834
854
1448
1449
1450
1451
1600
1603
1604
1606
847
855
1601
1602
1603
856
1575
1576
1577
1578
1593
1596
1597
1599
840
1614
1616
1617
1619
1775
843
865
1607
1608
1611
844
1614
1615
1618
840
841
845
1617
1618
1619
1620
1643
1645
1647
840
841
868
1779
1781
848
870
1610
1611
1612
1613
1664
1665
1667
1621
1622
1625
871
1628
1629
1632
1635
1636
1639
849
1643
1644
1645
850
875
1650
1651
1652
851
1657
1658
1659
852
877
1664
1665
1666
851
852
853
1644
1645
1648
851
852
879
1651
1652
1654
855
1658
1659
1662
881
1665
1666
1668
855
856
1595
1596
1599
855
856
1602
1603
1606
884
1670
1671
1674
872
1677
1678
1681
873
1684
1685
1688
874
882
1692
1693
1694
863
888
1462
1463
1464
1465
1698
1701
1702
1704
876
883
1699
1700
1701
889
1673
1674
1675
1676
1691
1694
1695
1697
869
1712
1714
1715
1717
1782
871
1705
1706
1709
873
1712
1713
1716
869
870
874
1715
1716
1717
1718
1741
1743
1745
869
870
1786
1788
877
1708
1709
1710
1711
1762
1763
1766
1719
1720
1723
1726
1727
1730
1733
1734
1737
878
1741
1742
1743
879
1748
1749
1750
880
1755
1756
1757
881
1762
1763
1764
880
881
882
1742
1743
1746
880
881
1749
1750
1753
883
1756
1757
1760
1763
1764
1767
883
1693
1694
1697
1700
1701
1704
886
889
1670
1674
1676
1768
886
890
887
1770
889
890
1771
889
890
1473
1773
895
896
897
901
896
897
990
1284
895
897
942
1285
895
896
902
943
991
903
944
904
993
1287
900
903
975
900
904
997
901
903
904
903
904
977
1000
979
1001
909
910
911
919
929
909
911
1025
1474
909
910
922
956
1475
910
911
930
957
1027
923
1476
925
931
959
932
1029
914
917
927
1031
914
918
915
928
917
918
929
917
918
1035
932
1036
923
924
925
924
925
962
923
924
923
925
964
967
928
931
975
928
932
1046
929
931
932
931
932
978
1049
980
1050
937
939
975
937
938
939
961
968
976
938
939
962
937
938
969
972
979
966
973
967
980
944
945
946
968
976
945
946
1095
1326
944
946
970
1327
944
945
977
1096
972
979
981
1098
974
1329
951
952
953
961
968
951
953
1333
1488
951
952
963
1489
952
953
971
1334
965
1490
966
973
974
1337
958
959
960
961
976
958
960
1495
1790
958
959
964
1496
959
960
978
1792
965
1497
967
980
981
1794
965
966
967
966
967
965
966
1502
965
967
1503
1504
972
973
974
972
973
972
974
1340
973
974
1341
1343
979
980
979
980
981
979
981
1117
980
981
1118
1119
984
988
996
1087
984
986
987
998
986
988
1003
1088
987
1005
988
999
1006
1002
1008
1091
993
994
995
999
1006
993
995
1130
993
994
1000
1096
994
995
1007
1097
1131
1001
1002
1008
1099
1009
1133
998
1002
1115
998
1001
999
1001
1002
1001
1002
1117
1120
1005
1008
1122
1005
1009
1136
1006
1008
1009
1008
1009
1124
1140
1126
1141
1012
1016
1045
1087
1012
1015
1052
1013
1047
1054
1015
1016
1038
1048
1055
1015
1016
1039
1090
1042
1057
1044
1051
1092
1021
1022
1023
1038
1055
1022
1023
1572
1021
1022
1040
1573
1021
1023
1056
1042
1057
1043
1574
1058
1028
1029
1030
1038
1048
1028
1029
1579
1028
1030
1041
1580
1791
1029
1030
1049
1792
1043
1581
1050
1044
1051
1795
1033
1036
1046
1033
1037
1053
1034
1047
1054
1036
1037
1048
1055
1036
1037
1050
1058
1042
1043
1044
1042
1044
1109
1042
1043
1586
1043
1044
1110
1587
1588
1113
1047
1051
1115
1047
1050
1048
1050
1051
1050
1051
1118
1121
1054
1057
1054
1058
1055
1057
1058
1057
1058
1061
1064
1061
1065
1080
1088
1062
1082
1064
1065
1073
1083
1064
1065
1074
1090
1077
1079
1085
1093
1070
1071
1072
1073
1083
1070
1072
1207
1607
1070
1071
1076
1103
1608
1071
1072
1084
1104
1208
1078
1609
1079
1085
1106
1086
1211
1077
1078
1079
1077
1079
1109
1077
1078
1614
1078
1079
1111
1615
1616
1114
1082
1085
1122
1082
1086
1213
1083
1085
1086
1085
1086
1125
1217
1127
1218
1091
1092
1115
1091
1093
1122
1091
1092
1093
1108
1116
1123
1092
1093
1109
1120
1126
1113
1121
1114
1127
1098
1099
1100
1116
1123
1803
1098
1100
1235
1804
1098
1099
1117
1099
1100
1124
1236
1119
1808
1120
1126
1128
1238
1809
1105
1106
1107
1108
1123
1803
1105
1107
1242
1628
1806
1105
1106
1111
1629
1106
1107
1125
1243
1112
1630
1807
1114
1127
1128
1246
1809
1112
1113
1114
1789
1113
1114
1112
1113
1635
1791
1112
1114
1636
1637
1793
1795
1120
1121
1119
1120
1121
1789
1119
1120
1119
1121
1792
1794
1795
1126
1127
1126
1127
1128
1126
1128
1250
1127
1128
1251
1252
1133
1134
1135
1139
1150
1133
1135
1284
1133
1134
1140
1236
1134
1135
1151
1237
1286
1141
1142
1154
1239
1156
1288
1138
1141
1138
1142
1143
1248
1139
1145
1141
1142
1146
1141
1142
1250
1148
1253
1145
1148
1255
1145
1149
1146
1148
1149
1150
1148
1149
1152
1257
1154
1259
1155
1154
1155
1156
1154
1156
1263
1291
1154
1155
1264
1278
1155
1156
1279
1292
1266
1280
1294
1161
1162
1163
1173
1199
1162
1163
1670
1161
1163
1174
1161
1162
1200
1671
1175
1203
1204
1672
1176
1168
1169
1171
1168
1169
1170
1173
1192
1168
1170
1299
1169
1170
1193
1300
1176
1177
1197
1198
1302
1176
1177
1175
1177
1178
1175
1176
1177
1179
1175
1176
1182
1184
1182
1184
1182
1183
1184
1192
1199
1183
1184
1194
1257
1182
1183
1201
1258
1203
1196
1205
1260
1197
1189
1190
1191
1192
1199
1189
1191
1305
1677
1190
1191
1195
1306
1798
1189
1190
1202
1678
1799
1204
1679
1196
1205
1801
1198
1309
1196
1197
1198
1197
1198
1277
1312
1196
1197
1264
1278
1196
1198
1265
1313
1267
1281
1315
1203
1204
1205
1203
1204
1684
1203
1205
1271
1204
1205
1272
1685
1686
1274
1210
1211
1212
1216
1227
1210
1211
1705
1211
1212
1217
1243
1210
1212
1229
1244
1706
1232
1707
1218
1219
1233
1247
1215
1218
1215
1219
1221
1248
1216
1222
1218
1219
1223
1218
1219
1251
1226
1254
1222
1225
1222
1226
1255
1223
1225
1226
1227
1225
1226
1230
1258
1231
1233
1261
1231
1232
1233
1231
1232
1712
1232
1233
1270
1713
1231
1233
1271
1714
1275
1238
1239
1240
1249
1262
1810
1238
1240
1326
1811
1238
1239
1250
1239
1240
1263
1328
1252
1815
1253
1266
1268
1330
1816
1245
1246
1247
1249
1269
1810
1245
1246
1719
1812
1246
1247
1251
1245
1247
1270
1720
1273
1721
1814
1252
1815
1254
1275
1253
1254
1255
1252
1253
1254
1256
1252
1253
1252
1254
1259
1261
1259
1261
1259
1260
1261
1262
1269
1259
1260
1264
1260
1261
1271
1266
1267
1274
1275
1266
1267
1268
1796
1266
1268
1354
1266
1267
1267
1268
1355
1798
1801
1357
1802
1273
1274
1275
1796
1273
1275
1733
1274
1275
1273
1274
1734
1799
1735
1800
1801
1280
1281
1282
1281
1282
1280
1281
1280
1282
1287
1288
1289
1290
1287
1288
1287
1289
1327
1288
1289
1291
1328
1294
1295
1331
1294
1295
1296
1294
1295
1354
1294
1296
1295
1296
1356
1358
1301
1303
1301
1302
1303
1311
1301
1302
1302
1303
1312
1315
1317
1308
1309
1310
1311
1318
1308
1309
1523
1309
1310
1313
1348
1308
1310
1320
1349
1524
1323
1525
1315
1316
1324
1352
1315
1316
1317
1315
1317
1315
1316
1355
1316
1317
1356
1359
1322
1323
1324
1322
1323
1323
1324
1369
1322
1324
1370
1373
1329
1330
1331
1339
1353
1329
1330
1329
1331
1340
1330
1331
1354
1343
1357
1344
1358
1336
1337
1338
1339
1367
1336
1337
1537
1337
1338
1341
1336
1338
1368
1538
1371
1539
1343
1345
1372
1343
1344
1345
1360
1343
1344
1343
1345
1344
1345
1361
1364
1365
1350
1351
1352
1353
1367
1350
1351
1544
1797
1351
1352
1355
1798
1350
1352
1369
1545
1371
1546
1357
1802
1359
1373
1357
1358
1359
1360
1357
1358
1357
1359
1358
1359
1362
1364
1366
1364
1365
1366
1367
1364
1365
1364
1366
1365
1366
1370
1372
1373
1371
1372
1373
1371
1372
1551
1371
1373
1552
1372
1373
1553
1375
1377
1376
1377
1424
1425
1382
1383
1384
1396
1382
1384
1382
1383
1397
1383
1384
1400
1402
1389
1390
1391
1403
1390
1391
1389
1390
1404
1389
1391
1407
1409
1393
1395
1394
1395
1442
1400
1401
1402
1400
1402
1775
1400
1401
1405
1776
1401
1402
1406
1777
1408
1407
1408
1409
1407
1409
1782
1407
1408
1783
1408
1409
1784
1412
1416
1412
1415
1446
1474
1413
1476
1415
1416
1477
1415
1416
1449
1450
1480
1419
1422
1435
1488
1419
1423
1452
1495
1420
1490
1497
1422
1423
1491
1498
1509
1422
1423
1439
1456
1510
1440
1494
1514
1457
1501
1515
1425
1426
1427
1444
1430
1434
1430
1433
1460
1523
1431
1525
1433
1434
1526
1433
1434
1463
1464
1529
1437
1440
1537
1437
1441
1467
1544
1438
1539
1546
1440
1441
1540
1547
1558
1440
1441
1470
1559
1542
1562
1471
1550
1564
1443
1444
1447
1451
1572
1447
1450
1579
1448
1574
1581
1450
1451
1575
1582
1450
1451
1584
1578
1454
1457
1621
1805
1454
1458
1466
1628
1806
1455
1623
1630
1807
1457
1458
1624
1631
1649
1457
1458
1470
1650
1626
1653
1472
1634
1655
1461
1465
1670
1461
1464
1677
1462
1672
1679
1464
1465
1673
1680
1464
1465
1682
1676
1468
1472
1719
1812
1468
1471
1726
1813
1469
1721
1728
1814
1471
1472
1722
1729
1747
1471
1472
1748
1731
1751
1724
1752
1476
1480
1579
1476
1479
1496
1477
1479
1480
1481
1479
1480
1482
1499
1583
1485
1500
1487
1584
1485
1486
1487
1485
1487
1517
1601
1485
1486
1518
1486
1487
1603
1520
1604
1490
1494
1537
1490
1493
1502
1491
1504
1493
1494
1505
1493
1494
1541
1507
1542
1497
1501
1621
1497
1500
1503
1498
1504
1500
1501
1505
1516
1500
1501
1517
1625
1508
1520
1522
1626
1504
1507
1504
1508
1505
1507
1508
1507
1508
1513
1514
1515
1516
1514
1515
1559
1650
1513
1514
1560
1513
1515
1519
1651
1521
1562
1522
1653
1520
1521
1522
1520
1522
1657
1520
1521
1521
1522
1659
1660
1525
1529
1677
1525
1528
1545
1526
1528
1529
1530
1528
1529
1531
1548
1681
1534
1549
1536
1682
1534
1535
1536
1534
1536
1566
1699
1534
1535
1567
1535
1536
1701
1569
1702
1539
1542
1539
1543
1551
1540
1553
1542
1543
1554
1542
1543
1556
1546
1550
1726
1546
1549
1552
1547
1553
1549
1550
1554
1565
1549
1550
1566
1730
1557
1569
1571
1731
1553
1556
1553
1557
1554
1556
1557
1556
1557
1562
1563
1564
1565
1562
1564
1748
1562
1563
1563
1564
1568
1749
1570
1571
1751
1569
1570
1571
1569
1571
1755
1569
1570
1570
1571
1757
1758
1574
1578
1574
1577
1586
1575
1588
1577
1578
1589
1577
1578
1591
1581
1584
1581
1585
1587
1622
1582
1588
1584
1585
1589
1600
1584
1585
1601
1625
1604
1592
1605
1627
1588
1591
1588
1592
1635
1589
1591
1592
1593
1591
1592
1594
1639
1597
1598
1640
1597
1598
1599
1600
1597
1598
1643
1598
1599
1602
1644
1597
1599
1605
1646
1606
1604
1605
1606
1604
1605
1657
1605
1606
1658
1604
1606
1661
1609
1613
1705
1609
1612
1615
1629
1610
1616
1612
1613
1617
1612
1613
1632
1709
1620
1633
1710
1616
1619
1616
1620
1636
1617
1619
1620
1619
1620
1639
1641
1623
1626
1790
1623
1627
1635
1791
1624
1637
1793
1626
1627
1638
1656
1626
1627
1657
1660
1640
1661
1630
1634
1719
1630
1633
1636
1631
1637
1633
1634
1638
1663
1633
1634
1664
1723
1641
1667
1669
1724
1637
1640
1637
1641
1638
1640
1641
1642
1640
1641
1643
1646
1647
1646
1647
1648
1656
1663
1646
1647
1646
1648
1658
1647
1648
1665
1661
1667
1662
1668
1653
1654
1655
1656
1663
1653
1655
1748
1653
1654
1659
1654
1655
1666
1750
1660
1662
1668
1669
1752
1660
1661
1662
1660
1661
1661
1662
1660
1662
1667
1668
1669
1667
1669
1762
1667
1668
1668
1669
1764
1765
1672
1676
1672
1675
1684
1673
1686
1675
1676
1687
1675
1676
1689
1679
1682
1679
1683
1685
1727
1680
1686
1682
1683
1687
1698
1682
1683
1699
1730
1702
1690
1703
1732
1686
1689
1686
1690
1734
1687
1689
1690
1691
1689
1690
1692
1737
1695
1696
1738
1695
1696
1697
1698
1695
1696
1741
1696
1697
1700
1742
1695
1697
1703
1744
1704
1702
1703
1704
1702
1703
1755
1703
1704
1756
1702
1704
1759
1707
1710
1707
1711
1713
1720
1708
1714
1710
1711
1715
1710
1711
1723
1718
1725
1714
1717
1714
1718
1733
1715
1717
1718
1717
1718
1737
1739
1721
1724
1721
1725
1733
1722
1735
1724
1725
1736
1761
1724
1725
1762
1765
1739
1766
1728
1731
1797
1728
1732
1734
1799
1729
1735
1800
1731
1732
1736
1754
1731
1732
1755
1758
1738
1759
1735
1739
1735
1738
1736
1738
1739
1740
1738
1739
1741
1744
1745
1744
1745
1746
1754
1761
1744
1745
1744
1746
1756
1745
1746
1763
1759
1766
1760
1767
1751
1752
1753
1754
1761
1751
1752
1751
1753
1757
1752
1753
1764
1758
1765
1760
1767
1758
1759
1760
1758
1759
1759
1760
1758
1760
1765
1766
1767
1765
1766
1766
1767
1765
1767
1770
1773
1770
1774
1771
1773
1774
1773
1774
1777
1781
1777
1780
1783
1778
1780
1781
1780
1781
1786
1787
1784
1788
1784
1787
1785
1787
1788
1787
1788
1793
1794
1795
1803
1793
1794
1805
1793
1795
1794
1795
1807
1808
1800
1801
1802
1810
1800
1802
1813
1801
1802
1800
1801
1814
1816
1807
1808
1809
1808
1809
1811
1807
1808
1807
1809
1812
1815
1814
1815
1816
1815
1816
1814
1815
1814
1816
1818
1827
1892
1930
1933
1819
1828
1893
1931
1934
1829
1894
1932
1935
1821
1834
2014
2017
1822
1835
2015
2018
1836
2016
2019
1830
1831
2158
1826
1832
1833
2031
2032
2237
1837
1843
1844
2159
1845
1846
2160
1828
1840
1939
1942
1829
1841
1940
1943
1842
1941
1944
1831
2023
2025
2026
2024
2027
1833
1845
2031
2033
2034
1846
2032
2035
1835
2039
2042
1836
2040
2043
2041
2044
1838
1839
1966
2048
2049
1839
1843
2048
2050
2051
1844
2049
2052
1841
1892
1948
1951
1842
1893
1949
1952
1894
1950
1953
1844
2126
2128
2129
2127
2130
1846
2134
2136
2137
2135
2138
1848
1895
1957
1960
1849
1896
1958
1961
1897
1959
1962
1851
1859
2072
1852
1860
2073
1861
2074
1854
1862
2162
1855
1863
2163
1864
2164
1857
1877
1933
2165
2168
1858
1878
1934
2166
2169
1879
1935
2167
2170
1860
2075
2078
1861
2076
2079
2077
2080
1863
1936
2174
2177
1864
1937
2175
2178
1938
2176
2179
1866
1869
1870
2161
2008
2009
2237
1868
2056
2057
2274
2067
2068
2275
1870
2008
2084
2086
2087
2009
2085
2088
1872
1880
2092
2095
1873
1881
2093
2096
1882
2094
2097
1875
1883
2010
2183
2186
1876
1884
2011
2184
2187
1885
2012
2185
2188
1878
1942
2210
2213
1879
1943
2211
2214
1944
2212
2215
1881
2109
2112
1882
2110
2113
2111
2114
1884
1945
2219
2222
1885
1946
2220
2223
1947
2221
2224
1901
1902
1966
2003
1888
1901
1916
1918
1919
2003
1902
1917
1920
2003
1890
1903
1923
1925
1891
1904
1923
1926
1905
1924
1927
1893
1967
1970
1894
1968
1971
1969
1972
1896
1976
1979
1897
1977
1980
1978
1981
1899
1906
2058
2228
2231
1900
1907
2059
2229
2232
1908
2060
2230
2233
1902
2118
2120
2121
2119
2122
1904
1909
1985
1988
1905
1910
1986
1989
1911
1987
1990
1907
1957
1997
2000
2231
1908
1958
1998
2001
2232
1959
1999
2002
2233
1910
1994
1997
1911
1995
1998
1996
1999
1913
1916
1917
2004
1915
1921
1922
1915
1923
1924
1928
1929
1917
1921
2013
1922
2013
1919
1921
1925
2120
1920
1921
1926
2121
1922
1927
2122
1922
1928
1929
1924
1928
1929
1926
1928
1985
1927
1928
1986
1929
1987
1929
1931
1936
1967
1932
1937
1968
1938
1969
1934
1936
1942
2168
1935
1937
1943
2169
1938
1944
2170
1937
2174
1938
2175
2176
1940
1945
1948
2005
2195
1941
1946
1949
2006
2196
1947
1950
2007
2197
1943
1945
2213
1944
1946
2214
1947
2215
1946
2010
2204
2219
1947
2011
2205
2220
2012
2206
2221
1949
1954
2064
2259
1950
1955
2065
2260
1956
2066
2261
1952
1954
1960
1970
1953
1955
1961
1971
1956
1962
1972
1955
1963
2069
2265
1956
1964
2070
2266
1965
2071
2267
1958
1963
2058
2241
1959
1964
2059
2242
1965
2060
2243
1961
1963
1979
1962
1964
1980
1965
1981
1964
2061
2250
1965
2062
2251
2063
2252
2118
2119
1968
1973
1969
1974
1975
1971
1973
1979
1972
1974
1980
1975
1981
1974
1982
1975
1983
1984
1977
1982
1978
1983
1984
1980
1982
1981
1983
1984
1983
1984
1986
1991
2120
1987
1992
2121
1993
2122
1989
1991
1997
2231
1990
1992
1998
2232
1993
1999
2233
1992
2123
2234
1993
2124
2235
2125
2236
1995
2000
1996
2001
2002
1998
2000
1999
2001
2002
2001
2002
2013
2013
2006
2064
2192
2195
2007
2065
2193
2196
2066
2194
2197
2009
2101
2103
2104
2102
2105
2011
2201
2204
2012
2202
2205
2203
2206
2015
2020
2039
2165
2016
2021
2040
2166
2022
2041
2167
2018
2020
2075
2019
2021
2076
2022
2077
2021
2081
2171
2022
2082
2172
2083
2173
2024
2028
2029
2084
2158
2030
2085
2158
2026
2028
2092
2027
2029
2093
2030
2094
2029
2089
2098
2030
2090
2099
2091
2100
2032
2036
2037
2101
2038
2102
2034
2036
2136
2192
2035
2037
2137
2193
2038
2138
2194
2037
2106
2198
2038
2107
2199
2108
2200
2040
2045
2210
2041
2046
2211
2047
2212
2043
2045
2109
2044
2046
2110
2047
2111
2046
2115
2216
2047
2116
2217
2117
2218
2049
2053
2054
2118
2055
2119
2051
2053
2128
2228
2052
2054
2129
2229
2055
2130
2230
2054
2123
2234
2055
2124
2235
2125
2236
2057
2067
2142
2144
2145
2068
2143
2146
2059
2238
2241
2060
2239
2242
2240
2243
2062
2069
2247
2250
2063
2070
2248
2251
2071
2249
2252
2065
2256
2259
2066
2257
2260
2258
2261
2068
2150
2152
2153
2151
2154
2070
2265
2268
2071
2266
2269
2267
2270
2073
2078
2162
2074
2079
2163
2080
2164
2076
2081
2077
2082
2083
2079
2081
2177
2080
2082
2178
2083
2179
2082
2180
2083
2181
2182
2085
2089
2090
2161
2091
2161
2087
2089
2103
2183
2088
2090
2104
2184
2091
2105
2185
2090
2189
2091
2190
2191
2093
2098
2094
2099
2100
2096
2098
2112
2186
2097
2099
2113
2187
2100
2114
2188
2099
2189
2100
2190
2191
2102
2106
2107
2237
2108
2237
2104
2106
2201
2105
2107
2202
2108
2203
2107
2207
2108
2208
2209
2110
2115
2111
2116
2117
2113
2115
2222
2114
2116
2223
2117
2224
2116
2225
2117
2226
2227
2119
2123
2124
2125
2121
2123
2122
2124
2125
2124
2125
2127
2131
2132
2142
2159
2133
2143
2159
2129
2131
2238
2130
2132
2239
2133
2240
2132
2147
2244
2133
2148
2245
2149
2246
2135
2139
2140
2150
2160
2141
2151
2160
2137
2139
2256
2138
2140
2257
2141
2258
2140
2155
2262
2141
2156
2263
2157
2264
2143
2147
2148
2274
2149
2274
2145
2147
2152
2247
2146
2148
2153
2248
2149
2154
2249
2148
2253
2149
2254
2255
2151
2155
2156
2275
2157
2275
2153
2155
2268
2154
2156
2269
2157
2270
2156
2271
2157
2272
2273
2161
2274
2275
2163
2177
2164
2178
2179
2166
2171
2210
2167
2172
2211
2173
2212
2169
2171
2174
2170
2172
2175
2173
2176
2172
2180
2173
2181
2182
2175
2180
2176
2181
2182
2178
2180
2179
2181
2182
2181
2182
2184
2189
2201
2185
2190
2202
2191
2203
2187
2189
2222
2188
2190
2223
2191
2224
2190
2191
2193
2198
2256
2194
2199
2257
2200
2258
2196
2198
2204
2197
2199
2205
2200
2206
2199
2207
2200
2208
2209
2202
2207
2203
2208
2209
2205
2207
2206
2208
2209
2208
2209
2211
2216
2212
2217
2218
2214
2216
2219
2215
2217
2220
2218
2221
2217
2225
2218
2226
2227
2220
2225
2221
2226
2227
2223
2225
2224
2226
2227
2226
2227
2229
2234
2238
2230
2235
2239
2236
2240
2232
2234
2233
2235
2236
2235
2236
2239
2244
2240
2245
2246
2242
2244
2250
2243
2245
2251
2246
2252
2245
2253
2246
2254
2255
2248
2253
2268
2249
2254
2269
2255
2270
2251
2253
2252
2254
2255
2254
2255
2257
2262
2258
2263
2264
2260
2262
2265
2261
2263
2266
2264
2267
2263
2271
2264
2272
2273
2266
2271
2267
2272
2273
2269
2271
2270
2272
2273
2272
2273
)


// ************************************************************************* //
